no_trees,max_trees,max_depth,no_features,no_thresholds,no_leaves,our_bits,lgb_bits,accuracy,val_acc,tinygbdt_penalty_feature,tinygbdt_penalty_split,tinygbdt_forestsize,mean
1.0,1.0,1.0,2.0,3.0,2.0,79.0,192.0,0,0.5015625,0.0,0.25,6400000.0,0.5273919092465753
1.0,1.0,1.0,2.0,3.0,2.0,79.0,192.0,0,0.5015625,0.0,256.0,6400000.0,0.5273919092465753
1.0,1.0,1.0,2.0,3.0,2.0,79.0,192.0,0,0.5015625,0.000976562,2.0,6400000.0,0.5273919092465753
1.0,1.0,1.0,2.0,3.0,2.0,79.0,192.0,0,0.5015625,0.000976562,0.00195312,6400000.0,0.5273919092465753
1.0,1.0,1.0,1.0,1.0,1.0,35.0,32.0,0,0.5015625,0.000976562,2048.0,6400000.0,0.5273919092465753
1.0,1.0,1.0,2.0,3.0,2.0,79.0,192.0,0,0.5015625,0.00195312,0.015625,6400000.0,0.5273919092465753
1.0,1.0,1.0,1.0,1.0,1.0,35.0,32.0,0,0.5015625,0.00195312,16384.0,6400000.0,0.5273919092465753
1.0,1.0,1.0,2.0,3.0,2.0,79.0,192.0,0,0.5015625,0.00195312,16.0,6400000.0,0.5273919092465753
1.0,1.0,1.0,2.0,3.0,2.0,79.0,192.0,0,0.5015625,0.0078125,0.000976562,6400000.0,0.5273919092465753
1.0,1.0,1.0,2.0,3.0,2.0,79.0,192.0,0,0.5015625,0.00390625,0.125,6400000.0,0.5273919092465753
1.0,1.0,1.0,2.0,3.0,2.0,79.0,192.0,0,0.5015625,0.00390625,128.0,6400000.0,0.5273919092465753
1.0,1.0,1.0,1.0,1.0,1.0,35.0,32.0,0,0.5015625,0.0078125,1024.0,6400000.0,0.5273919092465753
1.0,1.0,1.0,2.0,3.0,2.0,79.0,192.0,0,0.5015625,0.0078125,1.0,6400000.0,0.5273919092465753
1.0,1.0,1.0,2.0,3.0,2.0,79.0,192.0,0,0.5015625,0.015625,0.0078125,6400000.0,0.5273919092465753
1.0,1.0,1.0,2.0,3.0,2.0,79.0,192.0,0,0.5015625,0.015625,8.0,6400000.0,0.5273919092465753
1.0,1.0,1.0,1.0,1.0,1.0,35.0,32.0,0,0.5015625,0.015625,8192.0,6400000.0,0.5273919092465753
1.0,1.0,1.0,2.0,3.0,2.0,79.0,192.0,0,0.5015625,0.03125,0.0625,6400000.0,0.5273919092465753
1.0,1.0,1.0,2.0,3.0,2.0,79.0,192.0,0,0.5015625,0.03125,64.0,6400000.0,0.5273919092465753
1.0,1.0,1.0,2.0,3.0,2.0,79.0,192.0,0,0.5015625,0.0625,0.0,6400000.0,0.5273919092465753
1.0,1.0,1.0,2.0,3.0,2.0,79.0,192.0,0,0.5015625,0.0625,0.5,6400000.0,0.5273919092465753
1.0,1.0,1.0,1.0,1.0,1.0,35.0,32.0,0,0.5015625,0.0625,512.0,6400000.0,0.5273919092465753
1.0,1.0,1.0,2.0,3.0,2.0,79.0,192.0,0,0.5015625,0.125,0.00390625,6400000.0,0.5273919092465753
1.0,1.0,1.0,2.0,3.0,2.0,79.0,192.0,0,0.5015625,0.125,4.0,6400000.0,0.5273919092465753
1.0,1.0,1.0,1.0,1.0,1.0,35.0,32.0,0,0.5015625,0.125,4096.0,6400000.0,0.5273919092465753
1.0,1.0,1.0,2.0,3.0,2.0,79.0,192.0,0,0.5015625,0.25,0.03125,6400000.0,0.5273919092465753
1.0,1.0,1.0,2.0,3.0,2.0,79.0,192.0,0,0.5015625,0.25,32.0,6400000.0,0.5273919092465753
1.0,1.0,1.0,1.0,1.0,1.0,35.0,32.0,0,0.5015625,0.25,32768.0,6400000.0,0.5273919092465753
1.0,1.0,1.0,2.0,3.0,2.0,79.0,192.0,0,0.5015625,0.5,0.25,6400000.0,0.5273919092465753
1.0,1.0,1.0,2.0,3.0,2.0,79.0,192.0,0,0.5015625,1.0,0.00195312,6400000.0,0.5273919092465753
1.0,1.0,1.0,2.0,3.0,2.0,79.0,192.0,0,0.5015625,0.5,256.0,6400000.0,0.5273919092465753
1.0,1.0,1.0,2.0,3.0,2.0,79.0,192.0,0,0.5015625,1.0,2.0,6400000.0,0.5273919092465753
1.0,1.0,1.0,1.0,1.0,1.0,35.0,32.0,0,0.5015625,1.0,2048.0,6400000.0,0.5273919092465753
1.0,1.0,1.0,2.0,3.0,2.0,79.0,192.0,0,0.5015625,2.0,0.015625,6400000.0,0.5273919092465753
1.0,1.0,1.0,2.0,3.0,2.0,79.0,192.0,0,0.5015625,2.0,16.0,6400000.0,0.5273919092465753
1.0,1.0,1.0,1.0,1.0,1.0,35.0,32.0,0,0.5015625,2.0,16384.0,6400000.0,0.5273919092465753
1.0,1.0,1.0,2.0,3.0,2.0,79.0,192.0,0,0.5015625,4.0,0.125,6400000.0,0.5273919092465753
1.0,1.0,1.0,2.0,3.0,2.0,79.0,192.0,0,0.5015625,8.0,0.000976562,6400000.0,0.5273919092465753
1.0,1.0,1.0,2.0,3.0,2.0,79.0,192.0,0,0.5015625,4.0,128.0,6400000.0,0.5273919092465753
1.0,1.0,1.0,1.0,1.0,1.0,35.0,32.0,0,0.5015625,8.0,1024.0,6400000.0,0.5273919092465753
1.0,1.0,1.0,2.0,3.0,2.0,79.0,192.0,0,0.5015625,8.0,1.0,6400000.0,0.5273919092465753
1.0,1.0,1.0,2.0,3.0,2.0,79.0,192.0,0,0.5015625,16.0,0.0078125,6400000.0,0.5273919092465753
1.0,1.0,1.0,2.0,3.0,2.0,79.0,192.0,0,0.5015625,16.0,8.0,6400000.0,0.5273919092465753
1.0,1.0,1.0,2.0,3.0,2.0,79.0,192.0,0,0.5015625,32.0,0.0625,6400000.0,0.5273919092465753
1.0,1.0,1.0,1.0,1.0,1.0,35.0,32.0,0,0.5015625,16.0,8192.0,6400000.0,0.5273919092465753
1.0,1.0,1.0,2.0,3.0,2.0,79.0,192.0,0,0.5015625,32.0,64.0,6400000.0,0.5273919092465753
1.0,1.0,1.0,2.0,3.0,2.0,79.0,192.0,0,0.5015625,64.0,0.0,6400000.0,0.5273919092465753
1.0,1.0,1.0,2.0,3.0,2.0,79.0,192.0,0,0.5015625,64.0,0.5,6400000.0,0.5273919092465753
1.0,1.0,1.0,1.0,1.0,1.0,35.0,32.0,0,0.5015625,64.0,512.0,6400000.0,0.5273919092465753
1.0,1.0,1.0,2.0,3.0,2.0,79.0,192.0,0,0.5015625,128.0,4.0,6400000.0,0.5273919092465753
1.0,1.0,1.0,1.0,1.0,1.0,35.0,32.0,0,0.5015625,128.0,4096.0,6400000.0,0.5273919092465753
1.0,1.0,1.0,2.0,3.0,2.0,79.0,192.0,0,0.5015625,128.0,0.00390625,6400000.0,0.5273919092465753
1.0,1.0,1.0,2.0,3.0,2.0,79.0,192.0,0,0.5015625,256.0,0.03125,6400000.0,0.5273919092465753
1.0,1.0,1.0,2.0,3.0,2.0,79.0,192.0,0,0.5015625,256.0,32.0,6400000.0,0.5273919092465753
1.0,1.0,1.0,1.0,1.0,1.0,35.0,32.0,0,0.5015625,256.0,32768.0,6400000.0,0.5273919092465753
1.0,1.0,1.0,1.0,1.0,1.0,35.0,32.0,0,0.5015625,512.0,0.25,6400000.0,0.5273919092465753
1.0,1.0,1.0,1.0,1.0,1.0,35.0,32.0,0,0.5015625,1024.0,0.00195312,6400000.0,0.5273919092465753
1.0,1.0,1.0,1.0,1.0,1.0,35.0,32.0,0,0.5015625,512.0,256.0,6400000.0,0.5273919092465753
1.0,1.0,1.0,1.0,1.0,1.0,35.0,32.0,0,0.5015625,1024.0,2.0,6400000.0,0.5273919092465753
1.0,1.0,1.0,1.0,1.0,1.0,35.0,32.0,0,0.5015625,1024.0,2048.0,6400000.0,0.5273919092465753
1.0,1.0,1.0,1.0,1.0,1.0,35.0,32.0,0,0.5015625,2048.0,0.015625,6400000.0,0.5273919092465753
1.0,1.0,1.0,1.0,1.0,1.0,35.0,32.0,0,0.5015625,8192.0,0.000976562,6400000.0,0.5273919092465753
1.0,1.0,1.0,1.0,1.0,1.0,35.0,32.0,0,0.5015625,4096.0,128.0,6400000.0,0.5273919092465753
1.0,1.0,1.0,1.0,1.0,1.0,35.0,32.0,0,0.5015625,2048.0,16.0,6400000.0,0.5273919092465753
1.0,1.0,1.0,1.0,1.0,1.0,35.0,32.0,0,0.5015625,2048.0,16384.0,6400000.0,0.5273919092465753
1.0,1.0,1.0,1.0,1.0,1.0,35.0,32.0,0,0.5015625,8192.0,1.0,6400000.0,0.5273919092465753
1.0,1.0,1.0,1.0,1.0,1.0,35.0,32.0,0,0.5015625,8192.0,1024.0,6400000.0,0.5273919092465753
1.0,1.0,1.0,1.0,1.0,1.0,35.0,32.0,0,0.5015625,4096.0,0.125,6400000.0,0.5273919092465753
1.0,1.0,1.0,1.0,1.0,1.0,35.0,32.0,0,0.5015625,16384.0,0.0078125,6400000.0,0.5273919092465753
1.0,1.0,1.0,2.0,3.0,2.0,79.0,192.0,0,0.5015625,0.0,0.0,6400000.0,0.5273919092465753
1.0,1.0,1.0,1.0,1.0,1.0,35.0,32.0,0,0.5015625,16384.0,8.0,6400000.0,0.5273919092465753
1.0,1.0,1.0,2.0,3.0,2.0,79.0,192.0,0,0.5015625,0.0,0.5,6400000.0,0.5273919092465753
1.0,1.0,1.0,1.0,1.0,1.0,35.0,32.0,0,0.5015625,0.0,512.0,6400000.0,0.5273919092465753
1.0,1.0,1.0,2.0,3.0,2.0,79.0,192.0,0,0.5015625,0.000976562,4.0,6400000.0,0.5273919092465753
1.0,1.0,1.0,2.0,3.0,2.0,79.0,192.0,0,0.5015625,0.000976562,0.00390625,6400000.0,0.5273919092465753
1.0,1.0,1.0,1.0,1.0,1.0,35.0,32.0,0,0.5015625,0.000976562,4096.0,6400000.0,0.5273919092465753
1.0,1.0,1.0,2.0,3.0,2.0,79.0,192.0,0,0.5015625,0.00195312,0.03125,6400000.0,0.5273919092465753
1.0,1.0,1.0,2.0,3.0,2.0,79.0,192.0,0,0.5015625,0.00195312,32.0,6400000.0,0.5273919092465753
1.0,1.0,1.0,1.0,1.0,1.0,35.0,32.0,0,0.5015625,0.00195312,32768.0,6400000.0,0.5273919092465753
1.0,1.0,1.0,1.0,1.0,1.0,35.0,32.0,0,0.5015625,0.0078125,2048.0,6400000.0,0.5273919092465753
1.0,1.0,1.0,2.0,3.0,2.0,79.0,192.0,0,0.5015625,0.0078125,2.0,6400000.0,0.5273919092465753
1.0,1.0,1.0,2.0,3.0,2.0,79.0,192.0,0,0.5015625,0.0078125,0.00195312,6400000.0,0.5273919092465753
1.0,1.0,1.0,1.0,1.0,1.0,35.0,32.0,0,0.5015625,16384.0,8192.0,6400000.0,0.5273919092465753
1.0,1.0,1.0,2.0,3.0,2.0,79.0,192.0,0,0.5015625,0.00390625,256.0,6400000.0,0.5273919092465753
1.0,1.0,1.0,2.0,3.0,2.0,79.0,192.0,0,0.5015625,0.00390625,0.25,6400000.0,0.5273919092465753
1.0,1.0,1.0,2.0,3.0,2.0,79.0,192.0,0,0.5015625,0.015625,0.015625,6400000.0,0.5273919092465753
1.0,1.0,1.0,2.0,3.0,2.0,79.0,192.0,0,0.5015625,0.015625,16.0,6400000.0,0.5273919092465753
1.0,1.0,1.0,2.0,3.0,2.0,79.0,192.0,0,0.5015625,0.03125,0.125,6400000.0,0.5273919092465753
1.0,1.0,1.0,1.0,1.0,1.0,35.0,32.0,0,0.5015625,0.015625,16384.0,6400000.0,0.5273919092465753
1.0,1.0,1.0,2.0,3.0,2.0,79.0,192.0,0,0.5015625,0.03125,128.0,6400000.0,0.5273919092465753
1.0,1.0,1.0,2.0,3.0,2.0,79.0,192.0,0,0.5015625,0.0625,0.000976562,6400000.0,0.5273919092465753
1.0,1.0,1.0,2.0,3.0,2.0,79.0,192.0,0,0.5015625,0.0625,1.0,6400000.0,0.5273919092465753
1.0,1.0,1.0,1.0,1.0,1.0,35.0,32.0,0,0.5015625,32768.0,0.0625,6400000.0,0.5273919092465753
1.0,1.0,1.0,1.0,1.0,1.0,35.0,32.0,0,0.5015625,0.0625,1024.0,6400000.0,0.5273919092465753
1.0,1.0,1.0,2.0,3.0,2.0,79.0,192.0,0,0.5015625,0.125,0.0078125,6400000.0,0.5273919092465753
1.0,1.0,1.0,1.0,1.0,1.0,35.0,32.0,0,0.5015625,32768.0,64.0,6400000.0,0.5273919092465753
1.0,1.0,1.0,2.0,3.0,2.0,79.0,192.0,0,0.5015625,0.25,0.0625,6400000.0,0.5273919092465753
1.0,1.0,1.0,2.0,3.0,2.0,79.0,192.0,0,0.5015625,0.125,8.0,6400000.0,0.5273919092465753
1.0,1.0,1.0,1.0,1.0,1.0,35.0,32.0,0,0.5015625,0.125,8192.0,6400000.0,0.5273919092465753
1.0,1.0,1.0,2.0,3.0,2.0,79.0,192.0,0,0.5015625,0.25,64.0,6400000.0,0.5273919092465753
1.0,1.0,1.0,2.0,3.0,2.0,79.0,192.0,0,0.5015625,0.5,0.0,6400000.0,0.5273919092465753
1.0,1.0,2.0,4.0,6.0,4.0,146.0,512.0,0,0.75,0.0,0.0,6400000.0,0.7844231592465754
1.0,1.0,1.0,2.0,3.0,2.0,79.0,192.0,0,0.5015625,0.5,0.5,6400000.0,0.5273919092465753
1.0,1.0,1.0,2.0,3.0,2.0,79.0,192.0,0,0.5015625,1.0,0.00390625,6400000.0,0.5273919092465753
1.0,1.0,1.0,1.0,1.0,1.0,35.0,32.0,0,0.5015625,0.5,512.0,6400000.0,0.5273919092465753
1.0,1.0,1.0,2.0,3.0,2.0,79.0,192.0,0,0.5015625,1.0,4.0,6400000.0,0.5273919092465753
1.0,1.0,2.0,3.0,5.0,3.0,131.0,352.0,0,0.75,0.0,0.5,6400000.0,0.7844231592465754
1.0,1.0,1.0,1.0,1.0,1.0,35.0,32.0,0,0.5015625,1.0,4096.0,6400000.0,0.5273919092465753
1.0,1.0,1.0,2.0,3.0,2.0,79.0,192.0,0,0.5015625,2.0,0.03125,6400000.0,0.5273919092465753
1.0,1.0,1.0,2.0,3.0,2.0,79.0,192.0,0,0.5015625,2.0,32.0,6400000.0,0.5273919092465753
1.0,1.0,1.0,1.0,1.0,1.0,35.0,32.0,0,0.5015625,2.0,32768.0,6400000.0,0.5273919092465753
1.0,1.0,1.0,2.0,3.0,2.0,79.0,192.0,0,0.5015625,4.0,0.25,6400000.0,0.5273919092465753
1.0,1.0,1.0,2.0,3.0,2.0,79.0,192.0,0,0.5015625,8.0,0.00195312,6400000.0,0.5273919092465753
1.0,1.0,1.0,2.0,3.0,2.0,79.0,192.0,0,0.5015625,4.0,256.0,6400000.0,0.5273919092465753
1.0,1.0,1.0,1.0,1.0,1.0,35.0,32.0,0,0.5015625,8.0,2048.0,6400000.0,0.5273919092465753
1.0,1.0,1.0,2.0,3.0,2.0,79.0,192.0,0,0.5015625,8.0,2.0,6400000.0,0.5273919092465753
1.0,1.0,1.0,2.0,3.0,2.0,79.0,192.0,0,0.5015625,16.0,0.015625,6400000.0,0.5273919092465753
1.0,1.0,1.0,2.0,3.0,2.0,79.0,192.0,0,0.5015625,16.0,16.0,6400000.0,0.5273919092465753
1.0,1.0,1.0,2.0,3.0,2.0,79.0,192.0,0,0.5015625,32.0,0.125,6400000.0,0.5273919092465753
1.0,1.0,1.0,2.0,3.0,2.0,79.0,192.0,0,0.5015625,64.0,1.0,6400000.0,0.5273919092465753
1.0,1.0,1.0,1.0,1.0,1.0,35.0,32.0,0,0.5015625,16.0,16384.0,6400000.0,0.5273919092465753
1.0,1.0,1.0,2.0,3.0,2.0,79.0,192.0,0,0.5015625,64.0,0.000976562,6400000.0,0.5273919092465753
1.0,1.0,1.0,2.0,3.0,2.0,79.0,192.0,0,0.5015625,32.0,128.0,6400000.0,0.5273919092465753
1.0,1.0,1.0,1.0,1.0,1.0,35.0,32.0,0,0.5015625,64.0,1024.0,6400000.0,0.5273919092465753
1.0,1.0,1.0,1.0,1.0,1.0,35.0,32.0,0,0.5015625,128.0,8192.0,6400000.0,0.5273919092465753
1.0,1.0,1.0,2.0,3.0,2.0,79.0,192.0,0,0.5015625,128.0,0.0078125,6400000.0,0.5273919092465753
1.0,1.0,1.0,2.0,3.0,2.0,79.0,192.0,0,0.5015625,256.0,0.0625,6400000.0,0.5273919092465753
1.0,1.0,1.0,2.0,3.0,2.0,79.0,192.0,0,0.5015625,128.0,8.0,6400000.0,0.5273919092465753
1.0,1.0,1.0,2.0,3.0,2.0,79.0,192.0,0,0.5015625,256.0,64.0,6400000.0,0.5273919092465753
1.0,1.0,2.0,1.0,1.0,1.0,39.0,32.0,0,0.5015625,0.0,512.0,6400000.0,0.5273919092465753
1.0,1.0,1.0,1.0,1.0,1.0,35.0,32.0,0,0.5015625,512.0,0.0,6400000.0,0.5273919092465753
1.0,1.0,2.0,3.0,5.0,3.0,131.0,352.0,0,0.75,0.000976562,0.00390625,6400000.0,0.7844231592465754
1.0,1.0,1.0,1.0,1.0,1.0,35.0,32.0,0,0.5015625,512.0,0.5,6400000.0,0.5273919092465753
1.0,1.0,1.0,1.0,1.0,1.0,35.0,32.0,0,0.5015625,512.0,512.0,6400000.0,0.5273919092465753
1.0,1.0,1.0,1.0,1.0,1.0,35.0,32.0,0,0.5015625,1024.0,0.00390625,6400000.0,0.5273919092465753
1.0,1.0,1.0,1.0,1.0,1.0,35.0,32.0,0,0.5015625,1024.0,4.0,6400000.0,0.5273919092465753
1.0,1.0,2.0,3.0,5.0,3.0,131.0,352.0,0,0.75,0.000976562,4.0,6400000.0,0.7844231592465754
1.0,1.0,1.0,1.0,1.0,1.0,35.0,32.0,0,0.5015625,1024.0,4096.0,6400000.0,0.5273919092465753
1.0,1.0,1.0,1.0,1.0,1.0,35.0,32.0,0,0.5015625,4096.0,256.0,6400000.0,0.5273919092465753
1.0,1.0,1.0,1.0,1.0,1.0,35.0,32.0,0,0.5015625,2048.0,0.03125,6400000.0,0.5273919092465753
1.0,1.0,1.0,1.0,1.0,1.0,35.0,32.0,0,0.5015625,2048.0,32.0,6400000.0,0.5273919092465753
1.0,1.0,1.0,1.0,1.0,1.0,35.0,32.0,0,0.5015625,2048.0,32768.0,6400000.0,0.5273919092465753
1.0,1.0,1.0,1.0,1.0,1.0,35.0,32.0,0,0.5015625,8192.0,0.00195312,6400000.0,0.5273919092465753
1.0,1.0,1.0,1.0,1.0,1.0,35.0,32.0,0,0.5015625,8192.0,2.0,6400000.0,0.5273919092465753
1.0,1.0,1.0,1.0,1.0,1.0,35.0,32.0,0,0.5015625,8192.0,2048.0,6400000.0,0.5273919092465753
1.0,1.0,1.0,1.0,1.0,1.0,35.0,32.0,0,0.5015625,4096.0,0.25,6400000.0,0.5273919092465753
1.0,1.0,1.0,1.0,1.0,1.0,35.0,32.0,0,0.5015625,16384.0,0.015625,6400000.0,0.5273919092465753
1.0,1.0,1.0,1.0,1.0,1.0,35.0,32.0,0,0.5015625,16384.0,16.0,6400000.0,0.5273919092465753
1.0,1.0,1.0,2.0,3.0,2.0,79.0,192.0,0,0.5015625,0.0,0.000976562,6400000.0,0.5273919092465753
1.0,1.0,1.0,2.0,3.0,2.0,79.0,192.0,0,0.5015625,0.0,1.0,6400000.0,0.5273919092465753
1.0,1.0,2.0,1.0,1.0,1.0,39.0,32.0,0,0.5015625,0.000976562,4096.0,6400000.0,0.5273919092465753
1.0,1.0,1.0,1.0,1.0,1.0,35.0,32.0,0,0.5015625,0.0,1024.0,6400000.0,0.5273919092465753
1.0,1.0,1.0,2.0,3.0,2.0,79.0,192.0,0,0.5015625,0.000976562,8.0,6400000.0,0.5273919092465753
1.0,1.0,1.0,2.0,3.0,2.0,79.0,192.0,0,0.5015625,0.000976562,0.0078125,6400000.0,0.5273919092465753
1.0,1.0,1.0,1.0,1.0,1.0,35.0,32.0,0,0.5015625,0.000976562,8192.0,6400000.0,0.5273919092465753
1.0,1.0,1.0,2.0,3.0,2.0,79.0,192.0,0,0.5015625,0.00195312,64.0,6400000.0,0.5273919092465753
1.0,1.0,1.0,2.0,3.0,2.0,79.0,192.0,0,0.5015625,0.00195312,0.0625,6400000.0,0.5273919092465753
1.0,1.0,1.0,2.0,3.0,2.0,79.0,192.0,0,0.5015625,0.00390625,0.0,6400000.0,0.5273919092465753
1.0,1.0,1.0,1.0,1.0,1.0,35.0,32.0,0,0.5015625,0.0078125,4096.0,6400000.0,0.5273919092465753
1.0,1.0,1.0,2.0,3.0,2.0,79.0,192.0,0,0.5015625,0.0078125,0.00390625,6400000.0,0.5273919092465753
1.0,1.0,1.0,2.0,3.0,2.0,79.0,192.0,0,0.5015625,0.0078125,4.0,6400000.0,0.5273919092465753
1.0,1.0,1.0,2.0,3.0,2.0,79.0,192.0,0,0.5015625,0.00390625,0.5,6400000.0,0.5273919092465753
1.0,1.0,1.0,1.0,1.0,1.0,35.0,32.0,0,0.5015625,16384.0,16384.0,6400000.0,0.5273919092465753
1.0,1.0,1.0,2.0,3.0,2.0,79.0,192.0,0,0.5015625,0.015625,0.03125,6400000.0,0.5273919092465753
1.0,1.0,1.0,1.0,1.0,1.0,35.0,32.0,0,0.5015625,0.00390625,512.0,6400000.0,0.5273919092465753
1.0,1.0,1.0,2.0,3.0,2.0,79.0,192.0,0,0.5015625,0.015625,32.0,6400000.0,0.5273919092465753
1.0,1.0,1.0,1.0,1.0,1.0,35.0,32.0,0,0.5015625,0.015625,32768.0,6400000.0,0.5273919092465753
1.0,1.0,1.0,2.0,3.0,2.0,79.0,192.0,0,0.5015625,0.03125,0.25,6400000.0,0.5273919092465753
1.0,1.0,2.0,3.0,5.0,3.0,131.0,352.0,0,0.75,0.00195312,0.03125,6400000.0,0.7844231592465754
1.0,1.0,1.0,2.0,3.0,2.0,79.0,192.0,0,0.5015625,0.03125,256.0,6400000.0,0.5273919092465753
1.0,1.0,1.0,2.0,3.0,2.0,79.0,192.0,0,0.5015625,0.0625,0.00195312,6400000.0,0.5273919092465753
1.0,1.0,1.0,2.0,3.0,2.0,79.0,192.0,0,0.5015625,0.0625,2.0,6400000.0,0.5273919092465753
1.0,1.0,1.0,1.0,1.0,1.0,35.0,32.0,0,0.5015625,0.0625,2048.0,6400000.0,0.5273919092465753
1.0,1.0,1.0,1.0,1.0,1.0,35.0,32.0,0,0.5015625,32768.0,0.125,6400000.0,0.5273919092465753
1.0,1.0,1.0,2.0,3.0,2.0,79.0,192.0,0,0.5015625,0.125,0.015625,6400000.0,0.5273919092465753
1.0,1.0,1.0,1.0,1.0,1.0,35.0,32.0,0,0.5015625,32768.0,128.0,6400000.0,0.5273919092465753
1.0,1.0,1.0,2.0,3.0,2.0,79.0,192.0,0,0.5015625,0.25,0.125,6400000.0,0.5273919092465753
1.0,1.0,1.0,2.0,3.0,2.0,79.0,192.0,0,0.5015625,0.125,16.0,6400000.0,0.5273919092465753
1.0,1.0,1.0,1.0,1.0,1.0,35.0,32.0,0,0.5015625,0.125,16384.0,6400000.0,0.5273919092465753
1.0,1.0,1.0,2.0,3.0,2.0,79.0,192.0,0,0.5015625,0.25,128.0,6400000.0,0.5273919092465753
1.0,1.0,1.0,2.0,3.0,2.0,79.0,192.0,0,0.5015625,0.5,0.000976562,6400000.0,0.5273919092465753
1.0,1.0,2.0,3.0,5.0,3.0,131.0,352.0,0,0.75,0.00195312,32.0,6400000.0,0.7844231592465754
1.0,1.0,2.0,3.0,5.0,3.0,131.0,352.0,0,0.75,0.0,0.000976562,6400000.0,0.7844231592465754
1.0,1.0,1.0,2.0,3.0,2.0,79.0,192.0,0,0.5015625,0.5,1.0,6400000.0,0.5273919092465753
1.0,1.0,1.0,1.0,1.0,1.0,35.0,32.0,0,0.5015625,0.5,1024.0,6400000.0,0.5273919092465753
1.0,1.0,1.0,2.0,3.0,2.0,79.0,192.0,0,0.5015625,1.0,0.0078125,6400000.0,0.5273919092465753
1.0,1.0,1.0,2.0,3.0,2.0,79.0,192.0,0,0.5015625,1.0,8.0,6400000.0,0.5273919092465753
1.0,1.0,1.0,1.0,1.0,1.0,35.0,32.0,0,0.5015625,1.0,8192.0,6400000.0,0.5273919092465753
1.0,1.0,2.0,1.0,1.0,1.0,39.0,32.0,0,0.5015625,0.00195312,32768.0,6400000.0,0.5273919092465753
1.0,1.0,1.0,2.0,3.0,2.0,79.0,192.0,0,0.5015625,2.0,0.0625,6400000.0,0.5273919092465753
1.0,1.0,2.0,3.0,5.0,3.0,131.0,352.0,0,0.75,0.0,1.0,6400000.0,0.7844231592465754
1.0,1.0,1.0,2.0,3.0,2.0,79.0,192.0,0,0.5015625,2.0,64.0,6400000.0,0.5273919092465753
1.0,1.0,1.0,2.0,3.0,2.0,79.0,192.0,0,0.5015625,4.0,0.0,6400000.0,0.5273919092465753
1.0,1.0,1.0,2.0,3.0,2.0,79.0,192.0,0,0.5015625,4.0,0.5,6400000.0,0.5273919092465753
1.0,1.0,2.0,3.0,5.0,3.0,131.0,352.0,0,0.75,0.00390625,0.25,6400000.0,0.7844231592465754
1.0,1.0,1.0,2.0,3.0,2.0,79.0,192.0,0,0.5015625,8.0,0.00390625,6400000.0,0.5273919092465753
1.0,1.0,1.0,1.0,1.0,1.0,35.0,32.0,0,0.5015625,4.0,512.0,6400000.0,0.5273919092465753
1.0,1.0,1.0,2.0,3.0,2.0,79.0,192.0,0,0.5015625,8.0,4.0,6400000.0,0.5273919092465753
1.0,1.0,1.0,1.0,1.0,1.0,35.0,32.0,0,0.5015625,8.0,4096.0,6400000.0,0.5273919092465753
1.0,1.0,1.0,2.0,3.0,2.0,79.0,192.0,0,0.5015625,16.0,0.03125,6400000.0,0.5273919092465753
1.0,1.0,1.0,2.0,3.0,2.0,79.0,192.0,0,0.5015625,16.0,32.0,6400000.0,0.5273919092465753
1.0,1.0,1.0,2.0,3.0,2.0,79.0,192.0,0,0.5015625,32.0,0.25,6400000.0,0.5273919092465753
1.0,1.0,1.0,2.0,3.0,2.0,79.0,192.0,0,0.5015625,64.0,0.00195312,6400000.0,0.5273919092465753
1.0,1.0,1.0,1.0,1.0,1.0,35.0,32.0,0,0.5015625,16.0,32768.0,6400000.0,0.5273919092465753
1.0,1.0,1.0,2.0,3.0,2.0,79.0,192.0,0,0.5015625,32.0,256.0,6400000.0,0.5273919092465753
1.0,1.0,1.0,2.0,3.0,2.0,79.0,192.0,0,0.5015625,64.0,2.0,6400000.0,0.5273919092465753
1.0,1.0,1.0,1.0,1.0,1.0,35.0,32.0,0,0.5015625,64.0,2048.0,6400000.0,0.5273919092465753
1.0,1.0,1.0,1.0,1.0,1.0,35.0,32.0,0,0.5015625,128.0,16384.0,6400000.0,0.5273919092465753
1.0,1.0,1.0,2.0,3.0,2.0,79.0,192.0,0,0.5015625,128.0,16.0,6400000.0,0.5273919092465753
1.0,1.0,1.0,2.0,3.0,2.0,79.0,192.0,0,0.5015625,256.0,128.0,6400000.0,0.5273919092465753
1.0,1.0,1.0,2.0,3.0,2.0,79.0,192.0,0,0.5015625,256.0,0.125,6400000.0,0.5273919092465753
1.0,1.0,1.0,2.0,3.0,2.0,79.0,192.0,0,0.5015625,128.0,0.015625,6400000.0,0.5273919092465753
1.0,1.0,2.0,1.0,1.0,1.0,39.0,32.0,0,0.5015625,0.0,1024.0,6400000.0,0.5273919092465753
1.0,1.0,1.0,1.0,1.0,1.0,35.0,32.0,0,0.5015625,512.0,0.000976562,6400000.0,0.5273919092465753
1.0,1.0,2.0,3.0,5.0,3.0,131.0,352.0,0,0.75,0.000976562,0.0078125,6400000.0,0.7844231592465754
1.0,1.0,1.0,1.0,1.0,1.0,35.0,32.0,0,0.5015625,512.0,1.0,6400000.0,0.5273919092465753
1.0,1.0,2.0,3.0,5.0,3.0,131.0,352.0,0,0.75,0.00390625,256.0,6400000.0,0.7844231592465754
1.0,1.0,1.0,1.0,1.0,1.0,35.0,32.0,0,0.5015625,512.0,1024.0,6400000.0,0.5273919092465753
1.0,1.0,2.0,3.0,5.0,3.0,131.0,352.0,0,0.75,0.000976562,8.0,6400000.0,0.7844231592465754
1.0,1.0,1.0,1.0,1.0,1.0,35.0,32.0,0,0.5015625,1024.0,0.0078125,6400000.0,0.5273919092465753
1.0,1.0,1.0,1.0,1.0,1.0,35.0,32.0,0,0.5015625,1024.0,8.0,6400000.0,0.5273919092465753
1.0,1.0,2.0,3.0,5.0,3.0,131.0,352.0,0,0.75,0.0078125,0.00195312,6400000.0,0.7844231592465754
1.0,1.0,1.0,1.0,1.0,1.0,35.0,32.0,0,0.5015625,2048.0,0.0625,6400000.0,0.5273919092465753
1.0,1.0,1.0,1.0,1.0,1.0,35.0,32.0,0,0.5015625,4096.0,512.0,6400000.0,0.5273919092465753
1.0,1.0,1.0,1.0,1.0,1.0,35.0,32.0,0,0.5015625,1024.0,8192.0,6400000.0,0.5273919092465753
1.0,1.0,1.0,1.0,1.0,1.0,35.0,32.0,0,0.5015625,8192.0,4.0,6400000.0,0.5273919092465753
1.0,1.0,1.0,1.0,1.0,1.0,35.0,32.0,0,0.5015625,8192.0,4096.0,6400000.0,0.5273919092465753
1.0,1.0,1.0,1.0,1.0,1.0,35.0,32.0,0,0.5015625,4096.0,0.0,6400000.0,0.5273919092465753
1.0,1.0,1.0,1.0,1.0,1.0,35.0,32.0,0,0.5015625,16384.0,0.03125,6400000.0,0.5273919092465753
1.0,1.0,1.0,1.0,1.0,1.0,35.0,32.0,0,0.5015625,8192.0,0.00390625,6400000.0,0.5273919092465753
1.0,1.0,1.0,1.0,1.0,1.0,35.0,32.0,0,0.5015625,4096.0,0.5,6400000.0,0.5273919092465753
1.0,1.0,1.0,1.0,1.0,1.0,35.0,32.0,0,0.5015625,2048.0,64.0,6400000.0,0.5273919092465753
1.0,1.0,1.0,1.0,1.0,1.0,35.0,32.0,0,0.5015625,16384.0,32.0,6400000.0,0.5273919092465753
1.0,1.0,1.0,2.0,3.0,2.0,79.0,192.0,0,0.5015625,0.0,0.00195312,6400000.0,0.5273919092465753
1.0,1.0,1.0,2.0,3.0,2.0,79.0,192.0,0,0.5015625,0.0,2.0,6400000.0,0.5273919092465753
1.0,1.0,2.0,1.0,1.0,1.0,39.0,32.0,0,0.5015625,0.000976562,8192.0,6400000.0,0.5273919092465753
1.0,1.0,1.0,1.0,1.0,1.0,35.0,32.0,0,0.5015625,0.0,2048.0,6400000.0,0.5273919092465753
1.0,1.0,1.0,2.0,3.0,2.0,79.0,192.0,0,0.5015625,0.000976562,16.0,6400000.0,0.5273919092465753
1.0,1.0,1.0,1.0,1.0,1.0,35.0,32.0,0,0.5015625,0.000976562,16384.0,6400000.0,0.5273919092465753
1.0,1.0,1.0,2.0,3.0,2.0,79.0,192.0,0,0.5015625,0.000976562,0.015625,6400000.0,0.5273919092465753
1.0,1.0,2.0,3.0,5.0,3.0,131.0,352.0,0,0.75,0.0078125,2.0,6400000.0,0.7844231592465754
1.0,1.0,1.0,2.0,3.0,2.0,79.0,192.0,0,0.5015625,0.00195312,128.0,6400000.0,0.5273919092465753
1.0,1.0,1.0,2.0,3.0,2.0,79.0,192.0,0,0.5015625,0.00195312,0.125,6400000.0,0.5273919092465753
1.0,1.0,1.0,2.0,3.0,2.0,79.0,192.0,0,0.5015625,0.00390625,0.000976562,6400000.0,0.5273919092465753
1.0,1.0,1.0,1.0,1.0,1.0,35.0,32.0,0,0.5015625,0.0078125,8192.0,6400000.0,0.5273919092465753
1.0,1.0,1.0,2.0,3.0,2.0,79.0,192.0,0,0.5015625,0.0078125,0.0078125,6400000.0,0.5273919092465753
1.0,1.0,1.0,2.0,3.0,2.0,79.0,192.0,0,0.5015625,0.0078125,8.0,6400000.0,0.5273919092465753
1.0,1.0,1.0,1.0,1.0,1.0,35.0,32.0,0,0.5015625,0.00390625,1024.0,6400000.0,0.5273919092465753
1.0,1.0,1.0,1.0,1.0,1.0,35.0,32.0,0,0.5015625,16384.0,32768.0,6400000.0,0.5273919092465753
1.0,1.0,1.0,2.0,3.0,2.0,79.0,192.0,0,0.5015625,0.00390625,1.0,6400000.0,0.5273919092465753
1.0,1.0,1.0,2.0,3.0,2.0,79.0,192.0,0,0.5015625,0.015625,0.0625,6400000.0,0.5273919092465753
1.0,1.0,1.0,2.0,3.0,2.0,79.0,192.0,0,0.5015625,0.015625,64.0,6400000.0,0.5273919092465753
1.0,1.0,1.0,2.0,3.0,2.0,79.0,192.0,0,0.5015625,0.03125,0.5,6400000.0,0.5273919092465753
1.0,1.0,1.0,1.0,1.0,1.0,35.0,32.0,0,0.5015625,0.03125,512.0,6400000.0,0.5273919092465753
1.0,1.0,1.0,2.0,3.0,2.0,79.0,192.0,0,0.5015625,0.03125,0.0,6400000.0,0.5273919092465753
1.0,1.0,1.0,2.0,3.0,2.0,79.0,192.0,0,0.5015625,0.0625,0.00390625,6400000.0,0.5273919092465753
1.0,1.0,2.0,3.0,5.0,3.0,131.0,352.0,0,0.75,0.00195312,0.0625,6400000.0,0.7844231592465754
1.0,1.0,2.0,1.0,1.0,1.0,39.0,32.0,0,0.5015625,0.0078125,2048.0,6400000.0,0.5273919092465753
1.0,1.0,1.0,2.0,3.0,2.0,79.0,192.0,0,0.5015625,0.0625,4.0,6400000.0,0.5273919092465753
1.0,1.0,1.0,1.0,1.0,1.0,35.0,32.0,0,0.5015625,0.0625,4096.0,6400000.0,0.5273919092465753
1.0,1.0,1.0,1.0,1.0,1.0,35.0,32.0,0,0.5015625,32768.0,0.25,6400000.0,0.5273919092465753
1.0,1.0,1.0,1.0,1.0,1.0,35.0,32.0,0,0.5015625,32768.0,256.0,6400000.0,0.5273919092465753
1.0,1.0,1.0,1.0,1.0,1.0,35.0,32.0,0,0.5015625,0.125,32768.0,6400000.0,0.5273919092465753
1.0,1.0,1.0,2.0,3.0,2.0,79.0,192.0,0,0.5015625,0.125,32.0,6400000.0,0.5273919092465753
1.0,1.0,1.0,2.0,3.0,2.0,79.0,192.0,0,0.5015625,0.125,0.03125,6400000.0,0.5273919092465753
1.0,1.0,1.0,2.0,3.0,2.0,79.0,192.0,0,0.5015625,0.25,0.25,6400000.0,0.5273919092465753
1.0,1.0,1.0,2.0,3.0,2.0,79.0,192.0,0,0.5015625,0.25,256.0,6400000.0,0.5273919092465753
1.0,1.0,2.0,3.0,5.0,3.0,131.0,352.0,0,0.75,0.00195312,64.0,6400000.0,0.7844231592465754
1.0,1.0,1.0,2.0,3.0,2.0,79.0,192.0,0,0.5015625,0.5,0.00195312,6400000.0,0.5273919092465753
1.0,1.0,2.0,3.0,5.0,3.0,131.0,352.0,0,0.75,0.015625,0.015625,6400000.0,0.7844231592465754
1.0,1.0,2.0,3.0,5.0,3.0,131.0,352.0,0,0.75,0.0,0.00195312,6400000.0,0.7844231592465754
1.0,1.0,1.0,2.0,3.0,2.0,79.0,192.0,0,0.5015625,0.5,2.0,6400000.0,0.5273919092465753
1.0,1.0,1.0,1.0,1.0,1.0,35.0,32.0,0,0.5015625,0.5,2048.0,6400000.0,0.5273919092465753
1.0,1.0,1.0,2.0,3.0,2.0,79.0,192.0,0,0.5015625,1.0,0.015625,6400000.0,0.5273919092465753
1.0,1.0,1.0,2.0,3.0,2.0,79.0,192.0,0,0.5015625,1.0,16.0,6400000.0,0.5273919092465753
1.0,1.0,2.0,3.0,5.0,3.0,131.0,352.0,0,0.75,0.00390625,0.0,6400000.0,0.7844231592465754
1.0,1.0,2.0,3.0,5.0,3.0,131.0,352.0,0,0.75,0.0,2.0,6400000.0,0.7844231592465754
1.0,1.0,1.0,1.0,1.0,1.0,35.0,32.0,0,0.5015625,1.0,16384.0,6400000.0,0.5273919092465753
1.0,1.0,1.0,2.0,3.0,2.0,79.0,192.0,0,0.5015625,2.0,0.125,6400000.0,0.5273919092465753
1.0,1.0,1.0,2.0,3.0,2.0,79.0,192.0,0,0.5015625,4.0,1.0,6400000.0,0.5273919092465753
1.0,1.0,1.0,2.0,3.0,2.0,79.0,192.0,0,0.5015625,2.0,128.0,6400000.0,0.5273919092465753
1.0,1.0,1.0,2.0,3.0,2.0,79.0,192.0,0,0.5015625,4.0,0.000976562,6400000.0,0.5273919092465753
1.0,1.0,2.0,3.0,5.0,3.0,131.0,352.0,0,0.75,0.015625,16.0,6400000.0,0.7844231592465754
1.0,1.0,2.0,3.0,5.0,3.0,131.0,352.0,0,0.75,0.00390625,0.5,6400000.0,0.7844231592465754
1.0,1.0,1.0,1.0,1.0,1.0,35.0,32.0,0,0.5015625,4.0,1024.0,6400000.0,0.5273919092465753
1.0,1.0,1.0,2.0,3.0,2.0,79.0,192.0,0,0.5015625,8.0,8.0,6400000.0,0.5273919092465753
1.0,1.0,1.0,2.0,3.0,2.0,79.0,192.0,0,0.5015625,8.0,0.0078125,6400000.0,0.5273919092465753
1.0,1.0,1.0,1.0,1.0,1.0,35.0,32.0,0,0.5015625,8.0,8192.0,6400000.0,0.5273919092465753
1.0,1.0,1.0,2.0,3.0,2.0,79.0,192.0,0,0.5015625,16.0,0.0625,6400000.0,0.5273919092465753
1.0,1.0,1.0,2.0,3.0,2.0,79.0,192.0,0,0.5015625,16.0,64.0,6400000.0,0.5273919092465753
1.0,1.0,1.0,2.0,3.0,2.0,79.0,192.0,0,0.5015625,32.0,0.5,6400000.0,0.5273919092465753
1.0,1.0,1.0,2.0,3.0,2.0,79.0,192.0,0,0.5015625,32.0,0.0,6400000.0,0.5273919092465753
1.0,1.0,1.0,2.0,3.0,2.0,79.0,192.0,0,0.5015625,64.0,0.00390625,6400000.0,0.5273919092465753
1.0,1.0,1.0,1.0,1.0,1.0,35.0,32.0,0,0.5015625,32.0,512.0,6400000.0,0.5273919092465753
1.0,1.0,1.0,2.0,3.0,2.0,79.0,192.0,0,0.5015625,64.0,4.0,6400000.0,0.5273919092465753
1.0,1.0,1.0,1.0,1.0,1.0,35.0,32.0,0,0.5015625,64.0,4096.0,6400000.0,0.5273919092465753
1.0,1.0,1.0,2.0,3.0,2.0,79.0,192.0,0,0.5015625,128.0,32.0,6400000.0,0.5273919092465753
1.0,1.0,1.0,2.0,3.0,2.0,79.0,192.0,0,0.5015625,256.0,0.25,6400000.0,0.5273919092465753
1.0,1.0,1.0,1.0,1.0,1.0,35.0,32.0,0,0.5015625,256.0,256.0,6400000.0,0.5273919092465753
1.0,1.0,1.0,1.0,1.0,1.0,35.0,32.0,0,0.5015625,128.0,32768.0,6400000.0,0.5273919092465753
1.0,1.0,1.0,2.0,3.0,2.0,79.0,192.0,0,0.5015625,128.0,0.03125,6400000.0,0.5273919092465753
1.0,1.0,2.0,1.0,1.0,1.0,39.0,32.0,0,0.5015625,0.0,2048.0,6400000.0,0.5273919092465753
1.0,1.0,1.0,1.0,1.0,1.0,35.0,32.0,0,0.5015625,512.0,0.00195312,6400000.0,0.5273919092465753
1.0,1.0,2.0,3.0,5.0,3.0,131.0,352.0,0,0.75,0.000976562,0.015625,6400000.0,0.7844231592465754
1.0,1.0,1.0,1.0,1.0,1.0,35.0,32.0,0,0.5015625,512.0,2.0,6400000.0,0.5273919092465753
1.0,1.0,2.0,1.0,1.0,1.0,39.0,32.0,0,0.5015625,0.00390625,512.0,6400000.0,0.5273919092465753
1.0,1.0,1.0,1.0,1.0,1.0,35.0,32.0,0,0.5015625,512.0,2048.0,6400000.0,0.5273919092465753
1.0,1.0,1.0,1.0,1.0,1.0,35.0,32.0,0,0.5015625,1024.0,0.015625,6400000.0,0.5273919092465753
1.0,1.0,2.0,3.0,5.0,3.0,131.0,352.0,0,0.75,0.000976562,16.0,6400000.0,0.7844231592465754
1.0,1.0,2.0,3.0,5.0,3.0,131.0,352.0,0,0.75,0.0078125,0.00390625,6400000.0,0.7844231592465754
1.0,1.0,2.0,1.0,1.0,1.0,39.0,32.0,0,0.5015625,0.015625,16384.0,6400000.0,0.5273919092465753
1.0,1.0,1.0,1.0,1.0,1.0,35.0,32.0,0,0.5015625,1024.0,16.0,6400000.0,0.5273919092465753
1.0,1.0,1.0,1.0,1.0,1.0,35.0,32.0,0,0.5015625,2048.0,0.125,6400000.0,0.5273919092465753
1.0,1.0,1.0,1.0,1.0,1.0,35.0,32.0,0,0.5015625,4096.0,1024.0,6400000.0,0.5273919092465753
1.0,1.0,1.0,1.0,1.0,1.0,35.0,32.0,0,0.5015625,1024.0,16384.0,6400000.0,0.5273919092465753
1.0,1.0,1.0,1.0,1.0,1.0,35.0,32.0,0,0.5015625,8192.0,8192.0,6400000.0,0.5273919092465753
1.0,1.0,1.0,1.0,1.0,1.0,35.0,32.0,0,0.5015625,4096.0,0.000976562,6400000.0,0.5273919092465753
1.0,1.0,1.0,1.0,1.0,1.0,35.0,32.0,0,0.5015625,8192.0,8.0,6400000.0,0.5273919092465753
1.0,1.0,1.0,1.0,1.0,1.0,35.0,32.0,0,0.5015625,8192.0,0.0078125,6400000.0,0.5273919092465753
1.0,1.0,1.0,1.0,1.0,1.0,35.0,32.0,0,0.5015625,2048.0,128.0,6400000.0,0.5273919092465753
1.0,1.0,2.0,3.0,5.0,3.0,131.0,352.0,0,0.75,0.03125,0.125,6400000.0,0.7844231592465754
1.0,1.0,1.0,1.0,1.0,1.0,35.0,32.0,0,0.5015625,16384.0,0.0625,6400000.0,0.5273919092465753
1.0,1.0,1.0,1.0,1.0,1.0,35.0,32.0,0,0.5015625,16384.0,64.0,6400000.0,0.5273919092465753
1.0,1.0,1.0,2.0,3.0,2.0,79.0,192.0,0,0.5015625,0.0,4.0,6400000.0,0.5273919092465753
1.0,1.0,1.0,1.0,1.0,1.0,35.0,32.0,0,0.5015625,4096.0,1.0,6400000.0,0.5273919092465753
1.0,1.0,1.0,2.0,3.0,2.0,79.0,192.0,0,0.5015625,0.0,0.00390625,6400000.0,0.5273919092465753
1.0,1.0,1.0,1.0,1.0,1.0,35.0,32.0,0,0.5015625,0.0,4096.0,6400000.0,0.5273919092465753
1.0,1.0,2.0,1.0,1.0,1.0,39.0,32.0,0,0.5015625,0.000976562,16384.0,6400000.0,0.5273919092465753
1.0,1.0,1.0,2.0,3.0,2.0,79.0,192.0,0,0.5015625,0.000976562,32.0,6400000.0,0.5273919092465753
1.0,1.0,1.0,1.0,1.0,1.0,35.0,32.0,0,0.5015625,0.000976562,32768.0,6400000.0,0.5273919092465753
1.0,1.0,2.0,3.0,5.0,3.0,131.0,352.0,0,0.75,0.0078125,4.0,6400000.0,0.7844231592465754
1.0,1.0,1.0,2.0,3.0,2.0,79.0,192.0,0,0.5015625,0.000976562,0.03125,6400000.0,0.5273919092465753
1.0,1.0,1.0,2.0,3.0,2.0,79.0,192.0,0,0.5015625,0.00195312,256.0,6400000.0,0.5273919092465753
1.0,1.0,1.0,2.0,3.0,2.0,79.0,192.0,0,0.5015625,0.00195312,0.25,6400000.0,0.5273919092465753
1.0,1.0,1.0,1.0,1.0,1.0,35.0,32.0,0,0.5015625,0.0078125,16384.0,6400000.0,0.5273919092465753
1.0,1.0,1.0,2.0,3.0,2.0,79.0,192.0,0,0.5015625,0.00390625,0.00195312,6400000.0,0.5273919092465753
1.0,1.0,2.0,3.0,5.0,3.0,131.0,352.0,0,0.75,0.03125,128.0,6400000.0,0.7844231592465754
1.0,1.0,1.0,2.0,3.0,2.0,79.0,192.0,0,0.5015625,0.0078125,0.015625,6400000.0,0.5273919092465753
1.0,1.0,1.0,2.0,3.0,2.0,79.0,192.0,0,0.5015625,0.0078125,16.0,6400000.0,0.5273919092465753
1.0,1.0,1.0,1.0,1.0,1.0,35.0,32.0,0,0.5015625,32768.0,0.0,6400000.0,0.5273919092465753
1.0,1.0,1.0,1.0,1.0,1.0,35.0,32.0,0,0.5015625,0.00390625,2048.0,6400000.0,0.5273919092465753
1.0,1.0,1.0,2.0,3.0,2.0,79.0,192.0,0,0.5015625,0.00390625,2.0,6400000.0,0.5273919092465753
1.0,1.0,2.0,3.0,5.0,3.0,131.0,352.0,0,0.75,0.0625,0.000976562,6400000.0,0.7844231592465754
1.0,1.0,1.0,2.0,3.0,2.0,79.0,192.0,0,0.5015625,0.015625,0.125,6400000.0,0.5273919092465753
1.0,1.0,1.0,2.0,3.0,2.0,79.0,192.0,0,0.5015625,0.015625,128.0,6400000.0,0.5273919092465753
1.0,1.0,1.0,1.0,1.0,1.0,35.0,32.0,0,0.5015625,0.03125,1024.0,6400000.0,0.5273919092465753
1.0,1.0,1.0,2.0,3.0,2.0,79.0,192.0,0,0.5015625,0.03125,0.000976562,6400000.0,0.5273919092465753
1.0,1.0,1.0,2.0,3.0,2.0,79.0,192.0,0,0.5015625,0.03125,1.0,6400000.0,0.5273919092465753
1.0,1.0,2.0,3.0,5.0,3.0,131.0,352.0,0,0.75,0.0625,1.0,6400000.0,0.7844231592465754
1.0,1.0,2.0,3.0,5.0,3.0,131.0,352.0,0,0.75,0.00195312,0.125,6400000.0,0.7844231592465754
1.0,1.0,1.0,2.0,3.0,2.0,79.0,192.0,0,0.5015625,0.0625,0.0078125,6400000.0,0.5273919092465753
1.0,1.0,2.0,1.0,1.0,1.0,39.0,32.0,0,0.5015625,0.0078125,4096.0,6400000.0,0.5273919092465753
1.0,1.0,1.0,2.0,3.0,2.0,79.0,192.0,0,0.5015625,0.0625,8.0,6400000.0,0.5273919092465753
1.0,1.0,1.0,1.0,1.0,1.0,35.0,32.0,0,0.5015625,32768.0,0.5,6400000.0,0.5273919092465753
1.0,1.0,1.0,1.0,1.0,1.0,35.0,32.0,0,0.5015625,0.0625,8192.0,6400000.0,0.5273919092465753
1.0,1.0,1.0,1.0,1.0,1.0,35.0,32.0,0,0.5015625,32768.0,512.0,6400000.0,0.5273919092465753
1.0,1.0,1.0,2.0,3.0,2.0,79.0,192.0,0,0.5015625,0.125,0.0625,6400000.0,0.5273919092465753
1.0,1.0,1.0,2.0,3.0,2.0,79.0,192.0,0,0.5015625,0.25,0.0,6400000.0,0.5273919092465753
1.0,1.0,1.0,2.0,3.0,2.0,79.0,192.0,0,0.5015625,0.125,64.0,6400000.0,0.5273919092465753
1.0,1.0,1.0,2.0,3.0,2.0,79.0,192.0,0,0.5015625,0.25,0.5,6400000.0,0.5273919092465753
1.0,1.0,1.0,1.0,1.0,1.0,35.0,32.0,0,0.5015625,0.25,512.0,6400000.0,0.5273919092465753
1.0,1.0,2.0,3.0,5.0,3.0,131.0,352.0,0,0.75,0.00195312,128.0,6400000.0,0.7844231592465754
1.0,1.0,1.0,2.0,3.0,2.0,79.0,192.0,0,0.5015625,0.5,0.00390625,6400000.0,0.5273919092465753
1.0,1.0,2.0,3.0,5.0,3.0,131.0,352.0,0,0.75,0.015625,0.03125,6400000.0,0.7844231592465754
1.0,1.0,1.0,2.0,3.0,2.0,79.0,192.0,0,0.5015625,0.5,4.0,6400000.0,0.5273919092465753
1.0,1.0,2.0,1.0,1.0,1.0,39.0,32.0,0,0.5015625,0.0625,1024.0,6400000.0,0.5273919092465753
1.0,1.0,2.0,3.0,5.0,3.0,131.0,352.0,0,0.75,0.0,0.00390625,6400000.0,0.7844231592465754
1.0,1.0,1.0,1.0,1.0,1.0,35.0,32.0,0,0.5015625,0.5,4096.0,6400000.0,0.5273919092465753
1.0,1.0,1.0,2.0,3.0,2.0,79.0,192.0,0,0.5015625,1.0,0.03125,6400000.0,0.5273919092465753
1.0,1.0,1.0,2.0,3.0,2.0,79.0,192.0,0,0.5015625,1.0,32.0,6400000.0,0.5273919092465753
1.0,1.0,2.0,3.0,5.0,3.0,131.0,352.0,0,0.75,0.00390625,0.000976562,6400000.0,0.7844231592465754
1.0,1.0,2.0,3.0,5.0,3.0,131.0,352.0,0,0.75,0.0,4.0,6400000.0,0.7844231592465754
1.0,1.0,1.0,1.0,1.0,1.0,35.0,32.0,0,0.5015625,1.0,32768.0,6400000.0,0.5273919092465753
1.0,1.0,1.0,2.0,3.0,2.0,79.0,192.0,0,0.5015625,2.0,0.25,6400000.0,0.5273919092465753
1.0,1.0,1.0,2.0,3.0,2.0,79.0,192.0,0,0.5015625,2.0,256.0,6400000.0,0.5273919092465753
1.0,1.0,1.0,2.0,3.0,2.0,79.0,192.0,0,0.5015625,4.0,2.0,6400000.0,0.5273919092465753
1.0,1.0,1.0,2.0,3.0,2.0,79.0,192.0,0,0.5015625,4.0,0.00195312,6400000.0,0.5273919092465753
1.0,1.0,2.0,3.0,5.0,3.0,131.0,352.0,0,0.75,0.125,0.0078125,6400000.0,0.7844231592465754
1.0,1.0,2.0,3.0,5.0,3.0,131.0,352.0,0,0.75,0.00390625,1.0,6400000.0,0.7844231592465754
1.0,1.0,2.0,3.0,5.0,3.0,131.0,352.0,0,0.75,0.015625,32.0,6400000.0,0.7844231592465754
1.0,1.0,1.0,1.0,1.0,1.0,35.0,32.0,0,0.5015625,4.0,2048.0,6400000.0,0.5273919092465753
1.0,1.0,1.0,2.0,3.0,2.0,79.0,192.0,0,0.5015625,8.0,16.0,6400000.0,0.5273919092465753
1.0,1.0,1.0,2.0,3.0,2.0,79.0,192.0,0,0.5015625,8.0,0.015625,6400000.0,0.5273919092465753
1.0,1.0,1.0,2.0,3.0,2.0,79.0,192.0,0,0.5015625,16.0,0.125,6400000.0,0.5273919092465753
1.0,1.0,1.0,1.0,1.0,1.0,35.0,32.0,0,0.5015625,8.0,16384.0,6400000.0,0.5273919092465753
1.0,1.0,2.0,3.0,5.0,3.0,131.0,352.0,0,0.75,0.125,8.0,6400000.0,0.7844231592465754
1.0,1.0,1.0,2.0,3.0,2.0,79.0,192.0,0,0.5015625,16.0,128.0,6400000.0,0.5273919092465753
1.0,1.0,1.0,2.0,3.0,2.0,79.0,192.0,0,0.5015625,32.0,1.0,6400000.0,0.5273919092465753
1.0,1.0,1.0,2.0,3.0,2.0,79.0,192.0,0,0.5015625,32.0,0.000976562,6400000.0,0.5273919092465753
1.0,1.0,1.0,2.0,3.0,2.0,79.0,192.0,0,0.5015625,64.0,0.0078125,6400000.0,0.5273919092465753
1.0,1.0,1.0,2.0,3.0,2.0,79.0,192.0,0,0.5015625,64.0,8.0,6400000.0,0.5273919092465753
1.0,1.0,1.0,1.0,1.0,1.0,35.0,32.0,0,0.5015625,32.0,1024.0,6400000.0,0.5273919092465753
1.0,1.0,1.0,2.0,3.0,2.0,79.0,192.0,0,0.5015625,128.0,64.0,6400000.0,0.5273919092465753
1.0,1.0,2.0,3.0,5.0,3.0,131.0,352.0,0,0.75,0.25,0.0625,6400000.0,0.7844231592465754
1.0,1.0,2.0,1.0,1.0,1.0,39.0,32.0,0,0.5015625,0.125,8192.0,6400000.0,0.5273919092465753
1.0,1.0,1.0,1.0,1.0,1.0,35.0,32.0,0,0.5015625,256.0,512.0,6400000.0,0.5273919092465753
1.0,1.0,1.0,2.0,3.0,2.0,79.0,192.0,0,0.5015625,128.0,0.0625,6400000.0,0.5273919092465753
1.0,1.0,1.0,2.0,3.0,2.0,79.0,192.0,0,0.5015625,256.0,0.5,6400000.0,0.5273919092465753
1.0,1.0,2.0,3.0,5.0,3.0,131.0,352.0,0,0.75,0.000976562,0.03125,6400000.0,0.7844231592465754
1.0,1.0,1.0,2.0,3.0,2.0,79.0,192.0,0,0.5015625,256.0,0.0,6400000.0,0.5273919092465753
1.0,1.0,2.0,1.0,1.0,1.0,39.0,32.0,0,0.5015625,0.0,4096.0,6400000.0,0.5273919092465753
1.0,1.0,1.0,1.0,1.0,1.0,35.0,32.0,0,0.5015625,64.0,8192.0,6400000.0,0.5273919092465753
1.0,1.0,1.0,1.0,1.0,1.0,35.0,32.0,0,0.5015625,512.0,4.0,6400000.0,0.5273919092465753
1.0,1.0,1.0,1.0,1.0,1.0,35.0,32.0,0,0.5015625,512.0,0.00390625,6400000.0,0.5273919092465753
1.0,1.0,2.0,1.0,1.0,1.0,39.0,32.0,0,0.5015625,0.00390625,1024.0,6400000.0,0.5273919092465753
1.0,1.0,1.0,1.0,1.0,1.0,35.0,32.0,0,0.5015625,512.0,4096.0,6400000.0,0.5273919092465753
1.0,1.0,2.0,3.0,5.0,3.0,131.0,352.0,0,0.75,0.000976562,32.0,6400000.0,0.7844231592465754
1.0,1.0,1.0,1.0,1.0,1.0,35.0,32.0,0,0.5015625,1024.0,32.0,6400000.0,0.5273919092465753
1.0,1.0,1.0,1.0,1.0,1.0,35.0,32.0,0,0.5015625,1024.0,0.03125,6400000.0,0.5273919092465753
1.0,1.0,2.0,1.0,1.0,1.0,39.0,32.0,0,0.5015625,0.015625,32768.0,6400000.0,0.5273919092465753
1.0,1.0,2.0,3.0,5.0,3.0,131.0,352.0,0,0.75,0.0078125,0.0078125,6400000.0,0.7844231592465754
1.0,1.0,1.0,1.0,1.0,1.0,35.0,32.0,0,0.5015625,2048.0,0.25,6400000.0,0.5273919092465753
1.0,1.0,1.0,1.0,1.0,1.0,35.0,32.0,0,0.5015625,1024.0,32768.0,6400000.0,0.5273919092465753
1.0,1.0,1.0,1.0,1.0,1.0,35.0,32.0,0,0.5015625,4096.0,2048.0,6400000.0,0.5273919092465753
1.0,1.0,1.0,1.0,1.0,1.0,35.0,32.0,0,0.5015625,4096.0,0.00195312,6400000.0,0.5273919092465753
1.0,1.0,1.0,1.0,1.0,1.0,35.0,32.0,0,0.5015625,8192.0,16384.0,6400000.0,0.5273919092465753
1.0,1.0,1.0,1.0,1.0,1.0,35.0,32.0,0,0.5015625,8192.0,16.0,6400000.0,0.5273919092465753
1.0,1.0,1.0,1.0,1.0,1.0,35.0,32.0,0,0.5015625,8192.0,0.015625,6400000.0,0.5273919092465753
1.0,1.0,1.0,1.0,1.0,1.0,35.0,32.0,0,0.5015625,16384.0,0.125,6400000.0,0.5273919092465753
1.0,1.0,1.0,1.0,1.0,1.0,35.0,32.0,0,0.5015625,2048.0,256.0,6400000.0,0.5273919092465753
1.0,1.0,1.0,1.0,1.0,1.0,35.0,32.0,0,0.5015625,16384.0,128.0,6400000.0,0.5273919092465753
1.0,1.0,1.0,1.0,1.0,1.0,35.0,32.0,0,0.5015625,4096.0,2.0,6400000.0,0.5273919092465753
1.0,1.0,1.0,2.0,3.0,2.0,79.0,192.0,0,0.5015625,0.0,8.0,6400000.0,0.5273919092465753
1.0,1.0,1.0,2.0,3.0,2.0,79.0,192.0,0,0.5015625,0.0,0.0078125,6400000.0,0.5273919092465753
1.0,1.0,2.0,3.0,5.0,3.0,131.0,352.0,0,0.75,0.03125,0.25,6400000.0,0.7844231592465754
1.0,1.0,1.0,1.0,1.0,1.0,35.0,32.0,0,0.5015625,0.0,8192.0,6400000.0,0.5273919092465753
1.0,1.0,2.0,1.0,1.0,1.0,39.0,32.0,0,0.5015625,0.000976562,32768.0,6400000.0,0.5273919092465753
1.0,1.0,2.0,3.0,5.0,3.0,131.0,352.0,0,0.75,0.25,64.0,6400000.0,0.7844231592465754
1.0,1.0,1.0,2.0,3.0,2.0,79.0,192.0,0,0.5015625,0.000976562,64.0,6400000.0,0.5273919092465753
1.0,1.0,2.0,3.0,5.0,3.0,131.0,352.0,0,0.75,0.0078125,8.0,6400000.0,0.7844231592465754
1.0,1.0,1.0,2.0,3.0,2.0,79.0,192.0,0,0.5015625,0.00195312,0.5,6400000.0,0.5273919092465753
1.0,1.0,1.0,2.0,3.0,2.0,79.0,192.0,0,0.5015625,0.00195312,0.0,6400000.0,0.5273919092465753
1.0,1.0,1.0,1.0,1.0,1.0,35.0,32.0,0,0.5015625,0.00195312,512.0,6400000.0,0.5273919092465753
1.0,1.0,1.0,2.0,3.0,2.0,79.0,192.0,0,0.5015625,0.000976562,0.0625,6400000.0,0.5273919092465753
1.0,1.0,1.0,1.0,1.0,1.0,35.0,32.0,0,0.5015625,0.0078125,32768.0,6400000.0,0.5273919092465753
1.0,1.0,2.0,3.0,5.0,3.0,131.0,352.0,0,0.75,0.5,0.0,6400000.0,0.7844231592465754
1.0,1.0,1.0,2.0,3.0,2.0,79.0,192.0,0,0.5015625,0.00390625,0.00390625,6400000.0,0.5273919092465753
1.0,1.0,2.0,3.0,5.0,3.0,131.0,352.0,0,0.75,0.5,0.5,6400000.0,0.7844231592465754
1.0,1.0,1.0,2.0,3.0,2.0,79.0,192.0,0,0.5015625,0.0078125,0.03125,6400000.0,0.5273919092465753
1.0,1.0,1.0,2.0,3.0,2.0,79.0,192.0,0,0.5015625,0.0078125,32.0,6400000.0,0.5273919092465753
1.0,1.0,2.0,1.0,1.0,1.0,39.0,32.0,0,0.5015625,0.5,512.0,6400000.0,0.5273919092465753
1.0,1.0,2.0,3.0,5.0,3.0,131.0,352.0,0,0.75,0.03125,256.0,6400000.0,0.7844231592465754
1.0,1.0,1.0,1.0,1.0,1.0,35.0,32.0,0,0.5015625,0.00390625,4096.0,6400000.0,0.5273919092465753
1.0,1.0,1.0,2.0,3.0,2.0,79.0,192.0,0,0.5015625,0.00390625,4.0,6400000.0,0.5273919092465753
1.0,1.0,1.0,1.0,1.0,1.0,35.0,32.0,0,0.5015625,32768.0,0.000976562,6400000.0,0.5273919092465753
1.0,1.0,2.0,3.0,5.0,3.0,131.0,352.0,0,0.75,1.0,0.00390625,6400000.0,0.7844231592465754
1.0,1.0,2.0,3.0,5.0,3.0,131.0,352.0,0,0.75,0.0625,0.00195312,6400000.0,0.7844231592465754
1.0,1.0,1.0,2.0,3.0,2.0,79.0,192.0,0,0.5015625,0.015625,0.25,6400000.0,0.5273919092465753
1.0,1.0,1.0,1.0,1.0,1.0,35.0,32.0,0,0.5015625,0.03125,2048.0,6400000.0,0.5273919092465753
1.0,1.0,1.0,2.0,3.0,2.0,79.0,192.0,0,0.5015625,0.015625,256.0,6400000.0,0.5273919092465753
1.0,1.0,1.0,2.0,3.0,2.0,79.0,192.0,0,0.5015625,0.03125,2.0,6400000.0,0.5273919092465753
1.0,1.0,1.0,2.0,3.0,2.0,79.0,192.0,0,0.5015625,0.03125,0.00195312,6400000.0,0.5273919092465753
1.0,1.0,2.0,3.0,5.0,3.0,131.0,352.0,0,0.75,0.0625,2.0,6400000.0,0.7844231592465754
1.0,1.0,2.0,3.0,5.0,3.0,131.0,352.0,0,0.75,1.0,4.0,6400000.0,0.7844231592465754
1.0,1.0,1.0,2.0,3.0,2.0,79.0,192.0,0,0.5015625,0.0625,0.015625,6400000.0,0.5273919092465753
1.0,1.0,2.0,3.0,5.0,3.0,131.0,352.0,0,0.75,0.00195312,0.25,6400000.0,0.7844231592465754
1.0,1.0,2.0,1.0,1.0,1.0,39.0,32.0,0,0.5015625,1.0,4096.0,6400000.0,0.5273919092465753
1.0,1.0,1.0,2.0,3.0,2.0,79.0,192.0,0,0.5015625,0.0625,16.0,6400000.0,0.5273919092465753
1.0,1.0,2.0,1.0,1.0,1.0,39.0,32.0,0,0.5015625,0.0078125,8192.0,6400000.0,0.5273919092465753
1.0,1.0,2.0,3.0,5.0,3.0,131.0,352.0,0,0.75,2.0,0.03125,6400000.0,0.7844231592465754
1.0,1.0,1.0,1.0,1.0,1.0,35.0,32.0,0,0.5015625,0.0625,16384.0,6400000.0,0.5273919092465753
1.0,1.0,1.0,1.0,1.0,1.0,35.0,32.0,0,0.5015625,32768.0,1.0,6400000.0,0.5273919092465753
1.0,1.0,1.0,1.0,1.0,1.0,35.0,32.0,0,0.5015625,32768.0,1024.0,6400000.0,0.5273919092465753
1.0,1.0,1.0,2.0,3.0,2.0,79.0,192.0,0,0.5015625,0.125,0.125,6400000.0,0.5273919092465753
1.0,1.0,1.0,2.0,3.0,2.0,79.0,192.0,0,0.5015625,0.125,128.0,6400000.0,0.5273919092465753
1.0,1.0,2.0,3.0,5.0,3.0,131.0,352.0,0,0.75,2.0,32.0,6400000.0,0.7844231592465754
1.0,1.0,1.0,2.0,3.0,2.0,79.0,192.0,0,0.5015625,0.25,0.000976562,6400000.0,0.5273919092465753
1.0,1.0,2.0,1.0,1.0,1.0,39.0,32.0,0,0.5015625,2.0,32768.0,6400000.0,0.5273919092465753
1.0,1.0,1.0,2.0,3.0,2.0,79.0,192.0,0,0.5015625,0.25,1.0,6400000.0,0.5273919092465753
1.0,1.0,1.0,1.0,1.0,1.0,35.0,32.0,0,0.5015625,0.25,1024.0,6400000.0,0.5273919092465753
1.0,1.0,2.0,3.0,5.0,3.0,131.0,352.0,0,0.75,0.00195312,256.0,6400000.0,0.7844231592465754
1.0,1.0,1.0,2.0,3.0,2.0,79.0,192.0,0,0.5015625,0.5,0.0078125,6400000.0,0.5273919092465753
1.0,1.0,2.0,3.0,5.0,3.0,131.0,352.0,0,0.75,0.015625,0.0625,6400000.0,0.7844231592465754
1.0,1.0,1.0,2.0,3.0,2.0,79.0,192.0,0,0.5015625,0.5,8.0,6400000.0,0.5273919092465753
1.0,1.0,2.0,1.0,1.0,1.0,39.0,32.0,0,0.5015625,0.0625,2048.0,6400000.0,0.5273919092465753
1.0,1.0,2.0,3.0,5.0,3.0,131.0,352.0,0,0.75,0.0,0.0078125,6400000.0,0.7844231592465754
1.0,1.0,2.0,3.0,5.0,3.0,131.0,352.0,0,0.75,4.0,0.25,6400000.0,0.7844231592465754
1.0,1.0,1.0,2.0,3.0,2.0,79.0,192.0,0,0.5015625,1.0,64.0,6400000.0,0.5273919092465753
1.0,1.0,1.0,2.0,3.0,2.0,79.0,192.0,0,0.5015625,1.0,0.0625,6400000.0,0.5273919092465753
1.0,1.0,1.0,1.0,1.0,1.0,35.0,32.0,0,0.5015625,0.5,8192.0,6400000.0,0.5273919092465753
1.0,1.0,2.0,3.0,5.0,3.0,131.0,352.0,0,0.75,0.0,8.0,6400000.0,0.7844231592465754
1.0,1.0,1.0,2.0,3.0,2.0,79.0,192.0,0,0.5015625,2.0,0.5,6400000.0,0.5273919092465753
1.0,1.0,2.0,3.0,5.0,3.0,131.0,352.0,0,0.75,0.00390625,0.00195312,6400000.0,0.7844231592465754
1.0,1.0,1.0,2.0,3.0,2.0,79.0,192.0,0,0.5015625,2.0,0.0,6400000.0,0.5273919092465753
1.0,1.0,2.0,3.0,5.0,3.0,131.0,352.0,0,0.75,8.0,0.00195312,6400000.0,0.7844231592465754
1.0,1.0,2.0,3.0,5.0,3.0,131.0,352.0,0,0.75,4.0,256.0,6400000.0,0.7844231592465754
1.0,1.0,2.0,3.0,5.0,3.0,131.0,352.0,0,0.75,8.0,2.0,6400000.0,0.7844231592465754
1.0,1.0,1.0,2.0,3.0,2.0,79.0,192.0,0,0.5015625,4.0,4.0,6400000.0,0.5273919092465753
1.0,1.0,1.0,1.0,1.0,1.0,35.0,32.0,0,0.5015625,2.0,512.0,6400000.0,0.5273919092465753
1.0,1.0,2.0,3.0,5.0,3.0,131.0,352.0,0,0.75,0.00390625,2.0,6400000.0,0.7844231592465754
1.0,1.0,2.0,1.0,1.0,1.0,39.0,32.0,0,0.5015625,8.0,2048.0,6400000.0,0.5273919092465753
1.0,1.0,2.0,3.0,5.0,3.0,131.0,352.0,0,0.75,0.125,0.015625,6400000.0,0.7844231592465754
1.0,1.0,1.0,2.0,3.0,2.0,79.0,192.0,0,0.5015625,4.0,0.00390625,6400000.0,0.5273919092465753
1.0,1.0,2.0,3.0,5.0,3.0,131.0,352.0,0,0.75,0.015625,64.0,6400000.0,0.7844231592465754
1.0,1.0,1.0,2.0,3.0,2.0,79.0,192.0,0,0.5015625,8.0,32.0,6400000.0,0.5273919092465753
1.0,1.0,1.0,2.0,3.0,2.0,79.0,192.0,0,0.5015625,8.0,0.03125,6400000.0,0.5273919092465753
1.0,1.0,1.0,1.0,1.0,1.0,35.0,32.0,0,0.5015625,4.0,4096.0,6400000.0,0.5273919092465753
1.0,1.0,1.0,2.0,3.0,2.0,79.0,192.0,0,0.5015625,16.0,0.25,6400000.0,0.5273919092465753
1.0,1.0,2.0,3.0,5.0,3.0,131.0,352.0,0,0.75,0.125,16.0,6400000.0,0.7844231592465754
1.0,1.0,1.0,2.0,3.0,2.0,79.0,192.0,0,0.5015625,32.0,2.0,6400000.0,0.5273919092465753
1.0,1.0,1.0,1.0,1.0,1.0,35.0,32.0,0,0.5015625,8.0,32768.0,6400000.0,0.5273919092465753
1.0,1.0,1.0,2.0,3.0,2.0,79.0,192.0,0,0.5015625,16.0,256.0,6400000.0,0.5273919092465753
1.0,1.0,2.0,3.0,5.0,3.0,131.0,352.0,0,0.75,16.0,0.015625,6400000.0,0.7844231592465754
1.0,1.0,1.0,2.0,3.0,2.0,79.0,192.0,0,0.5015625,32.0,0.00195312,6400000.0,0.5273919092465753
1.0,1.0,1.0,2.0,3.0,2.0,79.0,192.0,0,0.5015625,64.0,0.015625,6400000.0,0.5273919092465753
1.0,1.0,1.0,1.0,1.0,1.0,35.0,32.0,0,0.5015625,32.0,2048.0,6400000.0,0.5273919092465753
1.0,1.0,1.0,2.0,3.0,2.0,79.0,192.0,0,0.5015625,64.0,16.0,6400000.0,0.5273919092465753
1.0,1.0,1.0,2.0,3.0,2.0,79.0,192.0,0,0.5015625,128.0,128.0,6400000.0,0.5273919092465753
1.0,1.0,2.0,3.0,5.0,3.0,131.0,352.0,0,0.75,0.25,0.125,6400000.0,0.7844231592465754
1.0,1.0,1.0,1.0,1.0,1.0,35.0,32.0,0,0.5015625,256.0,1024.0,6400000.0,0.5273919092465753
1.0,1.0,2.0,3.0,5.0,3.0,131.0,352.0,0,0.75,16.0,16.0,6400000.0,0.7844231592465754
1.0,1.0,2.0,1.0,1.0,1.0,39.0,32.0,0,0.5015625,0.125,16384.0,6400000.0,0.5273919092465753
1.0,1.0,2.0,3.0,5.0,3.0,131.0,352.0,0,0.75,0.000976562,0.0625,6400000.0,0.7844231592465754
1.0,1.0,1.0,2.0,3.0,2.0,79.0,192.0,0,0.5015625,256.0,1.0,6400000.0,0.5273919092465753
1.0,1.0,1.0,1.0,1.0,1.0,35.0,32.0,0,0.5015625,512.0,8.0,6400000.0,0.5273919092465753
1.0,1.0,1.0,2.0,3.0,2.0,79.0,192.0,0,0.5015625,256.0,0.000976562,6400000.0,0.5273919092465753
1.0,1.0,1.0,2.0,3.0,2.0,79.0,192.0,0,0.5015625,128.0,0.125,6400000.0,0.5273919092465753
1.0,1.0,1.0,1.0,1.0,1.0,35.0,32.0,0,0.5015625,64.0,16384.0,6400000.0,0.5273919092465753
1.0,1.0,2.0,1.0,1.0,1.0,39.0,32.0,0,0.5015625,0.0,8192.0,6400000.0,0.5273919092465753
1.0,1.0,1.0,1.0,1.0,1.0,35.0,32.0,0,0.5015625,512.0,0.0078125,6400000.0,0.5273919092465753
1.0,1.0,2.0,1.0,1.0,1.0,39.0,32.0,0,0.5015625,0.00390625,2048.0,6400000.0,0.5273919092465753
1.0,1.0,2.0,1.0,1.0,1.0,39.0,32.0,0,0.5015625,16.0,16384.0,6400000.0,0.5273919092465753
1.0,1.0,2.0,3.0,5.0,3.0,131.0,352.0,0,0.75,0.000976562,64.0,6400000.0,0.7844231592465754
1.0,1.0,1.0,1.0,1.0,1.0,35.0,32.0,0,0.5015625,512.0,8192.0,6400000.0,0.5273919092465753
1.0,1.0,1.0,1.0,1.0,1.0,35.0,32.0,0,0.5015625,1024.0,0.0625,6400000.0,0.5273919092465753
1.0,1.0,1.0,1.0,1.0,1.0,35.0,32.0,0,0.5015625,2048.0,0.5,6400000.0,0.5273919092465753
1.0,1.0,1.0,1.0,1.0,1.0,35.0,32.0,0,0.5015625,1024.0,64.0,6400000.0,0.5273919092465753
1.0,1.0,2.0,3.0,5.0,3.0,131.0,352.0,0,0.75,0.0078125,0.015625,6400000.0,0.7844231592465754
1.0,1.0,2.0,3.0,5.0,3.0,131.0,352.0,0,0.75,0.03125,0.0,6400000.0,0.7844231592465754
1.0,1.0,1.0,1.0,1.0,1.0,35.0,32.0,0,0.5015625,8192.0,32768.0,6400000.0,0.5273919092465753
1.0,1.0,1.0,1.0,1.0,1.0,35.0,32.0,0,0.5015625,2048.0,0.0,6400000.0,0.5273919092465753
1.0,1.0,1.0,1.0,1.0,1.0,35.0,32.0,0,0.5015625,4096.0,4096.0,6400000.0,0.5273919092465753
1.0,1.0,1.0,1.0,1.0,1.0,35.0,32.0,0,0.5015625,4096.0,0.00390625,6400000.0,0.5273919092465753
1.0,1.0,1.0,1.0,1.0,1.0,35.0,32.0,0,0.5015625,8192.0,0.03125,6400000.0,0.5273919092465753
1.0,1.0,1.0,1.0,1.0,1.0,35.0,32.0,0,0.5015625,8192.0,32.0,6400000.0,0.5273919092465753
1.0,1.0,1.0,1.0,1.0,1.0,35.0,32.0,0,0.5015625,16384.0,0.25,6400000.0,0.5273919092465753
1.0,1.0,1.0,1.0,1.0,1.0,35.0,32.0,0,0.5015625,2048.0,512.0,6400000.0,0.5273919092465753
1.0,1.0,1.0,1.0,1.0,1.0,35.0,32.0,0,0.5015625,4096.0,4.0,6400000.0,0.5273919092465753
1.0,1.0,1.0,2.0,3.0,2.0,79.0,192.0,0,0.5015625,0.0,16.0,6400000.0,0.5273919092465753
1.0,1.0,1.0,1.0,1.0,1.0,35.0,32.0,0,0.5015625,16384.0,256.0,6400000.0,0.5273919092465753
1.0,1.0,2.0,3.0,5.0,3.0,131.0,352.0,0,0.75,0.03125,0.5,6400000.0,0.7844231592465754
1.0,1.0,1.0,2.0,3.0,2.0,79.0,192.0,0,0.5015625,0.0,0.015625,6400000.0,0.5273919092465753
1.0,1.0,1.0,1.0,1.0,1.0,35.0,32.0,0,0.5015625,0.0,16384.0,6400000.0,0.5273919092465753
1.0,1.0,2.0,3.0,5.0,3.0,131.0,352.0,0,0.75,0.00195312,0.0,6400000.0,0.7844231592465754
1.0,1.0,2.0,3.0,5.0,3.0,131.0,352.0,0,0.75,0.25,128.0,6400000.0,0.7844231592465754
1.0,1.0,1.0,2.0,3.0,2.0,79.0,192.0,0,0.5015625,0.000976562,128.0,6400000.0,0.5273919092465753
1.0,1.0,2.0,3.0,5.0,3.0,131.0,352.0,0,0.75,32.0,0.125,6400000.0,0.7844231592465754
1.0,1.0,2.0,3.0,5.0,3.0,131.0,352.0,0,0.75,0.0078125,16.0,6400000.0,0.7844231592465754
1.0,1.0,1.0,2.0,3.0,2.0,79.0,192.0,0,0.5015625,0.00195312,0.000976562,6400000.0,0.5273919092465753
1.0,1.0,1.0,2.0,3.0,2.0,79.0,192.0,0,0.5015625,0.015625,0.0,6400000.0,0.5273919092465753
1.0,1.0,1.0,2.0,3.0,2.0,79.0,192.0,0,0.5015625,0.00390625,0.0078125,6400000.0,0.5273919092465753
1.0,1.0,1.0,2.0,3.0,2.0,79.0,192.0,0,0.5015625,0.00195312,1.0,6400000.0,0.5273919092465753
1.0,1.0,1.0,1.0,1.0,1.0,35.0,32.0,0,0.5015625,0.00195312,1024.0,6400000.0,0.5273919092465753
1.0,1.0,1.0,2.0,3.0,2.0,79.0,192.0,0,0.5015625,0.000976562,0.125,6400000.0,0.5273919092465753
1.0,1.0,2.0,3.0,5.0,3.0,131.0,352.0,0,0.75,0.5,0.000976562,6400000.0,0.7844231592465754
1.0,1.0,1.0,2.0,3.0,2.0,79.0,192.0,0,0.5015625,0.0078125,0.0625,6400000.0,0.5273919092465753
1.0,1.0,2.0,3.0,5.0,3.0,131.0,352.0,0,0.75,0.5,1.0,6400000.0,0.7844231592465754
1.0,1.0,1.0,2.0,3.0,2.0,79.0,192.0,0,0.5015625,0.0078125,64.0,6400000.0,0.5273919092465753
1.0,1.0,2.0,1.0,1.0,1.0,39.0,32.0,0,0.5015625,0.5,1024.0,6400000.0,0.5273919092465753
1.0,1.0,2.0,1.0,1.0,1.0,39.0,32.0,0,0.5015625,0.03125,512.0,6400000.0,0.5273919092465753
1.0,1.0,1.0,1.0,1.0,1.0,35.0,32.0,0,0.5015625,32768.0,0.00195312,6400000.0,0.5273919092465753
1.0,1.0,1.0,2.0,3.0,2.0,79.0,192.0,0,0.5015625,0.00390625,8.0,6400000.0,0.5273919092465753
1.0,1.0,1.0,1.0,1.0,1.0,35.0,32.0,0,0.5015625,0.00390625,8192.0,6400000.0,0.5273919092465753
1.0,1.0,2.0,3.0,5.0,3.0,131.0,352.0,0,0.75,0.0625,0.00390625,6400000.0,0.7844231592465754
1.0,1.0,1.0,1.0,1.0,1.0,35.0,32.0,0,0.5015625,0.03125,4096.0,6400000.0,0.5273919092465753
1.0,1.0,2.0,3.0,5.0,3.0,131.0,352.0,0,0.75,1.0,0.0078125,6400000.0,0.7844231592465754
1.0,1.0,1.0,1.0,1.0,1.0,35.0,32.0,0,0.5015625,0.015625,512.0,6400000.0,0.5273919092465753
1.0,1.0,1.0,2.0,3.0,2.0,79.0,192.0,0,0.5015625,0.015625,0.5,6400000.0,0.5273919092465753
1.0,1.0,1.0,2.0,3.0,2.0,79.0,192.0,0,0.5015625,0.03125,4.0,6400000.0,0.5273919092465753
1.0,1.0,2.0,3.0,5.0,3.0,131.0,352.0,0,0.75,1.0,8.0,6400000.0,0.7844231592465754
1.0,1.0,1.0,2.0,3.0,2.0,79.0,192.0,0,0.5015625,0.03125,0.00390625,6400000.0,0.5273919092465753
1.0,1.0,2.0,3.0,5.0,3.0,131.0,352.0,0,0.75,0.0625,4.0,6400000.0,0.7844231592465754
1.0,1.0,1.0,2.0,3.0,2.0,79.0,192.0,0,0.5015625,0.0625,0.03125,6400000.0,0.5273919092465753
1.0,1.0,2.0,3.0,5.0,3.0,131.0,352.0,0,0.75,0.00195312,0.5,6400000.0,0.7844231592465754
1.0,1.0,1.0,2.0,3.0,2.0,79.0,192.0,0,0.5015625,0.0625,32.0,6400000.0,0.5273919092465753
1.0,1.0,2.0,1.0,1.0,1.0,39.0,32.0,0,0.5015625,1.0,8192.0,6400000.0,0.5273919092465753
1.0,1.0,1.0,1.0,1.0,1.0,35.0,32.0,0,0.5015625,0.0625,32768.0,6400000.0,0.5273919092465753
1.0,1.0,2.0,1.0,1.0,1.0,39.0,32.0,0,0.5015625,0.0078125,16384.0,6400000.0,0.5273919092465753
1.0,1.0,2.0,3.0,5.0,3.0,131.0,352.0,0,0.75,2.0,0.0625,6400000.0,0.7844231592465754
1.0,1.0,2.0,3.0,5.0,3.0,131.0,352.0,0,0.75,32.0,128.0,6400000.0,0.7844231592465754
1.0,1.0,1.0,1.0,1.0,1.0,35.0,32.0,0,0.5015625,32768.0,2.0,6400000.0,0.5273919092465753
1.0,1.0,1.0,2.0,3.0,2.0,79.0,192.0,0,0.5015625,0.125,256.0,6400000.0,0.5273919092465753
1.0,1.0,1.0,1.0,1.0,1.0,35.0,32.0,0,0.5015625,32768.0,2048.0,6400000.0,0.5273919092465753
1.0,1.0,1.0,2.0,3.0,2.0,79.0,192.0,0,0.5015625,0.25,0.00195312,6400000.0,0.5273919092465753
1.0,1.0,1.0,2.0,3.0,2.0,79.0,192.0,0,0.5015625,0.25,2.0,6400000.0,0.5273919092465753
1.0,1.0,1.0,2.0,3.0,2.0,79.0,192.0,0,0.5015625,0.125,0.25,6400000.0,0.5273919092465753
1.0,1.0,2.0,3.0,5.0,3.0,131.0,352.0,0,0.75,4.0,0.0,6400000.0,0.7844231592465754
1.0,1.0,2.0,3.0,5.0,3.0,131.0,352.0,0,0.75,2.0,64.0,6400000.0,0.7844231592465754
1.0,1.0,1.0,1.0,1.0,1.0,35.0,32.0,0,0.5015625,0.25,2048.0,6400000.0,0.5273919092465753
1.0,1.0,1.0,2.0,3.0,2.0,79.0,192.0,0,0.5015625,0.5,16.0,6400000.0,0.5273919092465753
1.0,1.0,2.0,1.0,1.0,1.0,39.0,32.0,0,0.5015625,0.00195312,512.0,6400000.0,0.5273919092465753
1.0,1.0,2.0,3.0,5.0,3.0,131.0,352.0,0,0.75,0.015625,0.125,6400000.0,0.7844231592465754
1.0,1.0,1.0,2.0,3.0,2.0,79.0,192.0,0,0.5015625,0.5,0.015625,6400000.0,0.5273919092465753
1.0,1.0,2.0,3.0,5.0,3.0,131.0,352.0,0,0.75,4.0,0.5,6400000.0,0.7844231592465754
1.0,1.0,2.0,3.0,5.0,3.0,131.0,352.0,0,0.75,0.0,0.015625,6400000.0,0.7844231592465754
1.0,1.0,2.0,1.0,1.0,1.0,39.0,32.0,0,0.5015625,0.0625,4096.0,6400000.0,0.5273919092465753
1.0,1.0,1.0,2.0,3.0,2.0,79.0,192.0,0,0.5015625,1.0,128.0,6400000.0,0.5273919092465753
1.0,1.0,1.0,2.0,3.0,2.0,79.0,192.0,0,0.5015625,1.0,0.125,6400000.0,0.5273919092465753
1.0,1.0,1.0,1.0,1.0,1.0,35.0,32.0,0,0.5015625,0.5,16384.0,6400000.0,0.5273919092465753
1.0,1.0,2.0,3.0,5.0,3.0,131.0,352.0,0,0.75,0.0,16.0,6400000.0,0.7844231592465754
1.0,1.0,1.0,2.0,3.0,2.0,79.0,192.0,0,0.5015625,2.0,1.0,6400000.0,0.5273919092465753
1.0,1.0,2.0,3.0,5.0,3.0,131.0,352.0,0,0.75,0.00390625,0.00390625,6400000.0,0.7844231592465754
1.0,1.0,2.0,3.0,5.0,3.0,131.0,352.0,0,0.75,8.0,0.00390625,6400000.0,0.7844231592465754
1.0,1.0,1.0,2.0,3.0,2.0,79.0,192.0,0,0.5015625,4.0,8.0,6400000.0,0.5273919092465753
1.0,1.0,2.0,3.0,5.0,3.0,131.0,352.0,0,0.75,8.0,4.0,6400000.0,0.7844231592465754
1.0,1.0,1.0,2.0,3.0,2.0,79.0,192.0,0,0.5015625,2.0,0.000976562,6400000.0,0.5273919092465753
1.0,1.0,2.0,1.0,1.0,1.0,39.0,32.0,0,0.5015625,4.0,512.0,6400000.0,0.5273919092465753
1.0,1.0,2.0,1.0,1.0,1.0,39.0,32.0,0,0.5015625,8.0,4096.0,6400000.0,0.5273919092465753
1.0,1.0,1.0,1.0,1.0,1.0,35.0,32.0,0,0.5015625,2.0,1024.0,6400000.0,0.5273919092465753
1.0,1.0,2.0,3.0,5.0,3.0,131.0,352.0,0,0.75,0.00390625,4.0,6400000.0,0.7844231592465754
1.0,1.0,2.0,3.0,5.0,3.0,131.0,352.0,0,0.75,0.015625,128.0,6400000.0,0.7844231592465754
1.0,1.0,2.0,3.0,5.0,3.0,131.0,352.0,0,0.75,0.125,0.03125,6400000.0,0.7844231592465754
1.0,1.0,1.0,2.0,3.0,2.0,79.0,192.0,0,0.5015625,4.0,0.0078125,6400000.0,0.5273919092465753
1.0,1.0,2.0,3.0,5.0,3.0,131.0,352.0,0,0.75,64.0,0.000976562,6400000.0,0.7844231592465754
1.0,1.0,1.0,2.0,3.0,2.0,79.0,192.0,0,0.5015625,8.0,64.0,6400000.0,0.5273919092465753
1.0,1.0,1.0,2.0,3.0,2.0,79.0,192.0,0,0.5015625,8.0,0.0625,6400000.0,0.5273919092465753
1.0,1.0,1.0,2.0,3.0,2.0,79.0,192.0,0,0.5015625,16.0,0.5,6400000.0,0.5273919092465753
1.0,1.0,1.0,1.0,1.0,1.0,35.0,32.0,0,0.5015625,4.0,8192.0,6400000.0,0.5273919092465753
1.0,1.0,2.0,3.0,5.0,3.0,131.0,352.0,0,0.75,0.125,32.0,6400000.0,0.7844231592465754
1.0,1.0,1.0,1.0,1.0,1.0,35.0,32.0,0,0.5015625,16.0,512.0,6400000.0,0.5273919092465753
1.0,1.0,1.0,2.0,3.0,2.0,79.0,192.0,0,0.5015625,32.0,4.0,6400000.0,0.5273919092465753
1.0,1.0,1.0,2.0,3.0,2.0,79.0,192.0,0,0.5015625,16.0,0.0,6400000.0,0.5273919092465753
1.0,1.0,2.0,3.0,5.0,3.0,131.0,352.0,0,0.75,16.0,0.03125,6400000.0,0.7844231592465754
1.0,1.0,1.0,2.0,3.0,2.0,79.0,192.0,0,0.5015625,32.0,0.00390625,6400000.0,0.5273919092465753
1.0,1.0,1.0,2.0,3.0,2.0,79.0,192.0,0,0.5015625,64.0,0.03125,6400000.0,0.5273919092465753
1.0,1.0,1.0,1.0,1.0,1.0,35.0,32.0,0,0.5015625,32.0,4096.0,6400000.0,0.5273919092465753
1.0,1.0,1.0,2.0,3.0,2.0,79.0,192.0,0,0.5015625,64.0,32.0,6400000.0,0.5273919092465753
1.0,1.0,2.0,3.0,5.0,3.0,131.0,352.0,0,0.75,16.0,32.0,6400000.0,0.7844231592465754
1.0,1.0,2.0,1.0,1.0,1.0,39.0,32.0,0,0.5015625,0.125,32768.0,6400000.0,0.5273919092465753
1.0,1.0,1.0,2.0,3.0,2.0,79.0,192.0,0,0.5015625,128.0,256.0,6400000.0,0.5273919092465753
1.0,1.0,1.0,2.0,3.0,2.0,79.0,192.0,0,0.5015625,256.0,2.0,6400000.0,0.5273919092465753
1.0,1.0,2.0,3.0,5.0,3.0,131.0,352.0,0,0.75,0.25,0.25,6400000.0,0.7844231592465754
1.0,1.0,2.0,3.0,5.0,3.0,131.0,352.0,0,0.75,64.0,1.0,6400000.0,0.7844231592465754
1.0,1.0,2.0,3.0,5.0,3.0,131.0,352.0,0,0.75,0.000976562,0.125,6400000.0,0.7844231592465754
1.0,1.0,1.0,1.0,1.0,1.0,35.0,32.0,0,0.5015625,256.0,2048.0,6400000.0,0.5273919092465753
1.0,1.0,1.0,1.0,1.0,1.0,35.0,32.0,0,0.5015625,512.0,16.0,6400000.0,0.5273919092465753
1.0,1.0,1.0,2.0,3.0,2.0,79.0,192.0,0,0.5015625,128.0,0.25,6400000.0,0.5273919092465753
1.0,1.0,1.0,2.0,3.0,2.0,79.0,192.0,0,0.5015625,256.0,0.00195312,6400000.0,0.5273919092465753
1.0,1.0,2.0,1.0,1.0,1.0,39.0,32.0,0,0.5015625,0.0,16384.0,6400000.0,0.5273919092465753
1.0,1.0,1.0,1.0,1.0,1.0,35.0,32.0,0,0.5015625,64.0,32768.0,6400000.0,0.5273919092465753
1.0,1.0,1.0,1.0,1.0,1.0,35.0,32.0,0,0.5015625,512.0,0.015625,6400000.0,0.5273919092465753
1.0,1.0,1.0,1.0,1.0,1.0,35.0,32.0,0,0.5015625,512.0,16384.0,6400000.0,0.5273919092465753
1.0,1.0,2.0,1.0,1.0,1.0,39.0,32.0,0,0.5015625,16.0,32768.0,6400000.0,0.5273919092465753
1.0,1.0,2.0,3.0,5.0,3.0,131.0,352.0,0,0.75,0.000976562,128.0,6400000.0,0.7844231592465754
1.0,1.0,2.0,1.0,1.0,1.0,39.0,32.0,0,0.5015625,0.00390625,4096.0,6400000.0,0.5273919092465753
1.0,1.0,1.0,1.0,1.0,1.0,35.0,32.0,0,0.5015625,2048.0,1.0,6400000.0,0.5273919092465753
1.0,1.0,1.0,1.0,1.0,1.0,35.0,32.0,0,0.5015625,1024.0,0.125,6400000.0,0.5273919092465753
1.0,1.0,2.0,3.0,5.0,3.0,131.0,352.0,0,0.75,0.03125,0.000976562,6400000.0,0.7844231592465754
1.0,1.0,2.0,3.0,5.0,3.0,131.0,352.0,0,0.75,0.0078125,0.03125,6400000.0,0.7844231592465754
1.0,1.0,1.0,1.0,1.0,1.0,35.0,32.0,0,0.5015625,1024.0,128.0,6400000.0,0.5273919092465753
1.0,1.0,1.0,1.0,1.0,1.0,35.0,32.0,0,0.5015625,16384.0,0.0,6400000.0,0.5273919092465753
1.0,1.0,1.0,1.0,1.0,1.0,35.0,32.0,0,0.5015625,8192.0,0.0625,6400000.0,0.5273919092465753
1.0,1.0,1.0,1.0,1.0,1.0,35.0,32.0,0,0.5015625,2048.0,0.000976562,6400000.0,0.5273919092465753
1.0,1.0,1.0,1.0,1.0,1.0,35.0,32.0,0,0.5015625,2048.0,1024.0,6400000.0,0.5273919092465753
1.0,1.0,1.0,1.0,1.0,1.0,35.0,32.0,0,0.5015625,4096.0,8192.0,6400000.0,0.5273919092465753
1.0,1.0,1.0,1.0,1.0,1.0,35.0,32.0,0,0.5015625,4096.0,0.0078125,6400000.0,0.5273919092465753
1.0,1.0,1.0,1.0,1.0,1.0,35.0,32.0,0,0.5015625,8192.0,64.0,6400000.0,0.5273919092465753
1.0,1.0,1.0,1.0,1.0,1.0,35.0,32.0,0,0.5015625,4096.0,8.0,6400000.0,0.5273919092465753
1.0,1.0,1.0,1.0,1.0,1.0,35.0,32.0,0,0.5015625,16384.0,0.5,6400000.0,0.5273919092465753
1.0,1.0,1.0,2.0,3.0,2.0,79.0,192.0,0,0.5015625,0.0,0.03125,6400000.0,0.5273919092465753
1.0,1.0,1.0,1.0,1.0,1.0,35.0,32.0,0,0.5015625,16384.0,512.0,6400000.0,0.5273919092465753
1.0,1.0,1.0,2.0,3.0,2.0,79.0,192.0,0,0.5015625,0.0,32.0,6400000.0,0.5273919092465753
1.0,1.0,2.0,3.0,5.0,3.0,131.0,352.0,0,0.75,0.03125,1.0,6400000.0,0.7844231592465754
1.0,1.0,1.0,1.0,1.0,1.0,35.0,32.0,0,0.5015625,0.0,32768.0,6400000.0,0.5273919092465753
1.0,1.0,2.0,3.0,5.0,3.0,131.0,352.0,0,0.75,32.0,0.25,6400000.0,0.7844231592465754
1.0,1.0,2.0,3.0,5.0,3.0,131.0,352.0,0,0.75,0.00195312,0.000976562,6400000.0,0.7844231592465754
1.0,1.0,2.0,1.0,1.0,1.0,39.0,32.0,0,0.5015625,64.0,1024.0,6400000.0,0.5273919092465753
1.0,1.0,1.0,2.0,3.0,2.0,79.0,192.0,0,0.5015625,0.000976562,256.0,6400000.0,0.5273919092465753
1.0,1.0,2.0,3.0,5.0,3.0,131.0,352.0,0,0.75,0.25,256.0,6400000.0,0.7844231592465754
1.0,1.0,1.0,1.0,1.0,1.0,35.0,32.0,0,0.5015625,0.00195312,2048.0,6400000.0,0.5273919092465753
1.0,1.0,2.0,3.0,5.0,3.0,131.0,352.0,0,0.75,128.0,0.0078125,6400000.0,0.7844231592465754
1.0,1.0,2.0,3.0,5.0,3.0,131.0,352.0,0,0.75,0.0078125,32.0,6400000.0,0.7844231592465754
1.0,1.0,1.0,2.0,3.0,2.0,79.0,192.0,0,0.5015625,0.00195312,2.0,6400000.0,0.5273919092465753
1.0,1.0,1.0,2.0,3.0,2.0,79.0,192.0,0,0.5015625,0.000976562,0.25,6400000.0,0.5273919092465753
1.0,1.0,1.0,2.0,3.0,2.0,79.0,192.0,0,0.5015625,0.00390625,0.015625,6400000.0,0.5273919092465753
1.0,1.0,1.0,2.0,3.0,2.0,79.0,192.0,0,0.5015625,0.00195312,0.00195312,6400000.0,0.5273919092465753
1.0,1.0,1.0,2.0,3.0,2.0,79.0,192.0,0,0.5015625,0.015625,0.000976562,6400000.0,0.5273919092465753
1.0,1.0,2.0,3.0,5.0,3.0,131.0,352.0,0,0.75,0.5,0.00195312,6400000.0,0.7844231592465754
1.0,1.0,2.0,3.0,5.0,3.0,131.0,352.0,0,0.75,128.0,8.0,6400000.0,0.7844231592465754
1.0,1.0,1.0,2.0,3.0,2.0,79.0,192.0,0,0.5015625,0.0078125,0.125,6400000.0,0.5273919092465753
1.0,1.0,2.0,3.0,5.0,3.0,131.0,352.0,0,0.75,0.5,2.0,6400000.0,0.7844231592465754
1.0,1.0,1.0,2.0,3.0,2.0,79.0,192.0,0,0.5015625,0.0078125,128.0,6400000.0,0.5273919092465753
1.0,1.0,2.0,1.0,1.0,1.0,39.0,32.0,0,0.5015625,0.5,2048.0,6400000.0,0.5273919092465753
1.0,1.0,1.0,2.0,3.0,2.0,79.0,192.0,0,0.5015625,0.00390625,16.0,6400000.0,0.5273919092465753
1.0,1.0,2.0,1.0,1.0,1.0,39.0,32.0,0,0.5015625,0.03125,1024.0,6400000.0,0.5273919092465753
1.0,1.0,1.0,1.0,1.0,1.0,35.0,32.0,0,0.5015625,32768.0,0.00390625,6400000.0,0.5273919092465753
1.0,1.0,1.0,1.0,1.0,1.0,35.0,32.0,0,0.5015625,0.00390625,16384.0,6400000.0,0.5273919092465753
1.0,1.0,2.0,1.0,1.0,1.0,39.0,32.0,0,0.5015625,128.0,8192.0,6400000.0,0.5273919092465753
1.0,1.0,2.0,3.0,5.0,3.0,131.0,352.0,0,0.75,0.0625,0.0078125,6400000.0,0.7844231592465754
1.0,1.0,2.0,3.0,5.0,3.0,131.0,352.0,0,0.75,1.0,0.015625,6400000.0,0.7844231592465754
1.0,1.0,1.0,2.0,3.0,2.0,79.0,192.0,0,0.5015625,0.015625,1.0,6400000.0,0.5273919092465753
1.0,1.0,1.0,1.0,1.0,1.0,35.0,32.0,0,0.5015625,0.03125,8192.0,6400000.0,0.5273919092465753
1.0,1.0,1.0,1.0,1.0,1.0,35.0,32.0,0,0.5015625,0.015625,1024.0,6400000.0,0.5273919092465753
1.0,1.0,1.0,2.0,3.0,2.0,79.0,192.0,0,0.5015625,0.03125,8.0,6400000.0,0.5273919092465753
1.0,1.0,2.0,3.0,5.0,3.0,131.0,352.0,0,0.75,0.0625,8.0,6400000.0,0.7844231592465754
1.0,1.0,1.0,2.0,3.0,2.0,79.0,192.0,0,0.5015625,0.03125,0.0078125,6400000.0,0.5273919092465753
1.0,1.0,2.0,3.0,5.0,3.0,131.0,352.0,0,0.75,1.0,16.0,6400000.0,0.7844231592465754
1.0,1.0,2.0,3.0,5.0,3.0,131.0,352.0,0,0.75,0.00195312,1.0,6400000.0,0.7844231592465754
1.0,1.0,2.0,1.0,1.0,1.0,39.0,32.0,0,0.5015625,1.0,16384.0,6400000.0,0.5273919092465753
1.0,1.0,1.0,2.0,3.0,2.0,79.0,192.0,0,0.5015625,0.0625,64.0,6400000.0,0.5273919092465753
1.0,1.0,1.0,2.0,3.0,2.0,79.0,192.0,0,0.5015625,0.0625,0.0625,6400000.0,0.5273919092465753
1.0,1.0,1.0,2.0,3.0,2.0,79.0,192.0,0,0.5015625,0.125,0.0,6400000.0,0.5273919092465753
1.0,1.0,2.0,1.0,1.0,1.0,39.0,32.0,0,0.5015625,0.0078125,32768.0,6400000.0,0.5273919092465753
1.0,1.0,1.0,1.0,1.0,1.0,35.0,32.0,0,0.5015625,32768.0,4.0,6400000.0,0.5273919092465753
1.0,1.0,2.0,3.0,5.0,3.0,131.0,352.0,0,0.75,2.0,0.125,6400000.0,0.7844231592465754
1.0,1.0,2.0,3.0,5.0,3.0,131.0,352.0,0,0.75,32.0,256.0,6400000.0,0.7844231592465754
1.0,1.0,2.0,3.0,5.0,3.0,131.0,352.0,0,0.75,256.0,0.0625,6400000.0,0.7844231592465754
1.0,1.0,1.0,1.0,1.0,1.0,35.0,32.0,0,0.5015625,0.125,512.0,6400000.0,0.5273919092465753
1.0,1.0,1.0,1.0,1.0,1.0,35.0,32.0,0,0.5015625,32768.0,4096.0,6400000.0,0.5273919092465753
1.0,1.0,1.0,2.0,3.0,2.0,79.0,192.0,0,0.5015625,0.25,4.0,6400000.0,0.5273919092465753
1.0,1.0,1.0,2.0,3.0,2.0,79.0,192.0,0,0.5015625,0.125,0.5,6400000.0,0.5273919092465753
1.0,1.0,2.0,3.0,5.0,3.0,131.0,352.0,0,0.75,2.0,128.0,6400000.0,0.7844231592465754
1.0,1.0,1.0,2.0,3.0,2.0,79.0,192.0,0,0.5015625,0.25,0.00390625,6400000.0,0.5273919092465753
1.0,1.0,2.0,3.0,5.0,3.0,131.0,352.0,0,0.75,4.0,0.000976562,6400000.0,0.7844231592465754
1.0,1.0,1.0,2.0,3.0,2.0,79.0,192.0,0,0.5015625,0.5,32.0,6400000.0,0.5273919092465753
1.0,1.0,1.0,1.0,1.0,1.0,35.0,32.0,0,0.5015625,0.25,4096.0,6400000.0,0.5273919092465753
1.0,1.0,2.0,3.0,5.0,3.0,131.0,352.0,0,0.75,256.0,64.0,6400000.0,0.7844231592465754
1.0,1.0,2.0,3.0,5.0,3.0,131.0,352.0,0,0.75,0.015625,0.25,6400000.0,0.7844231592465754
1.0,1.0,2.0,1.0,1.0,1.0,39.0,32.0,0,0.5015625,0.00195312,1024.0,6400000.0,0.5273919092465753
1.0,1.0,1.0,2.0,3.0,2.0,79.0,192.0,0,0.5015625,0.5,0.03125,6400000.0,0.5273919092465753
1.0,1.0,2.0,3.0,5.0,3.0,131.0,352.0,0,0.75,0.0,0.03125,6400000.0,0.7844231592465754
1.0,1.0,2.0,3.0,5.0,3.0,131.0,352.0,0,0.75,4.0,1.0,6400000.0,0.7844231592465754
1.0,1.0,1.0,2.0,3.0,2.0,79.0,192.0,0,0.5015625,1.0,256.0,6400000.0,0.5273919092465753
1.0,1.0,2.0,1.0,1.0,1.0,39.0,32.0,0,0.5015625,0.0625,8192.0,6400000.0,0.5273919092465753
1.0,1.0,2.0,1.0,1.0,1.0,39.0,32.0,0,0.5015625,512.0,0.0,6400000.0,0.5273919092465753
1.0,1.0,1.0,2.0,3.0,2.0,79.0,192.0,0,0.5015625,1.0,0.25,6400000.0,0.5273919092465753
1.0,1.0,2.0,3.0,5.0,3.0,131.0,352.0,0,0.75,0.0,32.0,6400000.0,0.7844231592465754
1.0,1.0,2.0,3.0,5.0,3.0,131.0,352.0,0,0.75,8.0,0.0078125,6400000.0,0.7844231592465754
1.0,1.0,1.0,1.0,1.0,1.0,35.0,32.0,0,0.5015625,0.5,32768.0,6400000.0,0.5273919092465753
1.0,1.0,1.0,2.0,3.0,2.0,79.0,192.0,0,0.5015625,2.0,2.0,6400000.0,0.5273919092465753
1.0,1.0,2.0,3.0,5.0,3.0,131.0,352.0,0,0.75,0.00390625,0.0078125,6400000.0,0.7844231592465754
1.0,1.0,2.0,3.0,5.0,3.0,131.0,352.0,0,0.75,8.0,8.0,6400000.0,0.7844231592465754
1.0,1.0,1.0,2.0,3.0,2.0,79.0,192.0,0,0.5015625,4.0,16.0,6400000.0,0.5273919092465753
1.0,1.0,1.0,2.0,3.0,2.0,79.0,192.0,0,0.5015625,2.0,0.00195312,6400000.0,0.5273919092465753
1.0,1.0,2.0,1.0,1.0,1.0,39.0,32.0,0,0.5015625,8.0,8192.0,6400000.0,0.5273919092465753
1.0,1.0,2.0,1.0,1.0,1.0,39.0,32.0,0,0.5015625,4.0,1024.0,6400000.0,0.5273919092465753
1.0,1.0,1.0,1.0,1.0,1.0,35.0,32.0,0,0.5015625,2.0,2048.0,6400000.0,0.5273919092465753
1.0,1.0,2.0,3.0,5.0,3.0,131.0,352.0,0,0.75,0.015625,256.0,6400000.0,0.7844231592465754
1.0,1.0,1.0,2.0,3.0,2.0,79.0,192.0,0,0.5015625,4.0,0.015625,6400000.0,0.5273919092465753
1.0,1.0,2.0,1.0,1.0,1.0,39.0,32.0,0,0.5015625,512.0,0.5,6400000.0,0.5273919092465753
1.0,1.0,2.0,3.0,5.0,3.0,131.0,352.0,0,0.75,0.00390625,8.0,6400000.0,0.7844231592465754
1.0,1.0,2.0,3.0,5.0,3.0,131.0,352.0,0,0.75,0.125,0.0625,6400000.0,0.7844231592465754
1.0,1.0,2.0,3.0,5.0,3.0,131.0,352.0,0,0.75,64.0,0.00195312,6400000.0,0.7844231592465754
1.0,1.0,1.0,2.0,3.0,2.0,79.0,192.0,0,0.5015625,8.0,128.0,6400000.0,0.5273919092465753
1.0,1.0,1.0,2.0,3.0,2.0,79.0,192.0,0,0.5015625,8.0,0.125,6400000.0,0.5273919092465753
1.0,1.0,1.0,1.0,1.0,1.0,35.0,32.0,0,0.5015625,4.0,16384.0,6400000.0,0.5273919092465753
1.0,1.0,1.0,2.0,3.0,2.0,79.0,192.0,0,0.5015625,16.0,1.0,6400000.0,0.5273919092465753
1.0,1.0,2.0,3.0,5.0,3.0,131.0,352.0,0,0.75,0.125,64.0,6400000.0,0.7844231592465754
1.0,1.0,1.0,2.0,3.0,2.0,79.0,192.0,0,0.5015625,32.0,8.0,6400000.0,0.5273919092465753
1.0,1.0,1.0,1.0,1.0,1.0,35.0,32.0,0,0.5015625,16.0,1024.0,6400000.0,0.5273919092465753
1.0,1.0,1.0,2.0,3.0,2.0,79.0,192.0,0,0.5015625,16.0,0.000976562,6400000.0,0.5273919092465753
1.0,1.0,1.0,2.0,3.0,2.0,79.0,192.0,0,0.5015625,32.0,0.0078125,6400000.0,0.5273919092465753
1.0,1.0,1.0,2.0,3.0,2.0,79.0,192.0,0,0.5015625,64.0,0.0625,6400000.0,0.5273919092465753
1.0,1.0,2.0,3.0,5.0,3.0,131.0,352.0,0,0.75,0.25,0.0,6400000.0,0.7844231592465754
1.0,1.0,2.0,3.0,5.0,3.0,131.0,352.0,0,0.75,16.0,0.0625,6400000.0,0.7844231592465754
1.0,1.0,1.0,1.0,1.0,1.0,35.0,32.0,0,0.5015625,128.0,512.0,6400000.0,0.5273919092465753
1.0,1.0,2.0,3.0,5.0,3.0,131.0,352.0,0,0.75,0.25,0.5,6400000.0,0.7844231592465754
1.0,1.0,1.0,1.0,1.0,1.0,35.0,32.0,0,0.5015625,32.0,8192.0,6400000.0,0.5273919092465753
1.0,1.0,1.0,2.0,3.0,2.0,79.0,192.0,0,0.5015625,64.0,64.0,6400000.0,0.5273919092465753
1.0,1.0,2.0,3.0,5.0,3.0,131.0,352.0,0,0.75,16.0,64.0,6400000.0,0.7844231592465754
1.0,1.0,2.0,3.0,5.0,3.0,131.0,352.0,0,0.75,64.0,2.0,6400000.0,0.7844231592465754
1.0,1.0,2.0,3.0,5.0,3.0,131.0,352.0,0,0.75,0.000976562,0.25,6400000.0,0.7844231592465754
1.0,1.0,1.0,1.0,1.0,1.0,35.0,32.0,0,0.5015625,256.0,4096.0,6400000.0,0.5273919092465753
1.0,1.0,1.0,2.0,3.0,2.0,79.0,192.0,0,0.5015625,256.0,4.0,6400000.0,0.5273919092465753
1.0,1.0,1.0,2.0,3.0,2.0,79.0,192.0,0,0.5015625,128.0,0.5,6400000.0,0.5273919092465753
1.0,1.0,1.0,1.0,1.0,1.0,35.0,32.0,0,0.5015625,512.0,32.0,6400000.0,0.5273919092465753
1.0,1.0,1.0,2.0,3.0,2.0,79.0,192.0,0,0.5015625,128.0,0.0,6400000.0,0.5273919092465753
1.0,1.0,2.0,1.0,1.0,1.0,39.0,32.0,0,0.5015625,0.0,32768.0,6400000.0,0.5273919092465753
1.0,1.0,1.0,2.0,3.0,2.0,79.0,192.0,0,0.5015625,256.0,0.00390625,6400000.0,0.5273919092465753
1.0,1.0,1.0,1.0,1.0,1.0,35.0,32.0,0,0.5015625,512.0,0.03125,6400000.0,0.5273919092465753
1.0,1.0,1.0,1.0,1.0,1.0,35.0,32.0,0,0.5015625,512.0,32768.0,6400000.0,0.5273919092465753
1.0,1.0,2.0,3.0,5.0,3.0,131.0,352.0,0,0.75,32.0,0.0,6400000.0,0.7844231592465754
1.0,1.0,2.0,1.0,1.0,1.0,39.0,32.0,0,0.5015625,0.00390625,8192.0,6400000.0,0.5273919092465753
1.0,1.0,1.0,1.0,1.0,1.0,35.0,32.0,0,0.5015625,1024.0,0.25,6400000.0,0.5273919092465753
1.0,1.0,1.0,1.0,1.0,1.0,35.0,32.0,0,0.5015625,2048.0,2.0,6400000.0,0.5273919092465753
1.0,1.0,2.0,3.0,5.0,3.0,131.0,352.0,0,0.75,0.000976562,256.0,6400000.0,0.7844231592465754
1.0,1.0,2.0,3.0,5.0,3.0,131.0,352.0,0,0.75,0.0078125,0.0625,6400000.0,0.7844231592465754
1.0,1.0,2.0,1.0,1.0,1.0,39.0,32.0,0,0.5015625,512.0,512.0,6400000.0,0.5273919092465753
1.0,1.0,2.0,3.0,5.0,3.0,131.0,352.0,0,0.75,0.03125,0.00195312,6400000.0,0.7844231592465754
1.0,1.0,1.0,1.0,1.0,1.0,35.0,32.0,0,0.5015625,1024.0,256.0,6400000.0,0.5273919092465753
1.0,1.0,1.0,1.0,1.0,1.0,35.0,32.0,0,0.5015625,2048.0,0.00195312,6400000.0,0.5273919092465753
1.0,1.0,1.0,1.0,1.0,1.0,35.0,32.0,0,0.5015625,8192.0,0.125,6400000.0,0.5273919092465753
1.0,1.0,1.0,1.0,1.0,1.0,35.0,32.0,0,0.5015625,16384.0,0.000976562,6400000.0,0.5273919092465753
1.0,1.0,1.0,1.0,1.0,1.0,35.0,32.0,0,0.5015625,2048.0,2048.0,6400000.0,0.5273919092465753
1.0,1.0,1.0,1.0,1.0,1.0,35.0,32.0,0,0.5015625,4096.0,0.015625,6400000.0,0.5273919092465753
1.0,1.0,1.0,1.0,1.0,1.0,35.0,32.0,0,0.5015625,4096.0,16.0,6400000.0,0.5273919092465753
1.0,1.0,1.0,1.0,1.0,1.0,35.0,32.0,0,0.5015625,4096.0,16384.0,6400000.0,0.5273919092465753
1.0,1.0,1.0,1.0,1.0,1.0,35.0,32.0,0,0.5015625,8192.0,128.0,6400000.0,0.5273919092465753
1.0,1.0,1.0,1.0,1.0,1.0,35.0,32.0,0,0.5015625,16384.0,1024.0,6400000.0,0.5273919092465753
1.0,1.0,1.0,2.0,3.0,2.0,79.0,192.0,0,0.5015625,0.0,0.0625,6400000.0,0.5273919092465753
1.0,1.0,1.0,1.0,1.0,1.0,35.0,32.0,0,0.5015625,16384.0,1.0,6400000.0,0.5273919092465753
1.0,1.0,1.0,2.0,3.0,2.0,79.0,192.0,0,0.5015625,0.0,64.0,6400000.0,0.5273919092465753
1.0,1.0,1.0,2.0,3.0,2.0,79.0,192.0,0,0.5015625,0.000976562,0.0,6400000.0,0.5273919092465753
1.0,1.0,2.0,3.0,5.0,3.0,131.0,352.0,0,0.75,0.03125,2.0,6400000.0,0.7844231592465754
1.0,1.0,2.0,3.0,5.0,3.0,131.0,352.0,0,0.75,32.0,0.5,6400000.0,0.7844231592465754
1.0,1.0,2.0,3.0,5.0,3.0,131.0,352.0,0,0.75,0.00195312,0.00195312,6400000.0,0.7844231592465754
1.0,1.0,2.0,1.0,1.0,1.0,39.0,32.0,0,0.5015625,64.0,2048.0,6400000.0,0.5273919092465753
1.0,1.0,2.0,1.0,1.0,1.0,39.0,32.0,0,0.5015625,0.25,512.0,6400000.0,0.5273919092465753
1.0,1.0,1.0,1.0,1.0,1.0,35.0,32.0,0,0.5015625,0.000976562,512.0,6400000.0,0.5273919092465753
1.0,1.0,1.0,1.0,1.0,1.0,35.0,32.0,0,0.5015625,0.00195312,4096.0,6400000.0,0.5273919092465753
1.0,1.0,2.0,3.0,5.0,3.0,131.0,352.0,0,0.75,128.0,0.015625,6400000.0,0.7844231592465754
1.0,1.0,2.0,1.0,1.0,1.0,39.0,32.0,0,0.5015625,1024.0,0.00390625,6400000.0,0.5273919092465753
1.0,1.0,2.0,3.0,5.0,3.0,131.0,352.0,0,0.75,0.0078125,64.0,6400000.0,0.7844231592465754
1.0,1.0,1.0,2.0,3.0,2.0,79.0,192.0,0,0.5015625,0.00390625,0.03125,6400000.0,0.5273919092465753
1.0,1.0,1.0,2.0,3.0,2.0,79.0,192.0,0,0.5015625,0.00195312,4.0,6400000.0,0.5273919092465753
1.0,1.0,1.0,2.0,3.0,2.0,79.0,192.0,0,0.5015625,0.00195312,0.00390625,6400000.0,0.5273919092465753
1.0,1.0,1.0,2.0,3.0,2.0,79.0,192.0,0,0.5015625,0.015625,0.00195312,6400000.0,0.5273919092465753
1.0,1.0,1.0,2.0,3.0,2.0,79.0,192.0,0,0.5015625,0.000976562,0.5,6400000.0,0.5273919092465753
1.0,1.0,2.0,3.0,5.0,3.0,131.0,352.0,0,0.75,128.0,16.0,6400000.0,0.7844231592465754
1.0,1.0,2.0,3.0,5.0,3.0,131.0,352.0,0,0.75,0.5,0.00390625,6400000.0,0.7844231592465754
1.0,1.0,1.0,2.0,3.0,2.0,79.0,192.0,0,0.5015625,0.0078125,0.25,6400000.0,0.5273919092465753
1.0,1.0,2.0,3.0,5.0,3.0,131.0,352.0,0,0.75,0.5,4.0,6400000.0,0.7844231592465754
1.0,1.0,1.0,2.0,3.0,2.0,79.0,192.0,0,0.5015625,0.0078125,256.0,6400000.0,0.5273919092465753
1.0,1.0,2.0,1.0,1.0,1.0,39.0,32.0,0,0.5015625,0.5,4096.0,6400000.0,0.5273919092465753
1.0,1.0,2.0,1.0,1.0,1.0,39.0,32.0,0,0.5015625,0.03125,2048.0,6400000.0,0.5273919092465753
1.0,1.0,1.0,2.0,3.0,2.0,79.0,192.0,0,0.5015625,0.00390625,32.0,6400000.0,0.5273919092465753
1.0,1.0,1.0,1.0,1.0,1.0,35.0,32.0,0,0.5015625,32768.0,0.0078125,6400000.0,0.5273919092465753
1.0,1.0,2.0,1.0,1.0,1.0,39.0,32.0,0,0.5015625,128.0,16384.0,6400000.0,0.5273919092465753
1.0,1.0,1.0,1.0,1.0,1.0,35.0,32.0,0,0.5015625,0.00390625,32768.0,6400000.0,0.5273919092465753
1.0,1.0,2.0,3.0,5.0,3.0,131.0,352.0,0,0.75,1.0,0.03125,6400000.0,0.7844231592465754
1.0,1.0,2.0,3.0,5.0,3.0,131.0,352.0,0,0.75,0.0625,0.015625,6400000.0,0.7844231592465754
1.0,1.0,1.0,1.0,1.0,1.0,35.0,32.0,0,0.5015625,0.03125,16384.0,6400000.0,0.5273919092465753
1.0,1.0,1.0,2.0,3.0,2.0,79.0,192.0,0,0.5015625,0.03125,16.0,6400000.0,0.5273919092465753
1.0,1.0,1.0,2.0,3.0,2.0,79.0,192.0,0,0.5015625,0.015625,2.0,6400000.0,0.5273919092465753
1.0,1.0,1.0,1.0,1.0,1.0,35.0,32.0,0,0.5015625,0.015625,2048.0,6400000.0,0.5273919092465753
1.0,1.0,2.0,1.0,1.0,1.0,39.0,32.0,0,0.5015625,1024.0,4.0,6400000.0,0.5273919092465753
1.0,1.0,1.0,2.0,3.0,2.0,79.0,192.0,0,0.5015625,0.03125,0.015625,6400000.0,0.5273919092465753
1.0,1.0,2.0,3.0,5.0,3.0,131.0,352.0,0,0.75,1.0,32.0,6400000.0,0.7844231592465754
1.0,1.0,2.0,1.0,1.0,1.0,39.0,32.0,0,0.5015625,1.0,32768.0,6400000.0,0.5273919092465753
1.0,1.0,2.0,3.0,5.0,3.0,131.0,352.0,0,0.75,0.0625,16.0,6400000.0,0.7844231592465754
1.0,1.0,2.0,3.0,5.0,3.0,131.0,352.0,0,0.75,0.00195312,2.0,6400000.0,0.7844231592465754
1.0,1.0,1.0,2.0,3.0,2.0,79.0,192.0,0,0.5015625,0.0625,128.0,6400000.0,0.5273919092465753
1.0,1.0,1.0,2.0,3.0,2.0,79.0,192.0,0,0.5015625,0.0625,0.125,6400000.0,0.5273919092465753
1.0,1.0,2.0,3.0,5.0,3.0,131.0,352.0,0,0.75,0.015625,0.0,6400000.0,0.7844231592465754
1.0,1.0,1.0,2.0,3.0,2.0,79.0,192.0,0,0.5015625,0.125,0.000976562,6400000.0,0.5273919092465753
1.0,1.0,2.0,1.0,1.0,1.0,39.0,32.0,0,0.5015625,32.0,512.0,6400000.0,0.5273919092465753
1.0,1.0,1.0,1.0,1.0,1.0,35.0,32.0,0,0.5015625,32768.0,8.0,6400000.0,0.5273919092465753
1.0,1.0,2.0,3.0,5.0,3.0,131.0,352.0,0,0.75,256.0,0.125,6400000.0,0.7844231592465754
1.0,1.0,2.0,3.0,5.0,3.0,131.0,352.0,0,0.75,2.0,0.25,6400000.0,0.7844231592465754
1.0,1.0,1.0,1.0,1.0,1.0,35.0,32.0,0,0.5015625,0.125,1024.0,6400000.0,0.5273919092465753
1.0,1.0,1.0,2.0,3.0,2.0,79.0,192.0,0,0.5015625,0.25,8.0,6400000.0,0.5273919092465753
1.0,1.0,1.0,1.0,1.0,1.0,35.0,32.0,0,0.5015625,32768.0,8192.0,6400000.0,0.5273919092465753
1.0,1.0,1.0,2.0,3.0,2.0,79.0,192.0,0,0.5015625,0.25,0.0078125,6400000.0,0.5273919092465753
1.0,1.0,2.0,3.0,5.0,3.0,131.0,352.0,0,0.75,2.0,256.0,6400000.0,0.7844231592465754
1.0,1.0,1.0,2.0,3.0,2.0,79.0,192.0,0,0.5015625,0.125,1.0,6400000.0,0.5273919092465753
1.0,1.0,2.0,3.0,5.0,3.0,131.0,352.0,0,0.75,4.0,0.00195312,6400000.0,0.7844231592465754
1.0,1.0,1.0,1.0,1.0,1.0,35.0,32.0,0,0.5015625,0.25,8192.0,6400000.0,0.5273919092465753
1.0,1.0,2.0,3.0,5.0,3.0,131.0,352.0,0,0.75,256.0,128.0,6400000.0,0.7844231592465754
1.0,1.0,2.0,1.0,1.0,1.0,39.0,32.0,0,0.5015625,0.00195312,2048.0,6400000.0,0.5273919092465753
1.0,1.0,1.0,2.0,3.0,2.0,79.0,192.0,0,0.5015625,0.5,64.0,6400000.0,0.5273919092465753
1.0,1.0,2.0,1.0,1.0,1.0,39.0,32.0,0,0.5015625,1024.0,4096.0,6400000.0,0.5273919092465753
1.0,1.0,1.0,2.0,3.0,2.0,79.0,192.0,0,0.5015625,0.5,0.0625,6400000.0,0.5273919092465753
1.0,1.0,2.0,3.0,5.0,3.0,131.0,352.0,0,0.75,0.015625,0.5,6400000.0,0.7844231592465754
1.0,1.0,2.0,3.0,5.0,3.0,131.0,352.0,0,0.75,0.0,0.0625,6400000.0,0.7844231592465754
1.0,1.0,1.0,1.0,1.0,1.0,35.0,32.0,0,0.5015625,1.0,512.0,6400000.0,0.5273919092465753
1.0,1.0,2.0,3.0,5.0,3.0,131.0,352.0,0,0.75,4.0,2.0,6400000.0,0.7844231592465754
1.0,1.0,2.0,1.0,1.0,1.0,39.0,32.0,0,0.5015625,0.0625,16384.0,6400000.0,0.5273919092465753
1.0,1.0,2.0,1.0,1.0,1.0,39.0,32.0,0,0.5015625,512.0,0.000976562,6400000.0,0.5273919092465753
1.0,1.0,1.0,2.0,3.0,2.0,79.0,192.0,0,0.5015625,1.0,0.5,6400000.0,0.5273919092465753
1.0,1.0,1.0,2.0,3.0,2.0,79.0,192.0,0,0.5015625,1.0,0.0,6400000.0,0.5273919092465753
1.0,1.0,1.0,2.0,3.0,2.0,79.0,192.0,0,0.5015625,4.0,32.0,6400000.0,0.5273919092465753
1.0,1.0,2.0,3.0,5.0,3.0,131.0,352.0,0,0.75,0.0,64.0,6400000.0,0.7844231592465754
1.0,1.0,2.0,3.0,5.0,3.0,131.0,352.0,0,0.75,8.0,0.015625,6400000.0,0.7844231592465754
1.0,1.0,2.0,3.0,5.0,3.0,131.0,352.0,0,0.75,0.00390625,0.015625,6400000.0,0.7844231592465754
1.0,1.0,1.0,2.0,3.0,2.0,79.0,192.0,0,0.5015625,2.0,4.0,6400000.0,0.5273919092465753
1.0,1.0,2.0,3.0,5.0,3.0,131.0,352.0,0,0.75,8.0,16.0,6400000.0,0.7844231592465754
1.0,1.0,2.0,1.0,1.0,1.0,39.0,32.0,0,0.5015625,4.0,2048.0,6400000.0,0.5273919092465753
1.0,1.0,1.0,2.0,3.0,2.0,79.0,192.0,0,0.5015625,2.0,0.00390625,6400000.0,0.5273919092465753
1.0,1.0,2.0,1.0,1.0,1.0,39.0,32.0,0,0.5015625,8.0,16384.0,6400000.0,0.5273919092465753
1.0,1.0,2.0,1.0,1.0,1.0,39.0,32.0,0,0.5015625,512.0,1.0,6400000.0,0.5273919092465753
1.0,1.0,2.0,1.0,1.0,1.0,39.0,32.0,0,0.5015625,0.015625,512.0,6400000.0,0.5273919092465753
1.0,1.0,1.0,2.0,3.0,2.0,79.0,192.0,0,0.5015625,4.0,0.03125,6400000.0,0.5273919092465753
1.0,1.0,2.0,3.0,5.0,3.0,131.0,352.0,0,0.75,0.00390625,16.0,6400000.0,0.7844231592465754
1.0,1.0,2.0,3.0,5.0,3.0,131.0,352.0,0,0.75,0.125,0.125,6400000.0,0.7844231592465754
1.0,1.0,1.0,1.0,1.0,1.0,35.0,32.0,0,0.5015625,2.0,4096.0,6400000.0,0.5273919092465753
1.0,1.0,2.0,1.0,1.0,1.0,39.0,32.0,0,0.5015625,2048.0,0.03125,6400000.0,0.5273919092465753
1.0,1.0,2.0,3.0,5.0,3.0,131.0,352.0,0,0.75,64.0,0.00390625,6400000.0,0.7844231592465754
1.0,1.0,1.0,2.0,3.0,2.0,79.0,192.0,0,0.5015625,8.0,256.0,6400000.0,0.5273919092465753
1.0,1.0,2.0,3.0,5.0,3.0,131.0,352.0,0,0.75,0.125,128.0,6400000.0,0.7844231592465754
1.0,1.0,1.0,2.0,3.0,2.0,79.0,192.0,0,0.5015625,8.0,0.25,6400000.0,0.5273919092465753
1.0,1.0,1.0,2.0,3.0,2.0,79.0,192.0,0,0.5015625,16.0,2.0,6400000.0,0.5273919092465753
1.0,1.0,1.0,1.0,1.0,1.0,35.0,32.0,0,0.5015625,4.0,32768.0,6400000.0,0.5273919092465753
1.0,1.0,1.0,1.0,1.0,1.0,35.0,32.0,0,0.5015625,16.0,2048.0,6400000.0,0.5273919092465753
1.0,1.0,1.0,2.0,3.0,2.0,79.0,192.0,0,0.5015625,16.0,0.00195312,6400000.0,0.5273919092465753
1.0,1.0,1.0,2.0,3.0,2.0,79.0,192.0,0,0.5015625,32.0,16.0,6400000.0,0.5273919092465753
1.0,1.0,1.0,2.0,3.0,2.0,79.0,192.0,0,0.5015625,32.0,0.015625,6400000.0,0.5273919092465753
1.0,1.0,2.0,3.0,5.0,3.0,131.0,352.0,0,0.75,0.25,0.000976562,6400000.0,0.7844231592465754
1.0,1.0,2.0,3.0,5.0,3.0,131.0,352.0,0,0.75,16.0,0.125,6400000.0,0.7844231592465754
1.0,1.0,1.0,2.0,3.0,2.0,79.0,192.0,0,0.5015625,64.0,0.125,6400000.0,0.5273919092465753
1.0,1.0,2.0,3.0,5.0,3.0,131.0,352.0,0,0.75,0.25,1.0,6400000.0,0.7844231592465754
1.0,1.0,1.0,2.0,3.0,2.0,79.0,192.0,0,0.5015625,64.0,128.0,6400000.0,0.5273919092465753
1.0,1.0,1.0,1.0,1.0,1.0,35.0,32.0,0,0.5015625,128.0,1024.0,6400000.0,0.5273919092465753
1.0,1.0,2.0,3.0,5.0,3.0,131.0,352.0,0,0.75,64.0,4.0,6400000.0,0.7844231592465754
1.0,1.0,2.0,3.0,5.0,3.0,131.0,352.0,0,0.75,16.0,128.0,6400000.0,0.7844231592465754
1.0,1.0,1.0,1.0,1.0,1.0,35.0,32.0,0,0.5015625,32.0,16384.0,6400000.0,0.5273919092465753
1.0,1.0,2.0,3.0,5.0,3.0,131.0,352.0,0,0.75,0.000976562,0.5,6400000.0,0.7844231592465754
1.0,1.0,1.0,2.0,3.0,2.0,79.0,192.0,0,0.5015625,256.0,8.0,6400000.0,0.5273919092465753
1.0,1.0,1.0,2.0,3.0,2.0,79.0,192.0,0,0.5015625,128.0,0.000976562,6400000.0,0.5273919092465753
1.0,1.0,1.0,2.0,3.0,2.0,79.0,192.0,0,0.5015625,128.0,1.0,6400000.0,0.5273919092465753
1.0,1.0,1.0,2.0,3.0,2.0,79.0,192.0,0,0.5015625,256.0,0.0078125,6400000.0,0.5273919092465753
1.0,1.0,1.0,1.0,1.0,1.0,35.0,32.0,0,0.5015625,256.0,8192.0,6400000.0,0.5273919092465753
1.0,1.0,1.0,1.0,1.0,1.0,35.0,32.0,0,0.5015625,512.0,64.0,6400000.0,0.5273919092465753
1.0,1.0,2.0,3.0,5.0,3.0,131.0,352.0,0,0.75,0.000976562,0.0,6400000.0,0.7844231592465754
1.0,1.0,2.0,1.0,1.0,1.0,39.0,32.0,0,0.5015625,2048.0,32.0,6400000.0,0.5273919092465753
1.0,1.0,2.0,1.0,1.0,1.0,39.0,32.0,0,0.5015625,2048.0,32768.0,6400000.0,0.5273919092465753
1.0,1.0,1.0,1.0,1.0,1.0,35.0,32.0,0,0.5015625,1024.0,0.0,6400000.0,0.5273919092465753
1.0,1.0,2.0,1.0,1.0,1.0,39.0,32.0,0,0.5015625,0.00390625,16384.0,6400000.0,0.5273919092465753
1.0,1.0,2.0,3.0,5.0,3.0,131.0,352.0,0,0.75,32.0,0.000976562,6400000.0,0.7844231592465754
1.0,1.0,1.0,1.0,1.0,1.0,35.0,32.0,0,0.5015625,512.0,0.0625,6400000.0,0.5273919092465753
1.0,1.0,2.0,1.0,1.0,1.0,39.0,32.0,0,0.5015625,4096.0,0.25,6400000.0,0.5273919092465753
1.0,1.0,1.0,1.0,1.0,1.0,35.0,32.0,0,0.5015625,2048.0,4.0,6400000.0,0.5273919092465753
1.0,1.0,2.0,1.0,1.0,1.0,39.0,32.0,0,0.5015625,0.000976562,512.0,6400000.0,0.5273919092465753
1.0,1.0,2.0,1.0,1.0,1.0,39.0,32.0,0,0.5015625,512.0,1024.0,6400000.0,0.5273919092465753
1.0,1.0,1.0,1.0,1.0,1.0,35.0,32.0,0,0.5015625,1024.0,0.5,6400000.0,0.5273919092465753
1.0,1.0,2.0,3.0,5.0,3.0,131.0,352.0,0,0.75,0.0078125,0.125,6400000.0,0.7844231592465754
1.0,1.0,2.0,3.0,5.0,3.0,131.0,352.0,0,0.75,0.03125,0.00390625,6400000.0,0.7844231592465754
1.0,1.0,1.0,1.0,1.0,1.0,35.0,32.0,0,0.5015625,2048.0,0.00390625,6400000.0,0.5273919092465753
1.0,1.0,1.0,1.0,1.0,1.0,35.0,32.0,0,0.5015625,8192.0,0.25,6400000.0,0.5273919092465753
1.0,1.0,1.0,1.0,1.0,1.0,35.0,32.0,0,0.5015625,1024.0,512.0,6400000.0,0.5273919092465753
1.0,1.0,1.0,1.0,1.0,1.0,35.0,32.0,0,0.5015625,4096.0,32.0,6400000.0,0.5273919092465753
1.0,1.0,1.0,1.0,1.0,1.0,35.0,32.0,0,0.5015625,16384.0,0.00195312,6400000.0,0.5273919092465753
1.0,1.0,1.0,1.0,1.0,1.0,35.0,32.0,0,0.5015625,4096.0,32768.0,6400000.0,0.5273919092465753
1.0,1.0,1.0,1.0,1.0,1.0,35.0,32.0,0,0.5015625,2048.0,4096.0,6400000.0,0.5273919092465753
1.0,1.0,1.0,1.0,1.0,1.0,35.0,32.0,0,0.5015625,16384.0,2048.0,6400000.0,0.5273919092465753
1.0,1.0,1.0,1.0,1.0,1.0,35.0,32.0,0,0.5015625,4096.0,0.03125,6400000.0,0.5273919092465753
1.0,1.0,1.0,1.0,1.0,1.0,35.0,32.0,0,0.5015625,8192.0,256.0,6400000.0,0.5273919092465753
1.0,1.0,1.0,2.0,3.0,2.0,79.0,192.0,0,0.5015625,0.0,128.0,6400000.0,0.5273919092465753
1.0,1.0,1.0,1.0,1.0,1.0,35.0,32.0,0,0.5015625,16384.0,2.0,6400000.0,0.5273919092465753
1.0,1.0,1.0,2.0,3.0,2.0,79.0,192.0,0,0.5015625,0.0,0.125,6400000.0,0.5273919092465753
1.0,1.0,1.0,2.0,3.0,2.0,79.0,192.0,0,0.5015625,0.000976562,0.000976562,6400000.0,0.5273919092465753
1.0,1.0,2.0,3.0,5.0,3.0,131.0,352.0,0,0.75,32.0,1.0,6400000.0,0.7844231592465754
1.0,1.0,2.0,3.0,5.0,3.0,131.0,352.0,0,0.75,0.03125,4.0,6400000.0,0.7844231592465754
1.0,1.0,2.0,1.0,1.0,1.0,39.0,32.0,0,0.5015625,64.0,4096.0,6400000.0,0.5273919092465753
1.0,1.0,2.0,3.0,5.0,3.0,131.0,352.0,0,0.75,0.00195312,0.00390625,6400000.0,0.7844231592465754
1.0,1.0,2.0,1.0,1.0,1.0,39.0,32.0,0,0.5015625,0.25,1024.0,6400000.0,0.5273919092465753
1.0,1.0,1.0,1.0,1.0,1.0,35.0,32.0,0,0.5015625,0.000976562,1024.0,6400000.0,0.5273919092465753
1.0,1.0,2.0,1.0,1.0,1.0,39.0,32.0,0,0.5015625,4096.0,256.0,6400000.0,0.5273919092465753
1.0,1.0,1.0,1.0,1.0,1.0,35.0,32.0,0,0.5015625,0.00195312,8192.0,6400000.0,0.5273919092465753
1.0,1.0,2.0,3.0,5.0,3.0,131.0,352.0,0,0.75,128.0,0.03125,6400000.0,0.7844231592465754
1.0,1.0,2.0,1.0,1.0,1.0,39.0,32.0,0,0.5015625,1024.0,0.0078125,6400000.0,0.5273919092465753
1.0,1.0,1.0,2.0,3.0,2.0,79.0,192.0,0,0.5015625,0.00390625,0.0625,6400000.0,0.5273919092465753
1.0,1.0,1.0,2.0,3.0,2.0,79.0,192.0,0,0.5015625,0.00195312,8.0,6400000.0,0.5273919092465753
1.0,1.0,1.0,2.0,3.0,2.0,79.0,192.0,0,0.5015625,0.0078125,0.5,6400000.0,0.5273919092465753
1.0,1.0,2.0,3.0,5.0,3.0,131.0,352.0,0,0.75,0.0078125,128.0,6400000.0,0.7844231592465754
1.0,1.0,1.0,2.0,3.0,2.0,79.0,192.0,0,0.5015625,0.000976562,1.0,6400000.0,0.5273919092465753
1.0,1.0,1.0,2.0,3.0,2.0,79.0,192.0,0,0.5015625,0.00195312,0.0078125,6400000.0,0.5273919092465753
1.0,1.0,2.0,3.0,5.0,3.0,131.0,352.0,0,0.75,0.5,0.0078125,6400000.0,0.7844231592465754
1.0,1.0,2.0,3.0,5.0,3.0,131.0,352.0,0,0.75,128.0,32.0,6400000.0,0.7844231592465754
1.0,1.0,1.0,2.0,3.0,2.0,79.0,192.0,0,0.5015625,0.015625,0.00390625,6400000.0,0.5273919092465753
1.0,1.0,2.0,3.0,5.0,3.0,131.0,352.0,0,0.75,0.5,8.0,6400000.0,0.7844231592465754
1.0,1.0,2.0,1.0,1.0,1.0,39.0,32.0,0,0.5015625,0.03125,4096.0,6400000.0,0.5273919092465753
1.0,1.0,2.0,1.0,1.0,1.0,39.0,32.0,0,0.5015625,8192.0,0.00195312,6400000.0,0.5273919092465753
1.0,1.0,1.0,1.0,1.0,1.0,35.0,32.0,0,0.5015625,32768.0,0.015625,6400000.0,0.5273919092465753
1.0,1.0,1.0,1.0,1.0,1.0,35.0,32.0,0,0.5015625,0.0078125,512.0,6400000.0,0.5273919092465753
1.0,1.0,1.0,2.0,3.0,2.0,79.0,192.0,0,0.5015625,0.00390625,64.0,6400000.0,0.5273919092465753
1.0,1.0,2.0,1.0,1.0,1.0,39.0,32.0,0,0.5015625,0.5,8192.0,6400000.0,0.5273919092465753
1.0,1.0,2.0,1.0,1.0,1.0,39.0,32.0,0,0.5015625,128.0,32768.0,6400000.0,0.5273919092465753
1.0,1.0,1.0,2.0,3.0,2.0,79.0,192.0,0,0.5015625,0.0078125,0.0,6400000.0,0.5273919092465753
1.0,1.0,2.0,3.0,5.0,3.0,131.0,352.0,0,0.75,1.0,0.0625,6400000.0,0.7844231592465754
1.0,1.0,2.0,3.0,5.0,3.0,131.0,352.0,0,0.75,0.0625,0.03125,6400000.0,0.7844231592465754
1.0,1.0,1.0,2.0,3.0,2.0,79.0,192.0,0,0.5015625,0.015625,4.0,6400000.0,0.5273919092465753
1.0,1.0,1.0,1.0,1.0,1.0,35.0,32.0,0,0.5015625,0.03125,32768.0,6400000.0,0.5273919092465753
1.0,1.0,1.0,1.0,1.0,1.0,35.0,32.0,0,0.5015625,0.015625,4096.0,6400000.0,0.5273919092465753
1.0,1.0,2.0,1.0,1.0,1.0,39.0,32.0,0,0.5015625,1024.0,8.0,6400000.0,0.5273919092465753
1.0,1.0,1.0,2.0,3.0,2.0,79.0,192.0,0,0.5015625,0.03125,0.03125,6400000.0,0.5273919092465753
1.0,1.0,1.0,2.0,3.0,2.0,79.0,192.0,0,0.5015625,0.03125,32.0,6400000.0,0.5273919092465753
1.0,1.0,2.0,3.0,5.0,3.0,131.0,352.0,0,0.75,2.0,0.0,6400000.0,0.7844231592465754
1.0,1.0,2.0,3.0,5.0,3.0,131.0,352.0,0,0.75,1.0,64.0,6400000.0,0.7844231592465754
1.0,1.0,2.0,3.0,5.0,3.0,131.0,352.0,0,0.75,0.00195312,4.0,6400000.0,0.7844231592465754
1.0,1.0,2.0,3.0,5.0,3.0,131.0,352.0,0,0.75,0.0625,32.0,6400000.0,0.7844231592465754
1.0,1.0,1.0,2.0,3.0,2.0,79.0,192.0,0,0.5015625,0.0625,0.25,6400000.0,0.5273919092465753
1.0,1.0,2.0,3.0,5.0,3.0,131.0,352.0,0,0.75,0.015625,0.000976562,6400000.0,0.7844231592465754
1.0,1.0,1.0,1.0,1.0,1.0,35.0,32.0,0,0.5015625,32768.0,16.0,6400000.0,0.5273919092465753
1.0,1.0,1.0,2.0,3.0,2.0,79.0,192.0,0,0.5015625,0.0625,256.0,6400000.0,0.5273919092465753
1.0,1.0,2.0,1.0,1.0,1.0,39.0,32.0,0,0.5015625,32.0,1024.0,6400000.0,0.5273919092465753
1.0,1.0,1.0,2.0,3.0,2.0,79.0,192.0,0,0.5015625,0.125,0.00195312,6400000.0,0.5273919092465753
1.0,1.0,2.0,3.0,5.0,3.0,131.0,352.0,0,0.75,256.0,0.25,6400000.0,0.7844231592465754
1.0,1.0,1.0,1.0,1.0,1.0,35.0,32.0,0,0.5015625,32768.0,16384.0,6400000.0,0.5273919092465753
1.0,1.0,2.0,3.0,5.0,3.0,131.0,352.0,0,0.75,2.0,0.5,6400000.0,0.7844231592465754
1.0,1.0,1.0,2.0,3.0,2.0,79.0,192.0,0,0.5015625,0.25,16.0,6400000.0,0.5273919092465753
1.0,1.0,1.0,1.0,1.0,1.0,35.0,32.0,0,0.5015625,0.125,2048.0,6400000.0,0.5273919092465753
1.0,1.0,1.0,2.0,3.0,2.0,79.0,192.0,0,0.5015625,0.25,0.015625,6400000.0,0.5273919092465753
1.0,1.0,1.0,2.0,3.0,2.0,79.0,192.0,0,0.5015625,0.125,2.0,6400000.0,0.5273919092465753
1.0,1.0,2.0,1.0,1.0,1.0,39.0,32.0,0,0.5015625,2.0,512.0,6400000.0,0.5273919092465753
1.0,1.0,2.0,3.0,5.0,3.0,131.0,352.0,0,0.75,4.0,0.00390625,6400000.0,0.7844231592465754
1.0,1.0,1.0,1.0,1.0,1.0,35.0,32.0,0,0.5015625,0.25,16384.0,6400000.0,0.5273919092465753
1.0,1.0,2.0,1.0,1.0,1.0,39.0,32.0,0,0.5015625,256.0,256.0,6400000.0,0.5273919092465753
1.0,1.0,2.0,1.0,1.0,1.0,39.0,32.0,0,0.5015625,0.00195312,4096.0,6400000.0,0.5273919092465753
1.0,1.0,1.0,2.0,3.0,2.0,79.0,192.0,0,0.5015625,0.5,128.0,6400000.0,0.5273919092465753
1.0,1.0,2.0,1.0,1.0,1.0,39.0,32.0,0,0.5015625,1024.0,8192.0,6400000.0,0.5273919092465753
1.0,1.0,2.0,3.0,5.0,3.0,131.0,352.0,0,0.75,0.015625,1.0,6400000.0,0.7844231592465754
1.0,1.0,1.0,2.0,3.0,2.0,79.0,192.0,0,0.5015625,0.5,0.125,6400000.0,0.5273919092465753
1.0,1.0,2.0,3.0,5.0,3.0,131.0,352.0,0,0.75,0.0,0.125,6400000.0,0.7844231592465754
1.0,1.0,1.0,1.0,1.0,1.0,35.0,32.0,0,0.5015625,1.0,1024.0,6400000.0,0.5273919092465753
1.0,1.0,1.0,2.0,3.0,2.0,79.0,192.0,0,0.5015625,1.0,0.000976562,6400000.0,0.5273919092465753
1.0,1.0,2.0,1.0,1.0,1.0,39.0,32.0,0,0.5015625,512.0,0.00195312,6400000.0,0.5273919092465753
1.0,1.0,2.0,3.0,5.0,3.0,131.0,352.0,0,0.75,4.0,4.0,6400000.0,0.7844231592465754
1.0,1.0,1.0,2.0,3.0,2.0,79.0,192.0,0,0.5015625,1.0,1.0,6400000.0,0.5273919092465753
1.0,1.0,2.0,1.0,1.0,1.0,39.0,32.0,0,0.5015625,0.0625,32768.0,6400000.0,0.5273919092465753
1.0,1.0,2.0,3.0,5.0,3.0,131.0,352.0,0,0.75,8.0,0.03125,6400000.0,0.7844231592465754
1.0,1.0,1.0,2.0,3.0,2.0,79.0,192.0,0,0.5015625,2.0,8.0,6400000.0,0.5273919092465753
1.0,1.0,1.0,2.0,3.0,2.0,79.0,192.0,0,0.5015625,4.0,64.0,6400000.0,0.5273919092465753
1.0,1.0,2.0,3.0,5.0,3.0,131.0,352.0,0,0.75,0.0,128.0,6400000.0,0.7844231592465754
1.0,1.0,2.0,1.0,1.0,1.0,39.0,32.0,0,0.5015625,8192.0,2.0,6400000.0,0.5273919092465753
1.0,1.0,2.0,3.0,5.0,3.0,131.0,352.0,0,0.75,0.00390625,0.03125,6400000.0,0.7844231592465754
1.0,1.0,2.0,3.0,5.0,3.0,131.0,352.0,0,0.75,8.0,32.0,6400000.0,0.7844231592465754
1.0,1.0,1.0,2.0,3.0,2.0,79.0,192.0,0,0.5015625,4.0,0.0625,6400000.0,0.5273919092465753
1.0,1.0,2.0,1.0,1.0,1.0,39.0,32.0,0,0.5015625,512.0,2.0,6400000.0,0.5273919092465753
1.0,1.0,2.0,1.0,1.0,1.0,39.0,32.0,0,0.5015625,4.0,4096.0,6400000.0,0.5273919092465753
1.0,1.0,2.0,1.0,1.0,1.0,39.0,32.0,0,0.5015625,0.015625,1024.0,6400000.0,0.5273919092465753
1.0,1.0,2.0,3.0,5.0,3.0,131.0,352.0,0,0.75,0.00390625,32.0,6400000.0,0.7844231592465754
1.0,1.0,1.0,2.0,3.0,2.0,79.0,192.0,0,0.5015625,2.0,0.0078125,6400000.0,0.5273919092465753
1.0,1.0,2.0,1.0,1.0,1.0,39.0,32.0,0,0.5015625,8.0,32768.0,6400000.0,0.5273919092465753
1.0,1.0,2.0,3.0,5.0,3.0,131.0,352.0,0,0.75,64.0,0.0078125,6400000.0,0.7844231592465754
1.0,1.0,2.0,3.0,5.0,3.0,131.0,352.0,0,0.75,0.125,0.25,6400000.0,0.7844231592465754
1.0,1.0,2.0,1.0,1.0,1.0,39.0,32.0,0,0.5015625,2048.0,0.0625,6400000.0,0.5273919092465753
1.0,1.0,1.0,1.0,1.0,1.0,35.0,32.0,0,0.5015625,2.0,8192.0,6400000.0,0.5273919092465753
1.0,1.0,2.0,3.0,5.0,3.0,131.0,352.0,0,0.75,0.125,256.0,6400000.0,0.7844231592465754
1.0,1.0,1.0,1.0,1.0,1.0,35.0,32.0,0,0.5015625,8.0,512.0,6400000.0,0.5273919092465753
1.0,1.0,1.0,2.0,3.0,2.0,79.0,192.0,0,0.5015625,8.0,0.0,6400000.0,0.5273919092465753
1.0,1.0,1.0,2.0,3.0,2.0,79.0,192.0,0,0.5015625,8.0,0.5,6400000.0,0.5273919092465753
1.0,1.0,1.0,2.0,3.0,2.0,79.0,192.0,0,0.5015625,16.0,4.0,6400000.0,0.5273919092465753
1.0,1.0,1.0,1.0,1.0,1.0,35.0,32.0,0,0.5015625,16.0,4096.0,6400000.0,0.5273919092465753
1.0,1.0,1.0,2.0,3.0,2.0,79.0,192.0,0,0.5015625,16.0,0.00390625,6400000.0,0.5273919092465753
1.0,1.0,1.0,2.0,3.0,2.0,79.0,192.0,0,0.5015625,32.0,0.03125,6400000.0,0.5273919092465753
1.0,1.0,1.0,2.0,3.0,2.0,79.0,192.0,0,0.5015625,32.0,32.0,6400000.0,0.5273919092465753
1.0,1.0,1.0,2.0,3.0,2.0,79.0,192.0,0,0.5015625,64.0,0.25,6400000.0,0.5273919092465753
1.0,1.0,2.0,3.0,5.0,3.0,131.0,352.0,0,0.75,0.25,0.00195312,6400000.0,0.7844231592465754
1.0,1.0,2.0,3.0,5.0,3.0,131.0,352.0,0,0.75,16.0,0.25,6400000.0,0.7844231592465754
1.0,1.0,2.0,3.0,5.0,3.0,131.0,352.0,0,0.75,0.25,2.0,6400000.0,0.7844231592465754
1.0,1.0,2.0,3.0,5.0,3.0,131.0,352.0,0,0.75,64.0,8.0,6400000.0,0.7844231592465754
1.0,1.0,1.0,1.0,1.0,1.0,35.0,32.0,0,0.5015625,32.0,32768.0,6400000.0,0.5273919092465753
1.0,1.0,1.0,2.0,3.0,2.0,79.0,192.0,0,0.5015625,128.0,0.00195312,6400000.0,0.5273919092465753
1.0,1.0,1.0,1.0,1.0,1.0,35.0,32.0,0,0.5015625,128.0,2048.0,6400000.0,0.5273919092465753
1.0,1.0,1.0,2.0,3.0,2.0,79.0,192.0,0,0.5015625,64.0,256.0,6400000.0,0.5273919092465753
1.0,1.0,1.0,2.0,3.0,2.0,79.0,192.0,0,0.5015625,256.0,16.0,6400000.0,0.5273919092465753
1.0,1.0,2.0,3.0,5.0,3.0,131.0,352.0,0,0.75,16.0,256.0,6400000.0,0.7844231592465754
1.0,1.0,1.0,2.0,3.0,2.0,79.0,192.0,0,0.5015625,128.0,2.0,6400000.0,0.5273919092465753
1.0,1.0,2.0,3.0,5.0,3.0,131.0,352.0,0,0.75,0.000976562,1.0,6400000.0,0.7844231592465754
1.0,1.0,2.0,1.0,1.0,1.0,39.0,32.0,0,0.5015625,8192.0,2048.0,6400000.0,0.5273919092465753
1.0,1.0,1.0,1.0,1.0,1.0,35.0,32.0,0,0.5015625,512.0,128.0,6400000.0,0.5273919092465753
1.0,1.0,1.0,2.0,3.0,2.0,79.0,192.0,0,0.5015625,256.0,0.015625,6400000.0,0.5273919092465753
1.0,1.0,1.0,1.0,1.0,1.0,35.0,32.0,0,0.5015625,256.0,16384.0,6400000.0,0.5273919092465753
1.0,1.0,1.0,1.0,1.0,1.0,35.0,32.0,0,0.5015625,1024.0,0.000976562,6400000.0,0.5273919092465753
1.0,1.0,2.0,3.0,5.0,3.0,131.0,352.0,0,0.75,0.000976562,0.000976562,6400000.0,0.7844231592465754
1.0,1.0,2.0,1.0,1.0,1.0,39.0,32.0,0,0.5015625,4096.0,0.0,6400000.0,0.5273919092465753
1.0,1.0,2.0,1.0,1.0,1.0,39.0,32.0,0,0.5015625,2048.0,64.0,6400000.0,0.5273919092465753
1.0,1.0,2.0,3.0,5.0,3.0,131.0,352.0,0,0.75,32.0,0.00195312,6400000.0,0.7844231592465754
1.0,1.0,1.0,1.0,1.0,1.0,35.0,32.0,0,0.5015625,512.0,0.125,6400000.0,0.5273919092465753
1.0,1.0,2.0,1.0,1.0,1.0,39.0,32.0,0,0.5015625,0.00390625,32768.0,6400000.0,0.5273919092465753
1.0,1.0,2.0,1.0,1.0,1.0,39.0,32.0,0,0.5015625,16384.0,0.015625,6400000.0,0.5273919092465753
1.0,1.0,1.0,1.0,1.0,1.0,35.0,32.0,0,0.5015625,2048.0,8.0,6400000.0,0.5273919092465753
1.0,1.0,2.0,3.0,5.0,3.0,131.0,352.0,0,0.75,0.0078125,0.25,6400000.0,0.7844231592465754
1.0,1.0,2.0,1.0,1.0,1.0,39.0,32.0,0,0.5015625,512.0,2048.0,6400000.0,0.5273919092465753
1.0,1.0,2.0,1.0,1.0,1.0,39.0,32.0,0,0.5015625,0.000976562,1024.0,6400000.0,0.5273919092465753
1.0,1.0,2.0,1.0,1.0,1.0,39.0,32.0,0,0.5015625,4096.0,0.5,6400000.0,0.5273919092465753
1.0,1.0,2.0,3.0,5.0,3.0,131.0,352.0,0,0.75,0.03125,0.0078125,6400000.0,0.7844231592465754
1.0,1.0,1.0,1.0,1.0,1.0,35.0,32.0,0,0.5015625,2048.0,0.0078125,6400000.0,0.5273919092465753
1.0,1.0,1.0,1.0,1.0,1.0,35.0,32.0,0,0.5015625,1024.0,1.0,6400000.0,0.5273919092465753
1.0,1.0,1.0,1.0,1.0,1.0,35.0,32.0,0,0.5015625,8192.0,0.5,6400000.0,0.5273919092465753
1.0,1.0,1.0,1.0,1.0,1.0,35.0,32.0,0,0.5015625,1024.0,1024.0,6400000.0,0.5273919092465753
1.0,1.0,1.0,1.0,1.0,1.0,35.0,32.0,0,0.5015625,16384.0,0.00390625,6400000.0,0.5273919092465753
1.0,1.0,1.0,1.0,1.0,1.0,35.0,32.0,0,0.5015625,8192.0,0.0,6400000.0,0.5273919092465753
1.0,1.0,1.0,1.0,1.0,1.0,35.0,32.0,0,0.5015625,2048.0,8192.0,6400000.0,0.5273919092465753
1.0,1.0,1.0,1.0,1.0,1.0,35.0,32.0,0,0.5015625,4096.0,64.0,6400000.0,0.5273919092465753
1.0,1.0,1.0,1.0,1.0,1.0,35.0,32.0,0,0.5015625,16384.0,4096.0,6400000.0,0.5273919092465753
1.0,1.0,1.0,1.0,1.0,1.0,35.0,32.0,0,0.5015625,8192.0,512.0,6400000.0,0.5273919092465753
1.0,1.0,1.0,1.0,1.0,1.0,35.0,32.0,0,0.5015625,4096.0,0.0625,6400000.0,0.5273919092465753
1.0,1.0,1.0,1.0,1.0,1.0,35.0,32.0,0,0.5015625,16384.0,4.0,6400000.0,0.5273919092465753
1.0,1.0,2.0,1.0,1.0,1.0,39.0,32.0,0,0.5015625,16384.0,16384.0,6400000.0,0.5273919092465753
1.0,1.0,2.0,1.0,1.0,1.0,39.0,32.0,0,0.5015625,16384.0,16.0,6400000.0,0.5273919092465753
1.0,1.0,2.0,1.0,1.0,1.0,39.0,32.0,0,0.5015625,32768.0,128.0,6400000.0,0.5273919092465753
1.0,1.0,2.0,1.0,1.0,1.0,39.0,32.0,0,0.5015625,32768.0,0.125,6400000.0,0.5273919092465753
1.0,1.0,2.0,3.0,5.0,3.0,131.0,352.0,0,0.75,0.03125,8.0,6400000.0,0.7844231592465754
1.0,1.0,2.0,3.0,5.0,3.0,131.0,352.0,0,0.75,32.0,2.0,6400000.0,0.7844231592465754
1.0,1.0,2.0,1.0,1.0,1.0,39.0,32.0,0,0.5015625,64.0,8192.0,6400000.0,0.5273919092465753
1.0,1.0,2.0,3.0,5.0,3.0,131.0,352.0,0,0.75,0.00195312,0.0078125,6400000.0,0.7844231592465754
1.0,1.0,4.0,8.0,13.0,8.0,369.0,1152.0,0,0.940625,0.0,0.000976562,6400000.0,0.9315313111545986
1.0,1.0,2.0,1.0,1.0,1.0,39.0,32.0,0,0.5015625,0.25,2048.0,6400000.0,0.5273919092465753
1.0,1.0,2.0,1.0,1.0,1.0,39.0,32.0,0,0.5015625,4096.0,512.0,6400000.0,0.5273919092465753
1.0,1.0,4.0,8.0,13.0,8.0,369.0,1152.0,0,0.940625,0.0,1.0,6400000.0,0.9315313111545986
1.0,1.0,2.0,3.0,5.0,3.0,131.0,352.0,0,0.75,128.0,0.0625,6400000.0,0.7844231592465754
1.0,1.0,4.0,1.0,1.0,1.0,63.0,32.0,0,0.5015625,0.0,1024.0,6400000.0,0.5273919092465753
1.0,1.0,4.0,8.0,13.0,8.0,369.0,1152.0,0,0.940625,0.000976562,0.0078125,6400000.0,0.9315313111545986
1.0,1.0,4.0,6.0,11.0,8.0,347.0,1152.0,0,0.940625,0.000976562,8.0,6400000.0,0.9409246575342465
1.0,1.0,2.0,3.0,5.0,3.0,131.0,352.0,0,0.75,0.0078125,256.0,6400000.0,0.7844231592465754
1.0,1.0,4.0,8.0,13.0,8.0,369.0,1152.0,0,0.940625,0.00195312,0.0625,6400000.0,0.9315313111545986
1.0,1.0,2.0,1.0,1.0,1.0,39.0,32.0,0,0.5015625,1024.0,0.015625,6400000.0,0.5273919092465753
1.0,1.0,2.0,3.0,5.0,3.0,131.0,352.0,0,0.75,0.5,0.015625,6400000.0,0.7844231592465754
1.0,1.0,2.0,3.0,5.0,3.0,131.0,352.0,0,0.75,0.5,16.0,6400000.0,0.7844231592465754
1.0,1.0,4.0,1.0,1.0,1.0,63.0,32.0,0,0.5015625,0.000976562,8192.0,6400000.0,0.5273919092465753
1.0,1.0,4.0,5.0,9.0,5.0,286.0,672.0,0,0.940625,0.00195312,64.0,6400000.0,0.9409246575342465
1.0,1.0,2.0,3.0,5.0,3.0,131.0,352.0,0,0.75,128.0,64.0,6400000.0,0.7844231592465754
1.0,1.0,2.0,1.0,1.0,1.0,39.0,32.0,0,0.5015625,8192.0,0.00390625,6400000.0,0.5273919092465753
1.0,1.0,2.0,1.0,1.0,1.0,39.0,32.0,0,0.5015625,0.03125,8192.0,6400000.0,0.5273919092465753
1.0,1.0,2.0,3.0,5.0,3.0,131.0,352.0,0,0.75,256.0,0.0,6400000.0,0.7844231592465754
1.0,1.0,1.0,1.0,1.0,1.0,35.0,32.0,0,0.5015625,32768.0,0.03125,6400000.0,0.5273919092465753
1.0,1.0,4.0,8.0,13.0,8.0,369.0,1152.0,0,0.940625,0.00390625,0.0,6400000.0,0.9315313111545986
1.0,1.0,4.0,8.0,13.0,8.0,369.0,1152.0,0,0.940625,0.00390625,0.5,6400000.0,0.9315313111545986
1.0,1.0,2.0,1.0,1.0,1.0,39.0,32.0,0,0.5015625,0.5,16384.0,6400000.0,0.5273919092465753
1.0,1.0,4.0,1.0,1.0,1.0,63.0,32.0,0,0.5015625,0.00390625,512.0,6400000.0,0.5273919092465753
1.0,1.0,2.0,3.0,5.0,3.0,131.0,352.0,0,0.75,1.0,0.125,6400000.0,0.7844231592465754
1.0,1.0,2.0,3.0,5.0,3.0,131.0,352.0,0,0.75,0.0625,0.0625,6400000.0,0.7844231592465754
1.0,1.0,4.0,8.0,13.0,8.0,369.0,1152.0,0,0.940625,0.0078125,0.00390625,6400000.0,0.9315313111545986
1.0,1.0,4.0,8.0,13.0,8.0,369.0,1152.0,0,0.940625,0.015625,0.03125,6400000.0,0.9315313111545986
1.0,1.0,4.0,7.0,12.0,8.0,358.0,1152.0,0,0.940625,0.0078125,4.0,6400000.0,0.9315313111545986
1.0,1.0,4.0,1.0,1.0,1.0,63.0,32.0,0,0.5015625,0.0078125,4096.0,6400000.0,0.5273919092465753
1.0,1.0,2.0,3.0,5.0,3.0,131.0,352.0,0,0.75,2.0,0.000976562,6400000.0,0.7844231592465754
1.0,1.0,2.0,1.0,1.0,1.0,39.0,32.0,0,0.5015625,1024.0,16.0,6400000.0,0.5273919092465753
1.0,1.0,2.0,3.0,5.0,3.0,131.0,352.0,0,0.75,0.00195312,8.0,6400000.0,0.7844231592465754
1.0,1.0,2.0,3.0,5.0,3.0,131.0,352.0,0,0.75,1.0,128.0,6400000.0,0.7844231592465754
1.0,1.0,4.0,5.0,9.0,5.0,286.0,672.0,0,0.940625,0.015625,32.0,6400000.0,0.9409246575342465
1.0,1.0,2.0,3.0,5.0,3.0,131.0,352.0,0,0.75,0.0625,64.0,6400000.0,0.7844231592465754
1.0,1.0,4.0,1.0,1.0,1.0,63.0,32.0,0,0.5015625,0.015625,32768.0,6400000.0,0.5273919092465753
1.0,1.0,2.0,3.0,5.0,3.0,131.0,352.0,0,0.75,0.015625,0.00195312,6400000.0,0.7844231592465754
1.0,1.0,4.0,5.0,9.0,5.0,286.0,672.0,0,0.940625,0.03125,256.0,6400000.0,0.9033657962328766
1.0,1.0,4.0,8.0,13.0,8.0,369.0,1152.0,0,0.940625,0.03125,0.25,6400000.0,0.9315313111545986
1.0,1.0,1.0,1.0,1.0,1.0,35.0,32.0,0,0.5015625,32768.0,32.0,6400000.0,0.5273919092465753
1.0,1.0,2.0,1.0,1.0,1.0,39.0,32.0,0,0.5015625,32.0,2048.0,6400000.0,0.5273919092465753
1.0,1.0,4.0,8.0,13.0,8.0,369.0,1152.0,0,0.940625,0.0625,0.00195312,6400000.0,0.9315313111545986
1.0,1.0,1.0,1.0,1.0,1.0,35.0,32.0,0,0.5015625,32768.0,32768.0,6400000.0,0.5273919092465753
1.0,1.0,4.0,7.0,12.0,8.0,358.0,1152.0,0,0.940625,0.0625,2.0,6400000.0,0.9315313111545986
1.0,1.0,2.0,3.0,5.0,3.0,131.0,352.0,0,0.75,256.0,0.5,6400000.0,0.7844231592465754
1.0,1.0,4.0,1.0,1.0,1.0,63.0,32.0,0,0.5015625,0.0625,2048.0,6400000.0,0.5273919092465753
1.0,1.0,2.0,3.0,5.0,3.0,131.0,352.0,0,0.75,2.0,1.0,6400000.0,0.7844231592465754
1.0,1.0,4.0,5.0,9.0,5.0,286.0,672.0,0,0.940625,0.125,16.0,6400000.0,0.9409246575342465
1.0,1.0,4.0,8.0,13.0,8.0,369.0,1152.0,0,0.940625,0.125,0.015625,6400000.0,0.9315313111545986
1.0,1.0,2.0,1.0,1.0,1.0,39.0,32.0,0,0.5015625,2.0,1024.0,6400000.0,0.5273919092465753
1.0,1.0,2.0,3.0,5.0,3.0,131.0,352.0,0,0.75,4.0,0.0078125,6400000.0,0.7844231592465754
1.0,1.0,4.0,1.0,1.0,1.0,63.0,32.0,0,0.5015625,0.125,16384.0,6400000.0,0.5273919092465753
1.0,1.0,2.0,1.0,1.0,1.0,39.0,32.0,0,0.5015625,256.0,512.0,6400000.0,0.5273919092465753
1.0,1.0,2.0,1.0,1.0,1.0,39.0,32.0,0,0.5015625,0.00195312,8192.0,6400000.0,0.5273919092465753
1.0,1.0,4.0,8.0,13.0,8.0,369.0,1152.0,0,0.940625,0.25,0.125,6400000.0,0.9315313111545986
1.0,1.0,4.0,5.0,9.0,5.0,286.0,672.0,0,0.940625,0.25,128.0,6400000.0,0.9409246575342465
1.0,1.0,4.0,8.0,13.0,8.0,369.0,1152.0,0,0.940625,0.5,0.000976562,6400000.0,0.9315313111545986
1.0,1.0,2.0,1.0,1.0,1.0,39.0,32.0,0,0.5015625,1024.0,16384.0,6400000.0,0.5273919092465753
1.0,1.0,2.0,3.0,5.0,3.0,131.0,352.0,0,0.75,0.015625,2.0,6400000.0,0.7844231592465754
1.0,1.0,4.0,7.0,12.0,8.0,358.0,1152.0,0,0.940625,0.5,1.0,6400000.0,0.9315313111545986
1.0,1.0,2.0,3.0,5.0,3.0,131.0,352.0,0,0.75,0.0,0.25,6400000.0,0.7844231592465754
1.0,1.0,2.0,1.0,1.0,1.0,39.0,32.0,0,0.5015625,512.0,0.00390625,6400000.0,0.5273919092465753
1.0,1.0,2.0,3.0,5.0,3.0,131.0,352.0,0,0.75,0.125,0.0,6400000.0,0.7844231592465754
1.0,1.0,4.0,1.0,1.0,1.0,63.0,32.0,0,0.5015625,0.5,1024.0,6400000.0,0.5273919092465753
1.0,1.0,4.0,8.0,13.0,8.0,369.0,1152.0,0,0.940625,1.0,0.0078125,6400000.0,0.9315313111545986
1.0,1.0,2.0,3.0,5.0,3.0,131.0,352.0,0,0.75,4.0,8.0,6400000.0,0.7844231592465754
1.0,1.0,2.0,3.0,5.0,3.0,131.0,352.0,0,0.75,8.0,0.0625,6400000.0,0.7844231592465754
1.0,1.0,2.0,3.0,5.0,3.0,131.0,352.0,0,0.75,0.0,256.0,6400000.0,0.7844231592465754
1.0,1.0,4.0,1.0,1.0,1.0,63.0,32.0,0,0.5015625,1.0,8192.0,6400000.0,0.5273919092465753
1.0,1.0,4.0,6.0,11.0,8.0,347.0,1152.0,0,0.940625,1.0,8.0,6400000.0,0.9409246575342465
1.0,1.0,2.0,1.0,1.0,1.0,39.0,32.0,0,0.5015625,8192.0,4.0,6400000.0,0.5273919092465753
1.0,1.0,2.0,3.0,5.0,3.0,131.0,352.0,0,0.75,0.00390625,0.0625,6400000.0,0.7844231592465754
1.0,1.0,2.0,3.0,5.0,3.0,131.0,352.0,0,0.75,8.0,64.0,6400000.0,0.7844231592465754
1.0,1.0,2.0,1.0,1.0,1.0,39.0,32.0,0,0.5015625,0.015625,2048.0,6400000.0,0.5273919092465753
1.0,1.0,2.0,1.0,1.0,1.0,39.0,32.0,0,0.5015625,512.0,4.0,6400000.0,0.5273919092465753
1.0,1.0,2.0,1.0,1.0,1.0,39.0,32.0,0,0.5015625,4.0,8192.0,6400000.0,0.5273919092465753
1.0,1.0,4.0,5.0,9.0,5.0,286.0,672.0,0,0.940625,2.0,64.0,6400000.0,0.9409246575342465
1.0,1.0,2.0,3.0,5.0,3.0,131.0,352.0,0,0.75,0.00390625,64.0,6400000.0,0.7844231592465754
1.0,1.0,2.0,3.0,5.0,3.0,131.0,352.0,0,0.75,0.125,0.5,6400000.0,0.7844231592465754
1.0,1.0,4.0,7.0,12.0,8.0,358.0,1152.0,0,0.940625,2.0,0.0625,6400000.0,0.9315313111545986
1.0,1.0,2.0,3.0,5.0,3.0,131.0,352.0,0,0.75,16.0,0.0,6400000.0,0.7844231592465754
1.0,1.0,2.0,3.0,5.0,3.0,131.0,352.0,0,0.75,64.0,0.015625,6400000.0,0.7844231592465754
1.0,1.0,4.0,7.0,12.0,8.0,358.0,1152.0,0,0.940625,4.0,0.0,6400000.0,0.9315313111545986
1.0,1.0,2.0,1.0,1.0,1.0,39.0,32.0,0,0.5015625,2048.0,0.125,6400000.0,0.5273919092465753
1.0,1.0,2.0,1.0,1.0,1.0,39.0,32.0,0,0.5015625,0.125,512.0,6400000.0,0.5273919092465753
1.0,1.0,4.0,7.0,12.0,8.0,358.0,1152.0,0,0.940625,4.0,0.5,6400000.0,0.9315313111545986
1.0,1.0,4.0,6.0,11.0,8.0,347.0,1152.0,0,0.940625,8.0,0.00390625,6400000.0,0.9409246575342465
1.0,1.0,4.0,1.0,1.0,1.0,63.0,32.0,0,0.5015625,4.0,512.0,6400000.0,0.5273919092465753
1.0,1.0,4.0,5.0,9.0,5.0,286.0,672.0,0,0.940625,8.0,4.0,6400000.0,0.9409246575342465
1.0,1.0,4.0,1.0,1.0,1.0,63.0,32.0,0,0.5015625,8.0,4096.0,6400000.0,0.5273919092465753
1.0,1.0,4.0,5.0,9.0,5.0,286.0,672.0,0,0.940625,16.0,0.03125,6400000.0,0.9409246575342465
1.0,1.0,4.0,5.0,9.0,5.0,286.0,672.0,0,0.940625,16.0,32.0,6400000.0,0.9409246575342465
1.0,1.0,4.0,1.0,1.0,1.0,63.0,32.0,0,0.5015625,16.0,32768.0,6400000.0,0.5273919092465753
1.0,1.0,2.0,3.0,5.0,3.0,131.0,352.0,0,0.75,0.25,0.00390625,6400000.0,0.7844231592465754
1.0,1.0,4.0,5.0,9.0,5.0,286.0,672.0,0,0.940625,32.0,0.25,6400000.0,0.9409246575342465
1.0,1.0,2.0,3.0,5.0,3.0,131.0,352.0,0,0.75,16.0,0.5,6400000.0,0.7844231592465754
1.0,1.0,2.0,3.0,5.0,3.0,131.0,352.0,0,0.75,0.25,4.0,6400000.0,0.7844231592465754
1.0,1.0,2.0,1.0,1.0,1.0,39.0,32.0,0,0.5015625,16.0,512.0,6400000.0,0.5273919092465753
1.0,1.0,4.0,4.0,7.0,4.0,226.0,512.0,0,0.9078125,32.0,256.0,6400000.0,0.9033657962328766
1.0,1.0,4.0,5.0,9.0,5.0,286.0,672.0,0,0.940625,64.0,0.00195312,6400000.0,0.9409246575342465
1.0,1.0,4.0,1.0,1.0,1.0,63.0,32.0,0,0.5015625,64.0,2048.0,6400000.0,0.5273919092465753
1.0,1.0,4.0,5.0,9.0,5.0,286.0,672.0,0,0.940625,64.0,2.0,6400000.0,0.9409246575342465
1.0,1.0,2.0,3.0,5.0,3.0,131.0,352.0,0,0.75,64.0,16.0,6400000.0,0.7844231592465754
1.0,1.0,4.0,5.0,9.0,5.0,286.0,672.0,0,0.940625,128.0,16.0,6400000.0,0.9409246575342465
1.0,1.0,2.0,1.0,1.0,1.0,39.0,32.0,0,0.5015625,8192.0,4096.0,6400000.0,0.5273919092465753
1.0,1.0,4.0,1.0,1.0,1.0,63.0,32.0,0,0.5015625,128.0,16384.0,6400000.0,0.5273919092465753
1.0,1.0,4.0,5.0,9.0,5.0,286.0,672.0,0,0.940625,256.0,0.125,6400000.0,0.9033657962328766
1.0,1.0,2.0,3.0,5.0,3.0,131.0,352.0,0,0.75,0.000976562,2.0,6400000.0,0.7844231592465754
1.0,1.0,4.0,5.0,9.0,5.0,286.0,672.0,0,0.940625,128.0,0.015625,6400000.0,0.9409246575342465
1.0,1.0,2.0,3.0,5.0,3.0,131.0,352.0,0,0.75,0.000976562,0.00195312,6400000.0,0.7844231592465754
1.0,1.0,2.0,1.0,1.0,1.0,39.0,32.0,0,0.5015625,4096.0,0.000976562,6400000.0,0.5273919092465753
1.0,1.0,4.0,4.0,7.0,4.0,226.0,512.0,0,0.9078125,256.0,128.0,6400000.0,0.9033657962328766
1.0,1.0,2.0,1.0,1.0,1.0,39.0,32.0,0,0.5015625,2048.0,128.0,6400000.0,0.5273919092465753
1.0,1.0,4.0,1.0,1.0,1.0,63.0,32.0,0,0.5015625,512.0,0.000976562,6400000.0,0.5273919092465753
1.0,1.0,2.0,3.0,5.0,3.0,131.0,352.0,0,0.75,0.0078125,0.0,6400000.0,0.7844231592465754
1.0,1.0,2.0,3.0,5.0,3.0,131.0,352.0,0,0.75,32.0,0.00390625,6400000.0,0.7844231592465754
1.0,1.0,4.0,1.0,1.0,1.0,63.0,32.0,0,0.5015625,512.0,1.0,6400000.0,0.5273919092465753
1.0,1.0,2.0,1.0,1.0,1.0,39.0,32.0,0,0.5015625,512.0,4096.0,6400000.0,0.5273919092465753
1.0,1.0,2.0,1.0,1.0,1.0,39.0,32.0,0,0.5015625,16384.0,0.03125,6400000.0,0.5273919092465753
1.0,1.0,4.0,1.0,1.0,1.0,63.0,32.0,0,0.5015625,1024.0,0.0078125,6400000.0,0.5273919092465753
1.0,1.0,2.0,1.0,1.0,1.0,39.0,32.0,0,0.5015625,0.000976562,2048.0,6400000.0,0.5273919092465753
1.0,1.0,4.0,1.0,1.0,1.0,63.0,32.0,0,0.5015625,512.0,1024.0,6400000.0,0.5273919092465753
1.0,1.0,2.0,3.0,5.0,3.0,131.0,352.0,0,0.75,0.03125,0.015625,6400000.0,0.7844231592465754
1.0,1.0,4.0,1.0,1.0,1.0,63.0,32.0,0,0.5015625,2048.0,0.0625,6400000.0,0.5273919092465753
1.0,1.0,2.0,1.0,1.0,1.0,39.0,32.0,0,0.5015625,4096.0,1.0,6400000.0,0.5273919092465753
1.0,1.0,2.0,3.0,5.0,3.0,131.0,352.0,0,0.75,0.0078125,0.5,6400000.0,0.7844231592465754
1.0,1.0,4.0,1.0,1.0,1.0,63.0,32.0,0,0.5015625,1024.0,8192.0,6400000.0,0.5273919092465753
1.0,1.0,4.0,1.0,1.0,1.0,63.0,32.0,0,0.5015625,1024.0,8.0,6400000.0,0.5273919092465753
1.0,1.0,4.0,1.0,1.0,1.0,63.0,32.0,0,0.5015625,2048.0,64.0,6400000.0,0.5273919092465753
1.0,1.0,4.0,1.0,1.0,1.0,63.0,32.0,0,0.5015625,4096.0,0.5,6400000.0,0.5273919092465753
1.0,1.0,4.0,1.0,1.0,1.0,63.0,32.0,0,0.5015625,4096.0,512.0,6400000.0,0.5273919092465753
1.0,1.0,4.0,1.0,1.0,1.0,63.0,32.0,0,0.5015625,4096.0,0.0,6400000.0,0.5273919092465753
1.0,1.0,4.0,1.0,1.0,1.0,63.0,32.0,0,0.5015625,16384.0,0.03125,6400000.0,0.5273919092465753
1.0,1.0,4.0,1.0,1.0,1.0,63.0,32.0,0,0.5015625,8192.0,0.00390625,6400000.0,0.5273919092465753
1.0,1.0,4.0,1.0,1.0,1.0,63.0,32.0,0,0.5015625,16384.0,32.0,6400000.0,0.5273919092465753
1.0,1.0,4.0,1.0,1.0,1.0,63.0,32.0,0,0.5015625,8192.0,4096.0,6400000.0,0.5273919092465753
1.0,1.0,4.0,1.0,1.0,1.0,63.0,32.0,0,0.5015625,8192.0,4.0,6400000.0,0.5273919092465753
1.0,1.0,2.0,1.0,1.0,1.0,39.0,32.0,0,0.5015625,16384.0,32768.0,6400000.0,0.5273919092465753
1.0,1.0,2.0,1.0,1.0,1.0,39.0,32.0,0,0.5015625,16384.0,32.0,6400000.0,0.5273919092465753
1.0,1.0,2.0,1.0,1.0,1.0,39.0,32.0,0,0.5015625,32768.0,0.25,6400000.0,0.5273919092465753
1.0,1.0,2.0,3.0,5.0,3.0,131.0,352.0,0,0.75,0.03125,16.0,6400000.0,0.7844231592465754
1.0,1.0,2.0,1.0,1.0,1.0,39.0,32.0,0,0.5015625,32768.0,256.0,6400000.0,0.5273919092465753
1.0,1.0,2.0,3.0,5.0,3.0,131.0,352.0,0,0.75,32.0,4.0,6400000.0,0.7844231592465754
1.0,1.0,2.0,1.0,1.0,1.0,39.0,32.0,0,0.5015625,0.25,4096.0,6400000.0,0.5273919092465753
1.0,1.0,2.0,1.0,1.0,1.0,39.0,32.0,0,0.5015625,64.0,16384.0,6400000.0,0.5273919092465753
1.0,1.0,4.0,8.0,13.0,8.0,369.0,1152.0,0,0.940625,0.0,0.00195312,6400000.0,0.9315313111545986
1.0,1.0,2.0,1.0,1.0,1.0,39.0,32.0,0,0.5015625,4096.0,1024.0,6400000.0,0.5273919092465753
1.0,1.0,2.0,3.0,5.0,3.0,131.0,352.0,0,0.75,0.00195312,0.015625,6400000.0,0.7844231592465754
1.0,1.0,4.0,7.0,12.0,8.0,358.0,1152.0,0,0.940625,0.0,2.0,6400000.0,0.9315313111545986
1.0,1.0,4.0,1.0,1.0,1.0,63.0,32.0,0,0.5015625,0.0,2048.0,6400000.0,0.5273919092465753
1.0,1.0,2.0,3.0,5.0,3.0,131.0,352.0,0,0.75,128.0,0.125,6400000.0,0.7844231592465754
1.0,1.0,2.0,1.0,1.0,1.0,39.0,32.0,0,0.5015625,0.0078125,512.0,6400000.0,0.5273919092465753
1.0,1.0,4.0,8.0,13.0,8.0,369.0,1152.0,0,0.940625,0.000976562,0.015625,6400000.0,0.9315313111545986
1.0,1.0,2.0,1.0,1.0,1.0,39.0,32.0,0,0.5015625,1024.0,0.03125,6400000.0,0.5273919092465753
1.0,1.0,4.0,8.0,13.0,8.0,369.0,1152.0,0,0.940625,0.00195312,0.125,6400000.0,0.9315313111545986
1.0,1.0,4.0,5.0,9.0,5.0,286.0,672.0,0,0.940625,0.000976562,16.0,6400000.0,0.9409246575342465
1.0,1.0,2.0,3.0,5.0,3.0,131.0,352.0,0,0.75,0.5,32.0,6400000.0,0.7844231592465754
1.0,1.0,2.0,3.0,5.0,3.0,131.0,352.0,0,0.75,0.5,0.03125,6400000.0,0.7844231592465754
1.0,1.0,4.0,1.0,1.0,1.0,63.0,32.0,0,0.5015625,0.000976562,16384.0,6400000.0,0.5273919092465753
1.0,1.0,2.0,3.0,5.0,3.0,131.0,352.0,0,0.75,128.0,128.0,6400000.0,0.7844231592465754
1.0,1.0,4.0,5.0,9.0,5.0,286.0,672.0,0,0.940625,0.00195312,128.0,6400000.0,0.9409246575342465
1.0,1.0,2.0,1.0,1.0,1.0,39.0,32.0,0,0.5015625,0.03125,16384.0,6400000.0,0.5273919092465753
1.0,1.0,4.0,1.0,1.0,1.0,63.0,32.0,0,0.5015625,16384.0,32768.0,6400000.0,0.5273919092465753
1.0,1.0,2.0,1.0,1.0,1.0,39.0,32.0,0,0.5015625,8192.0,0.0078125,6400000.0,0.5273919092465753
1.0,1.0,2.0,3.0,5.0,3.0,131.0,352.0,0,0.75,256.0,0.000976562,6400000.0,0.7844231592465754
1.0,1.0,2.0,1.0,1.0,1.0,39.0,32.0,0,0.5015625,0.5,32768.0,6400000.0,0.5273919092465753
1.0,1.0,4.0,8.0,13.0,8.0,369.0,1152.0,0,0.940625,0.00390625,0.000976562,6400000.0,0.9315313111545986
1.0,1.0,4.0,8.0,13.0,8.0,369.0,1152.0,0,0.940625,0.00390625,1.0,6400000.0,0.9315313111545986
1.0,1.0,4.0,1.0,1.0,1.0,63.0,32.0,0,0.5015625,0.00390625,1024.0,6400000.0,0.5273919092465753
1.0,1.0,2.0,3.0,5.0,3.0,131.0,352.0,0,0.75,1.0,0.25,6400000.0,0.7844231592465754
1.0,1.0,2.0,3.0,5.0,3.0,131.0,352.0,0,0.75,0.0625,0.125,6400000.0,0.7844231592465754
1.0,1.0,2.0,1.0,1.0,1.0,39.0,32.0,0,0.5015625,1024.0,32.0,6400000.0,0.5273919092465753
1.0,1.0,4.0,1.0,1.0,1.0,63.0,32.0,0,0.5015625,0.0078125,8192.0,6400000.0,0.5273919092465753
1.0,1.0,4.0,6.0,11.0,8.0,347.0,1152.0,0,0.940625,0.0078125,8.0,6400000.0,0.9409246575342465
1.0,1.0,4.0,8.0,13.0,8.0,369.0,1152.0,0,0.940625,0.0078125,0.0078125,6400000.0,0.9315313111545986
1.0,1.0,4.0,8.0,13.0,8.0,369.0,1152.0,0,0.940625,0.015625,0.0625,6400000.0,0.9315313111545986
1.0,1.0,2.0,3.0,5.0,3.0,131.0,352.0,0,0.75,1.0,256.0,6400000.0,0.7844231592465754
1.0,1.0,2.0,3.0,5.0,3.0,131.0,352.0,0,0.75,0.00195312,16.0,6400000.0,0.7844231592465754
1.0,1.0,2.0,3.0,5.0,3.0,131.0,352.0,0,0.75,2.0,0.00195312,6400000.0,0.7844231592465754
1.0,1.0,4.0,8.0,13.0,8.0,369.0,1152.0,0,0.940625,0.03125,0.0,6400000.0,0.9315313111545986
1.0,1.0,4.0,5.0,9.0,5.0,286.0,672.0,0,0.940625,0.015625,64.0,6400000.0,0.9409246575342465
1.0,1.0,2.0,3.0,5.0,3.0,131.0,352.0,0,0.75,0.0625,128.0,6400000.0,0.7844231592465754
1.0,1.0,4.0,1.0,1.0,1.0,63.0,32.0,0,0.5015625,0.03125,512.0,6400000.0,0.5273919092465753
1.0,1.0,2.0,3.0,5.0,3.0,131.0,352.0,0,0.75,0.015625,0.00390625,6400000.0,0.7844231592465754
1.0,1.0,4.0,1.0,1.0,1.0,63.0,32.0,0,0.5015625,32768.0,0.25,6400000.0,0.5273919092465753
1.0,1.0,4.0,8.0,13.0,8.0,369.0,1152.0,0,0.940625,0.03125,0.5,6400000.0,0.9315313111545986
1.0,1.0,2.0,3.0,5.0,3.0,131.0,352.0,0,0.75,256.0,1.0,6400000.0,0.7844231592465754
1.0,1.0,2.0,1.0,1.0,1.0,39.0,32.0,0,0.5015625,32.0,4096.0,6400000.0,0.5273919092465753
1.0,1.0,4.0,1.0,1.0,1.0,63.0,32.0,0,0.5015625,32768.0,256.0,6400000.0,0.5273919092465753
1.0,1.0,4.0,7.0,12.0,8.0,358.0,1152.0,0,0.940625,0.0625,4.0,6400000.0,0.9315313111545986
1.0,1.0,4.0,8.0,13.0,8.0,369.0,1152.0,0,0.940625,0.0625,0.00390625,6400000.0,0.9315313111545986
1.0,1.0,4.0,5.0,9.0,5.0,286.0,672.0,0,0.940625,0.125,32.0,6400000.0,0.9409246575342465
1.0,1.0,4.0,1.0,1.0,1.0,63.0,32.0,0,0.5015625,0.0625,4096.0,6400000.0,0.5273919092465753
1.0,1.0,2.0,3.0,5.0,3.0,131.0,352.0,0,0.75,2.0,2.0,6400000.0,0.7844231592465754
1.0,1.0,4.0,8.0,13.0,8.0,369.0,1152.0,0,0.940625,0.125,0.03125,6400000.0,0.9315313111545986
1.0,1.0,2.0,1.0,1.0,1.0,39.0,32.0,0,0.5015625,2.0,2048.0,6400000.0,0.5273919092465753
1.0,1.0,2.0,3.0,5.0,3.0,131.0,352.0,0,0.75,4.0,0.015625,6400000.0,0.7844231592465754
1.0,1.0,2.0,1.0,1.0,1.0,39.0,32.0,0,0.5015625,256.0,1024.0,6400000.0,0.5273919092465753
1.0,1.0,2.0,1.0,1.0,1.0,39.0,32.0,0,0.5015625,0.00195312,16384.0,6400000.0,0.5273919092465753
1.0,1.0,4.0,1.0,1.0,1.0,63.0,32.0,0,0.5015625,0.125,32768.0,6400000.0,0.5273919092465753
1.0,1.0,4.0,8.0,13.0,8.0,369.0,1152.0,0,0.940625,0.25,0.25,6400000.0,0.9315313111545986
1.0,1.0,4.0,5.0,9.0,5.0,286.0,672.0,0,0.940625,0.25,256.0,6400000.0,0.9033657962328766
1.0,1.0,4.0,8.0,13.0,8.0,369.0,1152.0,0,0.940625,0.5,0.00195312,6400000.0,0.9315313111545986
1.0,1.0,2.0,1.0,1.0,1.0,39.0,32.0,0,0.5015625,1024.0,32768.0,6400000.0,0.5273919092465753
1.0,1.0,2.0,3.0,5.0,3.0,131.0,352.0,0,0.75,0.015625,4.0,6400000.0,0.7844231592465754
1.0,1.0,2.0,1.0,1.0,1.0,39.0,32.0,0,0.5015625,512.0,0.0078125,6400000.0,0.5273919092465753
1.0,1.0,4.0,7.0,12.0,8.0,358.0,1152.0,0,0.940625,0.5,2.0,6400000.0,0.9315313111545986
1.0,1.0,2.0,3.0,5.0,3.0,131.0,352.0,0,0.75,0.125,0.000976562,6400000.0,0.7844231592465754
1.0,1.0,2.0,3.0,5.0,3.0,131.0,352.0,0,0.75,4.0,16.0,6400000.0,0.7844231592465754
1.0,1.0,4.0,1.0,1.0,1.0,63.0,32.0,0,0.5015625,0.5,2048.0,6400000.0,0.5273919092465753
1.0,1.0,4.0,8.0,13.0,8.0,369.0,1152.0,0,0.940625,1.0,0.015625,6400000.0,0.9315313111545986
1.0,1.0,4.0,1.0,1.0,1.0,63.0,32.0,0,0.5015625,1.0,16384.0,6400000.0,0.5273919092465753
1.0,1.0,2.0,1.0,1.0,1.0,39.0,32.0,0,0.5015625,8192.0,8.0,6400000.0,0.5273919092465753
1.0,1.0,2.0,3.0,5.0,3.0,131.0,352.0,0,0.75,8.0,0.125,6400000.0,0.7844231592465754
1.0,1.0,4.0,5.0,9.0,5.0,286.0,672.0,0,0.940625,1.0,16.0,6400000.0,0.9409246575342465
1.0,1.0,2.0,3.0,5.0,3.0,131.0,352.0,0,0.75,8.0,128.0,6400000.0,0.7844231592465754
1.0,1.0,8.0,15.0,27.0,20.0,2633.0,3072.0,0,0.9625,0.0,0.00195312,6400000.0,0.940137292074364
1.0,1.0,2.0,3.0,5.0,3.0,131.0,352.0,0,0.75,0.00390625,0.125,6400000.0,0.7844231592465754
1.0,1.0,2.0,1.0,1.0,1.0,39.0,32.0,0,0.5015625,0.015625,4096.0,6400000.0,0.5273919092465753
1.0,1.0,2.0,1.0,1.0,1.0,39.0,32.0,0,0.5015625,512.0,8.0,6400000.0,0.5273919092465753
1.0,1.0,2.0,3.0,5.0,3.0,131.0,352.0,0,0.75,64.0,0.03125,6400000.0,0.7844231592465754
1.0,1.0,2.0,3.0,5.0,3.0,131.0,352.0,0,0.75,0.125,1.0,6400000.0,0.7844231592465754
1.0,1.0,4.0,7.0,12.0,8.0,358.0,1152.0,0,0.940625,2.0,0.125,6400000.0,0.9315313111545986
1.0,1.0,4.0,7.0,12.0,8.0,358.0,1152.0,0,0.940625,4.0,0.000976562,6400000.0,0.9315313111545986
1.0,1.0,2.0,3.0,5.0,3.0,131.0,352.0,0,0.75,16.0,0.000976562,6400000.0,0.7844231592465754
1.0,1.0,4.0,5.0,9.0,5.0,286.0,672.0,0,0.940625,2.0,128.0,6400000.0,0.9409246575342465
1.0,1.0,2.0,1.0,1.0,1.0,39.0,32.0,0,0.5015625,4.0,16384.0,6400000.0,0.5273919092465753
1.0,1.0,2.0,3.0,5.0,3.0,131.0,352.0,0,0.75,0.00390625,128.0,6400000.0,0.7844231592465754
1.0,1.0,2.0,1.0,1.0,1.0,39.0,32.0,0,0.5015625,2048.0,0.25,6400000.0,0.5273919092465753
1.0,1.0,2.0,1.0,1.0,1.0,39.0,32.0,0,0.5015625,0.125,1024.0,6400000.0,0.5273919092465753
1.0,1.0,8.0,14.0,26.0,20.0,2622.0,3072.0,0,0.9625,0.0,2.0,6400000.0,0.9409200709393346
1.0,1.0,4.0,7.0,12.0,8.0,358.0,1152.0,0,0.940625,4.0,1.0,6400000.0,0.9315313111545986
1.0,1.0,4.0,6.0,11.0,8.0,347.0,1152.0,0,0.940625,8.0,0.0078125,6400000.0,0.9409246575342465
1.0,1.0,4.0,5.0,9.0,5.0,286.0,672.0,0,0.940625,8.0,8.0,6400000.0,0.9409246575342465
1.0,1.0,4.0,1.0,1.0,1.0,63.0,32.0,0,0.5015625,4.0,1024.0,6400000.0,0.5273919092465753
1.0,1.0,4.0,1.0,1.0,1.0,63.0,32.0,0,0.5015625,8.0,8192.0,6400000.0,0.5273919092465753
1.0,1.0,4.0,5.0,9.0,5.0,286.0,672.0,0,0.940625,16.0,64.0,6400000.0,0.9409246575342465
1.0,1.0,4.0,5.0,9.0,5.0,286.0,672.0,0,0.940625,32.0,0.0,6400000.0,0.9409246575342465
1.0,1.0,4.0,5.0,9.0,5.0,286.0,672.0,0,0.940625,16.0,0.0625,6400000.0,0.9409246575342465
1.0,1.0,2.0,3.0,5.0,3.0,131.0,352.0,0,0.75,0.25,8.0,6400000.0,0.7844231592465754
1.0,1.0,2.0,3.0,5.0,3.0,131.0,352.0,0,0.75,0.25,0.0078125,6400000.0,0.7844231592465754
1.0,1.0,4.0,5.0,9.0,5.0,286.0,672.0,0,0.940625,32.0,0.5,6400000.0,0.9409246575342465
1.0,1.0,2.0,3.0,5.0,3.0,131.0,352.0,0,0.75,16.0,1.0,6400000.0,0.7844231592465754
1.0,1.0,2.0,1.0,1.0,1.0,39.0,32.0,0,0.5015625,16.0,1024.0,6400000.0,0.5273919092465753
1.0,1.0,4.0,5.0,9.0,5.0,286.0,672.0,0,0.940625,64.0,0.00390625,6400000.0,0.9409246575342465
1.0,1.0,4.0,1.0,1.0,1.0,63.0,32.0,0,0.5015625,32.0,512.0,6400000.0,0.5273919092465753
1.0,1.0,4.0,5.0,9.0,5.0,286.0,672.0,0,0.940625,128.0,32.0,6400000.0,0.9409246575342465
1.0,1.0,4.0,5.0,9.0,5.0,286.0,672.0,0,0.940625,64.0,4.0,6400000.0,0.9409246575342465
1.0,1.0,4.0,5.0,9.0,5.0,286.0,672.0,0,0.940625,256.0,0.25,6400000.0,0.9033657962328766
1.0,1.0,4.0,1.0,1.0,1.0,63.0,32.0,0,0.5015625,64.0,4096.0,6400000.0,0.5273919092465753
1.0,1.0,8.0,1.0,1.0,1.0,543.0,32.0,0,0.5015625,0.0,2048.0,6400000.0,0.5273919092465753
1.0,1.0,4.0,1.0,1.0,1.0,63.0,32.0,0,0.5015625,128.0,32768.0,6400000.0,0.5273919092465753
1.0,1.0,2.0,3.0,5.0,3.0,131.0,352.0,0,0.75,64.0,32.0,6400000.0,0.7844231592465754
1.0,1.0,2.0,1.0,1.0,1.0,39.0,32.0,0,0.5015625,8192.0,8192.0,6400000.0,0.5273919092465753
1.0,1.0,8.0,15.0,27.0,20.0,2633.0,3072.0,0,0.9625,0.000976562,0.015625,6400000.0,0.940137292074364
1.0,1.0,4.0,1.0,1.0,1.0,63.0,32.0,0,0.5015625,256.0,256.0,6400000.0,0.5273919092465753
1.0,1.0,4.0,5.0,9.0,5.0,286.0,672.0,0,0.940625,128.0,0.03125,6400000.0,0.9409246575342465
1.0,1.0,2.0,3.0,5.0,3.0,131.0,352.0,0,0.75,0.0078125,0.000976562,6400000.0,0.7844231592465754
1.0,1.0,2.0,3.0,5.0,3.0,131.0,352.0,0,0.75,32.0,0.0078125,6400000.0,0.7844231592465754
1.0,1.0,2.0,1.0,1.0,1.0,39.0,32.0,0,0.5015625,4096.0,0.00195312,6400000.0,0.5273919092465753
1.0,1.0,4.0,1.0,1.0,1.0,63.0,32.0,0,0.5015625,512.0,0.00195312,6400000.0,0.5273919092465753
1.0,1.0,2.0,1.0,1.0,1.0,39.0,32.0,0,0.5015625,16384.0,0.0625,6400000.0,0.5273919092465753
1.0,1.0,4.0,1.0,1.0,1.0,63.0,32.0,0,0.5015625,512.0,2.0,6400000.0,0.5273919092465753
1.0,1.0,2.0,1.0,1.0,1.0,39.0,32.0,0,0.5015625,2048.0,256.0,6400000.0,0.5273919092465753
1.0,1.0,4.0,1.0,1.0,1.0,63.0,32.0,0,0.5015625,512.0,2048.0,6400000.0,0.5273919092465753
1.0,1.0,4.0,1.0,1.0,1.0,63.0,32.0,0,0.5015625,1024.0,0.015625,6400000.0,0.5273919092465753
1.0,1.0,2.0,1.0,1.0,1.0,39.0,32.0,0,0.5015625,512.0,8192.0,6400000.0,0.5273919092465753
1.0,1.0,8.0,8.0,15.0,10.0,1875.0,1472.0,0,0.940625,0.000976562,16.0,6400000.0,0.9417074363992171
1.0,1.0,2.0,1.0,1.0,1.0,39.0,32.0,0,0.5015625,4096.0,2.0,6400000.0,0.5273919092465753
1.0,1.0,4.0,1.0,1.0,1.0,63.0,32.0,0,0.5015625,2048.0,0.125,6400000.0,0.5273919092465753
1.0,1.0,2.0,3.0,5.0,3.0,131.0,352.0,0,0.75,0.03125,0.03125,6400000.0,0.7844231592465754
1.0,1.0,2.0,3.0,5.0,3.0,131.0,352.0,0,0.75,0.0078125,1.0,6400000.0,0.7844231592465754
1.0,1.0,8.0,1.0,1.0,1.0,543.0,32.0,0,0.5015625,0.000976562,16384.0,6400000.0,0.5273919092465753
1.0,1.0,4.0,1.0,1.0,1.0,63.0,32.0,0,0.5015625,1024.0,16.0,6400000.0,0.5273919092465753
1.0,1.0,4.0,1.0,1.0,1.0,63.0,32.0,0,0.5015625,1024.0,16384.0,6400000.0,0.5273919092465753
1.0,1.0,4.0,1.0,1.0,1.0,63.0,32.0,0,0.5015625,4096.0,1.0,6400000.0,0.5273919092465753
1.0,1.0,4.0,1.0,1.0,1.0,63.0,32.0,0,0.5015625,2048.0,128.0,6400000.0,0.5273919092465753
1.0,1.0,4.0,1.0,1.0,1.0,63.0,32.0,0,0.5015625,4096.0,1024.0,6400000.0,0.5273919092465753
1.0,1.0,4.0,1.0,1.0,1.0,63.0,32.0,0,0.5015625,4096.0,0.000976562,6400000.0,0.5273919092465753
1.0,1.0,2.0,1.0,1.0,1.0,39.0,32.0,0,0.5015625,32768.0,0.0,6400000.0,0.5273919092465753
1.0,1.0,4.0,1.0,1.0,1.0,63.0,32.0,0,0.5015625,16384.0,0.0625,6400000.0,0.5273919092465753
1.0,1.0,4.0,1.0,1.0,1.0,63.0,32.0,0,0.5015625,16384.0,64.0,6400000.0,0.5273919092465753
1.0,1.0,4.0,1.0,1.0,1.0,63.0,32.0,0,0.5015625,8192.0,8192.0,6400000.0,0.5273919092465753
1.0,1.0,4.0,1.0,1.0,1.0,63.0,32.0,0,0.5015625,8192.0,0.0078125,6400000.0,0.5273919092465753
1.0,1.0,4.0,1.0,1.0,1.0,63.0,32.0,0,0.5015625,8192.0,8.0,6400000.0,0.5273919092465753
1.0,1.0,2.0,1.0,1.0,1.0,39.0,32.0,0,0.5015625,32768.0,512.0,6400000.0,0.5273919092465753
1.0,1.0,2.0,3.0,5.0,3.0,131.0,352.0,0,0.75,0.03125,32.0,6400000.0,0.7844231592465754
1.0,1.0,2.0,3.0,5.0,3.0,131.0,352.0,0,0.75,32.0,8.0,6400000.0,0.7844231592465754
1.0,1.0,2.0,1.0,1.0,1.0,39.0,32.0,0,0.5015625,16384.0,64.0,6400000.0,0.5273919092465753
1.0,1.0,2.0,1.0,1.0,1.0,39.0,32.0,0,0.5015625,32768.0,0.5,6400000.0,0.5273919092465753
1.0,1.0,2.0,1.0,1.0,1.0,39.0,32.0,0,0.5015625,4096.0,2048.0,6400000.0,0.5273919092465753
1.0,1.0,2.0,1.0,1.0,1.0,39.0,32.0,0,0.5015625,0.25,8192.0,6400000.0,0.5273919092465753
1.0,1.0,2.0,1.0,1.0,1.0,39.0,32.0,0,0.5015625,64.0,32768.0,6400000.0,0.5273919092465753
1.0,1.0,4.0,8.0,13.0,8.0,369.0,1152.0,0,0.940625,0.0,0.00390625,6400000.0,0.9315313111545986
1.0,1.0,8.0,15.0,27.0,20.0,2633.0,3072.0,0,0.9625,0.00195312,0.125,6400000.0,0.940137292074364
1.0,1.0,2.0,1.0,1.0,1.0,39.0,32.0,0,0.5015625,0.0078125,1024.0,6400000.0,0.5273919092465753
1.0,1.0,2.0,3.0,5.0,3.0,131.0,352.0,0,0.75,128.0,0.25,6400000.0,0.7844231592465754
1.0,1.0,4.0,8.0,13.0,8.0,369.0,1152.0,0,0.940625,0.000976562,0.03125,6400000.0,0.9315313111545986
1.0,1.0,4.0,1.0,1.0,1.0,63.0,32.0,0,0.5015625,0.0,4096.0,6400000.0,0.5273919092465753
1.0,1.0,4.0,5.0,9.0,5.0,286.0,672.0,0,0.940625,0.000976562,32.0,6400000.0,0.9409246575342465
1.0,1.0,4.0,8.0,13.0,8.0,369.0,1152.0,0,0.940625,0.00195312,0.25,6400000.0,0.9315313111545986
1.0,1.0,2.0,1.0,1.0,1.0,39.0,32.0,0,0.5015625,1024.0,0.0625,6400000.0,0.5273919092465753
1.0,1.0,4.0,7.0,12.0,8.0,358.0,1152.0,0,0.940625,0.0,4.0,6400000.0,0.9315313111545986
1.0,1.0,2.0,3.0,5.0,3.0,131.0,352.0,0,0.75,0.5,0.0625,6400000.0,0.7844231592465754
1.0,1.0,4.0,5.0,9.0,5.0,286.0,672.0,0,0.940625,0.00195312,256.0,6400000.0,0.9033657962328766
1.0,1.0,2.0,3.0,5.0,3.0,131.0,352.0,0,0.75,0.5,64.0,6400000.0,0.7844231592465754
1.0,1.0,4.0,1.0,1.0,1.0,63.0,32.0,0,0.5015625,0.000976562,32768.0,6400000.0,0.5273919092465753
1.0,1.0,8.0,5.0,9.0,5.0,1486.0,672.0,0,0.940625,0.00195312,128.0,6400000.0,0.9409246575342465
1.0,1.0,2.0,3.0,5.0,3.0,131.0,352.0,0,0.75,128.0,256.0,6400000.0,0.7844231592465754
1.0,1.0,4.0,1.0,1.0,1.0,63.0,32.0,0,0.5015625,32768.0,0.0,6400000.0,0.5273919092465753
1.0,1.0,2.0,1.0,1.0,1.0,39.0,32.0,0,0.5015625,8192.0,0.015625,6400000.0,0.5273919092465753
1.0,1.0,2.0,1.0,1.0,1.0,39.0,32.0,0,0.5015625,0.03125,32768.0,6400000.0,0.5273919092465753
1.0,1.0,4.0,7.0,12.0,8.0,358.0,1152.0,0,0.940625,0.00390625,2.0,6400000.0,0.9315313111545986
1.0,1.0,2.0,3.0,5.0,3.0,131.0,352.0,0,0.75,256.0,0.00195312,6400000.0,0.7844231592465754
1.0,1.0,2.0,3.0,5.0,3.0,131.0,352.0,0,0.75,1.0,0.0,6400000.0,0.7844231592465754
1.0,1.0,4.0,8.0,13.0,8.0,369.0,1152.0,0,0.940625,0.00390625,0.00195312,6400000.0,0.9315313111545986
1.0,1.0,4.0,1.0,1.0,1.0,63.0,32.0,0,0.5015625,0.00390625,2048.0,6400000.0,0.5273919092465753
1.0,1.0,2.0,3.0,5.0,3.0,131.0,352.0,0,0.75,1.0,0.5,6400000.0,0.7844231592465754
1.0,1.0,2.0,1.0,1.0,1.0,39.0,32.0,0,0.5015625,1024.0,64.0,6400000.0,0.5273919092465753
1.0,1.0,2.0,3.0,5.0,3.0,131.0,352.0,0,0.75,0.0625,0.25,6400000.0,0.7844231592465754
1.0,1.0,4.0,1.0,1.0,1.0,63.0,32.0,0,0.5015625,0.0078125,16384.0,6400000.0,0.5273919092465753
1.0,1.0,4.0,8.0,13.0,8.0,369.0,1152.0,0,0.940625,0.015625,0.125,6400000.0,0.9315313111545986
1.0,1.0,4.0,5.0,9.0,5.0,286.0,672.0,0,0.940625,0.0078125,16.0,6400000.0,0.9409246575342465
1.0,1.0,2.0,3.0,5.0,3.0,131.0,352.0,0,0.75,2.0,0.00390625,6400000.0,0.7844231592465754
1.0,1.0,8.0,15.0,27.0,20.0,2633.0,3072.0,0,0.9625,0.00390625,0.000976562,6400000.0,0.940137292074364
1.0,1.0,4.0,8.0,13.0,8.0,369.0,1152.0,0,0.940625,0.0078125,0.015625,6400000.0,0.9315313111545986
1.0,1.0,2.0,1.0,1.0,1.0,39.0,32.0,0,0.5015625,1.0,512.0,6400000.0,0.5273919092465753
1.0,1.0,4.0,5.0,9.0,5.0,286.0,672.0,0,0.940625,0.015625,128.0,6400000.0,0.9409246575342465
1.0,1.0,2.0,3.0,5.0,3.0,131.0,352.0,0,0.75,0.0625,256.0,6400000.0,0.7844231592465754
1.0,1.0,4.0,8.0,13.0,8.0,369.0,1152.0,0,0.940625,0.03125,0.000976562,6400000.0,0.9315313111545986
1.0,1.0,4.0,1.0,1.0,1.0,63.0,32.0,0,0.5015625,0.03125,1024.0,6400000.0,0.5273919092465753
1.0,1.0,2.0,3.0,5.0,3.0,131.0,352.0,0,0.75,0.015625,0.0078125,6400000.0,0.7844231592465754
1.0,1.0,4.0,1.0,1.0,1.0,63.0,32.0,0,0.5015625,32768.0,0.5,6400000.0,0.5273919092465753
1.0,1.0,4.0,6.0,11.0,8.0,347.0,1152.0,0,0.940625,0.0625,8.0,6400000.0,0.9409246575342465
1.0,1.0,4.0,8.0,13.0,8.0,369.0,1152.0,0,0.940625,0.03125,1.0,6400000.0,0.9315313111545986
1.0,1.0,4.0,8.0,13.0,8.0,369.0,1152.0,0,0.940625,0.0625,0.0078125,6400000.0,0.9315313111545986
1.0,1.0,4.0,1.0,1.0,1.0,63.0,32.0,0,0.5015625,32768.0,512.0,6400000.0,0.5273919092465753
1.0,1.0,2.0,3.0,5.0,3.0,131.0,352.0,0,0.75,256.0,2.0,6400000.0,0.7844231592465754
1.0,1.0,2.0,1.0,1.0,1.0,39.0,32.0,0,0.5015625,32.0,8192.0,6400000.0,0.5273919092465753
1.0,1.0,2.0,3.0,5.0,3.0,131.0,352.0,0,0.75,2.0,4.0,6400000.0,0.7844231592465754
1.0,1.0,4.0,1.0,1.0,1.0,63.0,32.0,0,0.5015625,0.0625,8192.0,6400000.0,0.5273919092465753
1.0,1.0,4.0,5.0,9.0,5.0,286.0,672.0,0,0.940625,0.125,64.0,6400000.0,0.9409246575342465
1.0,1.0,2.0,3.0,5.0,3.0,131.0,352.0,0,0.75,4.0,0.03125,6400000.0,0.7844231592465754
1.0,1.0,4.0,8.0,13.0,8.0,369.0,1152.0,0,0.940625,0.125,0.0625,6400000.0,0.9315313111545986
1.0,1.0,2.0,1.0,1.0,1.0,39.0,32.0,0,0.5015625,2.0,4096.0,6400000.0,0.5273919092465753
1.0,1.0,2.0,1.0,1.0,1.0,39.0,32.0,0,0.5015625,256.0,2048.0,6400000.0,0.5273919092465753
1.0,1.0,4.0,8.0,13.0,8.0,369.0,1152.0,0,0.940625,0.25,0.0,6400000.0,0.9315313111545986
1.0,1.0,8.0,14.0,26.0,19.0,2621.0,2912.0,0,0.9625,0.00390625,1.0,6400000.0,0.940137292074364
1.0,1.0,4.0,8.0,13.0,8.0,369.0,1152.0,0,0.940625,0.25,0.5,6400000.0,0.9315313111545986
1.0,1.0,4.0,1.0,1.0,1.0,63.0,32.0,0,0.5015625,0.25,512.0,6400000.0,0.5273919092465753
1.0,1.0,4.0,8.0,13.0,8.0,369.0,1152.0,0,0.940625,0.5,0.00390625,6400000.0,0.9315313111545986
1.0,1.0,2.0,1.0,1.0,1.0,39.0,32.0,0,0.5015625,2048.0,0.0,6400000.0,0.5273919092465753
1.0,1.0,4.0,7.0,12.0,8.0,358.0,1152.0,0,0.940625,0.5,4.0,6400000.0,0.9315313111545986
1.0,1.0,2.0,3.0,5.0,3.0,131.0,352.0,0,0.75,0.015625,8.0,6400000.0,0.7844231592465754
1.0,1.0,2.0,1.0,1.0,1.0,39.0,32.0,0,0.5015625,512.0,0.015625,6400000.0,0.5273919092465753
1.0,1.0,2.0,3.0,5.0,3.0,131.0,352.0,0,0.75,0.125,0.00195312,6400000.0,0.7844231592465754
1.0,1.0,4.0,1.0,1.0,1.0,63.0,32.0,0,0.5015625,0.5,4096.0,6400000.0,0.5273919092465753
1.0,1.0,4.0,8.0,13.0,8.0,369.0,1152.0,0,0.940625,1.0,0.03125,6400000.0,0.9315313111545986
1.0,1.0,2.0,1.0,1.0,1.0,39.0,32.0,0,0.5015625,8192.0,16.0,6400000.0,0.5273919092465753
1.0,1.0,2.0,3.0,5.0,3.0,131.0,352.0,0,0.75,4.0,32.0,6400000.0,0.7844231592465754
1.0,1.0,4.0,1.0,1.0,1.0,63.0,32.0,0,0.5015625,1.0,32768.0,6400000.0,0.5273919092465753
1.0,1.0,8.0,15.0,27.0,20.0,2633.0,3072.0,0,0.9625,0.0,0.00390625,6400000.0,0.940137292074364
1.0,1.0,2.0,3.0,5.0,3.0,131.0,352.0,0,0.75,8.0,0.25,6400000.0,0.7844231592465754
1.0,1.0,2.0,1.0,1.0,1.0,39.0,32.0,0,0.5015625,0.015625,8192.0,6400000.0,0.5273919092465753
1.0,1.0,4.0,5.0,9.0,5.0,286.0,672.0,0,0.940625,1.0,32.0,6400000.0,0.9409246575342465
1.0,1.0,2.0,3.0,5.0,3.0,131.0,352.0,0,0.75,8.0,256.0,6400000.0,0.7844231592465754
1.0,1.0,2.0,1.0,1.0,1.0,39.0,32.0,0,0.5015625,512.0,16.0,6400000.0,0.5273919092465753
1.0,1.0,4.0,5.0,9.0,5.0,286.0,672.0,0,0.940625,2.0,256.0,6400000.0,0.9033657962328766
1.0,1.0,2.0,3.0,5.0,3.0,131.0,352.0,0,0.75,0.125,2.0,6400000.0,0.7844231592465754
1.0,1.0,4.0,7.0,12.0,8.0,358.0,1152.0,0,0.940625,2.0,0.25,6400000.0,0.9315313111545986
1.0,1.0,4.0,7.0,12.0,8.0,358.0,1152.0,0,0.940625,4.0,0.00195312,6400000.0,0.9315313111545986
1.0,1.0,2.0,1.0,1.0,1.0,39.0,32.0,0,0.5015625,4.0,32768.0,6400000.0,0.5273919092465753
1.0,1.0,2.0,3.0,5.0,3.0,131.0,352.0,0,0.75,64.0,0.0625,6400000.0,0.7844231592465754
1.0,1.0,8.0,1.0,1.0,1.0,543.0,32.0,0,0.5015625,0.00390625,1024.0,6400000.0,0.5273919092465753
1.0,1.0,2.0,1.0,1.0,1.0,39.0,32.0,0,0.5015625,2048.0,0.5,6400000.0,0.5273919092465753
1.0,1.0,2.0,1.0,1.0,1.0,39.0,32.0,0,0.5015625,0.125,2048.0,6400000.0,0.5273919092465753
1.0,1.0,2.0,3.0,5.0,3.0,131.0,352.0,0,0.75,16.0,0.00195312,6400000.0,0.7844231592465754
1.0,1.0,4.0,7.0,12.0,8.0,358.0,1152.0,0,0.940625,4.0,2.0,6400000.0,0.9409246575342465
1.0,1.0,8.0,14.0,27.0,22.0,2656.0,3392.0,0,0.95625,0.0,4.0,6400000.0,0.9393545132093932
1.0,1.0,4.0,6.0,11.0,8.0,347.0,1152.0,0,0.940625,8.0,0.015625,6400000.0,0.9409246575342465
1.0,1.0,4.0,5.0,9.0,5.0,286.0,672.0,0,0.940625,8.0,16.0,6400000.0,0.9409246575342465
1.0,1.0,4.0,5.0,9.0,5.0,286.0,672.0,0,0.940625,16.0,128.0,6400000.0,0.9409246575342465
1.0,1.0,4.0,1.0,1.0,1.0,63.0,32.0,0,0.5015625,4.0,2048.0,6400000.0,0.5273919092465753
1.0,1.0,4.0,1.0,1.0,1.0,63.0,32.0,0,0.5015625,8.0,16384.0,6400000.0,0.5273919092465753
1.0,1.0,4.0,5.0,9.0,5.0,286.0,672.0,0,0.940625,16.0,0.125,6400000.0,0.9409246575342465
1.0,1.0,4.0,5.0,9.0,5.0,286.0,672.0,0,0.940625,32.0,0.000976562,6400000.0,0.9409246575342465
1.0,1.0,4.0,5.0,9.0,5.0,286.0,672.0,0,0.940625,32.0,1.0,6400000.0,0.9409246575342465
1.0,1.0,2.0,3.0,5.0,3.0,131.0,352.0,0,0.75,0.25,16.0,6400000.0,0.7844231592465754
1.0,1.0,2.0,3.0,5.0,3.0,131.0,352.0,0,0.75,0.25,0.015625,6400000.0,0.7844231592465754
1.0,1.0,4.0,1.0,1.0,1.0,63.0,32.0,0,0.5015625,32.0,1024.0,6400000.0,0.5273919092465753
1.0,1.0,2.0,3.0,5.0,3.0,131.0,352.0,0,0.75,16.0,2.0,6400000.0,0.7844231592465754
1.0,1.0,4.0,5.0,9.0,5.0,286.0,672.0,0,0.940625,64.0,8.0,6400000.0,0.9409246575342465
1.0,1.0,4.0,5.0,9.0,5.0,286.0,672.0,0,0.940625,64.0,0.0078125,6400000.0,0.9409246575342465
1.0,1.0,2.0,1.0,1.0,1.0,39.0,32.0,0,0.5015625,16.0,2048.0,6400000.0,0.5273919092465753
1.0,1.0,4.0,5.0,9.0,5.0,286.0,672.0,0,0.940625,128.0,64.0,6400000.0,0.9409246575342465
1.0,1.0,4.0,5.0,9.0,5.0,286.0,672.0,0,0.940625,256.0,0.0,6400000.0,0.9033657962328766
1.0,1.0,4.0,1.0,1.0,1.0,63.0,32.0,0,0.5015625,64.0,8192.0,6400000.0,0.5273919092465753
1.0,1.0,2.0,3.0,5.0,3.0,131.0,352.0,0,0.75,64.0,64.0,6400000.0,0.7844231592465754
1.0,1.0,8.0,15.0,27.0,20.0,2633.0,3072.0,0,0.9625,0.000976562,0.03125,6400000.0,0.940137292074364
1.0,1.0,2.0,1.0,1.0,1.0,39.0,32.0,0,0.5015625,8192.0,16384.0,6400000.0,0.5273919092465753
1.0,1.0,8.0,1.0,1.0,1.0,543.0,32.0,0,0.5015625,0.0,4096.0,6400000.0,0.5273919092465753
1.0,1.0,4.0,5.0,9.0,5.0,286.0,672.0,0,0.940625,256.0,0.5,6400000.0,0.9033657962328766
1.0,1.0,4.0,1.0,1.0,1.0,63.0,32.0,0,0.5015625,256.0,512.0,6400000.0,0.5273919092465753
1.0,1.0,4.0,5.0,9.0,5.0,286.0,672.0,0,0.940625,128.0,0.0625,6400000.0,0.9409246575342465
1.0,1.0,8.0,15.0,27.0,20.0,2633.0,3072.0,0,0.9625,0.0078125,0.0078125,6400000.0,0.940137292074364
1.0,1.0,2.0,3.0,5.0,3.0,131.0,352.0,0,0.75,32.0,0.015625,6400000.0,0.7844231592465754
1.0,1.0,4.0,1.0,1.0,1.0,63.0,32.0,0,0.5015625,512.0,0.00390625,6400000.0,0.5273919092465753
1.0,1.0,4.0,1.0,1.0,1.0,63.0,32.0,0,0.5015625,512.0,4.0,6400000.0,0.5273919092465753
1.0,1.0,2.0,1.0,1.0,1.0,39.0,32.0,0,0.5015625,16384.0,0.125,6400000.0,0.5273919092465753
1.0,1.0,4.0,1.0,1.0,1.0,63.0,32.0,0,0.5015625,512.0,4096.0,6400000.0,0.5273919092465753
1.0,1.0,2.0,1.0,1.0,1.0,39.0,32.0,0,0.5015625,2048.0,512.0,6400000.0,0.5273919092465753
1.0,1.0,2.0,1.0,1.0,1.0,39.0,32.0,0,0.5015625,4096.0,4.0,6400000.0,0.5273919092465753
1.0,1.0,8.0,8.0,15.0,10.0,1875.0,1472.0,0,0.940625,0.000976562,32.0,6400000.0,0.9417074363992171
1.0,1.0,2.0,1.0,1.0,1.0,39.0,32.0,0,0.5015625,4096.0,0.00390625,6400000.0,0.5273919092465753
1.0,1.0,2.0,1.0,1.0,1.0,39.0,32.0,0,0.5015625,512.0,16384.0,6400000.0,0.5273919092465753
1.0,1.0,4.0,1.0,1.0,1.0,63.0,32.0,0,0.5015625,1024.0,0.03125,6400000.0,0.5273919092465753
1.0,1.0,4.0,1.0,1.0,1.0,63.0,32.0,0,0.5015625,2048.0,0.25,6400000.0,0.5273919092465753
1.0,1.0,2.0,3.0,5.0,3.0,131.0,352.0,0,0.75,0.03125,0.0625,6400000.0,0.7844231592465754
1.0,1.0,8.0,12.0,24.0,21.0,2601.0,3232.0,0,0.9625,0.0078125,8.0,6400000.0,0.9389638882093934
1.0,1.0,8.0,1.0,1.0,1.0,543.0,32.0,0,0.5015625,0.000976562,32768.0,6400000.0,0.5273919092465753
1.0,1.0,4.0,1.0,1.0,1.0,63.0,32.0,0,0.5015625,4096.0,2.0,6400000.0,0.5273919092465753
1.0,1.0,4.0,1.0,1.0,1.0,63.0,32.0,0,0.5015625,1024.0,32768.0,6400000.0,0.5273919092465753
1.0,1.0,4.0,1.0,1.0,1.0,63.0,32.0,0,0.5015625,1024.0,32.0,6400000.0,0.5273919092465753
1.0,1.0,4.0,1.0,1.0,1.0,63.0,32.0,0,0.5015625,2048.0,256.0,6400000.0,0.5273919092465753
1.0,1.0,4.0,1.0,1.0,1.0,63.0,32.0,0,0.5015625,4096.0,2048.0,6400000.0,0.5273919092465753
1.0,1.0,4.0,1.0,1.0,1.0,63.0,32.0,0,0.5015625,4096.0,0.00195312,6400000.0,0.5273919092465753
1.0,1.0,4.0,1.0,1.0,1.0,63.0,32.0,0,0.5015625,8192.0,16384.0,6400000.0,0.5273919092465753
1.0,1.0,2.0,1.0,1.0,1.0,39.0,32.0,0,0.5015625,32768.0,0.000976562,6400000.0,0.5273919092465753
1.0,1.0,4.0,1.0,1.0,1.0,63.0,32.0,0,0.5015625,16384.0,0.125,6400000.0,0.5273919092465753
1.0,1.0,2.0,3.0,5.0,3.0,131.0,352.0,0,0.75,0.03125,64.0,6400000.0,0.7844231592465754
1.0,1.0,2.0,3.0,5.0,3.0,131.0,352.0,0,0.75,32.0,16.0,6400000.0,0.7844231592465754
1.0,1.0,4.0,1.0,1.0,1.0,63.0,32.0,0,0.5015625,16384.0,128.0,6400000.0,0.5273919092465753
1.0,1.0,4.0,1.0,1.0,1.0,63.0,32.0,0,0.5015625,8192.0,16.0,6400000.0,0.5273919092465753
1.0,1.0,4.0,1.0,1.0,1.0,63.0,32.0,0,0.5015625,8192.0,0.015625,6400000.0,0.5273919092465753
1.0,1.0,2.0,1.0,1.0,1.0,39.0,32.0,0,0.5015625,32768.0,1024.0,6400000.0,0.5273919092465753
1.0,1.0,2.0,1.0,1.0,1.0,39.0,32.0,0,0.5015625,32768.0,1.0,6400000.0,0.5273919092465753
1.0,1.0,2.0,1.0,1.0,1.0,39.0,32.0,0,0.5015625,16384.0,128.0,6400000.0,0.5273919092465753
1.0,1.0,2.0,1.0,1.0,1.0,39.0,32.0,0,0.5015625,0.25,16384.0,6400000.0,0.5273919092465753
1.0,1.0,4.0,8.0,13.0,8.0,369.0,1152.0,0,0.940625,0.0,0.0078125,6400000.0,0.9315313111545986
1.0,1.0,2.0,3.0,5.0,3.0,131.0,352.0,0,0.75,128.0,0.0,6400000.0,0.7844231592465754
1.0,1.0,2.0,1.0,1.0,1.0,39.0,32.0,0,0.5015625,4096.0,4096.0,6400000.0,0.5273919092465753
1.0,1.0,8.0,15.0,27.0,20.0,2633.0,3072.0,0,0.9625,0.00195312,0.25,6400000.0,0.940137292074364
1.0,1.0,2.0,3.0,5.0,3.0,131.0,352.0,0,0.75,128.0,0.5,6400000.0,0.7844231592465754
1.0,1.0,8.0,1.0,1.0,1.0,543.0,32.0,0,0.5015625,0.0078125,8192.0,6400000.0,0.5273919092465753
1.0,1.0,4.0,6.0,11.0,8.0,347.0,1152.0,0,0.940625,0.0,8.0,6400000.0,0.9409246575342465
1.0,1.0,4.0,5.0,9.0,5.0,286.0,672.0,0,0.940625,0.000976562,64.0,6400000.0,0.9409246575342465
1.0,1.0,4.0,8.0,13.0,8.0,369.0,1152.0,0,0.940625,0.000976562,0.0625,6400000.0,0.9315313111545986
1.0,1.0,4.0,1.0,1.0,1.0,63.0,32.0,0,0.5015625,0.0,8192.0,6400000.0,0.5273919092465753
1.0,1.0,4.0,8.0,13.0,8.0,369.0,1152.0,0,0.940625,0.00195312,0.5,6400000.0,0.9315313111545986
1.0,1.0,2.0,1.0,1.0,1.0,39.0,32.0,0,0.5015625,1024.0,0.125,6400000.0,0.5273919092465753
1.0,1.0,4.0,1.0,1.0,1.0,63.0,32.0,0,0.5015625,0.00195312,512.0,6400000.0,0.5273919092465753
1.0,1.0,4.0,8.0,13.0,8.0,369.0,1152.0,0,0.940625,0.00195312,0.0,6400000.0,0.9315313111545986
1.0,1.0,2.0,3.0,5.0,3.0,131.0,352.0,0,0.75,0.5,0.125,6400000.0,0.7844231592465754
1.0,1.0,8.0,5.0,9.0,5.0,1486.0,672.0,0,0.940625,0.00195312,256.0,6400000.0,0.9033657962328766
1.0,1.0,4.0,1.0,1.0,1.0,63.0,32.0,0,0.5015625,32768.0,0.000976562,6400000.0,0.5273919092465753
1.0,1.0,2.0,3.0,5.0,3.0,131.0,352.0,0,0.75,0.5,128.0,6400000.0,0.7844231592465754
1.0,1.0,2.0,1.0,1.0,1.0,39.0,32.0,0,0.5015625,8192.0,0.03125,6400000.0,0.5273919092465753
1.0,1.0,2.0,1.0,1.0,1.0,39.0,32.0,0,0.5015625,128.0,512.0,6400000.0,0.5273919092465753
1.0,1.0,4.0,7.0,12.0,8.0,358.0,1152.0,0,0.940625,0.00390625,4.0,6400000.0,0.9315313111545986
1.0,1.0,2.0,3.0,5.0,3.0,131.0,352.0,0,0.75,0.0625,0.0,6400000.0,0.7844231592465754
1.0,1.0,2.0,3.0,5.0,3.0,131.0,352.0,0,0.75,1.0,1.0,6400000.0,0.7844231592465754
1.0,1.0,2.0,3.0,5.0,3.0,131.0,352.0,0,0.75,1.0,0.000976562,6400000.0,0.7844231592465754
1.0,1.0,2.0,1.0,1.0,1.0,39.0,32.0,0,0.5015625,1024.0,128.0,6400000.0,0.5273919092465753
1.0,1.0,4.0,1.0,1.0,1.0,63.0,32.0,0,0.5015625,0.00390625,4096.0,6400000.0,0.5273919092465753
1.0,1.0,4.0,8.0,13.0,8.0,369.0,1152.0,0,0.940625,0.00390625,0.00390625,6400000.0,0.9315313111545986
1.0,1.0,2.0,3.0,5.0,3.0,131.0,352.0,0,0.75,0.0625,0.5,6400000.0,0.7844231592465754
1.0,1.0,2.0,3.0,5.0,3.0,131.0,352.0,0,0.75,256.0,0.00390625,6400000.0,0.7844231592465754
1.0,1.0,4.0,8.0,13.0,8.0,369.0,1152.0,0,0.940625,0.015625,0.25,6400000.0,0.9315313111545986
1.0,1.0,4.0,5.0,9.0,5.0,286.0,672.0,0,0.940625,0.0078125,32.0,6400000.0,0.9409246575342465
1.0,1.0,4.0,5.0,9.0,5.0,286.0,672.0,0,0.940625,0.015625,256.0,6400000.0,0.9033657962328766
1.0,1.0,4.0,8.0,13.0,8.0,369.0,1152.0,0,0.940625,0.0078125,0.03125,6400000.0,0.9315313111545986
1.0,1.0,4.0,1.0,1.0,1.0,63.0,32.0,0,0.5015625,0.0078125,32768.0,6400000.0,0.5273919092465753
1.0,1.0,2.0,3.0,5.0,3.0,131.0,352.0,0,0.75,2.0,0.0078125,6400000.0,0.7844231592465754
1.0,1.0,2.0,1.0,1.0,1.0,39.0,32.0,0,0.5015625,1.0,1024.0,6400000.0,0.5273919092465753
1.0,1.0,8.0,15.0,27.0,20.0,2633.0,3072.0,0,0.9625,0.00390625,0.00195312,6400000.0,0.940137292074364
1.0,1.0,2.0,1.0,1.0,1.0,39.0,32.0,0,0.5015625,0.0625,512.0,6400000.0,0.5273919092465753
1.0,1.0,8.0,15.0,27.0,20.0,2633.0,3072.0,0,0.9625,0.015625,0.0625,6400000.0,0.940137292074364
1.0,1.0,4.0,8.0,13.0,8.0,369.0,1152.0,0,0.940625,0.03125,0.00195312,6400000.0,0.9315313111545986
1.0,1.0,4.0,1.0,1.0,1.0,63.0,32.0,0,0.5015625,0.03125,2048.0,6400000.0,0.5273919092465753
1.0,1.0,4.0,1.0,1.0,1.0,63.0,32.0,0,0.5015625,32768.0,1.0,6400000.0,0.5273919092465753
1.0,1.0,4.0,5.0,9.0,5.0,286.0,672.0,0,0.940625,0.0625,16.0,6400000.0,0.9409246575342465
1.0,1.0,2.0,3.0,5.0,3.0,131.0,352.0,0,0.75,256.0,4.0,6400000.0,0.7844231592465754
1.0,1.0,4.0,8.0,13.0,8.0,369.0,1152.0,0,0.940625,0.0625,0.015625,6400000.0,0.9315313111545986
1.0,1.0,4.0,7.0,12.0,8.0,358.0,1152.0,0,0.940625,0.03125,2.0,6400000.0,0.9315313111545986
1.0,1.0,4.0,1.0,1.0,1.0,63.0,32.0,0,0.5015625,32768.0,1024.0,6400000.0,0.5273919092465753
1.0,1.0,2.0,3.0,5.0,3.0,131.0,352.0,0,0.75,2.0,8.0,6400000.0,0.7844231592465754
1.0,1.0,4.0,1.0,1.0,1.0,63.0,32.0,0,0.5015625,0.0625,16384.0,6400000.0,0.5273919092465753
1.0,1.0,2.0,1.0,1.0,1.0,39.0,32.0,0,0.5015625,32.0,16384.0,6400000.0,0.5273919092465753
1.0,1.0,4.0,5.0,9.0,5.0,286.0,672.0,0,0.940625,0.125,128.0,6400000.0,0.9409246575342465
1.0,1.0,2.0,3.0,5.0,3.0,131.0,352.0,0,0.75,4.0,0.0625,6400000.0,0.7844231592465754
1.0,1.0,2.0,1.0,1.0,1.0,39.0,32.0,0,0.5015625,2.0,8192.0,6400000.0,0.5273919092465753
1.0,1.0,4.0,8.0,13.0,8.0,369.0,1152.0,0,0.940625,0.125,0.125,6400000.0,0.9315313111545986
1.0,1.0,2.0,1.0,1.0,1.0,39.0,32.0,0,0.5015625,256.0,4096.0,6400000.0,0.5273919092465753
1.0,1.0,4.0,8.0,13.0,8.0,369.0,1152.0,0,0.940625,0.25,0.000976562,6400000.0,0.9315313111545986
1.0,1.0,4.0,7.0,12.0,8.0,358.0,1152.0,0,0.940625,0.25,1.0,6400000.0,0.9315313111545986
1.0,1.0,4.0,1.0,1.0,1.0,63.0,32.0,0,0.5015625,0.25,1024.0,6400000.0,0.5273919092465753
1.0,1.0,8.0,14.0,26.0,20.0,2622.0,3072.0,0,0.9625,0.00390625,2.0,6400000.0,0.9409200709393346
1.0,1.0,4.0,8.0,13.0,8.0,369.0,1152.0,0,0.940625,0.5,0.0078125,6400000.0,0.9315313111545986
1.0,1.0,2.0,1.0,1.0,1.0,39.0,32.0,0,0.5015625,2048.0,0.000976562,6400000.0,0.5273919092465753
1.0,1.0,4.0,6.0,11.0,8.0,347.0,1152.0,0,0.940625,0.5,8.0,6400000.0,0.9409246575342465
1.0,1.0,2.0,1.0,1.0,1.0,39.0,32.0,0,0.5015625,512.0,0.03125,6400000.0,0.5273919092465753
1.0,1.0,4.0,1.0,1.0,1.0,63.0,32.0,0,0.5015625,0.5,8192.0,6400000.0,0.5273919092465753
1.0,1.0,2.0,3.0,5.0,3.0,131.0,352.0,0,0.75,0.125,0.00390625,6400000.0,0.7844231592465754
1.0,1.0,8.0,5.0,9.0,5.0,1486.0,672.0,0,0.940625,0.015625,64.0,6400000.0,0.9409246575342465
1.0,1.0,2.0,1.0,1.0,1.0,39.0,32.0,0,0.5015625,8192.0,32.0,6400000.0,0.5273919092465753
1.0,1.0,2.0,3.0,5.0,3.0,131.0,352.0,0,0.75,4.0,64.0,6400000.0,0.7844231592465754
1.0,1.0,4.0,7.0,12.0,8.0,358.0,1152.0,0,0.940625,1.0,0.0625,6400000.0,0.9315313111545986
1.0,1.0,4.0,7.0,12.0,8.0,358.0,1152.0,0,0.940625,2.0,0.0,6400000.0,0.9315313111545986
1.0,1.0,2.0,3.0,5.0,3.0,131.0,352.0,0,0.75,8.0,0.5,6400000.0,0.7844231592465754
1.0,1.0,2.0,1.0,1.0,1.0,39.0,32.0,0,0.5015625,512.0,32.0,6400000.0,0.5273919092465753
1.0,1.0,8.0,15.0,27.0,20.0,2633.0,3072.0,0,0.9625,0.0,0.0078125,6400000.0,0.940137292074364
1.0,1.0,4.0,5.0,9.0,5.0,286.0,672.0,0,0.940625,1.0,64.0,6400000.0,0.9409246575342465
1.0,1.0,8.0,15.0,27.0,20.0,2633.0,3072.0,0,0.9625,0.03125,0.0,6400000.0,0.940137292074364
1.0,1.0,4.0,1.0,1.0,1.0,63.0,32.0,0,0.5015625,2.0,512.0,6400000.0,0.5273919092465753
1.0,1.0,2.0,1.0,1.0,1.0,39.0,32.0,0,0.5015625,8.0,512.0,6400000.0,0.5273919092465753
1.0,1.0,2.0,3.0,5.0,3.0,131.0,352.0,0,0.75,0.125,4.0,6400000.0,0.7844231592465754
1.0,1.0,2.0,3.0,5.0,3.0,131.0,352.0,0,0.75,8.0,0.0,6400000.0,0.7844231592465754
1.0,1.0,4.0,7.0,12.0,8.0,358.0,1152.0,0,0.940625,4.0,0.00390625,6400000.0,0.9315313111545986
1.0,1.0,2.0,3.0,5.0,3.0,131.0,352.0,0,0.75,64.0,0.125,6400000.0,0.7844231592465754
1.0,1.0,4.0,7.0,12.0,8.0,358.0,1152.0,0,0.940625,2.0,0.5,6400000.0,0.9315313111545986
1.0,1.0,2.0,1.0,1.0,1.0,39.0,32.0,0,0.5015625,0.125,4096.0,6400000.0,0.5273919092465753
1.0,1.0,2.0,1.0,1.0,1.0,39.0,32.0,0,0.5015625,2048.0,1.0,6400000.0,0.5273919092465753
1.0,1.0,8.0,1.0,1.0,1.0,543.0,32.0,0,0.5015625,0.00390625,2048.0,6400000.0,0.5273919092465753
1.0,1.0,2.0,3.0,5.0,3.0,131.0,352.0,0,0.75,16.0,0.00390625,6400000.0,0.7844231592465754
1.0,1.0,4.0,6.0,11.0,8.0,347.0,1152.0,0,0.940625,4.0,4.0,6400000.0,0.9409246575342465
1.0,1.0,8.0,12.0,24.0,21.0,2601.0,3232.0,0,0.9625,0.0,8.0,6400000.0,0.9389638882093934
1.0,1.0,4.0,6.0,11.0,8.0,347.0,1152.0,0,0.940625,8.0,0.03125,6400000.0,0.9409246575342465
1.0,1.0,4.0,5.0,9.0,5.0,286.0,672.0,0,0.940625,8.0,32.0,6400000.0,0.9409246575342465
1.0,1.0,4.0,4.0,7.0,4.0,226.0,512.0,0,0.9078125,16.0,256.0,6400000.0,0.9033657962328766
1.0,1.0,4.0,1.0,1.0,1.0,63.0,32.0,0,0.5015625,4.0,4096.0,6400000.0,0.5273919092465753
1.0,1.0,4.0,1.0,1.0,1.0,63.0,32.0,0,0.5015625,8.0,32768.0,6400000.0,0.5273919092465753
1.0,1.0,4.0,5.0,9.0,5.0,286.0,672.0,0,0.940625,32.0,0.00195312,6400000.0,0.9409246575342465
1.0,1.0,4.0,5.0,9.0,5.0,286.0,672.0,0,0.940625,16.0,0.25,6400000.0,0.9409246575342465
1.0,1.0,4.0,5.0,9.0,5.0,286.0,672.0,0,0.940625,32.0,2.0,6400000.0,0.9409246575342465
1.0,1.0,2.0,3.0,5.0,3.0,131.0,352.0,0,0.75,0.25,32.0,6400000.0,0.7844231592465754
1.0,1.0,2.0,3.0,5.0,3.0,131.0,352.0,0,0.75,0.25,0.03125,6400000.0,0.7844231592465754
1.0,1.0,8.0,15.0,27.0,20.0,2633.0,3072.0,0,0.9625,0.03125,0.5,6400000.0,0.940137292074364
1.0,1.0,4.0,1.0,1.0,1.0,63.0,32.0,0,0.5015625,32.0,2048.0,6400000.0,0.5273919092465753
1.0,1.0,2.0,3.0,5.0,3.0,131.0,352.0,0,0.75,16.0,4.0,6400000.0,0.7844231592465754
1.0,1.0,2.0,1.0,1.0,1.0,39.0,32.0,0,0.5015625,16.0,4096.0,6400000.0,0.5273919092465753
1.0,1.0,4.0,5.0,9.0,5.0,286.0,672.0,0,0.940625,256.0,0.000976562,6400000.0,0.9033657962328766
1.0,1.0,4.0,5.0,9.0,5.0,286.0,672.0,0,0.940625,64.0,16.0,6400000.0,0.9409246575342465
1.0,1.0,4.0,5.0,9.0,5.0,286.0,672.0,0,0.940625,64.0,0.015625,6400000.0,0.9409246575342465
1.0,1.0,8.0,15.0,27.0,20.0,2633.0,3072.0,0,0.9625,0.000976562,0.0625,6400000.0,0.940137292074364
1.0,1.0,2.0,3.0,5.0,3.0,131.0,352.0,0,0.75,64.0,128.0,6400000.0,0.7844231592465754
1.0,1.0,4.0,1.0,1.0,1.0,63.0,32.0,0,0.5015625,64.0,16384.0,6400000.0,0.5273919092465753
1.0,1.0,4.0,5.0,9.0,5.0,286.0,672.0,0,0.940625,128.0,128.0,6400000.0,0.9033657962328766
1.0,1.0,4.0,5.0,9.0,5.0,286.0,672.0,0,0.940625,256.0,1.0,6400000.0,0.9033657962328766
1.0,1.0,2.0,1.0,1.0,1.0,39.0,32.0,0,0.5015625,8192.0,32768.0,6400000.0,0.5273919092465753
1.0,1.0,4.0,1.0,1.0,1.0,63.0,32.0,0,0.5015625,256.0,1024.0,6400000.0,0.5273919092465753
1.0,1.0,8.0,15.0,27.0,20.0,2633.0,3072.0,0,0.9625,0.0078125,0.015625,6400000.0,0.940137292074364
1.0,1.0,4.0,1.0,1.0,1.0,63.0,32.0,0,0.5015625,512.0,0.0078125,6400000.0,0.5273919092465753
1.0,1.0,4.0,5.0,9.0,5.0,286.0,672.0,0,0.940625,128.0,0.125,6400000.0,0.9409246575342465
1.0,1.0,8.0,1.0,1.0,1.0,543.0,32.0,0,0.5015625,0.0,8192.0,6400000.0,0.5273919092465753
1.0,1.0,2.0,3.0,5.0,3.0,131.0,352.0,0,0.75,32.0,0.03125,6400000.0,0.7844231592465754
1.0,1.0,8.0,5.0,9.0,5.0,1486.0,672.0,0,0.940625,0.000976562,64.0,6400000.0,0.9409246575342465
1.0,1.0,2.0,1.0,1.0,1.0,39.0,32.0,0,0.5015625,16384.0,0.25,6400000.0,0.5273919092465753
1.0,1.0,2.0,1.0,1.0,1.0,39.0,32.0,0,0.5015625,2048.0,1024.0,6400000.0,0.5273919092465753
1.0,1.0,4.0,1.0,1.0,1.0,63.0,32.0,0,0.5015625,512.0,8.0,6400000.0,0.5273919092465753
1.0,1.0,4.0,1.0,1.0,1.0,63.0,32.0,0,0.5015625,1024.0,0.0625,6400000.0,0.5273919092465753
1.0,1.0,2.0,1.0,1.0,1.0,39.0,32.0,0,0.5015625,4096.0,0.0078125,6400000.0,0.5273919092465753
1.0,1.0,4.0,1.0,1.0,1.0,63.0,32.0,0,0.5015625,512.0,8192.0,6400000.0,0.5273919092465753
1.0,1.0,4.0,1.0,1.0,1.0,63.0,32.0,0,0.5015625,2048.0,0.5,6400000.0,0.5273919092465753
1.0,1.0,2.0,1.0,1.0,1.0,39.0,32.0,0,0.5015625,4096.0,8.0,6400000.0,0.5273919092465753
1.0,1.0,4.0,1.0,1.0,1.0,63.0,32.0,0,0.5015625,2048.0,0.0,6400000.0,0.5273919092465753
1.0,1.0,2.0,1.0,1.0,1.0,39.0,32.0,0,0.5015625,512.0,32768.0,6400000.0,0.5273919092465753
1.0,1.0,8.0,1.0,1.0,1.0,543.0,32.0,0,0.5015625,0.03125,512.0,6400000.0,0.5273919092465753
1.0,1.0,8.0,8.0,15.0,10.0,1875.0,1472.0,0,0.940625,0.0078125,16.0,6400000.0,0.9417074363992171
1.0,1.0,8.0,15.0,27.0,20.0,2633.0,3072.0,0,0.9625,0.00195312,0.0,6400000.0,0.940137292074364
1.0,1.0,4.0,1.0,1.0,1.0,63.0,32.0,0,0.5015625,1024.0,64.0,6400000.0,0.5273919092465753
1.0,1.0,4.0,1.0,1.0,1.0,63.0,32.0,0,0.5015625,4096.0,4.0,6400000.0,0.5273919092465753
1.0,1.0,4.0,1.0,1.0,1.0,63.0,32.0,0,0.5015625,2048.0,512.0,6400000.0,0.5273919092465753
1.0,1.0,4.0,1.0,1.0,1.0,63.0,32.0,0,0.5015625,4096.0,4096.0,6400000.0,0.5273919092465753
1.0,1.0,8.0,15.0,27.0,20.0,2633.0,3072.0,0,0.9625,0.0625,0.00390625,6400000.0,0.940137292074364
1.0,1.0,4.0,1.0,1.0,1.0,63.0,32.0,0,0.5015625,4096.0,0.00390625,6400000.0,0.5273919092465753
1.0,1.0,4.0,1.0,1.0,1.0,63.0,32.0,0,0.5015625,8192.0,32768.0,6400000.0,0.5273919092465753
1.0,1.0,4.0,1.0,1.0,1.0,63.0,32.0,0,0.5015625,16384.0,0.25,6400000.0,0.5273919092465753
1.0,1.0,2.0,3.0,5.0,3.0,131.0,352.0,0,0.75,32.0,32.0,6400000.0,0.7844231592465754
1.0,1.0,4.0,1.0,1.0,1.0,63.0,32.0,0,0.5015625,16384.0,256.0,6400000.0,0.5273919092465753
1.0,1.0,2.0,1.0,1.0,1.0,39.0,32.0,0,0.5015625,32768.0,0.00195312,6400000.0,0.5273919092465753
1.0,1.0,4.0,1.0,1.0,1.0,63.0,32.0,0,0.5015625,8192.0,32.0,6400000.0,0.5273919092465753
1.0,1.0,2.0,1.0,1.0,1.0,39.0,32.0,0,0.5015625,0.25,32768.0,6400000.0,0.5273919092465753
1.0,1.0,4.0,1.0,1.0,1.0,63.0,32.0,0,0.5015625,8192.0,0.03125,6400000.0,0.5273919092465753
1.0,1.0,2.0,1.0,1.0,1.0,39.0,32.0,0,0.5015625,32768.0,2.0,6400000.0,0.5273919092465753
1.0,1.0,2.0,1.0,1.0,1.0,39.0,32.0,0,0.5015625,32768.0,2048.0,6400000.0,0.5273919092465753
1.0,1.0,2.0,1.0,1.0,1.0,39.0,32.0,0,0.5015625,16384.0,256.0,6400000.0,0.5273919092465753
1.0,1.0,4.0,8.0,13.0,8.0,369.0,1152.0,0,0.940625,0.0,0.015625,6400000.0,0.9315313111545986
1.0,1.0,2.0,3.0,5.0,3.0,131.0,352.0,0,0.75,128.0,0.000976562,6400000.0,0.7844231592465754
1.0,1.0,8.0,15.0,27.0,20.0,2633.0,3072.0,0,0.9625,0.00195312,0.5,6400000.0,0.940137292074364
1.0,1.0,2.0,1.0,1.0,1.0,39.0,32.0,0,0.5015625,4096.0,8192.0,6400000.0,0.5273919092465753
1.0,1.0,2.0,3.0,5.0,3.0,131.0,352.0,0,0.75,128.0,1.0,6400000.0,0.7844231592465754
1.0,1.0,4.0,5.0,9.0,5.0,286.0,672.0,0,0.940625,0.000976562,128.0,6400000.0,0.9409246575342465
1.0,1.0,4.0,5.0,9.0,5.0,286.0,672.0,0,0.940625,0.0,16.0,6400000.0,0.9409246575342465
1.0,1.0,8.0,1.0,1.0,1.0,543.0,32.0,0,0.5015625,0.0078125,16384.0,6400000.0,0.5273919092465753
1.0,1.0,4.0,8.0,13.0,8.0,369.0,1152.0,0,0.940625,0.000976562,0.125,6400000.0,0.9315313111545986
1.0,1.0,4.0,1.0,1.0,1.0,63.0,32.0,0,0.5015625,0.0,16384.0,6400000.0,0.5273919092465753
1.0,1.0,4.0,8.0,13.0,8.0,369.0,1152.0,0,0.940625,0.00195312,1.0,6400000.0,0.9315313111545986
1.0,1.0,4.0,8.0,13.0,8.0,369.0,1152.0,0,0.940625,0.00195312,0.000976562,6400000.0,0.9315313111545986
1.0,1.0,2.0,1.0,1.0,1.0,39.0,32.0,0,0.5015625,1024.0,0.25,6400000.0,0.5273919092465753
1.0,1.0,4.0,1.0,1.0,1.0,63.0,32.0,0,0.5015625,32768.0,0.00195312,6400000.0,0.5273919092465753
1.0,1.0,4.0,1.0,1.0,1.0,63.0,32.0,0,0.5015625,0.00195312,1024.0,6400000.0,0.5273919092465753
1.0,1.0,8.0,14.0,27.0,22.0,2656.0,3392.0,0,0.95625,0.0625,4.0,6400000.0,0.9432684075342465
1.0,1.0,2.0,3.0,5.0,3.0,131.0,352.0,0,0.75,0.5,0.25,6400000.0,0.7844231592465754
1.0,1.0,2.0,1.0,1.0,1.0,39.0,32.0,0,0.5015625,128.0,1024.0,6400000.0,0.5273919092465753
1.0,1.0,2.0,1.0,1.0,1.0,39.0,32.0,0,0.5015625,8192.0,0.0625,6400000.0,0.5273919092465753
1.0,1.0,8.0,1.0,1.0,1.0,543.0,32.0,0,0.5015625,0.00195312,512.0,6400000.0,0.5273919092465753
1.0,1.0,4.0,6.0,11.0,8.0,347.0,1152.0,0,0.940625,0.00390625,8.0,6400000.0,0.9409246575342465
1.0,1.0,2.0,3.0,5.0,3.0,131.0,352.0,0,0.75,0.5,256.0,6400000.0,0.7844231592465754
1.0,1.0,8.0,1.0,1.0,1.0,543.0,32.0,0,0.5015625,0.0625,4096.0,6400000.0,0.5273919092465753
1.0,1.0,2.0,3.0,5.0,3.0,131.0,352.0,0,0.75,1.0,2.0,6400000.0,0.7844231592465754
1.0,1.0,2.0,3.0,5.0,3.0,131.0,352.0,0,0.75,1.0,0.00195312,6400000.0,0.7844231592465754
1.0,1.0,4.0,8.0,13.0,8.0,369.0,1152.0,0,0.940625,0.00390625,0.0078125,6400000.0,0.9315313111545986
1.0,1.0,2.0,1.0,1.0,1.0,39.0,32.0,0,0.5015625,1024.0,256.0,6400000.0,0.5273919092465753
1.0,1.0,8.0,15.0,27.0,20.0,2633.0,3072.0,0,0.9625,0.125,0.03125,6400000.0,0.940137292074364
1.0,1.0,4.0,1.0,1.0,1.0,63.0,32.0,0,0.5015625,0.00390625,8192.0,6400000.0,0.5273919092465753
1.0,1.0,8.0,8.0,15.0,10.0,1875.0,1472.0,0,0.940625,0.125,32.0,6400000.0,0.9417074363992171
1.0,1.0,2.0,3.0,5.0,3.0,131.0,352.0,0,0.75,256.0,0.0078125,6400000.0,0.7844231592465754
1.0,1.0,4.0,8.0,13.0,8.0,369.0,1152.0,0,0.940625,0.0078125,0.0625,6400000.0,0.9315313111545986
1.0,1.0,4.0,8.0,13.0,8.0,369.0,1152.0,0,0.940625,0.015625,0.5,6400000.0,0.9315313111545986
1.0,1.0,4.0,8.0,13.0,8.0,369.0,1152.0,0,0.940625,0.015625,0.0,6400000.0,0.9315313111545986
1.0,1.0,2.0,3.0,5.0,3.0,131.0,352.0,0,0.75,2.0,0.015625,6400000.0,0.7844231592465754
1.0,1.0,8.0,15.0,27.0,20.0,2633.0,3072.0,0,0.9625,0.015625,0.125,6400000.0,0.940137292074364
1.0,1.0,8.0,1.0,1.0,1.0,543.0,32.0,0,0.5015625,0.125,32768.0,6400000.0,0.5273919092465753
1.0,1.0,8.0,15.0,27.0,20.0,2633.0,3072.0,0,0.9625,0.00390625,0.00390625,6400000.0,0.940137292074364
1.0,1.0,2.0,1.0,1.0,1.0,39.0,32.0,0,0.5015625,1.0,2048.0,6400000.0,0.5273919092465753
1.0,1.0,4.0,1.0,1.0,1.0,63.0,32.0,0,0.5015625,0.015625,512.0,6400000.0,0.5273919092465753
1.0,1.0,4.0,1.0,1.0,1.0,63.0,32.0,0,0.5015625,0.03125,4096.0,6400000.0,0.5273919092465753
1.0,1.0,4.0,5.0,9.0,5.0,286.0,672.0,0,0.940625,0.0078125,64.0,6400000.0,0.9409246575342465
1.0,1.0,4.0,5.0,9.0,5.0,286.0,672.0,0,0.940625,0.0625,32.0,6400000.0,0.9409246575342465
1.0,1.0,4.0,8.0,13.0,8.0,369.0,1152.0,0,0.940625,0.03125,0.00390625,6400000.0,0.9315313111545986
1.0,1.0,4.0,1.0,1.0,1.0,63.0,32.0,0,0.5015625,32768.0,2.0,6400000.0,0.5273919092465753
1.0,1.0,4.0,1.0,1.0,1.0,63.0,32.0,0,0.5015625,32768.0,2048.0,6400000.0,0.5273919092465753
1.0,1.0,4.0,7.0,12.0,8.0,358.0,1152.0,0,0.940625,0.03125,4.0,6400000.0,0.9315313111545986
1.0,1.0,4.0,8.0,13.0,8.0,369.0,1152.0,0,0.940625,0.0625,0.03125,6400000.0,0.9315313111545986
1.0,1.0,2.0,3.0,5.0,3.0,131.0,352.0,0,0.75,256.0,8.0,6400000.0,0.7844231592465754
1.0,1.0,4.0,1.0,1.0,1.0,63.0,32.0,0,0.5015625,0.0625,32768.0,6400000.0,0.5273919092465753
1.0,1.0,2.0,1.0,1.0,1.0,39.0,32.0,0,0.5015625,32.0,32768.0,6400000.0,0.5273919092465753
1.0,1.0,8.0,15.0,27.0,20.0,2633.0,3072.0,0,0.9625,0.25,0.25,6400000.0,0.940137292074364
1.0,1.0,8.0,5.0,9.0,5.0,1486.0,672.0,0,0.940625,0.25,256.0,6400000.0,0.9033657962328766
1.0,1.0,2.0,3.0,5.0,3.0,131.0,352.0,0,0.75,2.0,16.0,6400000.0,0.7844231592465754
1.0,1.0,4.0,5.0,9.0,5.0,286.0,672.0,0,0.940625,0.125,256.0,6400000.0,0.9033657962328766
1.0,1.0,2.0,3.0,5.0,3.0,131.0,352.0,0,0.75,4.0,0.125,6400000.0,0.7844231592465754
1.0,1.0,8.0,15.0,27.0,20.0,2633.0,3072.0,0,0.9625,0.5,0.00195312,6400000.0,0.940137292074364
1.0,1.0,2.0,1.0,1.0,1.0,39.0,32.0,0,0.5015625,2.0,16384.0,6400000.0,0.5273919092465753
1.0,1.0,4.0,8.0,13.0,8.0,369.0,1152.0,0,0.940625,0.125,0.25,6400000.0,0.9315313111545986
1.0,1.0,4.0,7.0,12.0,8.0,358.0,1152.0,0,0.940625,0.25,2.0,6400000.0,0.9315313111545986
1.0,1.0,4.0,1.0,1.0,1.0,63.0,32.0,0,0.5015625,0.25,2048.0,6400000.0,0.5273919092465753
1.0,1.0,4.0,8.0,13.0,8.0,369.0,1152.0,0,0.940625,0.5,0.015625,6400000.0,0.9315313111545986
1.0,1.0,2.0,1.0,1.0,1.0,39.0,32.0,0,0.5015625,256.0,8192.0,6400000.0,0.5273919092465753
1.0,1.0,2.0,1.0,1.0,1.0,39.0,32.0,0,0.5015625,2048.0,0.00195312,6400000.0,0.5273919092465753
1.0,1.0,8.0,14.0,27.0,22.0,2656.0,3392.0,0,0.95625,0.00390625,4.0,6400000.0,0.9393545132093932
1.0,1.0,4.0,8.0,13.0,8.0,369.0,1152.0,0,0.940625,0.25,0.00195312,6400000.0,0.9315313111545986
1.0,1.0,4.0,5.0,9.0,5.0,286.0,672.0,0,0.940625,0.5,16.0,6400000.0,0.9409246575342465
1.0,1.0,8.0,14.0,26.0,20.0,2622.0,3072.0,0,0.9625,0.5,2.0,6400000.0,0.9385717343444228
1.0,1.0,2.0,1.0,1.0,1.0,39.0,32.0,0,0.5015625,512.0,0.0625,6400000.0,0.5273919092465753
1.0,1.0,8.0,5.0,9.0,5.0,1486.0,672.0,0,0.940625,0.015625,128.0,6400000.0,0.9409246575342465
1.0,1.0,4.0,1.0,1.0,1.0,63.0,32.0,0,0.5015625,0.5,16384.0,6400000.0,0.5273919092465753
1.0,1.0,4.0,7.0,12.0,8.0,358.0,1152.0,0,0.940625,1.0,0.125,6400000.0,0.9315313111545986
1.0,1.0,2.0,3.0,5.0,3.0,131.0,352.0,0,0.75,4.0,128.0,6400000.0,0.7844231592465754
1.0,1.0,4.0,7.0,12.0,8.0,358.0,1152.0,0,0.940625,2.0,0.000976562,6400000.0,0.9315313111545986
1.0,1.0,2.0,1.0,1.0,1.0,39.0,32.0,0,0.5015625,8192.0,64.0,6400000.0,0.5273919092465753
1.0,1.0,8.0,15.0,27.0,20.0,2633.0,3072.0,0,0.9625,0.0,0.015625,6400000.0,0.940137292074364
1.0,1.0,2.0,1.0,1.0,1.0,39.0,32.0,0,0.5015625,512.0,64.0,6400000.0,0.5273919092465753
1.0,1.0,2.0,3.0,5.0,3.0,131.0,352.0,0,0.75,8.0,0.000976562,6400000.0,0.7844231592465754
1.0,1.0,2.0,3.0,5.0,3.0,131.0,352.0,0,0.75,8.0,1.0,6400000.0,0.7844231592465754
1.0,1.0,4.0,7.0,12.0,8.0,358.0,1152.0,0,0.940625,2.0,1.0,6400000.0,0.9315313111545986
1.0,1.0,8.0,15.0,27.0,20.0,2633.0,3072.0,0,0.9625,0.03125,0.000976562,6400000.0,0.940137292074364
1.0,1.0,4.0,1.0,1.0,1.0,63.0,32.0,0,0.5015625,2.0,1024.0,6400000.0,0.5273919092465753
1.0,1.0,2.0,1.0,1.0,1.0,39.0,32.0,0,0.5015625,8.0,1024.0,6400000.0,0.5273919092465753
1.0,1.0,8.0,1.0,1.0,1.0,543.0,32.0,0,0.5015625,0.5,2048.0,6400000.0,0.5273919092465753
1.0,1.0,4.0,7.0,12.0,8.0,358.0,1152.0,0,0.940625,4.0,0.0078125,6400000.0,0.9315313111545986
1.0,1.0,8.0,1.0,1.0,1.0,543.0,32.0,0,0.5015625,0.00390625,4096.0,6400000.0,0.5273919092465753
1.0,1.0,4.0,5.0,9.0,5.0,286.0,672.0,0,0.940625,1.0,128.0,6400000.0,0.9409246575342465
1.0,1.0,2.0,3.0,5.0,3.0,131.0,352.0,0,0.75,64.0,0.25,6400000.0,0.7844231592465754
1.0,1.0,2.0,3.0,5.0,3.0,131.0,352.0,0,0.75,16.0,0.0078125,6400000.0,0.7844231592465754
1.0,1.0,4.0,5.0,9.0,5.0,286.0,672.0,0,0.940625,4.0,8.0,6400000.0,0.9409246575342465
1.0,1.0,2.0,1.0,1.0,1.0,39.0,32.0,0,0.5015625,2048.0,2.0,6400000.0,0.5273919092465753
1.0,1.0,8.0,8.0,15.0,10.0,1875.0,1472.0,0,0.940625,0.0,16.0,6400000.0,0.9417074363992171
1.0,1.0,8.0,14.0,26.0,19.0,2621.0,2912.0,0,0.9625,1.0,0.015625,6400000.0,0.940137292074364
1.0,1.0,4.0,6.0,11.0,8.0,347.0,1152.0,0,0.940625,8.0,0.0625,6400000.0,0.9409246575342465
1.0,1.0,4.0,1.0,1.0,1.0,63.0,32.0,0,0.5015625,16.0,512.0,6400000.0,0.5273919092465753
1.0,1.0,4.0,5.0,9.0,5.0,286.0,672.0,0,0.940625,8.0,64.0,6400000.0,0.9409246575342465
1.0,1.0,4.0,5.0,9.0,5.0,286.0,672.0,0,0.940625,16.0,0.0,6400000.0,0.9409246575342465
1.0,1.0,4.0,1.0,1.0,1.0,63.0,32.0,0,0.5015625,4.0,8192.0,6400000.0,0.5273919092465753
1.0,1.0,4.0,5.0,9.0,5.0,286.0,672.0,0,0.940625,32.0,0.00390625,6400000.0,0.9409246575342465
1.0,1.0,4.0,5.0,9.0,5.0,286.0,672.0,0,0.940625,32.0,4.0,6400000.0,0.9409246575342465
1.0,1.0,4.0,5.0,9.0,5.0,286.0,672.0,0,0.940625,16.0,0.5,6400000.0,0.9409246575342465
1.0,1.0,8.0,8.0,15.0,10.0,1875.0,1472.0,0,0.940625,1.0,16.0,6400000.0,0.9417074363992171
1.0,1.0,8.0,14.0,26.0,19.0,2621.0,2912.0,0,0.9625,0.03125,1.0,6400000.0,0.940137292074364
1.0,1.0,4.0,5.0,9.0,5.0,286.0,672.0,0,0.940625,256.0,0.00195312,6400000.0,0.9033657962328766
1.0,1.0,2.0,3.0,5.0,3.0,131.0,352.0,0,0.75,16.0,8.0,6400000.0,0.7844231592465754
1.0,1.0,4.0,1.0,1.0,1.0,63.0,32.0,0,0.5015625,32.0,4096.0,6400000.0,0.5273919092465753
1.0,1.0,8.0,1.0,1.0,1.0,543.0,32.0,0,0.5015625,1.0,16384.0,6400000.0,0.5273919092465753
1.0,1.0,2.0,1.0,1.0,1.0,39.0,32.0,0,0.5015625,16.0,8192.0,6400000.0,0.5273919092465753
1.0,1.0,4.0,5.0,9.0,5.0,286.0,672.0,0,0.940625,64.0,32.0,6400000.0,0.9409246575342465
1.0,1.0,8.0,15.0,27.0,20.0,2633.0,3072.0,0,0.9625,0.000976562,0.125,6400000.0,0.940137292074364
1.0,1.0,4.0,5.0,9.0,5.0,286.0,672.0,0,0.940625,64.0,0.03125,6400000.0,0.9409246575342465
1.0,1.0,2.0,1.0,1.0,1.0,39.0,32.0,0,0.5015625,16384.0,0.0,6400000.0,0.5273919092465753
1.0,1.0,2.0,3.0,5.0,3.0,131.0,352.0,0,0.75,64.0,256.0,6400000.0,0.7844231592465754
1.0,1.0,4.0,1.0,1.0,1.0,63.0,32.0,0,0.5015625,64.0,32768.0,6400000.0,0.5273919092465753
1.0,1.0,4.0,4.0,7.0,4.0,226.0,512.0,0,0.9078125,128.0,256.0,6400000.0,0.9033657962328766
1.0,1.0,8.0,14.0,26.0,20.0,2622.0,3072.0,0,0.9625,2.0,0.125,6400000.0,0.9385717343444228
1.0,1.0,4.0,5.0,9.0,5.0,286.0,672.0,0,0.940625,256.0,2.0,6400000.0,0.9033657962328766
1.0,1.0,4.0,1.0,1.0,1.0,63.0,32.0,0,0.5015625,256.0,2048.0,6400000.0,0.5273919092465753
1.0,1.0,8.0,15.0,27.0,20.0,2633.0,3072.0,0,0.9625,0.0078125,0.03125,6400000.0,0.940137292074364
1.0,1.0,4.0,1.0,1.0,1.0,63.0,32.0,0,0.5015625,512.0,0.015625,6400000.0,0.5273919092465753
1.0,1.0,2.0,3.0,5.0,3.0,131.0,352.0,0,0.75,32.0,0.0625,6400000.0,0.7844231592465754
1.0,1.0,8.0,1.0,1.0,1.0,543.0,32.0,0,0.5015625,0.0,16384.0,6400000.0,0.5273919092465753
1.0,1.0,2.0,1.0,1.0,1.0,39.0,32.0,0,0.5015625,4096.0,0.015625,6400000.0,0.5273919092465753
1.0,1.0,4.0,5.0,9.0,5.0,286.0,672.0,0,0.940625,128.0,0.25,6400000.0,0.9409246575342465
1.0,1.0,2.0,1.0,1.0,1.0,39.0,32.0,0,0.5015625,16384.0,0.5,6400000.0,0.5273919092465753
1.0,1.0,2.0,1.0,1.0,1.0,39.0,32.0,0,0.5015625,2048.0,2048.0,6400000.0,0.5273919092465753
1.0,1.0,4.0,1.0,1.0,1.0,63.0,32.0,0,0.5015625,512.0,16.0,6400000.0,0.5273919092465753
1.0,1.0,4.0,1.0,1.0,1.0,63.0,32.0,0,0.5015625,1024.0,0.125,6400000.0,0.5273919092465753
1.0,1.0,8.0,5.0,9.0,5.0,1486.0,672.0,0,0.940625,0.000976562,128.0,6400000.0,0.9409246575342465
1.0,1.0,4.0,1.0,1.0,1.0,63.0,32.0,0,0.5015625,2048.0,0.000976562,6400000.0,0.5273919092465753
1.0,1.0,8.0,1.0,1.0,1.0,543.0,32.0,0,0.5015625,0.03125,1024.0,6400000.0,0.5273919092465753
1.0,1.0,4.0,1.0,1.0,1.0,63.0,32.0,0,0.5015625,512.0,16384.0,6400000.0,0.5273919092465753
1.0,1.0,4.0,1.0,1.0,1.0,63.0,32.0,0,0.5015625,2048.0,1.0,6400000.0,0.5273919092465753
1.0,1.0,8.0,15.0,27.0,20.0,2633.0,3072.0,0,0.9625,0.00195312,0.000976562,6400000.0,0.940137292074364
1.0,1.0,4.0,1.0,1.0,1.0,63.0,32.0,0,0.5015625,4096.0,8.0,6400000.0,0.5273919092465753
1.0,1.0,2.0,1.0,1.0,1.0,39.0,32.0,0,0.5015625,1024.0,0.0,6400000.0,0.5273919092465753
1.0,1.0,8.0,8.0,15.0,10.0,1875.0,1472.0,0,0.940625,0.0078125,32.0,6400000.0,0.9417074363992171
1.0,1.0,2.0,1.0,1.0,1.0,39.0,32.0,0,0.5015625,4096.0,16.0,6400000.0,0.5273919092465753
1.0,1.0,4.0,1.0,1.0,1.0,63.0,32.0,0,0.5015625,1024.0,128.0,6400000.0,0.5273919092465753
1.0,1.0,4.0,1.0,1.0,1.0,63.0,32.0,0,0.5015625,2048.0,1024.0,6400000.0,0.5273919092465753
1.0,1.0,4.0,1.0,1.0,1.0,63.0,32.0,0,0.5015625,4096.0,8192.0,6400000.0,0.5273919092465753
1.0,1.0,4.0,1.0,1.0,1.0,63.0,32.0,0,0.5015625,4096.0,0.0078125,6400000.0,0.5273919092465753
1.0,1.0,8.0,15.0,27.0,20.0,2633.0,3072.0,0,0.9625,0.0625,0.0078125,6400000.0,0.940137292074364
1.0,1.0,4.0,1.0,1.0,1.0,63.0,32.0,0,0.5015625,16384.0,0.0,6400000.0,0.5273919092465753
1.0,1.0,4.0,1.0,1.0,1.0,63.0,32.0,0,0.5015625,16384.0,0.5,6400000.0,0.5273919092465753
1.0,1.0,2.0,1.0,1.0,1.0,39.0,32.0,0,0.5015625,32768.0,0.00390625,6400000.0,0.5273919092465753
1.0,1.0,2.0,1.0,1.0,1.0,39.0,32.0,0,0.5015625,32768.0,4.0,6400000.0,0.5273919092465753
1.0,1.0,4.0,1.0,1.0,1.0,63.0,32.0,0,0.5015625,8192.0,0.0625,6400000.0,0.5273919092465753
1.0,1.0,8.0,5.0,9.0,5.0,1486.0,672.0,0,0.940625,2.0,128.0,6400000.0,0.9409246575342465
1.0,1.0,2.0,1.0,1.0,1.0,39.0,32.0,0,0.5015625,32768.0,4096.0,6400000.0,0.5273919092465753
1.0,1.0,4.0,1.0,1.0,1.0,63.0,32.0,0,0.5015625,8192.0,64.0,6400000.0,0.5273919092465753
1.0,1.0,2.0,3.0,5.0,3.0,131.0,352.0,0,0.75,32.0,64.0,6400000.0,0.7844231592465754
1.0,1.0,2.0,1.0,1.0,1.0,39.0,32.0,0,0.5015625,16384.0,512.0,6400000.0,0.5273919092465753
1.0,1.0,4.0,8.0,13.0,8.0,369.0,1152.0,0,0.940625,0.0,0.03125,6400000.0,0.9315313111545986
1.0,1.0,2.0,3.0,5.0,3.0,131.0,352.0,0,0.75,128.0,0.00195312,6400000.0,0.7844231592465754
1.0,1.0,2.0,1.0,1.0,1.0,39.0,32.0,0,0.5015625,4096.0,16384.0,6400000.0,0.5273919092465753
1.0,1.0,4.0,1.0,1.0,1.0,63.0,32.0,0,0.5015625,16384.0,512.0,6400000.0,0.5273919092465753
1.0,1.0,8.0,14.0,26.0,19.0,2621.0,2912.0,0,0.9625,0.00195312,1.0,6400000.0,0.940137292074364
1.0,1.0,4.0,5.0,9.0,5.0,286.0,672.0,0,0.940625,0.0,32.0,6400000.0,0.9409246575342465
1.0,1.0,2.0,3.0,5.0,3.0,131.0,352.0,0,0.75,128.0,2.0,6400000.0,0.7844231592465754
1.0,1.0,4.0,5.0,9.0,5.0,286.0,672.0,0,0.940625,0.000976562,256.0,6400000.0,0.9033657962328766
1.0,1.0,8.0,14.0,27.0,22.0,2656.0,3392.0,0,0.95625,4.0,0.000976562,6400000.0,0.9393545132093932
1.0,1.0,8.0,1.0,1.0,1.0,543.0,32.0,0,0.5015625,0.0078125,32768.0,6400000.0,0.5273919092465753
1.0,1.0,4.0,8.0,13.0,8.0,369.0,1152.0,0,0.940625,0.00195312,0.00195312,6400000.0,0.9315313111545986
1.0,1.0,2.0,1.0,1.0,1.0,39.0,32.0,0,0.5015625,1024.0,0.5,6400000.0,0.5273919092465753
1.0,1.0,4.0,8.0,13.0,8.0,369.0,1152.0,0,0.940625,0.000976562,0.25,6400000.0,0.9315313111545986
1.0,1.0,4.0,7.0,12.0,8.0,358.0,1152.0,0,0.940625,0.00195312,2.0,6400000.0,0.9315313111545986
1.0,1.0,4.0,1.0,1.0,1.0,63.0,32.0,0,0.5015625,0.0,32768.0,6400000.0,0.5273919092465753
1.0,1.0,4.0,1.0,1.0,1.0,63.0,32.0,0,0.5015625,32768.0,0.00390625,6400000.0,0.5273919092465753
1.0,1.0,2.0,1.0,1.0,1.0,39.0,32.0,0,0.5015625,128.0,2048.0,6400000.0,0.5273919092465753
1.0,1.0,4.0,1.0,1.0,1.0,63.0,32.0,0,0.5015625,0.00195312,2048.0,6400000.0,0.5273919092465753
1.0,1.0,8.0,14.0,27.0,22.0,2656.0,3392.0,0,0.95625,4.0,1.0,6400000.0,0.9432684075342465
1.0,1.0,8.0,12.0,24.0,21.0,2601.0,3232.0,0,0.9625,0.0625,8.0,6400000.0,0.9389638882093934
1.0,1.0,2.0,1.0,1.0,1.0,39.0,32.0,0,0.5015625,8192.0,0.125,6400000.0,0.5273919092465753
1.0,1.0,4.0,5.0,9.0,5.0,286.0,672.0,0,0.940625,0.00390625,16.0,6400000.0,0.9409246575342465
1.0,1.0,8.0,1.0,1.0,1.0,543.0,32.0,0,0.5015625,0.0625,8192.0,6400000.0,0.5273919092465753
1.0,1.0,8.0,1.0,1.0,1.0,543.0,32.0,0,0.5015625,4.0,1024.0,6400000.0,0.5273919092465753
1.0,1.0,2.0,1.0,1.0,1.0,39.0,32.0,0,0.5015625,1024.0,512.0,6400000.0,0.5273919092465753
1.0,1.0,8.0,8.0,16.0,11.0,1908.0,1632.0,0,0.95625,8.0,8.0,6400000.0,0.9436605613992171
1.0,1.0,8.0,1.0,1.0,1.0,543.0,32.0,0,0.5015625,0.00195312,1024.0,6400000.0,0.5273919092465753
1.0,1.0,4.0,8.0,13.0,8.0,369.0,1152.0,0,0.940625,0.00390625,0.015625,6400000.0,0.9315313111545986
1.0,1.0,8.0,15.0,27.0,20.0,2633.0,3072.0,0,0.9625,0.125,0.0625,6400000.0,0.940137292074364
1.0,1.0,4.0,1.0,1.0,1.0,63.0,32.0,0,0.5015625,0.00390625,16384.0,6400000.0,0.5273919092465753
1.0,1.0,8.0,12.0,24.0,21.0,2601.0,3232.0,0,0.9625,8.0,0.0078125,6400000.0,0.9444433402641877
1.0,1.0,2.0,3.0,5.0,3.0,131.0,352.0,0,0.75,256.0,0.015625,6400000.0,0.7844231592465754
1.0,1.0,4.0,8.0,13.0,8.0,369.0,1152.0,0,0.940625,0.0078125,0.125,6400000.0,0.9315313111545986
1.0,1.0,4.0,8.0,13.0,8.0,369.0,1152.0,0,0.940625,0.015625,1.0,6400000.0,0.9315313111545986
1.0,1.0,8.0,5.0,9.0,5.0,1486.0,672.0,0,0.940625,0.125,64.0,6400000.0,0.9409246575342465
1.0,1.0,4.0,8.0,13.0,8.0,369.0,1152.0,0,0.940625,0.015625,0.000976562,6400000.0,0.9315313111545986
1.0,1.0,4.0,1.0,1.0,1.0,63.0,32.0,0,0.5015625,0.03125,8192.0,6400000.0,0.5273919092465753
1.0,1.0,8.0,15.0,27.0,20.0,2633.0,3072.0,0,0.9625,0.015625,0.25,6400000.0,0.940137292074364
1.0,1.0,8.0,15.0,27.0,20.0,2633.0,3072.0,0,0.9625,0.00390625,0.0078125,6400000.0,0.940137292074364
1.0,1.0,8.0,15.0,27.0,20.0,2633.0,3072.0,0,0.9625,0.25,0.0,6400000.0,0.940137292074364
1.0,1.0,8.0,1.0,1.0,1.0,543.0,32.0,0,0.5015625,8.0,8192.0,6400000.0,0.5273919092465753
1.0,1.0,4.0,5.0,9.0,5.0,286.0,672.0,0,0.940625,0.0078125,128.0,6400000.0,0.9409246575342465
1.0,1.0,4.0,5.0,9.0,5.0,286.0,672.0,0,0.940625,0.0625,64.0,6400000.0,0.9409246575342465
1.0,1.0,4.0,1.0,1.0,1.0,63.0,32.0,0,0.5015625,32768.0,4096.0,6400000.0,0.5273919092465753
1.0,1.0,4.0,8.0,13.0,8.0,369.0,1152.0,0,0.940625,0.03125,0.0078125,6400000.0,0.9315313111545986
1.0,1.0,4.0,6.0,11.0,8.0,347.0,1152.0,0,0.940625,0.03125,8.0,6400000.0,0.9409246575342465
1.0,1.0,4.0,1.0,1.0,1.0,63.0,32.0,0,0.5015625,0.015625,1024.0,6400000.0,0.5273919092465753
1.0,1.0,4.0,1.0,1.0,1.0,63.0,32.0,0,0.5015625,32768.0,4.0,6400000.0,0.5273919092465753
1.0,1.0,2.0,3.0,5.0,3.0,131.0,352.0,0,0.75,256.0,16.0,6400000.0,0.7844231592465754
1.0,1.0,2.0,3.0,5.0,3.0,131.0,352.0,0,0.75,64.0,0.0,6400000.0,0.7844231592465754
1.0,1.0,4.0,8.0,13.0,8.0,369.0,1152.0,0,0.940625,0.125,0.0,6400000.0,0.9315313111545986
1.0,1.0,4.0,8.0,13.0,8.0,369.0,1152.0,0,0.940625,0.0625,0.0625,6400000.0,0.9315313111545986
1.0,1.0,8.0,1.0,1.0,1.0,543.0,32.0,0,0.5015625,0.25,512.0,6400000.0,0.5273919092465753
1.0,1.0,8.0,8.0,16.0,11.0,1908.0,1632.0,0,0.95625,16.0,0.0625,6400000.0,0.9491400134540117
1.0,1.0,4.0,1.0,1.0,1.0,63.0,32.0,0,0.5015625,0.125,512.0,6400000.0,0.5273919092465753
1.0,1.0,8.0,14.0,25.0,19.0,2589.0,2912.0,0,0.9625,0.25,0.5,6400000.0,0.940137292074364
1.0,1.0,8.0,15.0,27.0,20.0,2633.0,3072.0,0,0.9625,0.5,0.00390625,6400000.0,0.940137292074364
1.0,1.0,8.0,8.0,16.0,11.0,1908.0,1632.0,0,0.95625,32.0,0.0,6400000.0,0.9491400134540117
1.0,1.0,8.0,8.0,16.0,11.0,1908.0,1632.0,0,0.95625,32.0,0.5,6400000.0,0.9491400134540117
1.0,1.0,8.0,5.0,9.0,5.0,1486.0,672.0,0,0.940625,16.0,64.0,6400000.0,0.9409246575342465
1.0,1.0,2.0,1.0,1.0,1.0,39.0,32.0,0,0.5015625,256.0,16384.0,6400000.0,0.5273919092465753
1.0,1.0,4.0,8.0,13.0,8.0,369.0,1152.0,0,0.940625,0.125,0.5,6400000.0,0.9315313111545986
1.0,1.0,4.0,7.0,12.0,8.0,358.0,1152.0,0,0.940625,0.25,4.0,6400000.0,0.9315313111545986
1.0,1.0,4.0,1.0,1.0,1.0,63.0,32.0,0,0.5015625,0.25,4096.0,6400000.0,0.5273919092465753
1.0,1.0,4.0,8.0,13.0,8.0,369.0,1152.0,0,0.940625,0.5,0.03125,6400000.0,0.9315313111545986
1.0,1.0,2.0,1.0,1.0,1.0,39.0,32.0,0,0.5015625,2048.0,0.00390625,6400000.0,0.5273919092465753
1.0,1.0,8.0,12.0,24.0,21.0,2601.0,3232.0,0,0.9625,0.00390625,8.0,6400000.0,0.9389638882093934
1.0,1.0,8.0,1.0,1.0,1.0,543.0,32.0,0,0.5015625,32.0,512.0,6400000.0,0.5273919092465753
1.0,1.0,8.0,14.0,27.0,22.0,2656.0,3392.0,0,0.95625,0.5,4.0,6400000.0,0.9432684075342465
1.0,1.0,4.0,8.0,13.0,8.0,369.0,1152.0,0,0.940625,0.25,0.00390625,6400000.0,0.9315313111545986
1.0,1.0,4.0,5.0,9.0,5.0,286.0,672.0,0,0.940625,0.5,32.0,6400000.0,0.9409246575342465
1.0,1.0,4.0,7.0,12.0,8.0,358.0,1152.0,0,0.940625,1.0,0.25,6400000.0,0.9315313111545986
1.0,1.0,4.0,1.0,1.0,1.0,63.0,32.0,0,0.5015625,0.5,32768.0,6400000.0,0.5273919092465753
1.0,1.0,2.0,1.0,1.0,1.0,39.0,32.0,0,0.5015625,512.0,0.125,6400000.0,0.5273919092465753
1.0,1.0,8.0,5.0,9.0,5.0,1486.0,672.0,0,0.940625,0.015625,256.0,6400000.0,0.9033657962328766
1.0,1.0,4.0,7.0,12.0,8.0,358.0,1152.0,0,0.940625,2.0,0.00195312,6400000.0,0.9315313111545986
1.0,1.0,2.0,1.0,1.0,1.0,39.0,32.0,0,0.5015625,8192.0,128.0,6400000.0,0.5273919092465753
1.0,1.0,8.0,5.0,9.0,5.0,1486.0,672.0,0,0.940625,64.0,0.00390625,6400000.0,0.9409246575342465
1.0,1.0,8.0,15.0,27.0,20.0,2633.0,3072.0,0,0.9625,0.0,0.03125,6400000.0,0.940137292074364
1.0,1.0,4.0,7.0,12.0,8.0,358.0,1152.0,0,0.940625,2.0,2.0,6400000.0,0.9315313111545986
1.0,1.0,2.0,1.0,1.0,1.0,39.0,32.0,0,0.5015625,512.0,128.0,6400000.0,0.5273919092465753
1.0,1.0,4.0,1.0,1.0,1.0,63.0,32.0,0,0.5015625,2.0,2048.0,6400000.0,0.5273919092465753
1.0,1.0,8.0,5.0,9.0,5.0,1486.0,672.0,0,0.940625,64.0,4.0,6400000.0,0.9409246575342465
1.0,1.0,8.0,1.0,1.0,1.0,543.0,32.0,0,0.5015625,64.0,4096.0,6400000.0,0.5273919092465753
1.0,1.0,8.0,15.0,27.0,20.0,2633.0,3072.0,0,0.9625,0.03125,0.00195312,6400000.0,0.940137292074364
1.0,1.0,4.0,5.0,9.0,5.0,286.0,672.0,0,0.940625,1.0,256.0,6400000.0,0.9033657962328766
1.0,1.0,8.0,5.0,9.0,5.0,1486.0,672.0,0,0.940625,128.0,0.03125,6400000.0,0.9409246575342465
1.0,1.0,8.0,1.0,1.0,1.0,543.0,32.0,0,0.5015625,0.00390625,8192.0,6400000.0,0.5273919092465753
1.0,1.0,4.0,7.0,12.0,8.0,358.0,1152.0,0,0.940625,4.0,0.015625,6400000.0,0.9315313111545986
1.0,1.0,4.0,5.0,9.0,5.0,286.0,672.0,0,0.940625,4.0,16.0,6400000.0,0.9409246575342465
1.0,1.0,8.0,1.0,1.0,1.0,543.0,32.0,0,0.5015625,0.5,4096.0,6400000.0,0.5273919092465753
1.0,1.0,2.0,1.0,1.0,1.0,39.0,32.0,0,0.5015625,2048.0,4.0,6400000.0,0.5273919092465753
1.0,1.0,2.0,3.0,5.0,3.0,131.0,352.0,0,0.75,64.0,0.5,6400000.0,0.7844231592465754
1.0,1.0,8.0,8.0,15.0,10.0,1875.0,1472.0,0,0.940625,0.0,32.0,6400000.0,0.9417074363992171
1.0,1.0,8.0,14.0,26.0,19.0,2621.0,2912.0,0,0.9625,1.0,0.03125,6400000.0,0.940137292074364
1.0,1.0,4.0,6.0,11.0,8.0,347.0,1152.0,0,0.940625,8.0,0.125,6400000.0,0.9409246575342465
1.0,1.0,4.0,5.0,9.0,5.0,286.0,672.0,0,0.940625,8.0,128.0,6400000.0,0.9409246575342465
1.0,1.0,4.0,1.0,1.0,1.0,63.0,32.0,0,0.5015625,16.0,1024.0,6400000.0,0.5273919092465753
1.0,1.0,4.0,5.0,9.0,5.0,286.0,672.0,0,0.940625,32.0,0.0078125,6400000.0,0.9409246575342465
1.0,1.0,4.0,5.0,9.0,5.0,286.0,672.0,0,0.940625,16.0,0.000976562,6400000.0,0.9409246575342465
1.0,1.0,4.0,5.0,9.0,5.0,286.0,672.0,0,0.940625,32.0,8.0,6400000.0,0.9409246575342465
1.0,1.0,4.0,1.0,1.0,1.0,63.0,32.0,0,0.5015625,4.0,16384.0,6400000.0,0.5273919092465753
1.0,1.0,8.0,8.0,15.0,10.0,1875.0,1472.0,0,0.940625,1.0,32.0,6400000.0,0.9417074363992171
1.0,1.0,8.0,1.0,1.0,1.0,543.0,32.0,0,0.5015625,1.0,32768.0,6400000.0,0.5273919092465753
1.0,1.0,4.0,5.0,9.0,5.0,286.0,672.0,0,0.940625,16.0,1.0,6400000.0,0.9409246575342465
1.0,1.0,8.0,5.0,9.0,5.0,1486.0,672.0,0,0.940625,128.0,32.0,6400000.0,0.9409246575342465
1.0,1.0,4.0,5.0,9.0,5.0,286.0,672.0,0,0.940625,256.0,0.00390625,6400000.0,0.9033657962328766
1.0,1.0,4.0,1.0,1.0,1.0,63.0,32.0,0,0.5015625,32.0,8192.0,6400000.0,0.5273919092465753
1.0,1.0,8.0,14.0,26.0,20.0,2622.0,3072.0,0,0.9625,0.03125,2.0,6400000.0,0.9409200709393346
1.0,1.0,4.0,5.0,9.0,5.0,286.0,672.0,0,0.940625,64.0,64.0,6400000.0,0.9409246575342465
1.0,1.0,8.0,1.0,1.0,1.0,543.0,32.0,0,0.5015625,128.0,32768.0,6400000.0,0.5273919092465753
1.0,1.0,2.0,1.0,1.0,1.0,39.0,32.0,0,0.5015625,64.0,512.0,6400000.0,0.5273919092465753
1.0,1.0,4.0,5.0,9.0,5.0,286.0,672.0,0,0.940625,128.0,0.0,6400000.0,0.9409246575342465
1.0,1.0,4.0,5.0,9.0,5.0,286.0,672.0,0,0.940625,64.0,0.0625,6400000.0,0.9409246575342465
1.0,1.0,2.0,1.0,1.0,1.0,39.0,32.0,0,0.5015625,16384.0,0.000976562,6400000.0,0.5273919092465753
1.0,1.0,8.0,14.0,26.0,20.0,2622.0,3072.0,0,0.9625,2.0,0.25,6400000.0,0.9385717343444228
1.0,1.0,4.0,1.0,1.0,1.0,63.0,32.0,0,0.5015625,256.0,4096.0,6400000.0,0.5273919092465753
1.0,1.0,4.0,1.0,1.0,1.0,63.0,32.0,0,0.5015625,128.0,512.0,6400000.0,0.5273919092465753
1.0,1.0,8.0,15.0,27.0,20.0,2633.0,3072.0,0,0.9625,0.000976562,0.25,6400000.0,0.940137292074364
1.0,1.0,4.0,5.0,9.0,5.0,286.0,672.0,0,0.940625,256.0,4.0,6400000.0,0.9033657962328766
1.0,1.0,8.0,15.0,27.0,20.0,2633.0,3072.0,0,0.9625,0.0078125,0.0625,6400000.0,0.940137292074364
1.0,1.0,8.0,5.0,9.0,5.0,1486.0,672.0,0,0.940625,256.0,0.25,6400000.0,0.9033657962328766
1.0,1.0,8.0,1.0,1.0,1.0,543.0,32.0,0,0.5015625,0.0,32768.0,6400000.0,0.5273919092465753
1.0,1.0,4.0,1.0,1.0,1.0,63.0,32.0,0,0.5015625,512.0,0.03125,6400000.0,0.5273919092465753
1.0,1.0,4.0,5.0,9.0,5.0,286.0,672.0,0,0.940625,128.0,0.5,6400000.0,0.9409246575342465
1.0,1.0,8.0,5.0,9.0,5.0,1486.0,672.0,0,0.940625,0.000976562,256.0,6400000.0,0.9033657962328766
1.0,1.0,4.0,1.0,1.0,1.0,63.0,32.0,0,0.5015625,1024.0,0.25,6400000.0,0.5273919092465753
1.0,1.0,2.0,1.0,1.0,1.0,39.0,32.0,0,0.5015625,2048.0,4096.0,6400000.0,0.5273919092465753
1.0,1.0,4.0,1.0,1.0,1.0,63.0,32.0,0,0.5015625,512.0,32.0,6400000.0,0.5273919092465753
1.0,1.0,4.0,1.0,1.0,1.0,63.0,32.0,0,0.5015625,2048.0,0.00195312,6400000.0,0.5273919092465753
1.0,1.0,2.0,1.0,1.0,1.0,39.0,32.0,0,0.5015625,4096.0,0.03125,6400000.0,0.5273919092465753
1.0,1.0,2.0,1.0,1.0,1.0,39.0,32.0,0,0.5015625,16384.0,1.0,6400000.0,0.5273919092465753
1.0,1.0,4.0,1.0,1.0,1.0,63.0,32.0,0,0.5015625,4096.0,16.0,6400000.0,0.5273919092465753
1.0,1.0,8.0,1.0,1.0,1.0,543.0,32.0,0,0.5015625,0.03125,2048.0,6400000.0,0.5273919092465753
1.0,1.0,4.0,1.0,1.0,1.0,63.0,32.0,0,0.5015625,2048.0,2.0,6400000.0,0.5273919092465753
1.0,1.0,4.0,1.0,1.0,1.0,63.0,32.0,0,0.5015625,512.0,32768.0,6400000.0,0.5273919092465753
1.0,1.0,2.0,1.0,1.0,1.0,39.0,32.0,0,0.5015625,1024.0,0.000976562,6400000.0,0.5273919092465753
1.0,1.0,8.0,5.0,9.0,5.0,1486.0,672.0,0,0.940625,0.0078125,64.0,6400000.0,0.9409246575342465
1.0,1.0,8.0,15.0,27.0,20.0,2633.0,3072.0,0,0.9625,0.00195312,0.00195312,6400000.0,0.940137292074364
1.0,1.0,2.0,1.0,1.0,1.0,39.0,32.0,0,0.5015625,4096.0,32.0,6400000.0,0.5273919092465753
1.0,1.0,4.0,1.0,1.0,1.0,63.0,32.0,0,0.5015625,1024.0,256.0,6400000.0,0.5273919092465753
1.0,1.0,4.0,1.0,1.0,1.0,63.0,32.0,0,0.5015625,4096.0,16384.0,6400000.0,0.5273919092465753
1.0,1.0,4.0,1.0,1.0,1.0,63.0,32.0,0,0.5015625,4096.0,0.015625,6400000.0,0.5273919092465753
1.0,1.0,8.0,15.0,27.0,20.0,2633.0,3072.0,0,0.9625,0.0625,0.015625,6400000.0,0.940137292074364
1.0,1.0,4.0,1.0,1.0,1.0,63.0,32.0,0,0.5015625,2048.0,2048.0,6400000.0,0.5273919092465753
1.0,1.0,2.0,1.0,1.0,1.0,39.0,32.0,0,0.5015625,32768.0,0.0078125,6400000.0,0.5273919092465753
1.0,1.0,4.0,1.0,1.0,1.0,63.0,32.0,0,0.5015625,16384.0,1.0,6400000.0,0.5273919092465753
1.0,1.0,4.0,1.0,1.0,1.0,63.0,32.0,0,0.5015625,16384.0,0.000976562,6400000.0,0.5273919092465753
1.0,1.0,4.0,1.0,1.0,1.0,63.0,32.0,0,0.5015625,8192.0,0.125,6400000.0,0.5273919092465753
1.0,1.0,4.0,1.0,1.0,1.0,63.0,32.0,0,0.5015625,8192.0,128.0,6400000.0,0.5273919092465753
1.0,1.0,2.0,1.0,1.0,1.0,39.0,32.0,0,0.5015625,4096.0,32768.0,6400000.0,0.5273919092465753
1.0,1.0,2.0,1.0,1.0,1.0,39.0,32.0,0,0.5015625,32768.0,8192.0,6400000.0,0.5273919092465753
1.0,1.0,2.0,1.0,1.0,1.0,39.0,32.0,0,0.5015625,16384.0,1024.0,6400000.0,0.5273919092465753
1.0,1.0,2.0,3.0,5.0,3.0,131.0,352.0,0,0.75,128.0,0.00390625,6400000.0,0.7844231592465754
1.0,1.0,4.0,8.0,13.0,8.0,369.0,1152.0,0,0.940625,0.0,0.0625,6400000.0,0.9315313111545986
1.0,1.0,8.0,5.0,9.0,5.0,1486.0,672.0,0,0.940625,2.0,256.0,6400000.0,0.9033657962328766
1.0,1.0,8.0,1.0,1.0,1.0,543.0,32.0,0,0.5015625,256.0,256.0,6400000.0,0.5273919092465753
1.0,1.0,2.0,1.0,1.0,1.0,39.0,32.0,0,0.5015625,32768.0,8.0,6400000.0,0.5273919092465753
1.0,1.0,8.0,14.0,26.0,20.0,2622.0,3072.0,0,0.9625,0.00195312,2.0,6400000.0,0.9409200709393346
1.0,1.0,4.0,1.0,1.0,1.0,63.0,32.0,0,0.5015625,16384.0,1024.0,6400000.0,0.5273919092465753
1.0,1.0,4.0,1.0,1.0,1.0,63.0,32.0,0,0.5015625,0.000976562,512.0,6400000.0,0.5273919092465753
1.0,1.0,4.0,5.0,9.0,5.0,286.0,672.0,0,0.940625,0.0,64.0,6400000.0,0.9409246575342465
1.0,1.0,2.0,1.0,1.0,1.0,39.0,32.0,0,0.5015625,1024.0,1.0,6400000.0,0.5273919092465753
1.0,1.0,4.0,8.0,13.0,8.0,369.0,1152.0,0,0.940625,0.000976562,0.0,6400000.0,0.9315313111545986
1.0,1.0,2.0,3.0,5.0,3.0,131.0,352.0,0,0.75,128.0,4.0,6400000.0,0.7844231592465754
1.0,1.0,4.0,8.0,13.0,8.0,369.0,1152.0,0,0.940625,0.00195312,0.00390625,6400000.0,0.9315313111545986
1.0,1.0,8.0,15.0,27.0,20.0,2633.0,3072.0,0,0.9625,0.015625,0.0,6400000.0,0.940137292074364
1.0,1.0,4.0,8.0,13.0,8.0,369.0,1152.0,0,0.940625,0.000976562,0.5,6400000.0,0.9315313111545986
1.0,1.0,8.0,14.0,27.0,22.0,2656.0,3392.0,0,0.95625,4.0,0.00195312,6400000.0,0.9393545132093932
1.0,1.0,4.0,1.0,1.0,1.0,63.0,32.0,0,0.5015625,32768.0,0.0078125,6400000.0,0.5273919092465753
1.0,1.0,4.0,1.0,1.0,1.0,63.0,32.0,0,0.5015625,0.00195312,4096.0,6400000.0,0.5273919092465753
1.0,1.0,8.0,8.0,15.0,10.0,1875.0,1472.0,0,0.940625,0.0625,16.0,6400000.0,0.9417074363992171
1.0,1.0,2.0,1.0,1.0,1.0,39.0,32.0,0,0.5015625,8192.0,0.25,6400000.0,0.5273919092465753
1.0,1.0,8.0,13.0,26.0,22.0,2645.0,3392.0,0,0.95625,4.0,2.0,6400000.0,0.9428777825342465
1.0,1.0,4.0,7.0,12.0,8.0,358.0,1152.0,0,0.940625,0.00195312,4.0,6400000.0,0.9315313111545986
1.0,1.0,2.0,1.0,1.0,1.0,39.0,32.0,0,0.5015625,128.0,4096.0,6400000.0,0.5273919092465753
1.0,1.0,4.0,5.0,9.0,5.0,286.0,672.0,0,0.940625,0.00390625,32.0,6400000.0,0.9409246575342465
1.0,1.0,8.0,1.0,1.0,1.0,543.0,32.0,0,0.5015625,4.0,2048.0,6400000.0,0.5273919092465753
1.0,1.0,8.0,8.0,15.0,10.0,1875.0,1472.0,0,0.940625,8.0,16.0,6400000.0,0.9417074363992171
1.0,1.0,8.0,1.0,1.0,1.0,543.0,32.0,0,0.5015625,0.0625,16384.0,6400000.0,0.5273919092465753
1.0,1.0,8.0,15.0,27.0,20.0,2633.0,3072.0,0,0.9625,0.125,0.125,6400000.0,0.940137292074364
1.0,1.0,2.0,1.0,1.0,1.0,39.0,32.0,0,0.5015625,1024.0,1024.0,6400000.0,0.5273919092465753
1.0,1.0,4.0,8.0,13.0,8.0,369.0,1152.0,0,0.940625,0.00390625,0.03125,6400000.0,0.9315313111545986
1.0,1.0,8.0,12.0,24.0,21.0,2601.0,3232.0,0,0.9625,8.0,0.015625,6400000.0,0.9444433402641877
1.0,1.0,4.0,1.0,1.0,1.0,63.0,32.0,0,0.5015625,0.00390625,32768.0,6400000.0,0.5273919092465753
1.0,1.0,8.0,1.0,1.0,1.0,543.0,32.0,0,0.5015625,0.00195312,2048.0,6400000.0,0.5273919092465753
1.0,1.0,2.0,3.0,5.0,3.0,131.0,352.0,0,0.75,256.0,0.03125,6400000.0,0.7844231592465754
1.0,1.0,4.0,8.0,13.0,8.0,369.0,1152.0,0,0.940625,0.0078125,0.25,6400000.0,0.9315313111545986
1.0,1.0,8.0,5.0,9.0,5.0,1486.0,672.0,0,0.940625,0.125,128.0,6400000.0,0.9409246575342465
1.0,1.0,4.0,7.0,12.0,8.0,358.0,1152.0,0,0.940625,0.015625,2.0,6400000.0,0.9315313111545986
1.0,1.0,8.0,15.0,27.0,20.0,2633.0,3072.0,0,0.9625,0.25,0.000976562,6400000.0,0.940137292074364
1.0,1.0,8.0,1.0,1.0,1.0,543.0,32.0,0,0.5015625,8.0,16384.0,6400000.0,0.5273919092465753
1.0,1.0,4.0,8.0,13.0,8.0,369.0,1152.0,0,0.940625,0.015625,0.00195312,6400000.0,0.9315313111545986
1.0,1.0,4.0,1.0,1.0,1.0,63.0,32.0,0,0.5015625,0.03125,16384.0,6400000.0,0.5273919092465753
1.0,1.0,4.0,5.0,9.0,5.0,286.0,672.0,0,0.940625,0.0078125,256.0,6400000.0,0.9033657962328766
1.0,1.0,8.0,15.0,27.0,20.0,2633.0,3072.0,0,0.9625,0.00390625,0.015625,6400000.0,0.940137292074364
1.0,1.0,8.0,15.0,27.0,20.0,2633.0,3072.0,0,0.9625,0.015625,0.5,6400000.0,0.940137292074364
1.0,1.0,4.0,1.0,1.0,1.0,63.0,32.0,0,0.5015625,32768.0,8192.0,6400000.0,0.5273919092465753
1.0,1.0,4.0,1.0,1.0,1.0,63.0,32.0,0,0.5015625,0.015625,2048.0,6400000.0,0.5273919092465753
1.0,1.0,4.0,5.0,9.0,5.0,286.0,672.0,0,0.940625,0.03125,16.0,6400000.0,0.9409246575342465
1.0,1.0,4.0,8.0,13.0,8.0,369.0,1152.0,0,0.940625,0.03125,0.015625,6400000.0,0.9315313111545986
1.0,1.0,4.0,5.0,9.0,5.0,286.0,672.0,0,0.940625,0.0625,128.0,6400000.0,0.9409246575342465
1.0,1.0,4.0,8.0,13.0,8.0,369.0,1152.0,0,0.940625,0.125,0.000976562,6400000.0,0.9315313111545986
1.0,1.0,8.0,1.0,1.0,1.0,543.0,32.0,0,0.5015625,512.0,0.00195312,6400000.0,0.5273919092465753
1.0,1.0,2.0,3.0,5.0,3.0,131.0,352.0,0,0.75,256.0,32.0,6400000.0,0.7844231592465754
1.0,1.0,4.0,1.0,1.0,1.0,63.0,32.0,0,0.5015625,32768.0,8.0,6400000.0,0.5273919092465753
1.0,1.0,4.0,8.0,13.0,8.0,369.0,1152.0,0,0.940625,0.0625,0.125,6400000.0,0.9315313111545986
1.0,1.0,8.0,1.0,1.0,1.0,543.0,32.0,0,0.5015625,512.0,2.0,6400000.0,0.5273919092465753
1.0,1.0,4.0,1.0,1.0,1.0,63.0,32.0,0,0.5015625,0.125,1024.0,6400000.0,0.5273919092465753
1.0,1.0,8.0,8.0,16.0,11.0,1908.0,1632.0,0,0.95625,16.0,0.125,6400000.0,0.9491400134540117
1.0,1.0,8.0,14.0,26.0,19.0,2621.0,2912.0,0,0.9625,0.25,1.0,6400000.0,0.9385717343444228
1.0,1.0,8.0,1.0,1.0,1.0,543.0,32.0,0,0.5015625,0.25,1024.0,6400000.0,0.5273919092465753
1.0,1.0,8.0,8.0,16.0,11.0,1908.0,1632.0,0,0.95625,32.0,0.000976562,6400000.0,0.9491400134540117
1.0,1.0,8.0,8.0,16.0,11.0,1908.0,1632.0,0,0.95625,32.0,1.0,6400000.0,0.9491400134540117
1.0,1.0,2.0,1.0,1.0,1.0,39.0,32.0,0,0.5015625,256.0,32768.0,6400000.0,0.5273919092465753
1.0,1.0,4.0,1.0,1.0,1.0,63.0,32.0,0,0.5015625,0.25,8192.0,6400000.0,0.5273919092465753
1.0,1.0,8.0,15.0,27.0,20.0,2633.0,3072.0,0,0.9625,0.5,0.0078125,6400000.0,0.940137292074364
1.0,1.0,8.0,5.0,9.0,5.0,1486.0,672.0,0,0.940625,16.0,128.0,6400000.0,0.9409246575342465
1.0,1.0,4.0,8.0,13.0,8.0,369.0,1152.0,0,0.940625,0.5,0.0625,6400000.0,0.9315313111545986
1.0,1.0,4.0,7.0,12.0,8.0,358.0,1152.0,0,0.940625,0.125,1.0,6400000.0,0.9315313111545986
1.0,1.0,2.0,1.0,1.0,1.0,39.0,32.0,0,0.5015625,2048.0,0.0078125,6400000.0,0.5273919092465753
1.0,1.0,4.0,6.0,11.0,8.0,347.0,1152.0,0,0.940625,0.25,8.0,6400000.0,0.9409246575342465
1.0,1.0,8.0,1.0,1.0,1.0,543.0,32.0,0,0.5015625,32.0,1024.0,6400000.0,0.5273919092465753
1.0,1.0,8.0,8.0,15.0,10.0,1875.0,1472.0,0,0.940625,0.00390625,16.0,6400000.0,0.9417074363992171
1.0,1.0,4.0,8.0,13.0,8.0,369.0,1152.0,0,0.940625,0.25,0.0078125,6400000.0,0.9315313111545986
1.0,1.0,8.0,1.0,1.0,1.0,543.0,32.0,0,0.5015625,0.015625,512.0,6400000.0,0.5273919092465753
1.0,1.0,4.0,5.0,9.0,5.0,286.0,672.0,0,0.940625,0.5,64.0,6400000.0,0.9409246575342465
1.0,1.0,4.0,7.0,12.0,8.0,358.0,1152.0,0,0.940625,1.0,0.5,6400000.0,0.9315313111545986
1.0,1.0,8.0,12.0,24.0,21.0,2601.0,3232.0,0,0.9625,0.5,8.0,6400000.0,0.9389638882093934
1.0,1.0,4.0,8.0,13.0,8.0,369.0,1152.0,0,0.940625,1.0,0.0,6400000.0,0.9315313111545986
1.0,1.0,2.0,1.0,1.0,1.0,39.0,32.0,0,0.5015625,512.0,0.25,6400000.0,0.5273919092465753
1.0,1.0,2.0,1.0,1.0,1.0,39.0,32.0,0,0.5015625,8192.0,256.0,6400000.0,0.5273919092465753
1.0,1.0,8.0,5.0,9.0,5.0,1486.0,672.0,0,0.940625,64.0,0.0078125,6400000.0,0.9409246575342465
1.0,1.0,8.0,1.0,1.0,1.0,543.0,32.0,0,0.5015625,512.0,2048.0,6400000.0,0.5273919092465753
1.0,1.0,4.0,7.0,12.0,8.0,358.0,1152.0,0,0.940625,2.0,0.00390625,6400000.0,0.9315313111545986
1.0,1.0,4.0,1.0,1.0,1.0,63.0,32.0,0,0.5015625,2.0,4096.0,6400000.0,0.5273919092465753
1.0,1.0,2.0,1.0,1.0,1.0,39.0,32.0,0,0.5015625,512.0,256.0,6400000.0,0.5273919092465753
1.0,1.0,8.0,15.0,27.0,20.0,2633.0,3072.0,0,0.9625,0.0,0.0625,6400000.0,0.940137292074364
1.0,1.0,8.0,5.0,9.0,5.0,1486.0,672.0,0,0.940625,64.0,8.0,6400000.0,0.9409246575342465
1.0,1.0,8.0,15.0,27.0,20.0,2633.0,3072.0,0,0.9625,0.03125,0.00390625,6400000.0,0.940137292074364
1.0,1.0,8.0,5.0,9.0,5.0,1486.0,672.0,0,0.940625,128.0,0.0625,6400000.0,0.9409246575342465
1.0,1.0,4.0,1.0,1.0,1.0,63.0,32.0,0,0.5015625,1.0,512.0,6400000.0,0.5273919092465753
1.0,1.0,8.0,1.0,1.0,1.0,543.0,32.0,0,0.5015625,0.5,8192.0,6400000.0,0.5273919092465753
1.0,1.0,8.0,1.0,1.0,1.0,543.0,32.0,0,0.5015625,64.0,8192.0,6400000.0,0.5273919092465753
1.0,1.0,4.0,7.0,12.0,8.0,358.0,1152.0,0,0.940625,2.0,4.0,6400000.0,0.9409246575342465
1.0,1.0,8.0,1.0,1.0,1.0,543.0,32.0,0,0.5015625,0.00390625,16384.0,6400000.0,0.5273919092465753
1.0,1.0,2.0,1.0,1.0,1.0,39.0,32.0,0,0.5015625,2048.0,8.0,6400000.0,0.5273919092465753
1.0,1.0,4.0,5.0,9.0,5.0,286.0,672.0,0,0.940625,4.0,32.0,6400000.0,0.9409246575342465
1.0,1.0,4.0,7.0,12.0,8.0,358.0,1152.0,0,0.940625,4.0,0.03125,6400000.0,0.9315313111545986
1.0,1.0,8.0,5.0,9.0,5.0,1486.0,672.0,0,0.940625,0.0,64.0,6400000.0,0.9409246575342465
1.0,1.0,8.0,1.0,1.0,1.0,543.0,32.0,0,0.5015625,1024.0,0.015625,6400000.0,0.5273919092465753
1.0,1.0,8.0,14.0,26.0,19.0,2621.0,2912.0,0,0.9625,1.0,0.0625,6400000.0,0.940137292074364
1.0,1.0,4.0,6.0,11.0,8.0,347.0,1152.0,0,0.940625,8.0,0.25,6400000.0,0.9409246575342465
1.0,1.0,4.0,5.0,9.0,5.0,286.0,672.0,0,0.940625,8.0,256.0,6400000.0,0.9033657962328766
1.0,1.0,4.0,5.0,9.0,5.0,286.0,672.0,0,0.940625,32.0,16.0,6400000.0,0.9409246575342465
1.0,1.0,4.0,1.0,1.0,1.0,63.0,32.0,0,0.5015625,16.0,2048.0,6400000.0,0.5273919092465753
1.0,1.0,4.0,5.0,9.0,5.0,286.0,672.0,0,0.940625,32.0,0.015625,6400000.0,0.9409246575342465
1.0,1.0,4.0,1.0,1.0,1.0,63.0,32.0,0,0.5015625,4.0,32768.0,6400000.0,0.5273919092465753
1.0,1.0,4.0,5.0,9.0,5.0,286.0,672.0,0,0.940625,16.0,2.0,6400000.0,0.9409246575342465
1.0,1.0,4.0,5.0,9.0,5.0,286.0,672.0,0,0.940625,16.0,0.00195312,6400000.0,0.9409246575342465
1.0,1.0,4.0,1.0,1.0,1.0,63.0,32.0,0,0.5015625,32.0,16384.0,6400000.0,0.5273919092465753
1.0,1.0,8.0,14.0,26.0,20.0,2622.0,3072.0,0,0.9625,2.0,0.0,6400000.0,0.9409200709393346
1.0,1.0,4.0,5.0,9.0,5.0,286.0,672.0,0,0.940625,256.0,0.0078125,6400000.0,0.9033657962328766
1.0,1.0,8.0,14.0,27.0,22.0,2656.0,3392.0,0,0.95625,0.03125,4.0,6400000.0,0.9409200709393346
1.0,1.0,8.0,5.0,9.0,5.0,1486.0,672.0,0,0.940625,1.0,64.0,6400000.0,0.9409246575342465
1.0,1.0,8.0,5.0,9.0,5.0,1486.0,672.0,0,0.940625,128.0,64.0,6400000.0,0.9409246575342465
1.0,1.0,8.0,5.0,9.0,5.0,1486.0,672.0,0,0.940625,256.0,0.0,6400000.0,0.9033657962328766
1.0,1.0,4.0,5.0,9.0,5.0,286.0,672.0,0,0.940625,64.0,128.0,6400000.0,0.9409246575342465
1.0,1.0,4.0,5.0,9.0,5.0,286.0,672.0,0,0.940625,64.0,0.125,6400000.0,0.9409246575342465
1.0,1.0,8.0,14.0,26.0,20.0,2622.0,3072.0,0,0.9625,2.0,0.5,6400000.0,0.9385717343444228
1.0,1.0,8.0,1.0,1.0,1.0,543.0,32.0,0,0.5015625,1024.0,16.0,6400000.0,0.5273919092465753
1.0,1.0,2.0,1.0,1.0,1.0,39.0,32.0,0,0.5015625,16384.0,0.00195312,6400000.0,0.5273919092465753
1.0,1.0,4.0,5.0,9.0,5.0,286.0,672.0,0,0.940625,128.0,0.000976562,6400000.0,0.9409246575342465
1.0,1.0,8.0,15.0,27.0,20.0,2633.0,3072.0,0,0.9625,0.000976562,0.5,6400000.0,0.940137292074364
1.0,1.0,4.0,1.0,1.0,1.0,63.0,32.0,0,0.5015625,128.0,1024.0,6400000.0,0.5273919092465753
1.0,1.0,4.0,1.0,1.0,1.0,63.0,32.0,0,0.5015625,256.0,8192.0,6400000.0,0.5273919092465753
1.0,1.0,4.0,5.0,9.0,5.0,286.0,672.0,0,0.940625,256.0,8.0,6400000.0,0.9033657962328766
1.0,1.0,8.0,15.0,27.0,20.0,2633.0,3072.0,0,0.9625,0.0078125,0.125,6400000.0,0.940137292074364
1.0,1.0,8.0,15.0,27.0,20.0,2633.0,3072.0,0,0.9625,0.000976562,0.0,6400000.0,0.940137292074364
1.0,1.0,4.0,1.0,1.0,1.0,63.0,32.0,0,0.5015625,512.0,64.0,6400000.0,0.5273919092465753
1.0,1.0,2.0,1.0,1.0,1.0,39.0,32.0,0,0.5015625,2048.0,8192.0,6400000.0,0.5273919092465753
1.0,1.0,4.0,1.0,1.0,1.0,63.0,32.0,0,0.5015625,1024.0,0.5,6400000.0,0.5273919092465753
1.0,1.0,8.0,5.0,9.0,5.0,1486.0,672.0,0,0.940625,256.0,0.5,6400000.0,0.9033657962328766
1.0,1.0,4.0,5.0,9.0,5.0,286.0,672.0,0,0.940625,128.0,1.0,6400000.0,0.9409246575342465
1.0,1.0,8.0,1.0,1.0,1.0,543.0,32.0,0,0.5015625,0.000976562,512.0,6400000.0,0.5273919092465753
1.0,1.0,4.0,1.0,1.0,1.0,63.0,32.0,0,0.5015625,2048.0,4.0,6400000.0,0.5273919092465753
1.0,1.0,2.0,1.0,1.0,1.0,39.0,32.0,0,0.5015625,16384.0,2.0,6400000.0,0.5273919092465753
1.0,1.0,4.0,1.0,1.0,1.0,63.0,32.0,0,0.5015625,2048.0,0.00390625,6400000.0,0.5273919092465753
1.0,1.0,2.0,1.0,1.0,1.0,39.0,32.0,0,0.5015625,1024.0,0.00195312,6400000.0,0.5273919092465753
1.0,1.0,2.0,1.0,1.0,1.0,39.0,32.0,0,0.5015625,4096.0,0.0625,6400000.0,0.5273919092465753
1.0,1.0,4.0,1.0,1.0,1.0,63.0,32.0,0,0.5015625,4096.0,32.0,6400000.0,0.5273919092465753
1.0,1.0,4.0,1.0,1.0,1.0,63.0,32.0,0,0.5015625,512.0,0.0625,6400000.0,0.5273919092465753
1.0,1.0,8.0,1.0,1.0,1.0,543.0,32.0,0,0.5015625,0.03125,4096.0,6400000.0,0.5273919092465753
1.0,1.0,4.0,1.0,1.0,1.0,63.0,32.0,0,0.5015625,1024.0,0.0,6400000.0,0.5273919092465753
1.0,1.0,8.0,5.0,9.0,5.0,1486.0,672.0,0,0.940625,0.0078125,128.0,6400000.0,0.9409246575342465
1.0,1.0,4.0,1.0,1.0,1.0,63.0,32.0,0,0.5015625,1024.0,512.0,6400000.0,0.5273919092465753
1.0,1.0,8.0,15.0,27.0,20.0,2633.0,3072.0,0,0.9625,0.00195312,0.00390625,6400000.0,0.940137292074364
1.0,1.0,2.0,1.0,1.0,1.0,39.0,32.0,0,0.5015625,4096.0,64.0,6400000.0,0.5273919092465753
1.0,1.0,4.0,1.0,1.0,1.0,63.0,32.0,0,0.5015625,4096.0,0.03125,6400000.0,0.5273919092465753
1.0,1.0,4.0,1.0,1.0,1.0,63.0,32.0,0,0.5015625,4096.0,32768.0,6400000.0,0.5273919092465753
1.0,1.0,8.0,15.0,27.0,20.0,2633.0,3072.0,0,0.9625,0.0625,0.03125,6400000.0,0.940137292074364
1.0,1.0,4.0,1.0,1.0,1.0,63.0,32.0,0,0.5015625,2048.0,4096.0,6400000.0,0.5273919092465753
1.0,1.0,4.0,1.0,1.0,1.0,63.0,32.0,0,0.5015625,8192.0,256.0,6400000.0,0.5273919092465753
1.0,1.0,2.0,1.0,1.0,1.0,39.0,32.0,0,0.5015625,32768.0,0.015625,6400000.0,0.5273919092465753
1.0,1.0,4.0,1.0,1.0,1.0,63.0,32.0,0,0.5015625,16384.0,2.0,6400000.0,0.5273919092465753
1.0,1.0,2.0,1.0,1.0,1.0,39.0,32.0,0,0.5015625,16384.0,2048.0,6400000.0,0.5273919092465753
1.0,1.0,4.0,1.0,1.0,1.0,63.0,32.0,0,0.5015625,8192.0,0.25,6400000.0,0.5273919092465753
1.0,1.0,8.0,1.0,1.0,1.0,543.0,32.0,0,0.5015625,2.0,512.0,6400000.0,0.5273919092465753
1.0,1.0,2.0,1.0,1.0,1.0,39.0,32.0,0,0.5015625,8192.0,0.0,6400000.0,0.5273919092465753
1.0,1.0,8.0,1.0,1.0,1.0,543.0,32.0,0,0.5015625,1024.0,16384.0,6400000.0,0.5273919092465753
1.0,1.0,2.0,1.0,1.0,1.0,39.0,32.0,0,0.5015625,32768.0,16384.0,6400000.0,0.5273919092465753
1.0,1.0,4.0,1.0,1.0,1.0,63.0,32.0,0,0.5015625,16384.0,0.00195312,6400000.0,0.5273919092465753
1.0,1.0,4.0,8.0,13.0,8.0,369.0,1152.0,0,0.940625,0.0,0.125,6400000.0,0.9315313111545986
1.0,1.0,8.0,1.0,1.0,1.0,543.0,32.0,0,0.5015625,256.0,512.0,6400000.0,0.5273919092465753
1.0,1.0,2.0,1.0,1.0,1.0,39.0,32.0,0,0.5015625,32768.0,16.0,6400000.0,0.5273919092465753
1.0,1.0,8.0,14.0,27.0,22.0,2656.0,3392.0,0,0.95625,0.00195312,4.0,6400000.0,0.9393545132093932
1.0,1.0,4.0,1.0,1.0,1.0,63.0,32.0,0,0.5015625,16384.0,2048.0,6400000.0,0.5273919092465753
1.0,1.0,4.0,1.0,1.0,1.0,63.0,32.0,0,0.5015625,0.000976562,1024.0,6400000.0,0.5273919092465753
1.0,1.0,4.0,8.0,13.0,8.0,369.0,1152.0,0,0.940625,0.000976562,0.000976562,6400000.0,0.9315313111545986
1.0,1.0,8.0,15.0,27.0,20.0,2633.0,3072.0,0,0.9625,0.015625,0.000976562,6400000.0,0.940137292074364
1.0,1.0,4.0,5.0,9.0,5.0,286.0,672.0,0,0.940625,0.0,128.0,6400000.0,0.9409246575342465
1.0,1.0,2.0,1.0,1.0,1.0,39.0,32.0,0,0.5015625,1024.0,2.0,6400000.0,0.5273919092465753
1.0,1.0,4.0,8.0,13.0,8.0,369.0,1152.0,0,0.940625,0.00195312,0.0078125,6400000.0,0.9315313111545986
1.0,1.0,4.0,8.0,13.0,8.0,369.0,1152.0,0,0.940625,0.000976562,1.0,6400000.0,0.9315313111545986
1.0,1.0,4.0,1.0,1.0,1.0,63.0,32.0,0,0.5015625,32768.0,0.015625,6400000.0,0.5273919092465753
1.0,1.0,8.0,8.0,15.0,10.0,1875.0,1472.0,0,0.940625,0.0625,32.0,6400000.0,0.9417074363992171
1.0,1.0,4.0,1.0,1.0,1.0,63.0,32.0,0,0.5015625,0.00195312,8192.0,6400000.0,0.5273919092465753
1.0,1.0,8.0,12.0,24.0,21.0,2601.0,3232.0,0,0.9625,4.0,4.0,6400000.0,0.9444433402641877
1.0,1.0,8.0,14.0,27.0,22.0,2656.0,3392.0,0,0.95625,4.0,0.00390625,6400000.0,0.9393545132093932
1.0,1.0,4.0,6.0,11.0,8.0,347.0,1152.0,0,0.940625,0.00195312,8.0,6400000.0,0.9409246575342465
1.0,1.0,4.0,5.0,9.0,5.0,286.0,672.0,0,0.940625,0.00390625,64.0,6400000.0,0.9409246575342465
1.0,1.0,8.0,1.0,1.0,1.0,543.0,32.0,0,0.5015625,4.0,4096.0,6400000.0,0.5273919092465753
1.0,1.0,8.0,15.0,27.0,20.0,2633.0,3072.0,0,0.9625,0.125,0.25,6400000.0,0.940137292074364
1.0,1.0,8.0,1.0,1.0,1.0,543.0,32.0,0,0.5015625,2048.0,0.125,6400000.0,0.5273919092465753
1.0,1.0,8.0,8.0,13.0,8.0,1840.0,1152.0,0,0.940625,8.0,32.0,6400000.0,0.9417074363992171
1.0,1.0,2.0,1.0,1.0,1.0,39.0,32.0,0,0.5015625,8192.0,0.5,6400000.0,0.5273919092465753
1.0,1.0,2.0,1.0,1.0,1.0,39.0,32.0,0,0.5015625,1024.0,2048.0,6400000.0,0.5273919092465753
1.0,1.0,8.0,12.0,24.0,21.0,2601.0,3232.0,0,0.9625,8.0,0.03125,6400000.0,0.9444433402641877
1.0,1.0,8.0,1.0,1.0,1.0,543.0,32.0,0,0.5015625,0.0625,32768.0,6400000.0,0.5273919092465753
1.0,1.0,4.0,8.0,13.0,8.0,369.0,1152.0,0,0.940625,0.00390625,0.0625,6400000.0,0.9315313111545986
1.0,1.0,8.0,1.0,1.0,1.0,543.0,32.0,0,0.5015625,2048.0,128.0,6400000.0,0.5273919092465753
1.0,1.0,4.0,8.0,13.0,8.0,369.0,1152.0,0,0.940625,0.0078125,0.0,6400000.0,0.9315313111545986
1.0,1.0,8.0,1.0,1.0,1.0,543.0,32.0,0,0.5015625,0.00195312,4096.0,6400000.0,0.5273919092465753
1.0,1.0,4.0,8.0,13.0,8.0,369.0,1152.0,0,0.940625,0.0078125,0.5,6400000.0,0.9315313111545986
1.0,1.0,4.0,7.0,12.0,8.0,358.0,1152.0,0,0.940625,0.015625,4.0,6400000.0,0.9315313111545986
1.0,1.0,8.0,15.0,27.0,20.0,2633.0,3072.0,0,0.9625,0.25,0.00195312,6400000.0,0.940137292074364
1.0,1.0,8.0,5.0,9.0,5.0,1486.0,672.0,0,0.940625,0.125,256.0,6400000.0,0.9033657962328766
1.0,1.0,8.0,1.0,1.0,1.0,543.0,32.0,0,0.5015625,8.0,32768.0,6400000.0,0.5273919092465753
1.0,1.0,4.0,8.0,13.0,8.0,369.0,1152.0,0,0.940625,0.015625,0.00390625,6400000.0,0.9315313111545986
1.0,1.0,4.0,1.0,1.0,1.0,63.0,32.0,0,0.5015625,0.0078125,512.0,6400000.0,0.5273919092465753
1.0,1.0,4.0,1.0,1.0,1.0,63.0,32.0,0,0.5015625,0.03125,32768.0,6400000.0,0.5273919092465753
1.0,1.0,4.0,1.0,1.0,1.0,63.0,32.0,0,0.5015625,32768.0,16384.0,6400000.0,0.5273919092465753
1.0,1.0,4.0,8.0,13.0,8.0,369.0,1152.0,0,0.940625,0.03125,0.03125,6400000.0,0.9315313111545986
1.0,1.0,8.0,15.0,27.0,20.0,2633.0,3072.0,0,0.9625,0.00390625,0.03125,6400000.0,0.940137292074364
1.0,1.0,4.0,5.0,9.0,5.0,286.0,672.0,0,0.940625,0.03125,32.0,6400000.0,0.9409246575342465
1.0,1.0,8.0,14.0,26.0,19.0,2621.0,2912.0,0,0.9625,0.015625,1.0,6400000.0,0.940137292074364
1.0,1.0,4.0,5.0,9.0,5.0,286.0,672.0,0,0.940625,0.0625,256.0,6400000.0,0.9033657962328766
1.0,1.0,8.0,1.0,1.0,1.0,543.0,32.0,0,0.5015625,512.0,0.00390625,6400000.0,0.5273919092465753
1.0,1.0,4.0,8.0,13.0,8.0,369.0,1152.0,0,0.940625,0.125,0.00195312,6400000.0,0.9315313111545986
1.0,1.0,4.0,1.0,1.0,1.0,63.0,32.0,0,0.5015625,32768.0,16.0,6400000.0,0.5273919092465753
1.0,1.0,4.0,1.0,1.0,1.0,63.0,32.0,0,0.5015625,0.015625,4096.0,6400000.0,0.5273919092465753
1.0,1.0,4.0,8.0,13.0,8.0,369.0,1152.0,0,0.940625,0.0625,0.25,6400000.0,0.9315313111545986
1.0,1.0,8.0,1.0,1.0,1.0,543.0,32.0,0,0.5015625,4096.0,0.000976562,6400000.0,0.5273919092465753
1.0,1.0,8.0,1.0,1.0,1.0,543.0,32.0,0,0.5015625,512.0,4.0,6400000.0,0.5273919092465753
1.0,1.0,8.0,14.0,26.0,20.0,2622.0,3072.0,0,0.9625,0.25,2.0,6400000.0,0.9385717343444228
1.0,1.0,4.0,1.0,1.0,1.0,63.0,32.0,0,0.5015625,0.125,2048.0,6400000.0,0.5273919092465753
1.0,1.0,8.0,8.0,16.0,11.0,1908.0,1632.0,0,0.95625,16.0,0.25,6400000.0,0.9491400134540117
1.0,1.0,8.0,1.0,1.0,1.0,543.0,32.0,0,0.5015625,0.25,2048.0,6400000.0,0.5273919092465753
1.0,1.0,8.0,15.0,27.0,20.0,2633.0,3072.0,0,0.9625,0.5,0.015625,6400000.0,0.940137292074364
1.0,1.0,8.0,8.0,16.0,11.0,1908.0,1632.0,0,0.95625,32.0,0.00195312,6400000.0,0.9491400134540117
1.0,1.0,4.0,1.0,1.0,1.0,63.0,32.0,0,0.5015625,0.25,16384.0,6400000.0,0.5273919092465753
1.0,1.0,8.0,4.0,7.0,4.0,1186.0,512.0,0,0.9078125,16.0,256.0,6400000.0,0.9033657962328766
1.0,1.0,8.0,8.0,16.0,11.0,1908.0,1632.0,0,0.95625,32.0,2.0,6400000.0,0.9491400134540117
1.0,1.0,8.0,1.0,1.0,1.0,543.0,32.0,0,0.5015625,4096.0,1.0,6400000.0,0.5273919092465753
1.0,1.0,4.0,7.0,12.0,8.0,358.0,1152.0,0,0.940625,0.125,2.0,6400000.0,0.9315313111545986
1.0,1.0,4.0,8.0,13.0,8.0,369.0,1152.0,0,0.940625,0.5,0.125,6400000.0,0.9315313111545986
1.0,1.0,2.0,1.0,1.0,1.0,39.0,32.0,0,0.5015625,2048.0,0.015625,6400000.0,0.5273919092465753
1.0,1.0,4.0,5.0,9.0,5.0,286.0,672.0,0,0.940625,0.25,16.0,6400000.0,0.9409246575342465
1.0,1.0,8.0,1.0,1.0,1.0,543.0,32.0,0,0.5015625,32.0,2048.0,6400000.0,0.5273919092465753
1.0,1.0,8.0,8.0,15.0,10.0,1875.0,1472.0,0,0.940625,0.00390625,32.0,6400000.0,0.9417074363992171
1.0,1.0,8.0,1.0,1.0,1.0,543.0,32.0,0,0.5015625,0.015625,1024.0,6400000.0,0.5273919092465753
1.0,1.0,4.0,7.0,12.0,8.0,358.0,1152.0,0,0.940625,1.0,1.0,6400000.0,0.9315313111545986
1.0,1.0,4.0,8.0,13.0,8.0,369.0,1152.0,0,0.940625,1.0,0.000976562,6400000.0,0.9315313111545986
1.0,1.0,8.0,8.0,15.0,10.0,1875.0,1472.0,0,0.940625,0.5,16.0,6400000.0,0.9417074363992171
1.0,1.0,4.0,8.0,13.0,8.0,369.0,1152.0,0,0.940625,0.25,0.015625,6400000.0,0.9315313111545986
1.0,1.0,4.0,5.0,9.0,5.0,286.0,672.0,0,0.940625,0.5,128.0,6400000.0,0.9409246575342465
1.0,1.0,8.0,1.0,1.0,1.0,543.0,32.0,0,0.5015625,4096.0,1024.0,6400000.0,0.5273919092465753
1.0,1.0,8.0,5.0,9.0,5.0,1486.0,672.0,0,0.940625,64.0,0.015625,6400000.0,0.9409246575342465
1.0,1.0,2.0,1.0,1.0,1.0,39.0,32.0,0,0.5015625,8192.0,512.0,6400000.0,0.5273919092465753
1.0,1.0,8.0,1.0,1.0,1.0,543.0,32.0,0,0.5015625,512.0,4096.0,6400000.0,0.5273919092465753
1.0,1.0,4.0,7.0,12.0,8.0,358.0,1152.0,0,0.940625,2.0,0.0078125,6400000.0,0.9315313111545986
1.0,1.0,8.0,15.0,27.0,20.0,2633.0,3072.0,0,0.9625,0.0,0.125,6400000.0,0.940137292074364
1.0,1.0,8.0,5.0,9.0,5.0,1486.0,672.0,0,0.940625,128.0,0.125,6400000.0,0.9409246575342465
1.0,1.0,4.0,1.0,1.0,1.0,63.0,32.0,0,0.5015625,2.0,8192.0,6400000.0,0.5273919092465753
1.0,1.0,8.0,1.0,1.0,1.0,543.0,32.0,0,0.5015625,64.0,16384.0,6400000.0,0.5273919092465753
1.0,1.0,8.0,5.0,9.0,5.0,1486.0,672.0,0,0.940625,64.0,16.0,6400000.0,0.9409246575342465
1.0,1.0,8.0,1.0,1.0,1.0,543.0,32.0,0,0.5015625,8192.0,0.0078125,6400000.0,0.5273919092465753
1.0,1.0,4.0,1.0,1.0,1.0,63.0,32.0,0,0.5015625,1.0,1024.0,6400000.0,0.5273919092465753
1.0,1.0,8.0,15.0,27.0,20.0,2633.0,3072.0,0,0.9625,0.03125,0.0078125,6400000.0,0.940137292074364
1.0,1.0,8.0,1.0,1.0,1.0,543.0,32.0,0,0.5015625,0.00390625,32768.0,6400000.0,0.5273919092465753
1.0,1.0,2.0,1.0,1.0,1.0,39.0,32.0,0,0.5015625,2048.0,16.0,6400000.0,0.5273919092465753
1.0,1.0,4.0,5.0,9.0,5.0,286.0,672.0,0,0.940625,2.0,8.0,6400000.0,0.9409246575342465
1.0,1.0,8.0,1.0,1.0,1.0,543.0,32.0,0,0.5015625,0.5,16384.0,6400000.0,0.5273919092465753
1.0,1.0,4.0,7.0,12.0,8.0,358.0,1152.0,0,0.940625,4.0,0.0625,6400000.0,0.9315313111545986
1.0,1.0,4.0,5.0,9.0,5.0,286.0,672.0,0,0.940625,4.0,64.0,6400000.0,0.9409246575342465
1.0,1.0,8.0,5.0,9.0,5.0,1486.0,672.0,0,0.940625,0.0,128.0,6400000.0,0.9409246575342465
1.0,1.0,8.0,1.0,1.0,1.0,543.0,32.0,0,0.5015625,1024.0,0.03125,6400000.0,0.5273919092465753
1.0,1.0,8.0,1.0,1.0,1.0,543.0,32.0,0,0.5015625,8192.0,8.0,6400000.0,0.5273919092465753
1.0,1.0,8.0,14.0,26.0,19.0,2621.0,2912.0,0,0.9625,1.0,0.125,6400000.0,0.940137292074364
1.0,1.0,4.0,1.0,1.0,1.0,63.0,32.0,0,0.5015625,16.0,4096.0,6400000.0,0.5273919092465753
1.0,1.0,4.0,6.0,11.0,8.0,347.0,1152.0,0,0.940625,8.0,0.5,6400000.0,0.9409246575342465
1.0,1.0,4.0,1.0,1.0,1.0,63.0,32.0,0,0.5015625,8.0,512.0,6400000.0,0.5273919092465753
1.0,1.0,4.0,5.0,9.0,5.0,286.0,672.0,0,0.940625,32.0,32.0,6400000.0,0.9409246575342465
1.0,1.0,4.0,5.0,9.0,5.0,286.0,672.0,0,0.940625,32.0,0.03125,6400000.0,0.9409246575342465
1.0,1.0,4.0,6.0,11.0,8.0,347.0,1152.0,0,0.940625,8.0,0.0,6400000.0,0.9409246575342465
1.0,1.0,4.0,5.0,9.0,5.0,286.0,672.0,0,0.940625,16.0,4.0,6400000.0,0.9409246575342465
1.0,1.0,4.0,5.0,9.0,5.0,286.0,672.0,0,0.940625,16.0,0.00390625,6400000.0,0.9409246575342465
1.0,1.0,8.0,14.0,26.0,20.0,2622.0,3072.0,0,0.9625,2.0,0.000976562,6400000.0,0.9409200709393346
1.0,1.0,4.0,1.0,1.0,1.0,63.0,32.0,0,0.5015625,32.0,32768.0,6400000.0,0.5273919092465753
1.0,1.0,8.0,5.0,9.0,5.0,1486.0,672.0,0,0.940625,1.0,128.0,6400000.0,0.9409246575342465
1.0,1.0,4.0,5.0,9.0,5.0,286.0,672.0,0,0.940625,256.0,0.015625,6400000.0,0.9033657962328766
1.0,1.0,8.0,5.0,9.0,5.0,1486.0,672.0,0,0.940625,128.0,128.0,6400000.0,0.9033657962328766
1.0,1.0,8.0,5.0,9.0,5.0,1486.0,672.0,0,0.940625,256.0,0.000976562,6400000.0,0.9033657962328766
1.0,1.0,8.0,12.0,24.0,21.0,2601.0,3232.0,0,0.9625,0.03125,8.0,6400000.0,0.9389638882093934
1.0,1.0,4.0,4.0,7.0,4.0,226.0,512.0,0,0.9078125,64.0,256.0,6400000.0,0.9033657962328766
1.0,1.0,4.0,5.0,9.0,5.0,286.0,672.0,0,0.940625,128.0,0.00195312,6400000.0,0.9409246575342465
1.0,1.0,8.0,14.0,26.0,19.0,2621.0,2912.0,0,0.9625,0.000976562,1.0,6400000.0,0.940137292074364
1.0,1.0,8.0,14.0,26.0,20.0,2622.0,3072.0,0,0.9625,2.0,1.0,6400000.0,0.9385717343444228
1.0,1.0,4.0,1.0,1.0,1.0,63.0,32.0,0,0.5015625,128.0,2048.0,6400000.0,0.5273919092465753
1.0,1.0,8.0,1.0,1.0,1.0,543.0,32.0,0,0.5015625,8192.0,8192.0,6400000.0,0.5273919092465753
1.0,1.0,2.0,1.0,1.0,1.0,39.0,32.0,0,0.5015625,16384.0,0.00390625,6400000.0,0.5273919092465753
1.0,1.0,8.0,1.0,1.0,1.0,543.0,32.0,0,0.5015625,1024.0,32.0,6400000.0,0.5273919092465753
1.0,1.0,4.0,1.0,1.0,1.0,63.0,32.0,0,0.5015625,256.0,16384.0,6400000.0,0.5273919092465753
1.0,1.0,4.0,5.0,9.0,5.0,286.0,672.0,0,0.940625,64.0,0.25,6400000.0,0.9409246575342465
1.0,1.0,8.0,5.0,9.0,5.0,1486.0,672.0,0,0.940625,256.0,1.0,6400000.0,0.9033657962328766
1.0,1.0,4.0,1.0,1.0,1.0,63.0,32.0,0,0.5015625,512.0,128.0,6400000.0,0.5273919092465753
1.0,1.0,2.0,1.0,1.0,1.0,39.0,32.0,0,0.5015625,2048.0,16384.0,6400000.0,0.5273919092465753
1.0,1.0,4.0,4.0,7.0,4.0,226.0,512.0,0,0.9078125,256.0,16.0,6400000.0,0.9033657962328766
1.0,1.0,4.0,1.0,1.0,1.0,63.0,32.0,0,0.5015625,1024.0,1.0,6400000.0,0.5273919092465753
1.0,1.0,8.0,15.0,27.0,20.0,2633.0,3072.0,0,0.9625,0.000976562,0.000976562,6400000.0,0.940137292074364
1.0,1.0,8.0,15.0,27.0,20.0,2633.0,3072.0,0,0.9625,0.0078125,0.25,6400000.0,0.940137292074364
1.0,1.0,4.0,5.0,9.0,5.0,286.0,672.0,0,0.940625,128.0,2.0,6400000.0,0.9409246575342465
1.0,1.0,8.0,1.0,1.0,1.0,543.0,32.0,0,0.5015625,0.000976562,1024.0,6400000.0,0.5273919092465753
1.0,1.0,4.0,1.0,1.0,1.0,63.0,32.0,0,0.5015625,4096.0,64.0,6400000.0,0.5273919092465753
1.0,1.0,4.0,1.0,1.0,1.0,63.0,32.0,0,0.5015625,512.0,0.125,6400000.0,0.5273919092465753
1.0,1.0,4.0,1.0,1.0,1.0,63.0,32.0,0,0.5015625,2048.0,0.0078125,6400000.0,0.5273919092465753
1.0,1.0,4.0,1.0,1.0,1.0,63.0,32.0,0,0.5015625,2048.0,8.0,6400000.0,0.5273919092465753
1.0,1.0,2.0,1.0,1.0,1.0,39.0,32.0,0,0.5015625,4096.0,0.125,6400000.0,0.5273919092465753
1.0,1.0,8.0,1.0,1.0,1.0,543.0,32.0,0,0.5015625,0.03125,8192.0,6400000.0,0.5273919092465753
1.0,1.0,4.0,1.0,1.0,1.0,63.0,32.0,0,0.5015625,1024.0,0.000976562,6400000.0,0.5273919092465753
1.0,1.0,8.0,5.0,9.0,5.0,1486.0,672.0,0,0.940625,0.0078125,256.0,6400000.0,0.9033657962328766
1.0,1.0,8.0,1.0,1.0,1.0,543.0,32.0,0,0.5015625,16384.0,0.0625,6400000.0,0.5273919092465753
1.0,1.0,2.0,1.0,1.0,1.0,39.0,32.0,0,0.5015625,16384.0,4.0,6400000.0,0.5273919092465753
1.0,1.0,4.0,1.0,1.0,1.0,63.0,32.0,0,0.5015625,1024.0,1024.0,6400000.0,0.5273919092465753
1.0,1.0,2.0,1.0,1.0,1.0,39.0,32.0,0,0.5015625,4096.0,128.0,6400000.0,0.5273919092465753
1.0,1.0,8.0,15.0,27.0,20.0,2633.0,3072.0,0,0.9625,0.00195312,0.0078125,6400000.0,0.940137292074364
1.0,1.0,8.0,15.0,27.0,20.0,2633.0,3072.0,0,0.9625,0.0625,0.0625,6400000.0,0.940137292074364
1.0,1.0,4.0,1.0,1.0,1.0,63.0,32.0,0,0.5015625,4096.0,0.0625,6400000.0,0.5273919092465753
1.0,1.0,4.0,1.0,1.0,1.0,63.0,32.0,0,0.5015625,8192.0,0.0,6400000.0,0.5273919092465753
1.0,1.0,4.0,1.0,1.0,1.0,63.0,32.0,0,0.5015625,2048.0,8192.0,6400000.0,0.5273919092465753
1.0,1.0,8.0,1.0,1.0,1.0,543.0,32.0,0,0.5015625,2.0,1024.0,6400000.0,0.5273919092465753
1.0,1.0,2.0,1.0,1.0,1.0,39.0,32.0,0,0.5015625,16384.0,4096.0,6400000.0,0.5273919092465753
1.0,1.0,4.0,1.0,1.0,1.0,63.0,32.0,0,0.5015625,8192.0,512.0,6400000.0,0.5273919092465753
1.0,1.0,4.0,1.0,1.0,1.0,63.0,32.0,0,0.5015625,16384.0,4.0,6400000.0,0.5273919092465753
1.0,1.0,2.0,1.0,1.0,1.0,39.0,32.0,0,0.5015625,32768.0,0.03125,6400000.0,0.5273919092465753
1.0,1.0,2.0,1.0,1.0,1.0,39.0,32.0,0,0.5015625,8192.0,0.000976562,6400000.0,0.5273919092465753
1.0,1.0,4.0,8.0,13.0,8.0,369.0,1152.0,0,0.940625,0.0,0.25,6400000.0,0.9315313111545986
1.0,1.0,4.0,1.0,1.0,1.0,63.0,32.0,0,0.5015625,8192.0,0.5,6400000.0,0.5273919092465753
1.0,1.0,4.0,1.0,1.0,1.0,63.0,32.0,0,0.5015625,16384.0,4096.0,6400000.0,0.5273919092465753
1.0,1.0,8.0,1.0,1.0,1.0,543.0,32.0,0,0.5015625,1024.0,32768.0,6400000.0,0.5273919092465753
1.0,1.0,2.0,1.0,1.0,1.0,39.0,32.0,0,0.5015625,32768.0,32768.0,6400000.0,0.5273919092465753
1.0,1.0,8.0,12.0,24.0,21.0,2601.0,3232.0,0,0.9625,0.00195312,8.0,6400000.0,0.9389638882093934
1.0,1.0,4.0,1.0,1.0,1.0,63.0,32.0,0,0.5015625,16384.0,0.00390625,6400000.0,0.5273919092465753
1.0,1.0,8.0,1.0,1.0,1.0,543.0,32.0,0,0.5015625,256.0,1024.0,6400000.0,0.5273919092465753
1.0,1.0,2.0,1.0,1.0,1.0,39.0,32.0,0,0.5015625,32768.0,32.0,6400000.0,0.5273919092465753
1.0,1.0,4.0,8.0,13.0,8.0,369.0,1152.0,0,0.940625,0.000976562,0.00195312,6400000.0,0.9315313111545986
1.0,1.0,4.0,1.0,1.0,1.0,63.0,32.0,0,0.5015625,0.000976562,2048.0,6400000.0,0.5273919092465753
1.0,1.0,4.0,8.0,13.0,8.0,369.0,1152.0,0,0.940625,0.00195312,0.015625,6400000.0,0.9315313111545986
1.0,1.0,8.0,15.0,27.0,20.0,2633.0,3072.0,0,0.9625,0.015625,0.00195312,6400000.0,0.940137292074364
1.0,1.0,4.0,7.0,12.0,8.0,358.0,1152.0,0,0.940625,0.000976562,2.0,6400000.0,0.9315313111545986
1.0,1.0,4.0,5.0,9.0,5.0,286.0,672.0,0,0.940625,0.0,256.0,6400000.0,0.9033657962328766
1.0,1.0,8.0,1.0,1.0,1.0,543.0,32.0,0,0.5015625,16384.0,64.0,6400000.0,0.5273919092465753
1.0,1.0,8.0,9.0,18.0,11.0,2207.0,1632.0,0,0.95625,4.0,8.0,6400000.0,0.9436605613992171
1.0,1.0,4.0,1.0,1.0,1.0,63.0,32.0,0,0.5015625,32768.0,0.03125,6400000.0,0.5273919092465753
1.0,1.0,8.0,5.0,9.0,5.0,1486.0,672.0,0,0.940625,0.0625,64.0,6400000.0,0.9409246575342465
1.0,1.0,8.0,14.0,27.0,22.0,2656.0,3392.0,0,0.95625,4.0,0.0078125,6400000.0,0.9393545132093932
1.0,1.0,4.0,5.0,9.0,5.0,286.0,672.0,0,0.940625,0.00195312,16.0,6400000.0,0.9409246575342465
1.0,1.0,4.0,1.0,1.0,1.0,63.0,32.0,0,0.5015625,0.00195312,16384.0,6400000.0,0.5273919092465753
1.0,1.0,4.0,5.0,9.0,5.0,286.0,672.0,0,0.940625,0.00390625,128.0,6400000.0,0.9409246575342465
1.0,1.0,8.0,5.0,9.0,5.0,1486.0,672.0,0,0.940625,8.0,64.0,6400000.0,0.9409246575342465
1.0,1.0,8.0,1.0,1.0,1.0,543.0,32.0,0,0.5015625,4.0,8192.0,6400000.0,0.5273919092465753
1.0,1.0,8.0,14.0,25.0,19.0,2589.0,2912.0,0,0.9625,0.125,0.5,6400000.0,0.940137292074364
1.0,1.0,8.0,12.0,24.0,21.0,2601.0,3232.0,0,0.9625,8.0,0.0625,6400000.0,0.9444433402641877
1.0,1.0,8.0,1.0,1.0,1.0,543.0,32.0,0,0.5015625,2048.0,0.25,6400000.0,0.5273919092465753
1.0,1.0,2.0,1.0,1.0,1.0,39.0,32.0,0,0.5015625,8192.0,1.0,6400000.0,0.5273919092465753
1.0,1.0,4.0,8.0,13.0,8.0,369.0,1152.0,0,0.940625,0.00390625,0.125,6400000.0,0.9315313111545986
1.0,1.0,8.0,15.0,27.0,20.0,2633.0,3072.0,0,0.9625,0.125,0.0,6400000.0,0.940137292074364
1.0,1.0,8.0,1.0,1.0,1.0,543.0,32.0,0,0.5015625,2048.0,256.0,6400000.0,0.5273919092465753
1.0,1.0,4.0,6.0,11.0,8.0,347.0,1152.0,0,0.940625,0.015625,8.0,6400000.0,0.9409246575342465
1.0,1.0,4.0,8.0,13.0,8.0,369.0,1152.0,0,0.940625,0.0078125,1.0,6400000.0,0.9315313111545986
1.0,1.0,8.0,1.0,1.0,1.0,543.0,32.0,0,0.5015625,0.00195312,8192.0,6400000.0,0.5273919092465753
1.0,1.0,4.0,8.0,13.0,8.0,369.0,1152.0,0,0.940625,0.0078125,0.000976562,6400000.0,0.9315313111545986
1.0,1.0,4.0,8.0,13.0,8.0,369.0,1152.0,0,0.940625,0.015625,0.0078125,6400000.0,0.9315313111545986
1.0,1.0,8.0,8.0,16.0,11.0,1908.0,1632.0,0,0.95625,16.0,0.0,6400000.0,0.9491400134540117
1.0,1.0,4.0,1.0,1.0,1.0,63.0,32.0,0,0.5015625,0.0078125,1024.0,6400000.0,0.5273919092465753
1.0,1.0,8.0,1.0,1.0,1.0,543.0,32.0,0,0.5015625,0.125,512.0,6400000.0,0.5273919092465753
1.0,1.0,4.0,8.0,13.0,8.0,369.0,1152.0,0,0.940625,0.0625,0.0,6400000.0,0.9315313111545986
1.0,1.0,4.0,8.0,13.0,8.0,369.0,1152.0,0,0.940625,0.03125,0.0625,6400000.0,0.9315313111545986
1.0,1.0,8.0,15.0,27.0,20.0,2633.0,3072.0,0,0.9625,0.25,0.00390625,6400000.0,0.940137292074364
1.0,1.0,4.0,5.0,9.0,5.0,286.0,672.0,0,0.940625,0.03125,64.0,6400000.0,0.9409246575342465
1.0,1.0,4.0,1.0,1.0,1.0,63.0,32.0,0,0.5015625,32768.0,32768.0,6400000.0,0.5273919092465753
1.0,1.0,8.0,15.0,27.0,20.0,2633.0,3072.0,0,0.9625,0.00390625,0.0625,6400000.0,0.940137292074364
1.0,1.0,8.0,1.0,1.0,1.0,543.0,32.0,0,0.5015625,512.0,0.0078125,6400000.0,0.5273919092465753
1.0,1.0,4.0,1.0,1.0,1.0,63.0,32.0,0,0.5015625,0.0625,512.0,6400000.0,0.5273919092465753
1.0,1.0,8.0,14.0,26.0,20.0,2622.0,3072.0,0,0.9625,0.015625,2.0,6400000.0,0.9409200709393346
1.0,1.0,4.0,8.0,13.0,8.0,369.0,1152.0,0,0.940625,0.125,0.00390625,6400000.0,0.9315313111545986
1.0,1.0,4.0,1.0,1.0,1.0,63.0,32.0,0,0.5015625,0.015625,8192.0,6400000.0,0.5273919092465753
1.0,1.0,4.0,1.0,1.0,1.0,63.0,32.0,0,0.5015625,32768.0,32.0,6400000.0,0.5273919092465753
1.0,1.0,4.0,8.0,13.0,8.0,369.0,1152.0,0,0.940625,0.0625,0.5,6400000.0,0.9315313111545986
1.0,1.0,8.0,1.0,1.0,1.0,543.0,32.0,0,0.5015625,512.0,8.0,6400000.0,0.5273919092465753
1.0,1.0,4.0,1.0,1.0,1.0,63.0,32.0,0,0.5015625,0.125,4096.0,6400000.0,0.5273919092465753
1.0,1.0,8.0,1.0,1.0,1.0,543.0,32.0,0,0.5015625,4096.0,0.00195312,6400000.0,0.5273919092465753
1.0,1.0,8.0,14.0,27.0,22.0,2656.0,3392.0,0,0.95625,0.25,4.0,6400000.0,0.9432684075342465
1.0,1.0,8.0,8.0,16.0,11.0,1908.0,1632.0,0,0.95625,16.0,0.5,6400000.0,0.9491400134540117
1.0,1.0,8.0,1.0,1.0,1.0,543.0,32.0,0,0.5015625,0.25,4096.0,6400000.0,0.5273919092465753
1.0,1.0,8.0,1.0,1.0,1.0,543.0,32.0,0,0.5015625,32768.0,0.0,6400000.0,0.5273919092465753
1.0,1.0,8.0,8.0,16.0,11.0,1908.0,1632.0,0,0.95625,32.0,0.00390625,6400000.0,0.9491400134540117
1.0,1.0,8.0,15.0,27.0,20.0,2633.0,3072.0,0,0.9625,0.5,0.03125,6400000.0,0.940137292074364
1.0,1.0,4.0,1.0,1.0,1.0,63.0,32.0,0,0.5015625,0.25,32768.0,6400000.0,0.5273919092465753
1.0,1.0,8.0,8.0,16.0,11.0,1908.0,1632.0,0,0.95625,32.0,4.0,6400000.0,0.9491400134540117
1.0,1.0,8.0,1.0,1.0,1.0,543.0,32.0,0,0.5015625,16.0,512.0,6400000.0,0.5273919092465753
1.0,1.0,8.0,1.0,1.0,1.0,543.0,32.0,0,0.5015625,4096.0,2.0,6400000.0,0.5273919092465753
1.0,1.0,8.0,1.0,1.0,1.0,543.0,32.0,0,0.5015625,32.0,4096.0,6400000.0,0.5273919092465753
1.0,1.0,8.0,1.0,1.0,1.0,543.0,32.0,0,0.5015625,0.015625,2048.0,6400000.0,0.5273919092465753
1.0,1.0,4.0,8.0,13.0,8.0,369.0,1152.0,0,0.940625,0.5,0.25,6400000.0,0.9315313111545986
1.0,1.0,8.0,1.0,1.0,1.0,543.0,32.0,0,0.5015625,32768.0,0.5,6400000.0,0.5273919092465753
1.0,1.0,4.0,5.0,9.0,5.0,286.0,672.0,0,0.940625,0.25,32.0,6400000.0,0.9409246575342465
1.0,1.0,4.0,7.0,12.0,8.0,358.0,1152.0,0,0.940625,0.125,4.0,6400000.0,0.9315313111545986
1.0,1.0,8.0,5.0,9.0,5.0,1486.0,672.0,0,0.940625,0.00390625,64.0,6400000.0,0.9409246575342465
1.0,1.0,8.0,8.0,15.0,10.0,1875.0,1472.0,0,0.940625,0.5,32.0,6400000.0,0.9417074363992171
1.0,1.0,4.0,7.0,12.0,8.0,358.0,1152.0,0,0.940625,1.0,2.0,6400000.0,0.9315313111545986
1.0,1.0,4.0,8.0,13.0,8.0,369.0,1152.0,0,0.940625,0.25,0.03125,6400000.0,0.9315313111545986
1.0,1.0,4.0,8.0,13.0,8.0,369.0,1152.0,0,0.940625,1.0,0.00195312,6400000.0,0.9315313111545986
1.0,1.0,8.0,1.0,1.0,1.0,543.0,32.0,0,0.5015625,4096.0,2048.0,6400000.0,0.5273919092465753
1.0,1.0,4.0,5.0,9.0,5.0,286.0,672.0,0,0.940625,0.5,256.0,6400000.0,0.9033657962328766
1.0,1.0,8.0,5.0,9.0,5.0,1486.0,672.0,0,0.940625,64.0,0.03125,6400000.0,0.9409246575342465
1.0,1.0,8.0,1.0,1.0,1.0,543.0,32.0,0,0.5015625,512.0,8192.0,6400000.0,0.5273919092465753
1.0,1.0,4.0,7.0,12.0,8.0,358.0,1152.0,0,0.940625,2.0,0.015625,6400000.0,0.9315313111545986
1.0,1.0,2.0,1.0,1.0,1.0,39.0,32.0,0,0.5015625,8192.0,1024.0,6400000.0,0.5273919092465753
1.0,1.0,8.0,1.0,1.0,1.0,543.0,32.0,0,0.5015625,64.0,32768.0,6400000.0,0.5273919092465753
1.0,1.0,8.0,5.0,9.0,5.0,1486.0,672.0,0,0.940625,64.0,32.0,6400000.0,0.9409246575342465
1.0,1.0,4.0,1.0,1.0,1.0,63.0,32.0,0,0.5015625,2.0,16384.0,6400000.0,0.5273919092465753
1.0,1.0,8.0,5.0,9.0,5.0,1486.0,672.0,0,0.940625,128.0,0.25,6400000.0,0.9409246575342465
1.0,1.0,8.0,15.0,27.0,20.0,2633.0,3072.0,0,0.9625,0.0,0.25,6400000.0,0.940137292074364
1.0,1.0,8.0,15.0,27.0,20.0,2633.0,3072.0,0,0.9625,0.0078125,0.0,6400000.0,0.940137292074364
1.0,1.0,4.0,1.0,1.0,1.0,63.0,32.0,0,0.5015625,1.0,2048.0,6400000.0,0.5273919092465753
1.0,1.0,8.0,1.0,1.0,1.0,543.0,32.0,0,0.5015625,8192.0,0.015625,6400000.0,0.5273919092465753
1.0,1.0,8.0,1.0,1.0,1.0,543.0,32.0,0,0.5015625,0.5,32768.0,6400000.0,0.5273919092465753
1.0,1.0,8.0,1.0,1.0,1.0,543.0,32.0,0,0.5015625,32768.0,512.0,6400000.0,0.5273919092465753
1.0,1.0,4.0,5.0,9.0,5.0,286.0,672.0,0,0.940625,2.0,16.0,6400000.0,0.9409246575342465
1.0,1.0,8.0,15.0,27.0,20.0,2633.0,3072.0,0,0.9625,0.03125,0.015625,6400000.0,0.940137292074364
1.0,1.0,4.0,7.0,12.0,8.0,358.0,1152.0,0,0.940625,4.0,0.125,6400000.0,0.9315313111545986
1.0,1.0,4.0,5.0,9.0,5.0,286.0,672.0,0,0.940625,4.0,128.0,6400000.0,0.9409246575342465
1.0,1.0,8.0,5.0,9.0,5.0,1486.0,672.0,0,0.940625,0.0,256.0,6400000.0,0.9033657962328766
1.0,1.0,8.0,1.0,1.0,1.0,543.0,32.0,0,0.5015625,1024.0,0.0625,6400000.0,0.5273919092465753
1.0,1.0,4.0,1.0,1.0,1.0,63.0,32.0,0,0.5015625,16.0,8192.0,6400000.0,0.5273919092465753
1.0,1.0,8.0,14.0,26.0,19.0,2621.0,2912.0,0,0.9625,1.0,0.25,6400000.0,0.9385717343444228
1.0,1.0,8.0,1.0,1.0,1.0,543.0,32.0,0,0.5015625,8192.0,16.0,6400000.0,0.5273919092465753
1.0,1.0,4.0,6.0,11.0,8.0,347.0,1152.0,0,0.940625,8.0,1.0,6400000.0,0.9409246575342465
1.0,1.0,4.0,5.0,9.0,5.0,286.0,672.0,0,0.940625,32.0,64.0,6400000.0,0.9409246575342465
1.0,1.0,4.0,5.0,9.0,5.0,286.0,672.0,0,0.940625,32.0,0.0625,6400000.0,0.9409246575342465
2.0,2.0,1.0,2.0,5.0,4.0,146.0,384.0,0,0.5015625,0.0,0.00390625,6400000.0,0.5430474865459882
1.0,1.0,4.0,1.0,1.0,1.0,63.0,32.0,0,0.5015625,8.0,1024.0,6400000.0,0.5273919092465753
1.0,1.0,4.0,6.0,11.0,8.0,347.0,1152.0,0,0.940625,8.0,0.000976562,6400000.0,0.9409246575342465
1.0,1.0,4.0,5.0,9.0,5.0,286.0,672.0,0,0.940625,16.0,8.0,6400000.0,0.9409246575342465
1.0,1.0,8.0,5.0,9.0,5.0,1486.0,672.0,0,0.940625,1.0,256.0,6400000.0,0.9033657962328766
1.0,1.0,4.0,5.0,9.0,5.0,286.0,672.0,0,0.940625,16.0,0.0078125,6400000.0,0.9409246575342465
1.0,1.0,4.0,5.0,9.0,5.0,286.0,672.0,0,0.940625,256.0,0.03125,6400000.0,0.9033657962328766
1.0,1.0,8.0,4.0,7.0,4.0,1186.0,512.0,0,0.9078125,128.0,256.0,6400000.0,0.9033657962328766
1.0,1.0,8.0,14.0,26.0,20.0,2622.0,3072.0,0,0.9625,2.0,0.00195312,6400000.0,0.9409200709393346
1.0,1.0,8.0,8.0,15.0,10.0,1875.0,1472.0,0,0.940625,0.03125,16.0,6400000.0,0.9417074363992171
1.0,1.0,8.0,5.0,9.0,5.0,1486.0,672.0,0,0.940625,256.0,0.00195312,6400000.0,0.9033657962328766
1.0,1.0,4.0,1.0,1.0,1.0,63.0,32.0,0,0.5015625,64.0,512.0,6400000.0,0.5273919092465753
1.0,1.0,8.0,1.0,1.0,1.0,543.0,32.0,0,0.5015625,1024.0,64.0,6400000.0,0.5273919092465753
1.0,1.0,4.0,5.0,9.0,5.0,286.0,672.0,0,0.940625,64.0,0.0,6400000.0,0.9409246575342465
1.0,1.0,4.0,1.0,1.0,1.0,63.0,32.0,0,0.5015625,128.0,4096.0,6400000.0,0.5273919092465753
1.0,1.0,4.0,5.0,9.0,5.0,286.0,672.0,0,0.940625,128.0,0.00390625,6400000.0,0.9409246575342465
1.0,1.0,4.0,1.0,1.0,1.0,63.0,32.0,0,0.5015625,256.0,32768.0,6400000.0,0.5273919092465753
1.0,1.0,8.0,1.0,1.0,1.0,543.0,32.0,0,0.5015625,8192.0,16384.0,6400000.0,0.5273919092465753
1.0,1.0,8.0,14.0,27.0,22.0,2656.0,3392.0,0,0.95625,2.0,2.0,6400000.0,0.9393545132093932
1.0,1.0,4.0,5.0,9.0,5.0,286.0,672.0,0,0.940625,64.0,0.5,6400000.0,0.9409246575342465
1.0,1.0,2.0,1.0,1.0,1.0,39.0,32.0,0,0.5015625,16384.0,0.0078125,6400000.0,0.5273919092465753
1.0,1.0,8.0,14.0,26.0,20.0,2622.0,3072.0,0,0.9625,0.000976562,2.0,6400000.0,0.9409200709393346
1.0,1.0,8.0,5.0,9.0,5.0,1486.0,672.0,0,0.940625,256.0,2.0,6400000.0,0.9033657962328766
1.0,1.0,4.0,1.0,1.0,1.0,63.0,32.0,0,0.5015625,512.0,256.0,6400000.0,0.5273919092465753
1.0,1.0,8.0,15.0,27.0,20.0,2633.0,3072.0,0,0.9625,0.000976562,0.00195312,6400000.0,0.940137292074364
1.0,1.0,8.0,15.0,27.0,20.0,2633.0,3072.0,0,0.9625,0.0078125,0.5,6400000.0,0.940137292074364
1.0,1.0,4.0,5.0,9.0,5.0,286.0,672.0,0,0.940625,128.0,4.0,6400000.0,0.9409246575342465
1.0,1.0,4.0,4.0,7.0,4.0,226.0,512.0,0,0.9078125,256.0,32.0,6400000.0,0.9033657962328766
1.0,1.0,8.0,1.0,1.0,1.0,543.0,32.0,0,0.5015625,0.000976562,2048.0,6400000.0,0.5273919092465753
1.0,1.0,4.0,1.0,1.0,1.0,63.0,32.0,0,0.5015625,1024.0,2.0,6400000.0,0.5273919092465753
2.0,2.0,1.0,2.0,5.0,4.0,146.0,384.0,0,0.5015625,0.0,4.0,6400000.0,0.5430474865459882
1.0,1.0,8.0,1.0,1.0,1.0,543.0,32.0,0,0.5015625,0.03125,16384.0,6400000.0,0.5273919092465753
1.0,1.0,4.0,1.0,1.0,1.0,63.0,32.0,0,0.5015625,512.0,0.25,6400000.0,0.5273919092465753
1.0,2.0,1.0,1.0,1.0,1.0,35.0,32.0,0,0.5015625,0.0,4096.0,6400000.0,0.5273919092465753
1.0,1.0,4.0,1.0,1.0,1.0,63.0,32.0,0,0.5015625,2048.0,0.015625,6400000.0,0.5273919092465753
1.0,1.0,4.0,1.0,1.0,1.0,63.0,32.0,0,0.5015625,4096.0,128.0,6400000.0,0.5273919092465753
1.0,1.0,8.0,1.0,1.0,1.0,543.0,32.0,0,0.5015625,0.0078125,512.0,6400000.0,0.5273919092465753
1.0,1.0,4.0,1.0,1.0,1.0,63.0,32.0,0,0.5015625,1024.0,2048.0,6400000.0,0.5273919092465753
1.0,1.0,4.0,1.0,1.0,1.0,63.0,32.0,0,0.5015625,1024.0,0.00195312,6400000.0,0.5273919092465753
1.0,1.0,4.0,1.0,1.0,1.0,63.0,32.0,0,0.5015625,2048.0,16.0,6400000.0,0.5273919092465753
1.0,1.0,2.0,1.0,1.0,1.0,39.0,32.0,0,0.5015625,16384.0,8.0,6400000.0,0.5273919092465753
1.0,1.0,8.0,15.0,27.0,20.0,2633.0,3072.0,0,0.9625,0.00195312,0.015625,6400000.0,0.940137292074364
1.0,1.0,8.0,15.0,27.0,20.0,2633.0,3072.0,0,0.9625,0.0625,0.125,6400000.0,0.940137292074364
2.0,2.0,1.0,2.0,5.0,4.0,146.0,384.0,0,0.5015625,0.000976562,0.03125,6400000.0,0.5430474865459882
1.0,1.0,8.0,1.0,1.0,1.0,543.0,32.0,0,0.5015625,16384.0,0.125,6400000.0,0.5273919092465753
1.0,1.0,4.0,1.0,1.0,1.0,63.0,32.0,0,0.5015625,4096.0,0.125,6400000.0,0.5273919092465753
1.0,1.0,4.0,1.0,1.0,1.0,63.0,32.0,0,0.5015625,8192.0,0.000976562,6400000.0,0.5273919092465753
1.0,1.0,4.0,1.0,1.0,1.0,63.0,32.0,0,0.5015625,2048.0,16384.0,6400000.0,0.5273919092465753
1.0,1.0,2.0,1.0,1.0,1.0,39.0,32.0,0,0.5015625,32768.0,0.0625,6400000.0,0.5273919092465753
2.0,2.0,1.0,2.0,5.0,4.0,146.0,384.0,0,0.5015625,0.000976562,32.0,6400000.0,0.5430474865459882
1.0,1.0,2.0,1.0,1.0,1.0,39.0,32.0,0,0.5015625,16384.0,8192.0,6400000.0,0.5273919092465753
1.0,1.0,8.0,1.0,1.0,1.0,543.0,32.0,0,0.5015625,2.0,2048.0,6400000.0,0.5273919092465753
1.0,1.0,4.0,1.0,1.0,1.0,63.0,32.0,0,0.5015625,8192.0,1024.0,6400000.0,0.5273919092465753
1.0,2.0,1.0,1.0,1.0,1.0,35.0,32.0,0,0.5015625,0.000976562,32768.0,6400000.0,0.5273919092465753
1.0,1.0,4.0,8.0,13.0,8.0,369.0,1152.0,0,0.940625,0.0,0.5,6400000.0,0.9315313111545986
1.0,1.0,4.0,1.0,1.0,1.0,63.0,32.0,0,0.5015625,16384.0,8.0,6400000.0,0.5273919092465753
1.0,1.0,4.0,10.0,15.0,10.0,408.0,1472.0,0,0.940625,0.0,0.0,6400000.0,0.9315313111545986
2.0,2.0,1.0,2.0,5.0,4.0,146.0,384.0,0,0.5015625,0.00195312,0.25,6400000.0,0.5430474865459882
1.0,1.0,4.0,1.0,1.0,1.0,63.0,32.0,0,0.5015625,8192.0,1.0,6400000.0,0.5273919092465753
1.0,1.0,8.0,1.0,1.0,1.0,543.0,32.0,0,0.5015625,256.0,2048.0,6400000.0,0.5273919092465753
1.0,1.0,4.0,1.0,1.0,1.0,63.0,32.0,0,0.5015625,16384.0,8192.0,6400000.0,0.5273919092465753
1.0,1.0,2.0,1.0,1.0,1.0,39.0,32.0,0,0.5015625,32768.0,64.0,6400000.0,0.5273919092465753
1.0,1.0,8.0,1.0,1.0,1.0,543.0,32.0,0,0.5015625,2048.0,0.0,6400000.0,0.5273919092465753
1.0,1.0,4.0,8.0,13.0,8.0,369.0,1152.0,0,0.940625,0.000976562,0.00390625,6400000.0,0.9315313111545986
1.0,1.0,4.0,1.0,1.0,1.0,63.0,32.0,0,0.5015625,16384.0,0.0078125,6400000.0,0.5273919092465753
1.0,1.0,8.0,8.0,15.0,10.0,1875.0,1472.0,0,0.940625,0.00195312,16.0,6400000.0,0.9417074363992171
1.0,1.0,4.0,1.0,1.0,1.0,63.0,32.0,0,0.5015625,0.000976562,4096.0,6400000.0,0.5273919092465753
1.0,1.0,8.0,8.0,15.0,10.0,1875.0,1472.0,0,0.940625,4.0,16.0,6400000.0,0.9417074363992171
1.0,1.0,4.0,7.0,12.0,8.0,358.0,1152.0,0,0.940625,0.000976562,4.0,6400000.0,0.9315313111545986
1.0,1.0,4.0,8.0,13.0,8.0,369.0,1152.0,0,0.940625,0.00195312,0.03125,6400000.0,0.9315313111545986
1.0,1.0,4.0,1.0,1.0,1.0,63.0,32.0,0,0.5015625,0.0,512.0,6400000.0,0.5273919092465753
1.0,1.0,8.0,15.0,27.0,20.0,2633.0,3072.0,0,0.9625,0.015625,0.00390625,6400000.0,0.940137292074364
1.0,1.0,8.0,1.0,1.0,1.0,543.0,32.0,0,0.5015625,16384.0,128.0,6400000.0,0.5273919092465753
1.0,1.0,4.0,1.0,1.0,1.0,63.0,32.0,0,0.5015625,32768.0,0.0625,6400000.0,0.5273919092465753
1.0,1.0,8.0,5.0,9.0,5.0,1486.0,672.0,0,0.940625,0.0625,128.0,6400000.0,0.9409246575342465
1.0,1.0,4.0,5.0,9.0,5.0,286.0,672.0,0,0.940625,0.00390625,256.0,6400000.0,0.9033657962328766
1.0,1.0,8.0,14.0,26.0,19.0,2621.0,2912.0,0,0.9625,0.125,1.0,6400000.0,0.940137292074364
1.0,1.0,8.0,5.0,9.0,5.0,1486.0,672.0,0,0.940625,8.0,128.0,6400000.0,0.9409246575342465
1.0,1.0,4.0,1.0,1.0,1.0,63.0,32.0,0,0.5015625,0.00195312,32768.0,6400000.0,0.5273919092465753
1.0,1.0,4.0,5.0,9.0,5.0,286.0,672.0,0,0.940625,0.00195312,32.0,6400000.0,0.9409246575342465
1.0,1.0,8.0,1.0,1.0,1.0,543.0,32.0,0,0.5015625,2048.0,512.0,6400000.0,0.5273919092465753
1.0,1.0,8.0,1.0,1.0,1.0,543.0,32.0,0,0.5015625,4.0,16384.0,6400000.0,0.5273919092465753
1.0,1.0,4.0,5.0,9.0,5.0,286.0,672.0,0,0.940625,0.015625,16.0,6400000.0,0.9409246575342465
1.0,1.0,8.0,15.0,27.0,20.0,2633.0,3072.0,0,0.9625,0.125,0.000976562,6400000.0,0.940137292074364
1.0,1.0,8.0,14.0,27.0,22.0,2656.0,3392.0,0,0.95625,4.0,0.015625,6400000.0,0.9393545132093932
1.0,1.0,4.0,8.0,13.0,8.0,369.0,1152.0,0,0.940625,0.00390625,0.25,6400000.0,0.9315313111545986
1.0,1.0,8.0,12.0,24.0,21.0,2601.0,3232.0,0,0.9625,8.0,0.125,6400000.0,0.9444433402641877
1.0,1.0,8.0,1.0,1.0,1.0,543.0,32.0,0,0.5015625,2048.0,0.5,6400000.0,0.5273919092465753
1.0,1.0,4.0,8.0,13.0,8.0,369.0,1152.0,0,0.940625,0.0078125,0.00195312,6400000.0,0.9315313111545986
1.0,1.0,4.0,7.0,12.0,8.0,358.0,1152.0,0,0.940625,0.0078125,2.0,6400000.0,0.9315313111545986
2.0,2.0,1.0,2.0,5.0,4.0,146.0,384.0,0,0.5015625,0.00195312,256.0,6400000.0,0.5430474865459882
2.0,2.0,1.0,2.0,5.0,4.0,146.0,384.0,0,0.5015625,0.00390625,0.00195312,6400000.0,0.5430474865459882
1.0,1.0,8.0,1.0,1.0,1.0,543.0,32.0,0,0.5015625,0.00195312,16384.0,6400000.0,0.5273919092465753
1.0,1.0,4.0,8.0,13.0,8.0,369.0,1152.0,0,0.940625,0.015625,0.015625,6400000.0,0.9315313111545986
1.0,1.0,8.0,8.0,16.0,11.0,1908.0,1632.0,0,0.95625,16.0,0.000976562,6400000.0,0.9491400134540117
1.0,1.0,4.0,1.0,1.0,1.0,63.0,32.0,0,0.5015625,0.0078125,2048.0,6400000.0,0.5273919092465753
1.0,1.0,8.0,15.0,27.0,20.0,2633.0,3072.0,0,0.9625,0.25,0.0078125,6400000.0,0.940137292074364
1.0,1.0,4.0,8.0,13.0,8.0,369.0,1152.0,0,0.940625,0.03125,0.125,6400000.0,0.9315313111545986
1.0,1.0,8.0,1.0,1.0,1.0,543.0,32.0,0,0.5015625,0.125,1024.0,6400000.0,0.5273919092465753
2.0,2.0,1.0,2.0,5.0,4.0,146.0,384.0,0,0.5015625,0.00390625,2.0,6400000.0,0.5430474865459882
1.0,1.0,4.0,8.0,13.0,8.0,369.0,1152.0,0,0.940625,0.0625,0.000976562,6400000.0,0.9315313111545986
1.0,1.0,4.0,5.0,9.0,5.0,286.0,672.0,0,0.940625,0.03125,128.0,6400000.0,0.9409246575342465
1.0,1.0,8.0,17.0,31.0,24.0,2723.0,3712.0,0,0.9625,0.0,0.0,6400000.0,0.940137292074364
1.0,1.0,4.0,1.0,1.0,1.0,63.0,32.0,0,0.5015625,0.0625,1024.0,6400000.0,0.5273919092465753
1.0,1.0,8.0,15.0,27.0,20.0,2633.0,3072.0,0,0.9625,0.00390625,0.125,6400000.0,0.940137292074364
1.0,1.0,8.0,1.0,1.0,1.0,543.0,32.0,0,0.5015625,512.0,0.015625,6400000.0,0.5273919092465753
1.0,1.0,8.0,14.0,27.0,22.0,2656.0,3392.0,0,0.95625,0.015625,4.0,6400000.0,0.9393545132093932
1.0,1.0,4.0,7.0,12.0,8.0,358.0,1152.0,0,0.940625,0.0625,1.0,6400000.0,0.9315313111545986
1.0,2.0,1.0,1.0,1.0,1.0,35.0,32.0,0,0.5015625,0.00390625,2048.0,6400000.0,0.5273919092465753
1.0,1.0,4.0,1.0,1.0,1.0,63.0,32.0,0,0.5015625,0.015625,16384.0,6400000.0,0.5273919092465753
1.0,1.0,4.0,8.0,13.0,8.0,369.0,1152.0,0,0.940625,0.125,0.0078125,6400000.0,0.9315313111545986
1.0,1.0,4.0,1.0,1.0,1.0,63.0,32.0,0,0.5015625,0.125,8192.0,6400000.0,0.5273919092465753
1.0,1.0,4.0,1.0,1.0,1.0,63.0,32.0,0,0.5015625,32768.0,64.0,6400000.0,0.5273919092465753
1.0,1.0,8.0,1.0,1.0,1.0,543.0,32.0,0,0.5015625,512.0,16.0,6400000.0,0.5273919092465753
2.0,2.0,1.0,2.0,5.0,4.0,146.0,384.0,0,0.5015625,0.0078125,16.0,6400000.0,0.5430474865459882
1.0,1.0,8.0,1.0,1.0,1.0,543.0,32.0,0,0.5015625,32768.0,0.000976562,6400000.0,0.5273919092465753
1.0,1.0,8.0,1.0,1.0,1.0,543.0,32.0,0,0.5015625,4096.0,0.00390625,6400000.0,0.5273919092465753
1.0,1.0,8.0,8.0,16.0,11.0,1908.0,1632.0,0,0.95625,32.0,0.0078125,6400000.0,0.9491400134540117
1.0,1.0,8.0,12.0,24.0,21.0,2601.0,3232.0,0,0.9625,0.25,8.0,6400000.0,0.9389638882093934
1.0,1.0,8.0,1.0,1.0,1.0,543.0,32.0,0,0.5015625,0.25,8192.0,6400000.0,0.5273919092465753
2.0,2.0,1.0,2.0,5.0,4.0,146.0,384.0,0,0.5015625,0.0078125,0.015625,6400000.0,0.5430474865459882
1.0,1.0,8.0,15.0,27.0,20.0,2633.0,3072.0,0,0.9625,0.5,0.0625,6400000.0,0.940137292074364
1.0,1.0,8.0,8.0,16.0,11.0,1908.0,1632.0,0,0.95625,16.0,1.0,6400000.0,0.9491400134540117
1.0,1.0,8.0,8.0,15.0,9.0,1874.0,1312.0,0,0.95625,32.0,8.0,6400000.0,0.9436605613992171
1.0,1.0,4.0,8.0,13.0,8.0,369.0,1152.0,0,0.940625,0.5,0.0,6400000.0,0.9315313111545986
1.0,1.0,8.0,1.0,1.0,1.0,543.0,32.0,0,0.5015625,16.0,1024.0,6400000.0,0.5273919092465753
1.0,1.0,8.0,1.0,1.0,1.0,543.0,32.0,0,0.5015625,0.015625,4096.0,6400000.0,0.5273919092465753
1.0,1.0,8.0,1.0,1.0,1.0,543.0,32.0,0,0.5015625,4096.0,4.0,6400000.0,0.5273919092465753
1.0,1.0,8.0,1.0,1.0,1.0,543.0,32.0,0,0.5015625,32.0,8192.0,6400000.0,0.5273919092465753
1.0,1.0,8.0,5.0,9.0,5.0,1486.0,672.0,0,0.940625,0.00390625,128.0,6400000.0,0.9409246575342465
1.0,1.0,4.0,8.0,13.0,8.0,369.0,1152.0,0,0.940625,0.5,0.5,6400000.0,0.9315313111545986
1.0,1.0,4.0,5.0,9.0,5.0,286.0,672.0,0,0.940625,0.25,64.0,6400000.0,0.9409246575342465
1.0,1.0,4.0,6.0,11.0,8.0,347.0,1152.0,0,0.940625,0.125,8.0,6400000.0,0.9409246575342465
1.0,1.0,8.0,5.0,9.0,5.0,1486.0,672.0,0,0.940625,0.5,64.0,6400000.0,0.9409246575342465
1.0,1.0,4.0,8.0,13.0,8.0,369.0,1152.0,0,0.940625,1.0,0.00390625,6400000.0,0.9315313111545986
1.0,1.0,8.0,1.0,1.0,1.0,543.0,32.0,0,0.5015625,32768.0,1.0,6400000.0,0.5273919092465753
1.0,1.0,8.0,1.0,1.0,1.0,543.0,32.0,0,0.5015625,4096.0,4096.0,6400000.0,0.5273919092465753
1.0,1.0,4.0,8.0,13.0,8.0,369.0,1152.0,0,0.940625,0.25,0.0625,6400000.0,0.9315313111545986
1.0,1.0,8.0,5.0,9.0,5.0,1486.0,672.0,0,0.940625,64.0,0.0625,6400000.0,0.9409246575342465
1.0,2.0,1.0,1.0,1.0,1.0,35.0,32.0,0,0.5015625,0.0078125,16384.0,6400000.0,0.5273919092465753
1.0,1.0,4.0,7.0,12.0,8.0,358.0,1152.0,0,0.940625,1.0,4.0,6400000.0,0.9315313111545986
1.0,1.0,4.0,1.0,1.0,1.0,63.0,32.0,0,0.5015625,0.5,512.0,6400000.0,0.5273919092465753
1.0,1.0,8.0,1.0,1.0,1.0,543.0,32.0,0,0.5015625,512.0,16384.0,6400000.0,0.5273919092465753
2.0,2.0,1.0,2.0,5.0,4.0,146.0,384.0,0,0.5015625,0.015625,0.125,6400000.0,0.5430474865459882
1.0,1.0,8.0,5.0,9.0,5.0,1486.0,672.0,0,0.940625,128.0,0.0,6400000.0,0.9409246575342465
1.0,1.0,4.0,1.0,1.0,1.0,63.0,32.0,0,0.5015625,2.0,32768.0,6400000.0,0.5273919092465753
1.0,1.0,4.0,7.0,12.0,8.0,358.0,1152.0,0,0.940625,2.0,0.03125,6400000.0,0.9315313111545986
1.0,1.0,8.0,15.0,27.0,20.0,2633.0,3072.0,0,0.9625,0.0,0.5,6400000.0,0.940137292074364
1.0,1.0,8.0,5.0,9.0,5.0,1486.0,672.0,0,0.940625,64.0,64.0,6400000.0,0.9409246575342465
1.0,1.0,4.0,1.0,1.0,1.0,63.0,32.0,0,0.5015625,1.0,4096.0,6400000.0,0.5273919092465753
1.0,1.0,8.0,1.0,1.0,1.0,543.0,32.0,0,0.5015625,8192.0,0.03125,6400000.0,0.5273919092465753
1.0,1.0,8.0,5.0,9.0,5.0,1486.0,672.0,0,0.940625,128.0,0.5,6400000.0,0.9409246575342465
1.0,1.0,8.0,14.0,26.0,19.0,2621.0,2912.0,0,0.9625,1.0,0.0,6400000.0,0.940137292074364
1.0,1.0,8.0,15.0,27.0,20.0,2633.0,3072.0,0,0.9625,0.0078125,0.000976562,6400000.0,0.940137292074364
1.0,1.0,4.0,5.0,9.0,5.0,286.0,672.0,0,0.940625,2.0,32.0,6400000.0,0.9409246575342465
1.0,1.0,8.0,15.0,27.0,20.0,2633.0,3072.0,0,0.9625,0.03125,0.03125,6400000.0,0.940137292074364
1.0,1.0,4.0,7.0,12.0,8.0,358.0,1152.0,0,0.940625,4.0,0.25,6400000.0,0.9315313111545986
1.0,1.0,8.0,1.0,1.0,1.0,543.0,32.0,0,0.5015625,32768.0,1024.0,6400000.0,0.5273919092465753
1.0,1.0,4.0,5.0,9.0,5.0,286.0,672.0,0,0.940625,4.0,256.0,6400000.0,0.9033657962328766
1.0,1.0,8.0,1.0,1.0,1.0,543.0,32.0,0,0.5015625,0.0,512.0,6400000.0,0.5273919092465753
1.0,1.0,8.0,1.0,1.0,1.0,543.0,32.0,0,0.5015625,1024.0,0.125,6400000.0,0.5273919092465753
1.0,1.0,4.0,1.0,1.0,1.0,63.0,32.0,0,0.5015625,16.0,16384.0,6400000.0,0.5273919092465753
1.0,1.0,8.0,1.0,1.0,1.0,543.0,32.0,0,0.5015625,8192.0,32.0,6400000.0,0.5273919092465753
1.0,1.0,4.0,5.0,9.0,5.0,286.0,672.0,0,0.940625,8.0,2.0,6400000.0,0.9409246575342465
1.0,1.0,8.0,14.0,26.0,20.0,2622.0,3072.0,0,0.9625,1.0,0.5,6400000.0,0.9409200709393346
2.0,2.0,1.0,2.0,5.0,4.0,146.0,384.0,0,0.5015625,0.0,0.0078125,6400000.0,0.5430474865459882
1.0,1.0,4.0,5.0,9.0,5.0,286.0,672.0,0,0.940625,32.0,128.0,6400000.0,0.9409246575342465
1.0,1.0,4.0,1.0,1.0,1.0,63.0,32.0,0,0.5015625,8.0,2048.0,6400000.0,0.5273919092465753
1.0,1.0,4.0,6.0,11.0,8.0,347.0,1152.0,0,0.940625,8.0,0.00195312,6400000.0,0.9409246575342465
1.0,1.0,4.0,5.0,9.0,5.0,286.0,672.0,0,0.940625,32.0,0.125,6400000.0,0.9409246575342465
1.0,1.0,4.0,5.0,9.0,5.0,286.0,672.0,0,0.940625,16.0,16.0,6400000.0,0.9409246575342465
1.0,1.0,4.0,5.0,9.0,5.0,286.0,672.0,0,0.940625,16.0,0.015625,6400000.0,0.9409246575342465
1.0,1.0,4.0,5.0,9.0,5.0,286.0,672.0,0,0.940625,256.0,0.0625,6400000.0,0.9033657962328766
1.0,1.0,8.0,1.0,1.0,1.0,543.0,32.0,0,0.5015625,1.0,512.0,6400000.0,0.5273919092465753
1.0,1.0,4.0,5.0,9.0,5.0,286.0,672.0,0,0.940625,128.0,0.0078125,6400000.0,0.9409246575342465
1.0,1.0,8.0,14.0,26.0,20.0,2622.0,3072.0,0,0.9625,2.0,0.00390625,6400000.0,0.9409200709393346
1.0,1.0,8.0,8.0,15.0,10.0,1875.0,1472.0,0,0.940625,0.03125,32.0,6400000.0,0.9417074363992171
1.0,1.0,8.0,1.0,1.0,1.0,543.0,32.0,0,0.5015625,128.0,512.0,6400000.0,0.5273919092465753
1.0,1.0,4.0,1.0,1.0,1.0,63.0,32.0,0,0.5015625,64.0,1024.0,6400000.0,0.5273919092465753
1.0,1.0,8.0,5.0,9.0,5.0,1486.0,672.0,0,0.940625,256.0,0.00390625,6400000.0,0.9033657962328766
1.0,1.0,4.0,5.0,9.0,5.0,286.0,672.0,0,0.940625,64.0,0.000976562,6400000.0,0.9409246575342465
1.0,1.0,8.0,1.0,1.0,1.0,543.0,32.0,0,0.5015625,1024.0,128.0,6400000.0,0.5273919092465753
1.0,1.0,4.0,5.0,9.0,5.0,286.0,672.0,0,0.940625,64.0,1.0,6400000.0,0.9409246575342465
1.0,1.0,4.0,1.0,1.0,1.0,63.0,32.0,0,0.5015625,128.0,8192.0,6400000.0,0.5273919092465753
1.0,1.0,4.0,1.0,1.0,1.0,63.0,32.0,0,0.5015625,512.0,0.0,6400000.0,0.5273919092465753
1.0,1.0,8.0,13.0,26.0,22.0,2645.0,3392.0,0,0.95625,2.0,4.0,6400000.0,0.9428777825342465
1.0,1.0,8.0,5.0,9.0,5.0,1486.0,672.0,0,0.940625,256.0,4.0,6400000.0,0.9033657962328766
1.0,1.0,4.0,1.0,1.0,1.0,63.0,32.0,0,0.5015625,512.0,512.0,6400000.0,0.5273919092465753
1.0,1.0,8.0,1.0,1.0,1.0,543.0,32.0,0,0.5015625,8192.0,32768.0,6400000.0,0.5273919092465753
1.0,1.0,8.0,14.0,26.0,19.0,2621.0,2912.0,0,0.9625,0.0078125,1.0,6400000.0,0.940137292074364
1.0,1.0,8.0,14.0,27.0,22.0,2656.0,3392.0,0,0.95625,0.000976562,4.0,6400000.0,0.9393545132093932
2.0,2.0,1.0,2.0,5.0,4.0,146.0,384.0,0,0.5015625,0.015625,128.0,6400000.0,0.5430474865459882
1.0,1.0,8.0,15.0,27.0,20.0,2633.0,3072.0,0,0.9625,0.000976562,0.00390625,6400000.0,0.940137292074364
1.0,1.0,4.0,5.0,9.0,5.0,286.0,672.0,0,0.940625,128.0,8.0,6400000.0,0.9409246575342465
2.0,2.0,1.0,2.0,5.0,4.0,146.0,384.0,0,0.5015625,0.0,8.0,6400000.0,0.5430474865459882
1.0,1.0,8.0,1.0,1.0,1.0,543.0,32.0,0,0.5015625,0.000976562,4096.0,6400000.0,0.5273919092465753
1.0,1.0,8.0,1.0,1.0,1.0,543.0,32.0,0,0.5015625,0.03125,32768.0,6400000.0,0.5273919092465753
1.0,1.0,4.0,1.0,1.0,1.0,63.0,32.0,0,0.5015625,1024.0,4.0,6400000.0,0.5273919092465753
1.0,1.0,4.0,1.0,1.0,1.0,63.0,32.0,0,0.5015625,512.0,0.5,6400000.0,0.5273919092465753
1.0,1.0,4.0,4.0,7.0,4.0,226.0,512.0,0,0.9078125,256.0,64.0,6400000.0,0.9033657962328766
1.0,2.0,1.0,1.0,1.0,1.0,35.0,32.0,0,0.5015625,0.0,8192.0,6400000.0,0.5273919092465753
1.0,1.0,4.0,1.0,1.0,1.0,63.0,32.0,0,0.5015625,1024.0,4096.0,6400000.0,0.5273919092465753
1.0,1.0,4.0,1.0,1.0,1.0,63.0,32.0,0,0.5015625,2048.0,0.03125,6400000.0,0.5273919092465753
1.0,1.0,4.0,1.0,1.0,1.0,63.0,32.0,0,0.5015625,4096.0,256.0,6400000.0,0.5273919092465753
2.0,2.0,1.0,2.0,5.0,4.0,146.0,384.0,0,0.5015625,0.03125,0.000976562,6400000.0,0.5430474865459882
1.0,1.0,8.0,1.0,1.0,1.0,543.0,32.0,0,0.5015625,0.0078125,1024.0,6400000.0,0.5273919092465753
1.0,1.0,4.0,1.0,1.0,1.0,63.0,32.0,0,0.5015625,2048.0,32.0,6400000.0,0.5273919092465753
1.0,1.0,8.0,15.0,27.0,20.0,2633.0,3072.0,0,0.9625,0.0625,0.25,6400000.0,0.940137292074364
1.0,1.0,8.0,15.0,27.0,20.0,2633.0,3072.0,0,0.9625,0.00195312,0.03125,6400000.0,0.940137292074364
1.0,1.0,4.0,1.0,1.0,1.0,63.0,32.0,0,0.5015625,1024.0,0.00390625,6400000.0,0.5273919092465753
1.0,1.0,8.0,1.0,1.0,1.0,543.0,32.0,0,0.5015625,16384.0,0.25,6400000.0,0.5273919092465753
2.0,2.0,1.0,2.0,5.0,4.0,146.0,384.0,0,0.5015625,0.000976562,0.0625,6400000.0,0.5430474865459882
1.0,1.0,4.0,1.0,1.0,1.0,63.0,32.0,0,0.5015625,4096.0,0.25,6400000.0,0.5273919092465753
1.0,1.0,4.0,1.0,1.0,1.0,63.0,32.0,0,0.5015625,2048.0,32768.0,6400000.0,0.5273919092465753
1.0,1.0,4.0,1.0,1.0,1.0,63.0,32.0,0,0.5015625,8192.0,0.00195312,6400000.0,0.5273919092465753
2.0,2.0,1.0,2.0,5.0,4.0,146.0,384.0,0,0.5015625,0.03125,1.0,6400000.0,0.5430474865459882
1.0,1.0,4.0,1.0,1.0,1.0,63.0,32.0,0,0.5015625,8192.0,2048.0,6400000.0,0.5273919092465753
1.0,1.0,8.0,1.0,1.0,1.0,543.0,32.0,0,0.5015625,2.0,4096.0,6400000.0,0.5273919092465753
2.0,2.0,1.0,2.0,5.0,4.0,146.0,384.0,0,0.5015625,0.000976562,64.0,6400000.0,0.5430474865459882
1.0,1.0,4.0,1.0,1.0,1.0,63.0,32.0,0,0.5015625,16384.0,16.0,6400000.0,0.5273919092465753
2.0,2.0,1.0,2.0,5.0,4.0,146.0,384.0,0,0.5015625,0.0625,8.0,6400000.0,0.5430474865459882
2.0,2.0,1.0,2.0,5.0,4.0,146.0,384.0,0,0.5015625,0.0625,0.0078125,6400000.0,0.5430474865459882
2.0,2.0,1.0,2.0,5.0,4.0,146.0,384.0,0,0.5015625,0.00195312,0.0,6400000.0,0.5430474865459882
1.0,2.0,1.0,1.0,1.0,1.0,35.0,32.0,0,0.5015625,0.03125,1024.0,6400000.0,0.5273919092465753
1.0,1.0,8.0,1.0,1.0,1.0,543.0,32.0,0,0.5015625,256.0,4096.0,6400000.0,0.5273919092465753
1.0,1.0,8.0,1.0,1.0,1.0,543.0,32.0,0,0.5015625,2048.0,0.000976562,6400000.0,0.5273919092465753
1.0,1.0,4.0,1.0,1.0,1.0,63.0,32.0,0,0.5015625,16384.0,16384.0,6400000.0,0.5273919092465753
1.0,2.0,1.0,1.0,1.0,1.0,35.0,32.0,0,0.5015625,0.0625,8192.0,6400000.0,0.5273919092465753
2.0,2.0,1.0,2.0,5.0,4.0,146.0,384.0,0,0.5015625,0.00195312,0.5,6400000.0,0.5430474865459882
2.0,2.0,1.0,2.0,5.0,4.0,146.0,384.0,0,0.5015625,0.125,0.0625,6400000.0,0.5430474865459882
1.0,1.0,4.0,1.0,1.0,1.0,63.0,32.0,0,0.5015625,8192.0,2.0,6400000.0,0.5273919092465753
1.0,1.0,8.0,8.0,15.0,10.0,1875.0,1472.0,0,0.940625,0.00195312,32.0,6400000.0,0.9417074363992171
1.0,1.0,4.0,1.0,1.0,1.0,63.0,32.0,0,0.5015625,16384.0,0.015625,6400000.0,0.5273919092465753
2.0,2.0,1.0,2.0,5.0,4.0,146.0,384.0,0,0.5015625,0.125,64.0,6400000.0,0.5430474865459882
2.0,2.0,1.0,2.0,5.0,4.0,146.0,384.0,0,0.5015625,0.25,0.0,6400000.0,0.5430474865459882
1.0,1.0,8.0,8.0,15.0,10.0,1875.0,1472.0,0,0.940625,4.0,32.0,6400000.0,0.9417074363992171
2.0,2.0,1.0,2.0,5.0,4.0,146.0,384.0,0,0.5015625,0.25,0.5,6400000.0,0.5430474865459882
1.0,1.0,8.0,1.0,1.0,1.0,543.0,32.0,0,0.5015625,16384.0,256.0,6400000.0,0.5273919092465753
1.0,2.0,1.0,1.0,1.0,1.0,35.0,32.0,0,0.5015625,0.25,512.0,6400000.0,0.5273919092465753
1.0,1.0,8.0,15.0,27.0,20.0,2633.0,3072.0,0,0.9625,0.015625,0.0078125,6400000.0,0.940137292074364
1.0,1.0,4.0,1.0,1.0,1.0,63.0,32.0,0,0.5015625,32768.0,0.125,6400000.0,0.5273919092465753
2.0,2.0,1.0,2.0,5.0,4.0,146.0,384.0,0,0.5015625,0.5,0.00390625,6400000.0,0.5430474865459882
1.0,1.0,8.0,5.0,9.0,5.0,1486.0,672.0,0,0.940625,0.0625,256.0,6400000.0,0.9033657962328766
1.0,1.0,8.0,5.0,9.0,5.0,1486.0,672.0,0,0.940625,8.0,256.0,6400000.0,0.9033657962328766
1.0,1.0,8.0,14.0,26.0,20.0,2622.0,3072.0,0,0.9625,0.125,2.0,6400000.0,0.9385717343444228
1.0,1.0,8.0,1.0,1.0,1.0,543.0,32.0,0,0.5015625,2048.0,1024.0,6400000.0,0.5273919092465753
1.0,1.0,8.0,15.0,27.0,20.0,2633.0,3072.0,0,0.9625,0.125,0.00195312,6400000.0,0.940137292074364
2.0,2.0,1.0,2.0,5.0,4.0,146.0,384.0,0,0.5015625,0.5,4.0,6400000.0,0.5430474865459882
1.0,1.0,8.0,1.0,1.0,1.0,543.0,32.0,0,0.5015625,2048.0,1.0,6400000.0,0.5273919092465753
1.0,2.0,1.0,1.0,1.0,1.0,35.0,32.0,0,0.5015625,0.5,4096.0,6400000.0,0.5273919092465753
1.0,1.0,8.0,1.0,1.0,1.0,543.0,32.0,0,0.5015625,4.0,32768.0,6400000.0,0.5273919092465753
2.0,2.0,1.0,2.0,5.0,4.0,146.0,384.0,0,0.5015625,1.0,32.0,6400000.0,0.5430474865459882
1.0,1.0,8.0,14.0,27.0,22.0,2656.0,3392.0,0,0.95625,4.0,0.03125,6400000.0,0.9409200709393346
2.0,2.0,1.0,2.0,5.0,4.0,146.0,384.0,0,0.5015625,1.0,0.03125,6400000.0,0.5430474865459882
1.0,1.0,8.0,12.0,24.0,21.0,2601.0,3232.0,0,0.9625,8.0,0.25,6400000.0,0.9444433402641877
1.0,2.0,1.0,1.0,1.0,1.0,35.0,32.0,0,0.5015625,1.0,32768.0,6400000.0,0.5273919092465753
1.0,2.0,1.0,1.0,1.0,1.0,35.0,32.0,0,0.5015625,0.00195312,512.0,6400000.0,0.5273919092465753
2.0,2.0,1.0,2.0,5.0,4.0,146.0,384.0,0,0.5015625,0.00390625,0.00390625,6400000.0,0.5430474865459882
2.0,2.0,1.0,2.0,5.0,4.0,146.0,384.0,0,0.5015625,2.0,0.25,6400000.0,0.5430474865459882
2.0,2.0,1.0,2.0,5.0,4.0,146.0,384.0,0,0.5015625,4.0,2.0,6400000.0,0.5430474865459882
2.0,2.0,1.0,2.0,5.0,4.0,146.0,384.0,0,0.5015625,4.0,0.00195312,6400000.0,0.5430474865459882
1.0,1.0,8.0,8.0,16.0,11.0,1908.0,1632.0,0,0.95625,16.0,0.00195312,6400000.0,0.9491400134540117
1.0,1.0,8.0,1.0,1.0,1.0,543.0,32.0,0,0.5015625,0.00195312,32768.0,6400000.0,0.5273919092465753
2.0,2.0,1.0,2.0,5.0,4.0,146.0,384.0,0,0.5015625,2.0,256.0,6400000.0,0.5430474865459882
1.0,1.0,8.0,15.0,27.0,20.0,2633.0,3072.0,0,0.9625,0.0,0.000976562,6400000.0,0.940137292074364
1.0,1.0,8.0,15.0,27.0,20.0,2633.0,3072.0,0,0.9625,0.25,0.015625,6400000.0,0.940137292074364
1.0,2.0,1.0,1.0,1.0,1.0,35.0,32.0,0,0.5015625,4.0,2048.0,6400000.0,0.5273919092465753
1.0,1.0,8.0,1.0,1.0,1.0,543.0,32.0,0,0.5015625,0.125,2048.0,6400000.0,0.5273919092465753
1.0,1.0,8.0,15.0,27.0,20.0,2633.0,3072.0,0,0.9625,0.00390625,0.25,6400000.0,0.940137292074364
1.0,1.0,8.0,1.0,1.0,1.0,543.0,32.0,0,0.5015625,512.0,0.03125,6400000.0,0.5273919092465753
1.0,2.0,1.0,1.0,1.0,1.0,35.0,32.0,0,0.5015625,8.0,16384.0,6400000.0,0.5273919092465753
2.0,2.0,1.0,2.0,5.0,4.0,146.0,384.0,0,0.5015625,8.0,0.015625,6400000.0,0.5430474865459882
1.0,1.0,8.0,12.0,24.0,21.0,2601.0,3232.0,0,0.9625,0.015625,8.0,6400000.0,0.9389638882093934
2.0,2.0,1.0,2.0,5.0,4.0,146.0,384.0,0,0.5015625,0.00390625,4.0,6400000.0,0.5430474865459882
2.0,2.0,1.0,2.0,5.0,4.0,146.0,384.0,0,0.5015625,8.0,16.0,6400000.0,0.5430474865459882
1.0,2.0,1.0,1.0,1.0,1.0,35.0,32.0,0,0.5015625,0.00390625,4096.0,6400000.0,0.5273919092465753
2.0,2.0,1.0,2.0,5.0,4.0,146.0,384.0,0,0.5015625,32.0,1.0,6400000.0,0.5430474865459882
2.0,2.0,1.0,2.0,5.0,4.0,146.0,384.0,0,0.5015625,16.0,0.125,6400000.0,0.5430474865459882
2.0,2.0,1.0,2.0,5.0,4.0,146.0,384.0,0,0.5015625,32.0,0.000976562,6400000.0,0.5430474865459882
2.0,2.0,1.0,2.0,5.0,4.0,146.0,384.0,0,0.5015625,16.0,128.0,6400000.0,0.5430474865459882
1.0,1.0,4.0,1.0,1.0,1.0,63.0,32.0,0,0.5015625,32768.0,128.0,6400000.0,0.5273919092465753
1.0,1.0,8.0,1.0,1.0,1.0,543.0,32.0,0,0.5015625,512.0,32.0,6400000.0,0.5273919092465753
2.0,2.0,1.0,2.0,5.0,4.0,146.0,384.0,0,0.5015625,0.0078125,32.0,6400000.0,0.5430474865459882
2.0,2.0,1.0,2.0,5.0,4.0,146.0,384.0,0,0.5015625,0.0078125,0.03125,6400000.0,0.5430474865459882
1.0,1.0,8.0,1.0,1.0,1.0,543.0,32.0,0,0.5015625,0.25,16384.0,6400000.0,0.5273919092465753
1.0,1.0,8.0,8.0,15.0,10.0,1875.0,1472.0,0,0.940625,0.25,16.0,6400000.0,0.9417074363992171
1.0,1.0,8.0,8.0,16.0,11.0,1908.0,1632.0,0,0.95625,32.0,0.015625,6400000.0,0.9491400134540117
1.0,1.0,8.0,1.0,1.0,1.0,543.0,32.0,0,0.5015625,32768.0,0.00195312,6400000.0,0.5273919092465753
1.0,1.0,8.0,14.0,25.0,19.0,2589.0,2912.0,0,0.9625,0.5,0.125,6400000.0,0.940137292074364
1.0,1.0,8.0,8.0,13.0,8.0,1840.0,1152.0,0,0.940625,32.0,16.0,6400000.0,0.9417074363992171
1.0,1.0,8.0,8.0,16.0,11.0,1908.0,1632.0,0,0.95625,16.0,2.0,6400000.0,0.9491400134540117
1.0,1.0,8.0,1.0,1.0,1.0,543.0,32.0,0,0.5015625,4096.0,0.0078125,6400000.0,0.5273919092465753
1.0,1.0,8.0,1.0,1.0,1.0,543.0,32.0,0,0.5015625,16.0,2048.0,6400000.0,0.5273919092465753
2.0,2.0,1.0,2.0,5.0,4.0,146.0,384.0,0,0.5015625,64.0,0.0078125,6400000.0,0.5430474865459882
1.0,1.0,8.0,1.0,1.0,1.0,543.0,32.0,0,0.5015625,4096.0,8.0,6400000.0,0.5273919092465753
1.0,1.0,8.0,1.0,1.0,1.0,543.0,32.0,0,0.5015625,0.015625,8192.0,6400000.0,0.5273919092465753
1.0,1.0,8.0,1.0,1.0,1.0,543.0,32.0,0,0.5015625,32.0,16384.0,6400000.0,0.5273919092465753
1.0,2.0,1.0,1.0,1.0,1.0,35.0,32.0,0,0.5015625,32.0,1024.0,6400000.0,0.5273919092465753
1.0,1.0,8.0,5.0,9.0,5.0,1486.0,672.0,0,0.940625,0.00390625,256.0,6400000.0,0.9033657962328766
1.0,1.0,8.0,1.0,1.0,1.0,543.0,32.0,0,0.5015625,32768.0,2.0,6400000.0,0.5273919092465753
2.0,2.0,1.0,2.0,5.0,4.0,146.0,384.0,0,0.5015625,64.0,8.0,6400000.0,0.5430474865459882
1.0,1.0,8.0,5.0,9.0,5.0,1486.0,672.0,0,0.940625,64.0,0.125,6400000.0,0.9409246575342465
2.0,2.0,1.0,2.0,5.0,4.0,146.0,384.0,0,0.5015625,128.0,64.0,6400000.0,0.5430474865459882
1.0,1.0,8.0,1.0,1.0,1.0,543.0,32.0,0,0.5015625,4096.0,8192.0,6400000.0,0.5273919092465753
2.0,2.0,1.0,2.0,5.0,4.0,146.0,384.0,0,0.5015625,128.0,0.0625,6400000.0,0.5430474865459882
1.0,2.0,1.0,1.0,1.0,1.0,35.0,32.0,0,0.5015625,64.0,8192.0,6400000.0,0.5273919092465753
1.0,1.0,8.0,5.0,9.0,5.0,1486.0,672.0,0,0.940625,0.5,128.0,6400000.0,0.9409246575342465
1.0,2.0,1.0,1.0,1.0,1.0,35.0,32.0,0,0.5015625,0.0078125,32768.0,6400000.0,0.5273919092465753
2.0,2.0,1.0,2.0,5.0,4.0,146.0,384.0,0,0.5015625,256.0,0.0,6400000.0,0.5430474865459882
1.0,1.0,8.0,5.0,9.0,5.0,1486.0,672.0,0,0.940625,128.0,0.000976562,6400000.0,0.9409246575342465
1.0,1.0,8.0,1.0,1.0,1.0,543.0,32.0,0,0.5015625,512.0,32768.0,6400000.0,0.5273919092465753
2.0,2.0,1.0,2.0,5.0,4.0,146.0,384.0,0,0.5015625,0.015625,0.25,6400000.0,0.5430474865459882
2.0,2.0,1.0,2.0,5.0,4.0,146.0,384.0,0,0.5015625,256.0,0.5,6400000.0,0.5430474865459882
1.0,1.0,8.0,5.0,9.0,5.0,1486.0,672.0,0,0.940625,128.0,1.0,6400000.0,0.9409246575342465
1.0,1.0,8.0,14.0,26.0,19.0,2621.0,2912.0,0,0.9625,1.0,0.000976562,6400000.0,0.940137292074364
1.0,1.0,8.0,14.0,26.0,19.0,2621.0,2912.0,0,0.9625,0.0,1.0,6400000.0,0.940137292074364
1.0,1.0,8.0,1.0,1.0,1.0,543.0,32.0,0,0.5015625,8192.0,0.0625,6400000.0,0.5273919092465753
1.0,2.0,1.0,1.0,1.0,1.0,35.0,32.0,0,0.5015625,512.0,0.00390625,6400000.0,0.5273919092465753
1.0,2.0,1.0,1.0,1.0,1.0,35.0,32.0,0,0.5015625,256.0,512.0,6400000.0,0.5273919092465753
1.0,2.0,1.0,1.0,1.0,1.0,35.0,32.0,0,0.5015625,512.0,4096.0,6400000.0,0.5273919092465753
1.0,2.0,1.0,1.0,1.0,1.0,35.0,32.0,0,0.5015625,512.0,4.0,6400000.0,0.5273919092465753
1.0,1.0,8.0,15.0,27.0,20.0,2633.0,3072.0,0,0.9625,0.03125,0.0625,6400000.0,0.940137292074364
1.0,1.0,8.0,15.0,27.0,20.0,2633.0,3072.0,0,0.9625,0.0078125,0.00195312,6400000.0,0.940137292074364
1.0,1.0,8.0,5.0,9.0,5.0,1486.0,672.0,0,0.940625,64.0,128.0,6400000.0,0.9409246575342465
1.0,1.0,8.0,1.0,1.0,1.0,543.0,32.0,0,0.5015625,32768.0,2048.0,6400000.0,0.5273919092465753
1.0,2.0,1.0,1.0,1.0,1.0,35.0,32.0,0,0.5015625,1024.0,0.03125,6400000.0,0.5273919092465753
1.0,1.0,8.0,1.0,1.0,1.0,543.0,32.0,0,0.5015625,1024.0,0.25,6400000.0,0.5273919092465753
1.0,1.0,8.0,1.0,1.0,1.0,543.0,32.0,0,0.5015625,0.0,1024.0,6400000.0,0.5273919092465753
1.0,1.0,8.0,1.0,1.0,1.0,543.0,32.0,0,0.5015625,8192.0,64.0,6400000.0,0.5273919092465753
1.0,2.0,1.0,1.0,1.0,1.0,35.0,32.0,0,0.5015625,1024.0,32768.0,6400000.0,0.5273919092465753
1.0,2.0,1.0,1.0,1.0,1.0,35.0,32.0,0,0.5015625,1024.0,32.0,6400000.0,0.5273919092465753
1.0,1.0,8.0,14.0,26.0,20.0,2622.0,3072.0,0,0.9625,1.0,1.0,6400000.0,0.9409200709393346
2.0,2.0,1.0,2.0,5.0,4.0,146.0,384.0,0,0.5015625,0.0,0.015625,6400000.0,0.5430474865459882
1.0,2.0,1.0,1.0,1.0,1.0,35.0,32.0,0,0.5015625,4096.0,2048.0,6400000.0,0.5273919092465753
1.0,2.0,1.0,1.0,1.0,1.0,35.0,32.0,0,0.5015625,4096.0,0.00195312,6400000.0,0.5273919092465753
1.0,2.0,1.0,1.0,1.0,1.0,35.0,32.0,0,0.5015625,2048.0,256.0,6400000.0,0.5273919092465753
1.0,2.0,1.0,1.0,1.0,1.0,35.0,32.0,0,0.5015625,2048.0,0.25,6400000.0,0.5273919092465753
1.0,2.0,1.0,1.0,1.0,1.0,35.0,32.0,0,0.5015625,4096.0,2.0,6400000.0,0.5273919092465753
1.0,1.0,8.0,14.0,26.0,20.0,2622.0,3072.0,0,0.9625,2.0,0.0078125,6400000.0,0.9409200709393346
1.0,2.0,1.0,1.0,1.0,1.0,35.0,32.0,0,0.5015625,8192.0,16.0,6400000.0,0.5273919092465753
1.0,1.0,8.0,1.0,1.0,1.0,543.0,32.0,0,0.5015625,128.0,1024.0,6400000.0,0.5273919092465753
1.0,2.0,1.0,1.0,1.0,1.0,35.0,32.0,0,0.5015625,8192.0,0.015625,6400000.0,0.5273919092465753
1.0,1.0,8.0,1.0,1.0,1.0,543.0,32.0,0,0.5015625,1.0,1024.0,6400000.0,0.5273919092465753
1.0,1.0,8.0,5.0,9.0,5.0,1486.0,672.0,0,0.940625,256.0,0.0078125,6400000.0,0.9033657962328766
1.0,2.0,1.0,1.0,1.0,1.0,35.0,32.0,0,0.5015625,16384.0,128.0,6400000.0,0.5273919092465753
1.0,1.0,8.0,5.0,9.0,5.0,1486.0,672.0,0,0.940625,0.03125,64.0,6400000.0,0.9409246575342465
1.0,2.0,1.0,1.0,1.0,1.0,35.0,32.0,0,0.5015625,8192.0,16384.0,6400000.0,0.5273919092465753
1.0,2.0,1.0,1.0,1.0,1.0,35.0,32.0,0,0.5015625,32768.0,0.000976562,6400000.0,0.5273919092465753
1.0,2.0,1.0,1.0,1.0,1.0,35.0,32.0,0,0.5015625,16384.0,0.125,6400000.0,0.5273919092465753
1.0,1.0,8.0,1.0,1.0,1.0,543.0,32.0,0,0.5015625,1024.0,256.0,6400000.0,0.5273919092465753
1.0,1.0,8.0,1.0,1.0,1.0,543.0,32.0,0,0.5015625,16384.0,0.0,6400000.0,0.5273919092465753
1.0,2.0,1.0,1.0,1.0,1.0,35.0,32.0,0,0.5015625,32768.0,1.0,6400000.0,0.5273919092465753
2.0,2.0,1.0,2.0,5.0,4.0,146.0,384.0,0,0.5015625,0.015625,256.0,6400000.0,0.5430474865459882
1.0,1.0,8.0,9.0,18.0,11.0,2207.0,1632.0,0,0.95625,2.0,8.0,6400000.0,0.9436605613992171
1.0,2.0,1.0,1.0,1.0,1.0,35.0,32.0,0,0.5015625,32768.0,1024.0,6400000.0,0.5273919092465753
1.0,1.0,8.0,5.0,9.0,5.0,1486.0,672.0,0,0.940625,256.0,8.0,6400000.0,0.9033657962328766
1.0,1.0,8.0,14.0,26.0,20.0,2622.0,3072.0,0,0.9625,0.0078125,2.0,6400000.0,0.9409200709393346
2.0,2.0,2.0,4.0,9.0,6.0,247.0,704.0,0,0.9078125,0.0,0.0078125,6400000.0,0.9033657962328766
2.0,2.0,2.0,4.0,9.0,6.0,247.0,704.0,0,0.9078125,0.0,8.0,6400000.0,0.9033657962328766
1.0,1.0,8.0,1.0,1.0,1.0,543.0,32.0,0,0.5015625,0.000976562,8192.0,6400000.0,0.5273919092465753
2.0,2.0,1.0,2.0,5.0,4.0,146.0,384.0,0,0.5015625,0.0,16.0,6400000.0,0.5430474865459882
1.0,2.0,2.0,1.0,1.0,1.0,39.0,32.0,0,0.5015625,0.0,8192.0,6400000.0,0.5273919092465753
1.0,1.0,8.0,15.0,27.0,20.0,2633.0,3072.0,0,0.9625,0.0625,0.0,6400000.0,0.940137292074364
1.0,1.0,8.0,12.0,24.0,21.0,2601.0,3232.0,0,0.9625,0.000976562,8.0,6400000.0,0.9389638882093934
1.0,1.0,8.0,15.0,27.0,20.0,2633.0,3072.0,0,0.9625,0.000976562,0.0078125,6400000.0,0.940137292074364
2.0,2.0,2.0,4.0,9.0,6.0,247.0,704.0,0,0.9078125,0.000976562,0.0625,6400000.0,0.9033657962328766
1.0,2.0,1.0,1.0,1.0,1.0,35.0,32.0,0,0.5015625,0.0,16384.0,6400000.0,0.5273919092465753
2.0,2.0,2.0,3.0,8.0,6.0,233.0,704.0,0,0.75,0.000976562,64.0,6400000.0,0.8047356592465753
1.0,2.0,2.0,1.0,1.0,1.0,39.0,32.0,0,0.5015625,0.00195312,512.0,6400000.0,0.5273919092465753
2.0,2.0,2.0,4.0,9.0,6.0,247.0,704.0,0,0.9078125,0.00390625,0.00390625,6400000.0,0.9033657962328766
1.0,1.0,8.0,1.0,1.0,1.0,543.0,32.0,0,0.5015625,0.0078125,2048.0,6400000.0,0.5273919092465753
2.0,2.0,2.0,4.0,9.0,6.0,247.0,704.0,0,0.9078125,0.00195312,0.5,6400000.0,0.9033657962328766
2.0,2.0,2.0,4.0,9.0,6.0,247.0,704.0,0,0.9078125,0.00195312,0.0,6400000.0,0.9033657962328766
1.0,1.0,8.0,15.0,27.0,20.0,2633.0,3072.0,0,0.9625,0.0625,0.5,6400000.0,0.940137292074364
2.0,2.0,2.0,4.0,9.0,6.0,247.0,704.0,0,0.9078125,0.00390625,4.0,6400000.0,0.9033657962328766
1.0,1.0,8.0,15.0,27.0,20.0,2633.0,3072.0,0,0.9625,0.00195312,0.0625,6400000.0,0.940137292074364
2.0,2.0,1.0,2.0,5.0,4.0,146.0,384.0,0,0.5015625,0.000976562,0.125,6400000.0,0.5430474865459882
2.0,2.0,1.0,2.0,5.0,4.0,146.0,384.0,0,0.5015625,0.03125,0.00195312,6400000.0,0.5430474865459882
1.0,2.0,2.0,1.0,1.0,1.0,39.0,32.0,0,0.5015625,0.00390625,4096.0,6400000.0,0.5273919092465753
1.0,1.0,8.0,1.0,1.0,1.0,543.0,32.0,0,0.5015625,16384.0,0.5,6400000.0,0.5273919092465753
2.0,2.0,2.0,4.0,9.0,6.0,247.0,704.0,0,0.9078125,0.0078125,0.03125,6400000.0,0.9033657962328766
2.0,2.0,2.0,4.0,9.0,6.0,247.0,704.0,0,0.9078125,0.0078125,32.0,6400000.0,0.8740115887964773
2.0,2.0,1.0,2.0,5.0,4.0,146.0,384.0,0,0.5015625,0.03125,2.0,6400000.0,0.5430474865459882
2.0,2.0,1.0,2.0,5.0,4.0,146.0,384.0,0,0.5015625,0.00195312,0.000976562,6400000.0,0.5430474865459882
1.0,2.0,2.0,1.0,1.0,1.0,39.0,32.0,0,0.5015625,0.0078125,32768.0,6400000.0,0.5273919092465753
2.0,2.0,1.0,2.0,5.0,4.0,146.0,384.0,0,0.5015625,0.0625,16.0,6400000.0,0.5430474865459882
1.0,2.0,1.0,1.0,1.0,1.0,35.0,32.0,0,0.5015625,0.03125,2048.0,6400000.0,0.5273919092465753
2.0,2.0,1.0,2.0,5.0,4.0,146.0,384.0,0,0.5015625,0.0625,0.015625,6400000.0,0.5430474865459882
1.0,1.0,8.0,1.0,1.0,1.0,543.0,32.0,0,0.5015625,2048.0,0.00195312,6400000.0,0.5273919092465753
2.0,2.0,2.0,4.0,9.0,6.0,247.0,704.0,0,0.9078125,0.015625,0.25,6400000.0,0.9033657962328766
1.0,1.0,8.0,1.0,1.0,1.0,543.0,32.0,0,0.5015625,256.0,8192.0,6400000.0,0.5273919092465753
1.0,1.0,8.0,1.0,1.0,1.0,543.0,32.0,0,0.5015625,2.0,8192.0,6400000.0,0.5273919092465753
2.0,2.0,1.0,2.0,5.0,4.0,146.0,384.0,0,0.5015625,0.125,0.125,6400000.0,0.5430474865459882
1.0,2.0,1.0,1.0,1.0,1.0,35.0,32.0,0,0.5015625,0.0625,16384.0,6400000.0,0.5273919092465753
1.0,1.0,8.0,5.0,9.0,5.0,1486.0,672.0,0,0.940625,0.00195312,64.0,6400000.0,0.9409246575342465
2.0,2.0,1.0,2.0,5.0,4.0,146.0,384.0,0,0.5015625,0.00195312,1.0,6400000.0,0.5430474865459882
2.0,2.0,2.0,4.0,9.0,6.0,247.0,704.0,0,0.9078125,0.03125,2.0,6400000.0,0.9033657962328766
2.0,2.0,1.0,2.0,5.0,4.0,146.0,384.0,0,0.5015625,0.000976562,128.0,6400000.0,0.5430474865459882
2.0,2.0,1.0,2.0,5.0,4.0,146.0,384.0,0,0.5015625,0.125,128.0,6400000.0,0.5430474865459882
2.0,2.0,2.0,4.0,9.0,6.0,247.0,704.0,0,0.9078125,0.03125,0.00195312,6400000.0,0.9033657962328766
2.0,2.0,1.0,2.0,5.0,4.0,146.0,384.0,0,0.5015625,0.25,0.000976562,6400000.0,0.5430474865459882
2.0,2.0,2.0,3.0,8.0,6.0,233.0,704.0,0,0.75,0.015625,256.0,6400000.0,0.7844231592465754
2.0,2.0,1.0,2.0,5.0,4.0,146.0,384.0,0,0.5015625,0.25,1.0,6400000.0,0.5430474865459882
1.0,1.0,8.0,5.0,9.0,5.0,1486.0,672.0,0,0.940625,4.0,64.0,6400000.0,0.9409246575342465
1.0,1.0,8.0,1.0,1.0,1.0,543.0,32.0,0,0.5015625,16384.0,512.0,6400000.0,0.5273919092465753
1.0,1.0,8.0,15.0,27.0,20.0,2633.0,3072.0,0,0.9625,0.015625,0.015625,6400000.0,0.940137292074364
1.0,2.0,1.0,1.0,1.0,1.0,35.0,32.0,0,0.5015625,0.25,1024.0,6400000.0,0.5273919092465753
1.0,1.0,8.0,1.0,1.0,1.0,543.0,32.0,0,0.5015625,2048.0,2048.0,6400000.0,0.5273919092465753
1.0,2.0,2.0,1.0,1.0,1.0,39.0,32.0,0,0.5015625,0.03125,2048.0,6400000.0,0.5273919092465753
1.0,1.0,8.0,1.0,1.0,1.0,543.0,32.0,0,0.5015625,0.0625,512.0,6400000.0,0.5273919092465753
1.0,1.0,8.0,14.0,27.0,22.0,2656.0,3392.0,0,0.95625,0.125,4.0,6400000.0,0.9432684075342465
2.0,2.0,1.0,2.0,5.0,4.0,146.0,384.0,0,0.5015625,0.5,0.0078125,6400000.0,0.5430474865459882
1.0,1.0,8.0,1.0,1.0,1.0,543.0,32.0,0,0.5015625,8.0,512.0,6400000.0,0.5273919092465753
1.0,1.0,8.0,1.0,1.0,1.0,543.0,32.0,0,0.5015625,2048.0,2.0,6400000.0,0.5273919092465753
2.0,2.0,1.0,2.0,5.0,4.0,146.0,384.0,0,0.5015625,0.5,8.0,6400000.0,0.5430474865459882
1.0,1.0,8.0,12.0,24.0,21.0,2601.0,3232.0,0,0.9625,8.0,0.0,6400000.0,0.9444433402641877
2.0,2.0,1.0,2.0,5.0,4.0,146.0,384.0,0,0.5015625,1.0,64.0,6400000.0,0.5430474865459882
1.0,1.0,8.0,15.0,27.0,20.0,2633.0,3072.0,0,0.9625,0.125,0.00390625,6400000.0,0.940137292074364
2.0,2.0,1.0,2.0,5.0,4.0,146.0,384.0,0,0.5015625,1.0,0.0625,6400000.0,0.5430474865459882
2.0,2.0,1.0,2.0,5.0,4.0,146.0,384.0,0,0.5015625,2.0,0.0,6400000.0,0.5430474865459882
1.0,1.0,8.0,14.0,27.0,22.0,2656.0,3392.0,0,0.95625,4.0,0.0625,6400000.0,0.9432684075342465
1.0,2.0,1.0,1.0,1.0,1.0,35.0,32.0,0,0.5015625,0.5,8192.0,6400000.0,0.5273919092465753
1.0,1.0,8.0,8.0,16.0,11.0,1908.0,1632.0,0,0.95625,16.0,0.00390625,6400000.0,0.9491400134540117
2.0,2.0,1.0,2.0,5.0,4.0,146.0,384.0,0,0.5015625,2.0,0.5,6400000.0,0.5430474865459882
1.0,1.0,8.0,12.0,24.0,21.0,2601.0,3232.0,0,0.9625,8.0,0.5,6400000.0,0.9444433402641877
2.0,2.0,1.0,2.0,5.0,4.0,146.0,384.0,0,0.5015625,4.0,4.0,6400000.0,0.5430474865459882
2.0,2.0,1.0,2.0,5.0,4.0,146.0,384.0,0,0.5015625,0.00390625,0.0078125,6400000.0,0.5430474865459882
2.0,2.0,1.0,2.0,5.0,4.0,146.0,384.0,0,0.5015625,4.0,0.00390625,6400000.0,0.5430474865459882
1.0,2.0,1.0,1.0,1.0,1.0,35.0,32.0,0,0.5015625,4.0,4096.0,6400000.0,0.5273919092465753
1.0,2.0,1.0,1.0,1.0,1.0,35.0,32.0,0,0.5015625,0.00195312,1024.0,6400000.0,0.5273919092465753
2.0,2.0,2.0,4.0,9.0,6.0,247.0,704.0,0,0.9078125,0.0625,0.015625,6400000.0,0.9033657962328766
1.0,2.0,1.0,1.0,1.0,1.0,35.0,32.0,0,0.5015625,2.0,512.0,6400000.0,0.5273919092465753
1.0,1.0,8.0,15.0,27.0,20.0,2633.0,3072.0,0,0.9625,0.00390625,0.0,6400000.0,0.940137292074364
1.0,1.0,8.0,8.0,15.0,10.0,1875.0,1472.0,0,0.940625,0.015625,16.0,6400000.0,0.9417074363992171
1.0,1.0,8.0,15.0,27.0,20.0,2633.0,3072.0,0,0.9625,0.25,0.03125,6400000.0,0.940137292074364
2.0,2.0,1.0,2.0,5.0,4.0,146.0,384.0,0,0.5015625,8.0,0.03125,6400000.0,0.5430474865459882
1.0,1.0,8.0,1.0,1.0,1.0,543.0,32.0,0,0.5015625,0.125,4096.0,6400000.0,0.5273919092465753
1.0,2.0,1.0,1.0,1.0,1.0,35.0,32.0,0,0.5015625,8.0,32768.0,6400000.0,0.5273919092465753
1.0,1.0,8.0,15.0,27.0,20.0,2633.0,3072.0,0,0.9625,0.00390625,0.5,6400000.0,0.940137292074364
2.0,2.0,1.0,2.0,5.0,4.0,146.0,384.0,0,0.5015625,8.0,32.0,6400000.0,0.5430474865459882
1.0,1.0,8.0,1.0,1.0,1.0,543.0,32.0,0,0.5015625,512.0,0.0625,6400000.0,0.5273919092465753
1.0,2.0,1.0,1.0,1.0,1.0,35.0,32.0,0,0.5015625,0.00390625,8192.0,6400000.0,0.5273919092465753
2.0,2.0,1.0,2.0,5.0,4.0,146.0,384.0,0,0.5015625,0.00390625,8.0,6400000.0,0.5430474865459882
1.0,1.0,8.0,1.0,1.0,1.0,543.0,32.0,0,0.5015625,512.0,64.0,6400000.0,0.5273919092465753
2.0,2.0,1.0,2.0,5.0,4.0,146.0,384.0,0,0.5015625,32.0,2.0,6400000.0,0.5430474865459882
2.0,2.0,1.0,2.0,5.0,4.0,146.0,384.0,0,0.5015625,16.0,256.0,6400000.0,0.5430474865459882
2.0,2.0,1.0,2.0,5.0,4.0,146.0,384.0,0,0.5015625,16.0,0.25,6400000.0,0.5430474865459882
2.0,2.0,1.0,2.0,5.0,4.0,146.0,384.0,0,0.5015625,32.0,0.00195312,6400000.0,0.5430474865459882
2.0,2.0,2.0,4.0,9.0,6.0,247.0,704.0,0,0.9078125,0.0625,16.0,6400000.0,0.9033657962328766
1.0,1.0,8.0,1.0,1.0,1.0,543.0,32.0,0,0.5015625,0.25,32768.0,6400000.0,0.5273919092465753
2.0,2.0,1.0,2.0,5.0,4.0,146.0,384.0,0,0.5015625,0.0078125,64.0,6400000.0,0.5430474865459882
1.0,1.0,8.0,8.0,16.0,11.0,1908.0,1632.0,0,0.95625,32.0,0.03125,6400000.0,0.9491400134540117
1.0,1.0,8.0,8.0,15.0,10.0,1875.0,1472.0,0,0.940625,0.25,32.0,6400000.0,0.9417074363992171
1.0,2.0,2.0,1.0,1.0,1.0,39.0,32.0,0,0.5015625,0.0625,16384.0,6400000.0,0.5273919092465753
1.0,1.0,8.0,14.0,25.0,19.0,2589.0,2912.0,0,0.9625,0.5,0.25,6400000.0,0.940137292074364
1.0,1.0,8.0,8.0,16.0,11.0,1908.0,1632.0,0,0.95625,16.0,4.0,6400000.0,0.9491400134540117
2.0,2.0,1.0,2.0,5.0,4.0,146.0,384.0,0,0.5015625,0.0078125,0.0625,6400000.0,0.5430474865459882
1.0,1.0,8.0,5.0,9.0,5.0,1486.0,672.0,0,0.940625,32.0,32.0,6400000.0,0.9409246575342465
1.0,1.0,8.0,1.0,1.0,1.0,543.0,32.0,0,0.5015625,32768.0,0.00390625,6400000.0,0.5273919092465753
1.0,1.0,8.0,1.0,1.0,1.0,543.0,32.0,0,0.5015625,4096.0,0.015625,6400000.0,0.5273919092465753
1.0,1.0,8.0,1.0,1.0,1.0,543.0,32.0,0,0.5015625,16.0,4096.0,6400000.0,0.5273919092465753
1.0,1.0,8.0,1.0,1.0,1.0,543.0,32.0,0,0.5015625,4096.0,16.0,6400000.0,0.5273919092465753
1.0,1.0,8.0,1.0,1.0,1.0,543.0,32.0,0,0.5015625,32.0,32768.0,6400000.0,0.5273919092465753
2.0,2.0,1.0,2.0,5.0,4.0,146.0,384.0,0,0.5015625,64.0,0.015625,6400000.0,0.5430474865459882
1.0,1.0,8.0,1.0,1.0,1.0,543.0,32.0,0,0.5015625,0.00390625,512.0,6400000.0,0.5273919092465753
1.0,2.0,1.0,1.0,1.0,1.0,35.0,32.0,0,0.5015625,32.0,2048.0,6400000.0,0.5273919092465753
1.0,1.0,8.0,1.0,1.0,1.0,543.0,32.0,0,0.5015625,0.015625,16384.0,6400000.0,0.5273919092465753
2.0,2.0,1.0,2.0,5.0,4.0,146.0,384.0,0,0.5015625,64.0,16.0,6400000.0,0.5430474865459882
1.0,1.0,8.0,1.0,1.0,1.0,543.0,32.0,0,0.5015625,4096.0,16384.0,6400000.0,0.5273919092465753
1.0,1.0,8.0,5.0,9.0,5.0,1486.0,672.0,0,0.940625,0.5,256.0,6400000.0,0.9033657962328766
2.0,2.0,1.0,2.0,5.0,4.0,146.0,384.0,0,0.5015625,128.0,128.0,6400000.0,0.5430474865459882
1.0,2.0,1.0,1.0,1.0,1.0,35.0,32.0,0,0.5015625,64.0,16384.0,6400000.0,0.5273919092465753
2.0,2.0,1.0,2.0,5.0,4.0,146.0,384.0,0,0.5015625,128.0,0.125,6400000.0,0.5430474865459882
1.0,1.0,8.0,5.0,9.0,5.0,1486.0,672.0,0,0.940625,64.0,0.25,6400000.0,0.9409246575342465
1.0,1.0,8.0,1.0,1.0,1.0,543.0,32.0,0,0.5015625,32768.0,4.0,6400000.0,0.5273919092465753
2.0,2.0,1.0,2.0,5.0,4.0,146.0,384.0,0,0.5015625,0.015625,0.0,6400000.0,0.5430474865459882
2.0,2.0,1.0,2.0,5.0,4.0,146.0,384.0,0,0.5015625,256.0,0.000976562,6400000.0,0.5430474865459882
2.0,2.0,2.0,4.0,9.0,6.0,247.0,704.0,0,0.9078125,0.125,0.125,6400000.0,0.9033657962328766
1.0,1.0,8.0,5.0,9.0,5.0,1486.0,672.0,0,0.940625,128.0,0.00195312,6400000.0,0.9409246575342465
1.0,1.0,8.0,5.0,9.0,5.0,1486.0,672.0,0,0.940625,128.0,2.0,6400000.0,0.9409246575342465
1.0,1.0,8.0,1.0,1.0,1.0,543.0,32.0,0,0.5015625,1024.0,0.0,6400000.0,0.5273919092465753
1.0,1.0,8.0,14.0,26.0,19.0,2621.0,2912.0,0,0.9625,1.0,0.00195312,6400000.0,0.940137292074364
2.0,2.0,1.0,2.0,5.0,4.0,146.0,384.0,0,0.5015625,256.0,1.0,6400000.0,0.5430474865459882
2.0,2.0,1.0,2.0,5.0,4.0,146.0,384.0,0,0.5015625,0.015625,0.5,6400000.0,0.5430474865459882
2.0,2.0,2.0,3.0,8.0,6.0,233.0,704.0,0,0.75,0.125,128.0,6400000.0,0.7844231592465754
1.0,1.0,8.0,1.0,1.0,1.0,543.0,32.0,0,0.5015625,8192.0,0.125,6400000.0,0.5273919092465753
1.0,2.0,1.0,1.0,1.0,1.0,35.0,32.0,0,0.5015625,512.0,0.0078125,6400000.0,0.5273919092465753
1.0,2.0,1.0,1.0,1.0,1.0,35.0,32.0,0,0.5015625,256.0,1024.0,6400000.0,0.5273919092465753
1.0,1.0,8.0,15.0,27.0,20.0,2633.0,3072.0,0,0.9625,0.03125,0.125,6400000.0,0.940137292074364
1.0,1.0,8.0,1.0,1.0,1.0,543.0,32.0,0,0.5015625,32768.0,4096.0,6400000.0,0.5273919092465753
1.0,2.0,1.0,1.0,1.0,1.0,35.0,32.0,0,0.5015625,512.0,8192.0,6400000.0,0.5273919092465753
1.0,2.0,1.0,1.0,1.0,1.0,35.0,32.0,0,0.5015625,512.0,8.0,6400000.0,0.5273919092465753
1.0,1.0,8.0,4.0,7.0,4.0,1186.0,512.0,0,0.9078125,64.0,256.0,6400000.0,0.9033657962328766
1.0,1.0,8.0,15.0,27.0,20.0,2633.0,3072.0,0,0.9625,0.0078125,0.00390625,6400000.0,0.940137292074364
1.0,2.0,1.0,1.0,1.0,1.0,35.0,32.0,0,0.5015625,1024.0,0.0625,6400000.0,0.5273919092465753
1.0,1.0,8.0,1.0,1.0,1.0,543.0,32.0,0,0.5015625,1024.0,0.5,6400000.0,0.5273919092465753
1.0,2.0,1.0,1.0,1.0,1.0,35.0,32.0,0,0.5015625,2048.0,0.0,6400000.0,0.5273919092465753
1.0,1.0,8.0,14.0,26.0,20.0,2622.0,3072.0,0,0.9625,1.0,2.0,6400000.0,0.9385717343444228
1.0,2.0,1.0,1.0,1.0,1.0,35.0,32.0,0,0.5015625,1024.0,64.0,6400000.0,0.5273919092465753
1.0,1.0,8.0,1.0,1.0,1.0,543.0,32.0,0,0.5015625,8192.0,128.0,6400000.0,0.5273919092465753
1.0,2.0,1.0,1.0,1.0,1.0,35.0,32.0,0,0.5015625,4096.0,0.00390625,6400000.0,0.5273919092465753
2.0,2.0,1.0,2.0,5.0,4.0,146.0,384.0,0,0.5015625,0.0,0.03125,6400000.0,0.5430474865459882
1.0,2.0,1.0,1.0,1.0,1.0,35.0,32.0,0,0.5015625,4096.0,4096.0,6400000.0,0.5273919092465753
1.0,2.0,1.0,1.0,1.0,1.0,35.0,32.0,0,0.5015625,2048.0,0.5,6400000.0,0.5273919092465753
1.0,2.0,1.0,1.0,1.0,1.0,35.0,32.0,0,0.5015625,2048.0,512.0,6400000.0,0.5273919092465753
1.0,2.0,1.0,1.0,1.0,1.0,35.0,32.0,0,0.5015625,4096.0,4.0,6400000.0,0.5273919092465753
1.0,2.0,1.0,1.0,1.0,1.0,35.0,32.0,0,0.5015625,8192.0,32.0,6400000.0,0.5273919092465753
1.0,1.0,8.0,14.0,26.0,20.0,2622.0,3072.0,0,0.9625,2.0,0.015625,6400000.0,0.9409200709393346
1.0,2.0,1.0,1.0,1.0,1.0,35.0,32.0,0,0.5015625,8192.0,0.03125,6400000.0,0.5273919092465753
1.0,1.0,8.0,1.0,1.0,1.0,543.0,32.0,0,0.5015625,128.0,2048.0,6400000.0,0.5273919092465753
1.0,1.0,8.0,5.0,9.0,5.0,1486.0,672.0,0,0.940625,256.0,0.015625,6400000.0,0.9033657962328766
1.0,1.0,8.0,1.0,1.0,1.0,543.0,32.0,0,0.5015625,1.0,2048.0,6400000.0,0.5273919092465753
1.0,1.0,8.0,5.0,9.0,5.0,1486.0,672.0,0,0.940625,0.03125,128.0,6400000.0,0.9409246575342465
1.0,1.0,8.0,1.0,1.0,1.0,543.0,32.0,0,0.5015625,1024.0,512.0,6400000.0,0.5273919092465753
1.0,2.0,1.0,1.0,1.0,1.0,35.0,32.0,0,0.5015625,32768.0,0.00195312,6400000.0,0.5273919092465753
1.0,2.0,1.0,1.0,1.0,1.0,35.0,32.0,0,0.5015625,8192.0,32768.0,6400000.0,0.5273919092465753
1.0,2.0,1.0,1.0,1.0,1.0,35.0,32.0,0,0.5015625,16384.0,256.0,6400000.0,0.5273919092465753
1.0,2.0,1.0,1.0,1.0,1.0,35.0,32.0,0,0.5015625,16384.0,0.25,6400000.0,0.5273919092465753
1.0,1.0,8.0,1.0,1.0,1.0,543.0,32.0,0,0.5015625,16384.0,0.000976562,6400000.0,0.5273919092465753
1.0,1.0,8.0,4.0,7.0,4.0,1186.0,512.0,0,0.9078125,256.0,16.0,6400000.0,0.9033657962328766
1.0,2.0,1.0,1.0,1.0,1.0,35.0,32.0,0,0.5015625,32768.0,2048.0,6400000.0,0.5273919092465753
2.0,2.0,2.0,4.0,9.0,6.0,247.0,704.0,0,0.9078125,0.0,0.015625,6400000.0,0.9033657962328766
1.0,2.0,1.0,1.0,1.0,1.0,35.0,32.0,0,0.5015625,32768.0,2.0,6400000.0,0.5273919092465753
1.0,2.0,1.0,1.0,1.0,1.0,35.0,32.0,0,0.5015625,0.015625,512.0,6400000.0,0.5273919092465753
1.0,1.0,8.0,14.0,27.0,22.0,2656.0,3392.0,0,0.95625,0.0078125,4.0,6400000.0,0.9393545132093932
2.0,2.0,2.0,4.0,9.0,6.0,247.0,704.0,0,0.9078125,0.0,16.0,6400000.0,0.9033657962328766
1.0,2.0,2.0,1.0,1.0,1.0,39.0,32.0,0,0.5015625,0.0,16384.0,6400000.0,0.5273919092465753
1.0,1.0,8.0,8.0,15.0,10.0,1875.0,1472.0,0,0.940625,2.0,16.0,6400000.0,0.9417074363992171
2.0,2.0,2.0,4.0,9.0,6.0,247.0,704.0,0,0.9078125,0.25,1.0,6400000.0,0.9033657962328766
2.0,2.0,2.0,4.0,9.0,6.0,247.0,704.0,0,0.9078125,0.25,0.000976562,6400000.0,0.9033657962328766
2.0,2.0,1.0,2.0,5.0,4.0,146.0,384.0,0,0.5015625,0.0,32.0,6400000.0,0.5430474865459882
1.0,1.0,8.0,15.0,27.0,20.0,2633.0,3072.0,0,0.9625,0.0625,0.000976562,6400000.0,0.940137292074364
1.0,2.0,2.0,1.0,1.0,1.0,39.0,32.0,0,0.5015625,0.00195312,1024.0,6400000.0,0.5273919092465753
1.0,2.0,2.0,1.0,1.0,1.0,39.0,32.0,0,0.5015625,0.25,1024.0,6400000.0,0.5273919092465753
1.0,2.0,1.0,1.0,1.0,1.0,35.0,32.0,0,0.5015625,0.0,32768.0,6400000.0,0.5273919092465753
2.0,2.0,2.0,3.0,8.0,6.0,233.0,704.0,0,0.75,0.000976562,128.0,6400000.0,0.7844231592465754
1.0,1.0,8.0,1.0,1.0,1.0,543.0,32.0,0,0.5015625,0.0078125,4096.0,6400000.0,0.5273919092465753
2.0,2.0,2.0,4.0,9.0,6.0,247.0,704.0,0,0.9078125,0.000976562,0.125,6400000.0,0.9033657962328766
2.0,2.0,2.0,4.0,9.0,6.0,247.0,704.0,0,0.9078125,0.00390625,0.0078125,6400000.0,0.9033657962328766
2.0,2.0,1.0,2.0,5.0,4.0,146.0,384.0,0,0.5015625,0.03125,0.00390625,6400000.0,0.5430474865459882
2.0,2.0,2.0,4.0,9.0,6.0,247.0,704.0,0,0.9078125,0.00195312,1.0,6400000.0,0.9033657962328766
2.0,2.0,2.0,4.0,9.0,6.0,247.0,704.0,0,0.9078125,0.00390625,8.0,6400000.0,0.9033657962328766
1.0,1.0,8.0,14.0,26.0,19.0,2621.0,2912.0,0,0.9625,0.0625,1.0,6400000.0,0.940137292074364
1.0,1.0,8.0,1.0,1.0,1.0,543.0,32.0,0,0.5015625,16384.0,1.0,6400000.0,0.5273919092465753
2.0,2.0,2.0,4.0,9.0,6.0,247.0,704.0,0,0.9078125,0.00195312,0.000976562,6400000.0,0.9033657962328766
1.0,2.0,2.0,1.0,1.0,1.0,39.0,32.0,0,0.5015625,0.00390625,8192.0,6400000.0,0.5273919092465753
2.0,2.0,2.0,4.0,9.0,6.0,247.0,704.0,0,0.9078125,0.5,0.0078125,6400000.0,0.9033657962328766
2.0,2.0,1.0,2.0,5.0,4.0,146.0,384.0,0,0.5015625,0.000976562,0.25,6400000.0,0.5430474865459882
2.0,2.0,2.0,4.0,9.0,6.0,247.0,704.0,0,0.9078125,0.0078125,0.0625,6400000.0,0.9033657962328766
2.0,2.0,1.0,2.0,5.0,4.0,146.0,384.0,0,0.5015625,0.00195312,0.00195312,6400000.0,0.5430474865459882
2.0,2.0,2.0,4.0,9.0,6.0,247.0,704.0,0,0.9078125,0.015625,0.0,6400000.0,0.9033657962328766
2.0,2.0,2.0,3.0,8.0,6.0,233.0,704.0,0,0.75,0.0078125,64.0,6400000.0,0.8047356592465753
2.0,2.0,1.0,2.0,5.0,4.0,146.0,384.0,0,0.5015625,0.03125,4.0,6400000.0,0.5430474865459882
1.0,2.0,1.0,1.0,1.0,1.0,35.0,32.0,0,0.5015625,0.03125,4096.0,6400000.0,0.5273919092465753
1.0,1.0,8.0,1.0,1.0,1.0,543.0,32.0,0,0.5015625,2048.0,0.00390625,6400000.0,0.5273919092465753
2.0,2.0,2.0,4.0,9.0,6.0,247.0,704.0,0,0.9078125,0.015625,0.5,6400000.0,0.9033657962328766
1.0,1.0,8.0,1.0,1.0,1.0,543.0,32.0,0,0.5015625,2.0,16384.0,6400000.0,0.5273919092465753
2.0,2.0,1.0,2.0,5.0,4.0,146.0,384.0,0,0.5015625,0.0625,32.0,6400000.0,0.5430474865459882
2.0,2.0,1.0,2.0,5.0,4.0,146.0,384.0,0,0.5015625,0.000976562,256.0,6400000.0,0.5430474865459882
1.0,1.0,8.0,1.0,1.0,1.0,543.0,32.0,0,0.5015625,256.0,16384.0,6400000.0,0.5273919092465753
2.0,2.0,1.0,2.0,5.0,4.0,146.0,384.0,0,0.5015625,0.0625,0.03125,6400000.0,0.5430474865459882
2.0,2.0,2.0,4.0,9.0,6.0,247.0,704.0,0,0.9078125,0.03125,4.0,6400000.0,0.9033657962328766
1.0,2.0,1.0,1.0,1.0,1.0,35.0,32.0,0,0.5015625,0.0625,32768.0,6400000.0,0.5273919092465753
2.0,2.0,1.0,2.0,5.0,4.0,146.0,384.0,0,0.5015625,0.00195312,2.0,6400000.0,0.5430474865459882
2.0,2.0,1.0,2.0,5.0,4.0,146.0,384.0,0,0.5015625,0.125,256.0,6400000.0,0.5430474865459882
2.0,2.0,2.0,4.0,9.0,6.0,247.0,704.0,0,0.9078125,0.03125,0.00390625,6400000.0,0.9033657962328766
2.0,2.0,2.0,4.0,9.0,6.0,247.0,704.0,0,0.9078125,0.5,8.0,6400000.0,0.9033657962328766
2.0,2.0,1.0,2.0,5.0,4.0,146.0,384.0,0,0.5015625,0.125,0.25,6400000.0,0.5430474865459882
1.0,2.0,2.0,1.0,1.0,1.0,39.0,32.0,0,0.5015625,0.015625,512.0,6400000.0,0.5273919092465753
1.0,1.0,8.0,5.0,9.0,5.0,1486.0,672.0,0,0.940625,4.0,128.0,6400000.0,0.9409246575342465
2.0,2.0,1.0,2.0,5.0,4.0,146.0,384.0,0,0.5015625,0.25,0.00195312,6400000.0,0.5430474865459882
1.0,1.0,8.0,1.0,1.0,1.0,543.0,32.0,0,0.5015625,16384.0,1024.0,6400000.0,0.5273919092465753
2.0,2.0,1.0,2.0,5.0,4.0,146.0,384.0,0,0.5015625,0.25,2.0,6400000.0,0.5430474865459882
1.0,1.0,8.0,15.0,27.0,20.0,2633.0,3072.0,0,0.9625,0.015625,0.03125,6400000.0,0.940137292074364
1.0,1.0,8.0,1.0,1.0,1.0,543.0,32.0,0,0.5015625,2048.0,4096.0,6400000.0,0.5273919092465753
2.0,2.0,1.0,2.0,5.0,4.0,146.0,384.0,0,0.5015625,0.5,0.015625,6400000.0,0.5430474865459882
1.0,2.0,2.0,1.0,1.0,1.0,39.0,32.0,0,0.5015625,0.03125,4096.0,6400000.0,0.5273919092465753
1.0,2.0,1.0,1.0,1.0,1.0,35.0,32.0,0,0.5015625,0.25,2048.0,6400000.0,0.5273919092465753
1.0,1.0,8.0,1.0,1.0,1.0,543.0,32.0,0,0.5015625,0.0625,1024.0,6400000.0,0.5273919092465753
1.0,1.0,8.0,1.0,1.0,1.0,543.0,32.0,0,0.5015625,2048.0,4.0,6400000.0,0.5273919092465753
2.0,2.0,1.0,2.0,5.0,4.0,146.0,384.0,0,0.5015625,1.0,128.0,6400000.0,0.5430474865459882
1.0,1.0,8.0,12.0,24.0,21.0,2601.0,3232.0,0,0.9625,0.125,8.0,6400000.0,0.9389638882093934
2.0,2.0,1.0,2.0,5.0,4.0,146.0,384.0,0,0.5015625,0.5,16.0,6400000.0,0.5430474865459882
1.0,1.0,8.0,12.0,24.0,21.0,2601.0,3232.0,0,0.9625,8.0,0.000976562,6400000.0,0.9444433402641877
1.0,1.0,8.0,1.0,1.0,1.0,543.0,32.0,0,0.5015625,8.0,1024.0,6400000.0,0.5273919092465753
1.0,1.0,8.0,15.0,27.0,20.0,2633.0,3072.0,0,0.9625,0.125,0.0078125,6400000.0,0.940137292074364
2.0,2.0,1.0,2.0,5.0,4.0,146.0,384.0,0,0.5015625,1.0,0.125,6400000.0,0.5430474865459882
1.0,1.0,8.0,14.0,27.0,22.0,2656.0,3392.0,0,0.95625,4.0,0.125,6400000.0,0.9432684075342465
2.0,2.0,1.0,2.0,5.0,4.0,146.0,384.0,0,0.5015625,2.0,0.000976562,6400000.0,0.5430474865459882
2.0,2.0,1.0,2.0,5.0,4.0,146.0,384.0,0,0.5015625,2.0,1.0,6400000.0,0.5430474865459882
1.0,2.0,1.0,1.0,1.0,1.0,35.0,32.0,0,0.5015625,0.5,16384.0,6400000.0,0.5273919092465753
2.0,2.0,1.0,2.0,5.0,4.0,146.0,384.0,0,0.5015625,0.00390625,0.015625,6400000.0,0.5430474865459882
2.0,2.0,1.0,2.0,5.0,4.0,146.0,384.0,0,0.5015625,4.0,0.0078125,6400000.0,0.5430474865459882
1.0,1.0,8.0,8.0,16.0,11.0,1908.0,1632.0,0,0.95625,16.0,0.0078125,6400000.0,0.9491400134540117
1.0,1.0,8.0,12.0,24.0,21.0,2601.0,3232.0,0,0.9625,8.0,1.0,6400000.0,0.9456175085616436
2.0,2.0,2.0,4.0,9.0,6.0,247.0,704.0,0,0.9078125,0.0625,0.03125,6400000.0,0.9033657962328766
1.0,2.0,1.0,1.0,1.0,1.0,35.0,32.0,0,0.5015625,4.0,8192.0,6400000.0,0.5273919092465753
1.0,2.0,1.0,1.0,1.0,1.0,35.0,32.0,0,0.5015625,0.00195312,2048.0,6400000.0,0.5273919092465753
2.0,2.0,1.0,2.0,5.0,4.0,146.0,384.0,0,0.5015625,4.0,8.0,6400000.0,0.5430474865459882
1.0,2.0,2.0,1.0,1.0,1.0,39.0,32.0,0,0.5015625,0.5,8192.0,6400000.0,0.5273919092465753
1.0,2.0,1.0,1.0,1.0,1.0,35.0,32.0,0,0.5015625,2.0,1024.0,6400000.0,0.5273919092465753
1.0,1.0,8.0,8.0,15.0,10.0,1875.0,1472.0,0,0.940625,0.015625,32.0,6400000.0,0.9417074363992171
1.0,1.0,8.0,1.0,1.0,1.0,543.0,32.0,0,0.5015625,0.125,8192.0,6400000.0,0.5273919092465753
1.0,1.0,8.0,15.0,27.0,20.0,2633.0,3072.0,0,0.9625,0.25,0.0625,6400000.0,0.940137292074364
2.0,2.0,1.0,2.0,5.0,4.0,146.0,384.0,0,0.5015625,8.0,0.0625,6400000.0,0.5430474865459882
2.0,2.0,2.0,4.0,9.0,6.0,247.0,704.0,0,0.9078125,1.0,0.0625,6400000.0,0.9033657962328766
2.0,2.0,1.0,2.0,5.0,4.0,146.0,384.0,0,0.5015625,16.0,0.0,6400000.0,0.5430474865459882
1.0,1.0,8.0,1.0,1.0,1.0,543.0,32.0,0,0.5015625,512.0,0.125,6400000.0,0.5273919092465753
2.0,2.0,1.0,2.0,5.0,4.0,146.0,384.0,0,0.5015625,0.00390625,16.0,6400000.0,0.5430474865459882
2.0,2.0,1.0,2.0,5.0,4.0,146.0,384.0,0,0.5015625,8.0,64.0,6400000.0,0.5430474865459882
1.0,2.0,1.0,1.0,1.0,1.0,35.0,32.0,0,0.5015625,0.00390625,16384.0,6400000.0,0.5273919092465753
1.0,1.0,8.0,1.0,1.0,1.0,543.0,32.0,0,0.5015625,512.0,128.0,6400000.0,0.5273919092465753
2.0,2.0,1.0,2.0,5.0,4.0,146.0,384.0,0,0.5015625,32.0,0.00390625,6400000.0,0.5430474865459882
2.0,2.0,1.0,2.0,5.0,4.0,146.0,384.0,0,0.5015625,16.0,0.5,6400000.0,0.5430474865459882
2.0,2.0,2.0,4.0,9.0,6.0,247.0,704.0,0,0.9078125,0.0625,32.0,6400000.0,0.8740115887964773
1.0,2.0,1.0,1.0,1.0,1.0,35.0,32.0,0,0.5015625,16.0,512.0,6400000.0,0.5273919092465753
2.0,2.0,1.0,2.0,5.0,4.0,146.0,384.0,0,0.5015625,32.0,4.0,6400000.0,0.5430474865459882
1.0,1.0,8.0,8.0,16.0,11.0,1908.0,1632.0,0,0.95625,32.0,0.0625,6400000.0,0.9491400134540117
1.0,1.0,8.0,15.0,27.0,20.0,2633.0,3072.0,0,0.9625,0.5,0.0,6400000.0,0.940137292074364
1.0,1.0,8.0,5.0,9.0,5.0,1486.0,672.0,0,0.940625,0.25,64.0,6400000.0,0.9409246575342465
1.0,1.0,8.0,14.0,26.0,19.0,2621.0,2912.0,0,0.9625,0.5,0.5,6400000.0,0.940137292074364
1.0,2.0,2.0,1.0,1.0,1.0,39.0,32.0,0,0.5015625,0.0625,32768.0,6400000.0,0.5273919092465753
2.0,2.0,1.0,2.0,5.0,4.0,146.0,384.0,0,0.5015625,0.0078125,128.0,6400000.0,0.5430474865459882
1.0,1.0,8.0,5.0,9.0,5.0,1486.0,672.0,0,0.940625,32.0,64.0,6400000.0,0.9409246575342465
2.0,2.0,1.0,2.0,5.0,4.0,146.0,384.0,0,0.5015625,0.0078125,0.125,6400000.0,0.5430474865459882
1.0,1.0,8.0,1.0,1.0,1.0,543.0,32.0,0,0.5015625,32768.0,0.0078125,6400000.0,0.5273919092465753
1.0,1.0,8.0,8.0,16.0,11.0,1908.0,1632.0,0,0.95625,16.0,8.0,6400000.0,0.9436605613992171
1.0,1.0,8.0,1.0,1.0,1.0,543.0,32.0,0,0.5015625,16.0,8192.0,6400000.0,0.5273919092465753
1.0,1.0,8.0,1.0,1.0,1.0,543.0,32.0,0,0.5015625,4096.0,0.03125,6400000.0,0.5273919092465753
1.0,1.0,8.0,5.0,9.0,5.0,1486.0,672.0,0,0.940625,64.0,0.0,6400000.0,0.9409246575342465
1.0,1.0,8.0,1.0,1.0,1.0,543.0,32.0,0,0.5015625,0.015625,32768.0,6400000.0,0.5273919092465753
1.0,1.0,8.0,1.0,1.0,1.0,543.0,32.0,0,0.5015625,4096.0,32.0,6400000.0,0.5273919092465753
2.0,2.0,1.0,2.0,5.0,4.0,146.0,384.0,0,0.5015625,64.0,0.03125,6400000.0,0.5430474865459882
2.0,2.0,2.0,3.0,8.0,6.0,233.0,704.0,0,0.75,1.0,64.0,6400000.0,0.7844231592465754
2.0,2.0,1.0,2.0,5.0,4.0,146.0,384.0,0,0.5015625,64.0,32.0,6400000.0,0.5430474865459882
1.0,2.0,1.0,1.0,1.0,1.0,35.0,32.0,0,0.5015625,32.0,4096.0,6400000.0,0.5273919092465753
1.0,1.0,8.0,1.0,1.0,1.0,543.0,32.0,0,0.5015625,0.5,512.0,6400000.0,0.5273919092465753
1.0,1.0,8.0,1.0,1.0,1.0,543.0,32.0,0,0.5015625,4096.0,32768.0,6400000.0,0.5273919092465753
1.0,1.0,8.0,1.0,1.0,1.0,543.0,32.0,0,0.5015625,32768.0,8.0,6400000.0,0.5273919092465753
2.0,2.0,1.0,2.0,5.0,4.0,146.0,384.0,0,0.5015625,128.0,0.25,6400000.0,0.5430474865459882
1.0,2.0,1.0,1.0,1.0,1.0,35.0,32.0,0,0.5015625,64.0,32768.0,6400000.0,0.5273919092465753
2.0,2.0,1.0,2.0,5.0,4.0,146.0,384.0,0,0.5015625,0.015625,0.000976562,6400000.0,0.5430474865459882
2.0,2.0,1.0,2.0,5.0,4.0,146.0,384.0,0,0.5015625,128.0,256.0,6400000.0,0.5430474865459882
2.0,2.0,1.0,2.0,5.0,4.0,146.0,384.0,0,0.5015625,256.0,0.00195312,6400000.0,0.5430474865459882
1.0,1.0,8.0,5.0,9.0,5.0,1486.0,672.0,0,0.940625,64.0,0.5,6400000.0,0.9409246575342465
1.0,1.0,8.0,5.0,9.0,5.0,1486.0,672.0,0,0.940625,128.0,0.00390625,6400000.0,0.9409246575342465
2.0,2.0,2.0,4.0,9.0,6.0,247.0,704.0,0,0.9078125,0.125,0.25,6400000.0,0.9033657962328766
1.0,1.0,8.0,5.0,9.0,5.0,1486.0,672.0,0,0.940625,128.0,4.0,6400000.0,0.9409246575342465
1.0,1.0,8.0,14.0,26.0,19.0,2621.0,2912.0,0,0.9625,1.0,0.00390625,6400000.0,0.940137292074364
2.0,2.0,1.0,2.0,5.0,4.0,146.0,384.0,0,0.5015625,0.015625,1.0,6400000.0,0.5430474865459882
1.0,1.0,8.0,1.0,1.0,1.0,543.0,32.0,0,0.5015625,1024.0,0.000976562,6400000.0,0.5273919092465753
2.0,2.0,1.0,2.0,5.0,4.0,146.0,384.0,0,0.5015625,256.0,2.0,6400000.0,0.5430474865459882
1.0,1.0,8.0,1.0,1.0,1.0,543.0,32.0,0,0.5015625,8192.0,0.25,6400000.0,0.5273919092465753
1.0,1.0,8.0,1.0,1.0,1.0,543.0,32.0,0,0.5015625,32768.0,8192.0,6400000.0,0.5273919092465753
2.0,2.0,2.0,3.0,8.0,6.0,233.0,704.0,0,0.75,0.125,256.0,6400000.0,0.7844231592465754
2.0,2.0,2.0,4.0,9.0,6.0,247.0,704.0,0,0.9078125,2.0,0.0,6400000.0,0.9033657962328766
1.0,2.0,1.0,1.0,1.0,1.0,35.0,32.0,0,0.5015625,512.0,16.0,6400000.0,0.5273919092465753
1.0,2.0,1.0,1.0,1.0,1.0,35.0,32.0,0,0.5015625,512.0,0.015625,6400000.0,0.5273919092465753
1.0,2.0,1.0,1.0,1.0,1.0,35.0,32.0,0,0.5015625,256.0,2048.0,6400000.0,0.5273919092465753
1.0,1.0,8.0,15.0,27.0,20.0,2633.0,3072.0,0,0.9625,0.03125,0.25,6400000.0,0.940137292074364
1.0,2.0,1.0,1.0,1.0,1.0,35.0,32.0,0,0.5015625,512.0,16384.0,6400000.0,0.5273919092465753
1.0,1.0,8.0,1.0,1.0,1.0,543.0,32.0,0,0.5015625,64.0,512.0,6400000.0,0.5273919092465753
1.0,2.0,1.0,1.0,1.0,1.0,35.0,32.0,0,0.5015625,1024.0,0.125,6400000.0,0.5273919092465753
1.0,2.0,1.0,1.0,1.0,1.0,35.0,32.0,0,0.5015625,2048.0,0.000976562,6400000.0,0.5273919092465753
2.0,2.0,2.0,4.0,9.0,6.0,247.0,704.0,0,0.9078125,2.0,0.5,6400000.0,0.9033657962328766
1.0,2.0,1.0,1.0,1.0,1.0,35.0,32.0,0,0.5015625,1024.0,128.0,6400000.0,0.5273919092465753
1.0,1.0,8.0,1.0,1.0,1.0,543.0,32.0,0,0.5015625,1024.0,1.0,6400000.0,0.5273919092465753
1.0,1.0,8.0,1.0,1.0,1.0,543.0,32.0,0,0.5015625,8192.0,256.0,6400000.0,0.5273919092465753
1.0,1.0,8.0,14.0,27.0,22.0,2656.0,3392.0,0,0.95625,1.0,4.0,6400000.0,0.9432684075342465
1.0,2.0,1.0,1.0,1.0,1.0,35.0,32.0,0,0.5015625,4096.0,8192.0,6400000.0,0.5273919092465753
2.0,2.0,1.0,2.0,5.0,4.0,146.0,384.0,0,0.5015625,0.0,0.0625,6400000.0,0.5430474865459882
1.0,2.0,1.0,1.0,1.0,1.0,35.0,32.0,0,0.5015625,2048.0,1.0,6400000.0,0.5273919092465753
1.0,2.0,1.0,1.0,1.0,1.0,35.0,32.0,0,0.5015625,4096.0,0.0078125,6400000.0,0.5273919092465753
1.0,2.0,1.0,1.0,1.0,1.0,35.0,32.0,0,0.5015625,8192.0,64.0,6400000.0,0.5273919092465753
1.0,2.0,1.0,1.0,1.0,1.0,35.0,32.0,0,0.5015625,2048.0,1024.0,6400000.0,0.5273919092465753
1.0,2.0,1.0,1.0,1.0,1.0,35.0,32.0,0,0.5015625,8192.0,0.0625,6400000.0,0.5273919092465753
1.0,2.0,1.0,1.0,1.0,1.0,35.0,32.0,0,0.5015625,4096.0,8.0,6400000.0,0.5273919092465753
1.0,1.0,8.0,1.0,1.0,1.0,543.0,32.0,0,0.5015625,128.0,4096.0,6400000.0,0.5273919092465753
1.0,1.0,8.0,5.0,9.0,5.0,1486.0,672.0,0,0.940625,256.0,0.03125,6400000.0,0.9033657962328766
1.0,1.0,8.0,14.0,26.0,20.0,2622.0,3072.0,0,0.9625,2.0,0.03125,6400000.0,0.9409200709393346
1.0,2.0,1.0,1.0,1.0,1.0,35.0,32.0,0,0.5015625,32768.0,0.00390625,6400000.0,0.5273919092465753
1.0,1.0,8.0,1.0,1.0,1.0,543.0,32.0,0,0.5015625,1024.0,1024.0,6400000.0,0.5273919092465753
1.0,1.0,8.0,1.0,1.0,1.0,543.0,32.0,0,0.5015625,1.0,4096.0,6400000.0,0.5273919092465753
1.0,2.0,1.0,1.0,1.0,1.0,35.0,32.0,0,0.5015625,16384.0,0.5,6400000.0,0.5273919092465753
1.0,1.0,8.0,5.0,9.0,5.0,1486.0,672.0,0,0.940625,0.03125,256.0,6400000.0,0.9033657962328766
1.0,1.0,8.0,1.0,1.0,1.0,543.0,32.0,0,0.5015625,16384.0,0.00195312,6400000.0,0.5273919092465753
1.0,2.0,1.0,1.0,1.0,1.0,35.0,32.0,0,0.5015625,16384.0,512.0,6400000.0,0.5273919092465753
1.0,2.0,1.0,1.0,1.0,1.0,35.0,32.0,0,0.5015625,16384.0,0.0,6400000.0,0.5273919092465753
1.0,2.0,1.0,1.0,1.0,1.0,35.0,32.0,0,0.5015625,32768.0,4096.0,6400000.0,0.5273919092465753
1.0,1.0,8.0,4.0,7.0,4.0,1186.0,512.0,0,0.9078125,256.0,32.0,6400000.0,0.9033657962328766
1.0,2.0,1.0,1.0,1.0,1.0,35.0,32.0,0,0.5015625,0.015625,1024.0,6400000.0,0.5273919092465753
1.0,2.0,1.0,1.0,1.0,1.0,35.0,32.0,0,0.5015625,32768.0,4.0,6400000.0,0.5273919092465753
2.0,2.0,2.0,4.0,9.0,6.0,247.0,704.0,0,0.9078125,0.0,32.0,6400000.0,0.8740115887964773
1.0,2.0,2.0,1.0,1.0,1.0,39.0,32.0,0,0.5015625,0.0,32768.0,6400000.0,0.5273919092465753
1.0,1.0,8.0,8.0,15.0,10.0,1875.0,1472.0,0,0.940625,2.0,32.0,6400000.0,0.9417074363992171
2.0,2.0,2.0,4.0,9.0,6.0,247.0,704.0,0,0.9078125,0.0,0.03125,6400000.0,0.9033657962328766
2.0,2.0,2.0,4.0,9.0,6.0,247.0,704.0,0,0.9078125,0.25,2.0,6400000.0,0.9033657962328766
1.0,2.0,2.0,1.0,1.0,1.0,39.0,32.0,0,0.5015625,0.00195312,2048.0,6400000.0,0.5273919092465753
2.0,2.0,1.0,2.0,5.0,4.0,146.0,384.0,0,0.5015625,0.0,64.0,6400000.0,0.5430474865459882
1.0,1.0,8.0,15.0,27.0,20.0,2633.0,3072.0,0,0.9625,0.0625,0.00195312,6400000.0,0.940137292074364
1.0,2.0,2.0,1.0,1.0,1.0,39.0,32.0,0,0.5015625,0.25,2048.0,6400000.0,0.5273919092465753
2.0,2.0,1.0,2.0,5.0,4.0,146.0,384.0,0,0.5015625,0.000976562,0.0,6400000.0,0.5430474865459882
1.0,2.0,2.0,1.0,1.0,1.0,39.0,32.0,0,0.5015625,2.0,512.0,6400000.0,0.5273919092465753
2.0,2.0,1.0,2.0,5.0,4.0,146.0,384.0,0,0.5015625,0.03125,0.0078125,6400000.0,0.5430474865459882
2.0,2.0,2.0,4.0,9.0,6.0,247.0,704.0,0,0.9078125,0.00195312,0.00195312,6400000.0,0.9033657962328766
2.0,2.0,2.0,3.0,8.0,6.0,233.0,704.0,0,0.75,0.000976562,256.0,6400000.0,0.7844231592465754
2.0,2.0,2.0,4.0,9.0,6.0,247.0,704.0,0,0.9078125,0.000976562,0.25,6400000.0,0.9033657962328766
1.0,1.0,8.0,1.0,1.0,1.0,543.0,32.0,0,0.5015625,16384.0,2.0,6400000.0,0.5273919092465753
2.0,2.0,2.0,4.0,9.0,6.0,247.0,704.0,0,0.9078125,0.00390625,0.015625,6400000.0,0.9033657962328766
2.0,2.0,2.0,4.0,9.0,6.0,247.0,704.0,0,0.9078125,0.00390625,16.0,6400000.0,0.9033657962328766
2.0,2.0,2.0,4.0,9.0,6.0,247.0,704.0,0,0.9078125,0.25,0.00195312,6400000.0,0.9033657962328766
1.0,1.0,8.0,14.0,26.0,20.0,2622.0,3072.0,0,0.9625,0.0625,2.0,6400000.0,0.9409200709393346
2.0,2.0,2.0,4.0,9.0,6.0,247.0,704.0,0,0.9078125,0.00195312,2.0,6400000.0,0.9033657962328766
2.0,2.0,1.0,2.0,5.0,4.0,146.0,384.0,0,0.5015625,0.000976562,0.5,6400000.0,0.5430474865459882
1.0,2.0,2.0,1.0,1.0,1.0,39.0,32.0,0,0.5015625,0.00390625,16384.0,6400000.0,0.5273919092465753
2.0,2.0,2.0,4.0,9.0,6.0,247.0,704.0,0,0.9078125,0.5,0.015625,6400000.0,0.9033657962328766
2.0,2.0,2.0,4.0,9.0,6.0,247.0,704.0,0,0.9078125,0.0078125,0.125,6400000.0,0.9033657962328766
1.0,2.0,1.0,1.0,1.0,1.0,35.0,32.0,0,0.5015625,0.03125,8192.0,6400000.0,0.5273919092465753
2.0,2.0,2.0,4.0,9.0,6.0,247.0,704.0,0,0.9078125,0.015625,0.000976562,6400000.0,0.9033657962328766
1.0,1.0,8.0,1.0,1.0,1.0,543.0,32.0,0,0.5015625,2048.0,0.0078125,6400000.0,0.5273919092465753
2.0,2.0,2.0,3.0,8.0,6.0,233.0,704.0,0,0.75,0.0078125,128.0,6400000.0,0.7844231592465754
2.0,2.0,1.0,2.0,5.0,4.0,146.0,384.0,0,0.5015625,0.00195312,0.00390625,6400000.0,0.5430474865459882
1.0,1.0,8.0,1.0,1.0,1.0,543.0,32.0,0,0.5015625,2.0,32768.0,6400000.0,0.5273919092465753
2.0,2.0,1.0,2.0,5.0,4.0,146.0,384.0,0,0.5015625,0.0625,0.0625,6400000.0,0.5430474865459882
1.0,2.0,1.0,1.0,1.0,1.0,35.0,32.0,0,0.5015625,0.000976562,512.0,6400000.0,0.5273919092465753
2.0,2.0,1.0,2.0,5.0,4.0,146.0,384.0,0,0.5015625,0.03125,8.0,6400000.0,0.5430474865459882
2.0,2.0,1.0,2.0,5.0,4.0,146.0,384.0,0,0.5015625,0.0625,64.0,6400000.0,0.5430474865459882
2.0,2.0,2.0,4.0,9.0,6.0,247.0,704.0,0,0.9078125,0.03125,8.0,6400000.0,0.9033657962328766
1.0,1.0,8.0,1.0,1.0,1.0,543.0,32.0,0,0.5015625,256.0,32768.0,6400000.0,0.5273919092465753
2.0,2.0,2.0,4.0,9.0,6.0,247.0,704.0,0,0.9078125,0.015625,1.0,6400000.0,0.9033657962328766
2.0,2.0,2.0,4.0,9.0,6.0,247.0,704.0,0,0.9078125,0.03125,0.0078125,6400000.0,0.9033657962328766
2.0,2.0,1.0,2.0,5.0,4.0,146.0,384.0,0,0.5015625,0.125,0.0,6400000.0,0.5430474865459882
2.0,2.0,1.0,2.0,5.0,4.0,146.0,384.0,0,0.5015625,0.125,0.5,6400000.0,0.5430474865459882
2.0,2.0,1.0,2.0,5.0,4.0,146.0,384.0,0,0.5015625,0.00195312,4.0,6400000.0,0.5430474865459882
1.0,2.0,2.0,1.0,1.0,1.0,39.0,32.0,0,0.5015625,0.015625,1024.0,6400000.0,0.5273919092465753
2.0,2.0,2.0,4.0,9.0,6.0,247.0,704.0,0,0.9078125,0.5,16.0,6400000.0,0.9033657962328766
1.0,2.0,1.0,1.0,1.0,1.0,35.0,32.0,0,0.5015625,0.125,512.0,6400000.0,0.5273919092465753
1.0,1.0,8.0,1.0,1.0,1.0,543.0,32.0,0,0.5015625,16384.0,2048.0,6400000.0,0.5273919092465753
1.0,1.0,8.0,5.0,9.0,5.0,1486.0,672.0,0,0.940625,4.0,256.0,6400000.0,0.9033657962328766
2.0,2.0,1.0,2.0,5.0,4.0,146.0,384.0,0,0.5015625,0.25,4.0,6400000.0,0.5430474865459882
2.0,2.0,1.0,2.0,5.0,4.0,146.0,384.0,0,0.5015625,0.25,0.00390625,6400000.0,0.5430474865459882
2.0,2.0,2.0,4.0,9.0,6.0,247.0,704.0,0,0.9078125,4.0,0.00390625,6400000.0,0.9033657962328766
1.0,2.0,2.0,1.0,1.0,1.0,39.0,32.0,0,0.5015625,0.03125,8192.0,6400000.0,0.5273919092465753
1.0,2.0,1.0,1.0,1.0,1.0,35.0,32.0,0,0.5015625,0.25,4096.0,6400000.0,0.5273919092465753
1.0,1.0,8.0,1.0,1.0,1.0,543.0,32.0,0,0.5015625,2048.0,8192.0,6400000.0,0.5273919092465753
2.0,2.0,1.0,2.0,5.0,4.0,146.0,384.0,0,0.5015625,0.5,0.03125,6400000.0,0.5430474865459882
2.0,2.0,1.0,2.0,5.0,4.0,146.0,384.0,0,0.5015625,1.0,256.0,6400000.0,0.5430474865459882
1.0,1.0,8.0,1.0,1.0,1.0,543.0,32.0,0,0.5015625,0.0625,2048.0,6400000.0,0.5273919092465753
2.0,2.0,1.0,2.0,5.0,4.0,146.0,384.0,0,0.5015625,0.5,32.0,6400000.0,0.5430474865459882
1.0,1.0,8.0,12.0,24.0,21.0,2601.0,3232.0,0,0.9625,8.0,0.00195312,6400000.0,0.9444433402641877
1.0,1.0,8.0,1.0,1.0,1.0,543.0,32.0,0,0.5015625,2048.0,8.0,6400000.0,0.5273919092465753
1.0,1.0,8.0,8.0,15.0,10.0,1875.0,1472.0,0,0.940625,0.125,16.0,6400000.0,0.9417074363992171
1.0,1.0,8.0,1.0,1.0,1.0,543.0,32.0,0,0.5015625,8.0,2048.0,6400000.0,0.5273919092465753
2.0,2.0,1.0,2.0,5.0,4.0,146.0,384.0,0,0.5015625,1.0,0.25,6400000.0,0.5430474865459882
1.0,1.0,8.0,14.0,27.0,22.0,2656.0,3392.0,0,0.95625,4.0,0.25,6400000.0,0.9432684075342465
1.0,2.0,1.0,1.0,1.0,1.0,35.0,32.0,0,0.5015625,0.5,32768.0,6400000.0,0.5273919092465753
2.0,2.0,1.0,2.0,5.0,4.0,146.0,384.0,0,0.5015625,2.0,2.0,6400000.0,0.5430474865459882
1.0,1.0,8.0,15.0,27.0,20.0,2633.0,3072.0,0,0.9625,0.125,0.015625,6400000.0,0.940137292074364
2.0,2.0,1.0,2.0,5.0,4.0,146.0,384.0,0,0.5015625,2.0,0.00195312,6400000.0,0.5430474865459882
1.0,1.0,8.0,9.0,18.0,11.0,2207.0,1632.0,0,0.95625,8.0,2.0,6400000.0,0.9491400134540117
2.0,2.0,1.0,2.0,5.0,4.0,146.0,384.0,0,0.5015625,4.0,0.015625,6400000.0,0.5430474865459882
1.0,1.0,8.0,8.0,16.0,11.0,1908.0,1632.0,0,0.95625,16.0,0.015625,6400000.0,0.9491400134540117
2.0,2.0,2.0,4.0,9.0,6.0,247.0,704.0,0,0.9078125,0.0625,0.0625,6400000.0,0.9033657962328766
1.0,2.0,1.0,1.0,1.0,1.0,35.0,32.0,0,0.5015625,2.0,2048.0,6400000.0,0.5273919092465753
2.0,2.0,1.0,2.0,5.0,4.0,146.0,384.0,0,0.5015625,0.00390625,0.03125,6400000.0,0.5430474865459882
1.0,2.0,1.0,1.0,1.0,1.0,35.0,32.0,0,0.5015625,0.00195312,4096.0,6400000.0,0.5273919092465753
1.0,2.0,1.0,1.0,1.0,1.0,35.0,32.0,0,0.5015625,4.0,16384.0,6400000.0,0.5273919092465753
1.0,2.0,2.0,1.0,1.0,1.0,39.0,32.0,0,0.5015625,0.5,16384.0,6400000.0,0.5273919092465753
2.0,2.0,1.0,2.0,5.0,4.0,146.0,384.0,0,0.5015625,16.0,0.000976562,6400000.0,0.5430474865459882
2.0,2.0,1.0,2.0,5.0,4.0,146.0,384.0,0,0.5015625,4.0,16.0,6400000.0,0.5430474865459882
1.0,1.0,8.0,15.0,27.0,20.0,2633.0,3072.0,0,0.9625,0.25,0.125,6400000.0,0.940137292074364
2.0,2.0,2.0,4.0,9.0,6.0,247.0,704.0,0,0.9078125,4.0,4.0,6400000.0,0.9033657962328766
2.0,2.0,2.0,4.0,9.0,6.0,247.0,704.0,0,0.9078125,1.0,0.125,6400000.0,0.9033657962328766
2.0,2.0,1.0,2.0,5.0,4.0,146.0,384.0,0,0.5015625,32.0,0.0078125,6400000.0,0.5430474865459882
1.0,1.0,8.0,1.0,1.0,1.0,543.0,32.0,0,0.5015625,512.0,0.25,6400000.0,0.5273919092465753
1.0,1.0,8.0,1.0,1.0,1.0,543.0,32.0,0,0.5015625,0.125,16384.0,6400000.0,0.5273919092465753
2.0,2.0,1.0,2.0,5.0,4.0,146.0,384.0,0,0.5015625,8.0,128.0,6400000.0,0.5430474865459882
2.0,2.0,1.0,2.0,5.0,4.0,146.0,384.0,0,0.5015625,0.00390625,32.0,6400000.0,0.5430474865459882
2.0,2.0,1.0,2.0,5.0,4.0,146.0,384.0,0,0.5015625,8.0,0.125,6400000.0,0.5430474865459882
1.0,1.0,8.0,1.0,1.0,1.0,543.0,32.0,0,0.5015625,512.0,256.0,6400000.0,0.5273919092465753
2.0,2.0,1.0,2.0,5.0,4.0,146.0,384.0,0,0.5015625,16.0,1.0,6400000.0,0.5430474865459882
1.0,2.0,1.0,1.0,1.0,1.0,35.0,32.0,0,0.5015625,0.00390625,32768.0,6400000.0,0.5273919092465753
2.0,2.0,2.0,3.0,8.0,6.0,233.0,704.0,0,0.75,0.0625,64.0,6400000.0,0.8047356592465753
1.0,1.0,8.0,8.0,16.0,11.0,1908.0,1632.0,0,0.95625,32.0,0.125,6400000.0,0.9491400134540117
1.0,1.0,8.0,15.0,27.0,20.0,2633.0,3072.0,0,0.9625,0.5,0.000976562,6400000.0,0.940137292074364
1.0,2.0,1.0,1.0,1.0,1.0,35.0,32.0,0,0.5015625,16.0,1024.0,6400000.0,0.5273919092465753
1.0,1.0,8.0,5.0,9.0,5.0,1486.0,672.0,0,0.940625,0.25,128.0,6400000.0,0.9409246575342465
2.0,2.0,1.0,2.0,5.0,4.0,146.0,384.0,0,0.5015625,0.0078125,256.0,6400000.0,0.5430474865459882
1.0,1.0,8.0,14.0,26.0,20.0,2622.0,3072.0,0,0.9625,0.5,1.0,6400000.0,0.9409200709393346
2.0,2.0,2.0,4.0,9.0,6.0,247.0,704.0,0,0.9078125,0.125,0.0,6400000.0,0.9033657962328766
2.0,2.0,1.0,2.0,5.0,4.0,146.0,384.0,0,0.5015625,32.0,8.0,6400000.0,0.5430474865459882
1.0,1.0,8.0,5.0,9.0,5.0,1486.0,672.0,0,0.940625,32.0,128.0,6400000.0,0.9409246575342465
1.0,1.0,8.0,1.0,1.0,1.0,543.0,32.0,0,0.5015625,32768.0,0.015625,6400000.0,0.5273919092465753
1.0,1.0,8.0,1.0,1.0,1.0,543.0,32.0,0,0.5015625,16.0,16384.0,6400000.0,0.5273919092465753
1.0,1.0,8.0,8.0,15.0,10.0,1875.0,1472.0,0,0.940625,16.0,16.0,6400000.0,0.9417074363992171
2.0,2.0,1.0,2.0,5.0,4.0,146.0,384.0,0,0.5015625,0.0078125,0.25,6400000.0,0.5430474865459882
1.0,1.0,8.0,1.0,1.0,1.0,543.0,32.0,0,0.5015625,4096.0,64.0,6400000.0,0.5273919092465753
2.0,2.0,2.0,3.0,8.0,6.0,233.0,704.0,0,0.75,1.0,128.0,6400000.0,0.7844231592465754
1.0,1.0,8.0,5.0,9.0,5.0,1486.0,672.0,0,0.940625,64.0,0.000976562,6400000.0,0.9409246575342465
2.0,2.0,1.0,2.0,5.0,4.0,146.0,384.0,0,0.5015625,64.0,0.0625,6400000.0,0.5430474865459882
1.0,1.0,8.0,1.0,1.0,1.0,543.0,32.0,0,0.5015625,4096.0,0.0625,6400000.0,0.5273919092465753
1.0,2.0,2.0,1.0,1.0,1.0,39.0,32.0,0,0.5015625,4.0,4096.0,6400000.0,0.5273919092465753
1.0,1.0,8.0,1.0,1.0,1.0,543.0,32.0,0,0.5015625,8192.0,0.0,6400000.0,0.5273919092465753
2.0,2.0,1.0,2.0,5.0,4.0,146.0,384.0,0,0.5015625,64.0,64.0,6400000.0,0.5430474865459882
2.0,2.0,1.0,2.0,5.0,4.0,146.0,384.0,0,0.5015625,128.0,0.5,6400000.0,0.5430474865459882
1.0,1.0,8.0,1.0,1.0,1.0,543.0,32.0,0,0.5015625,0.5,1024.0,6400000.0,0.5273919092465753
1.0,1.0,8.0,1.0,1.0,1.0,543.0,32.0,0,0.5015625,32768.0,16.0,6400000.0,0.5273919092465753
1.0,2.0,1.0,1.0,1.0,1.0,35.0,32.0,0,0.5015625,32.0,8192.0,6400000.0,0.5273919092465753
1.0,2.0,1.0,1.0,1.0,1.0,35.0,32.0,0,0.5015625,128.0,512.0,6400000.0,0.5273919092465753
2.0,2.0,1.0,2.0,5.0,4.0,146.0,384.0,0,0.5015625,128.0,0.0,6400000.0,0.5430474865459882
2.0,2.0,1.0,2.0,5.0,4.0,146.0,384.0,0,0.5015625,0.015625,0.00195312,6400000.0,0.5430474865459882
2.0,2.0,1.0,2.0,5.0,4.0,146.0,384.0,0,0.5015625,256.0,0.00390625,6400000.0,0.5430474865459882
2.0,2.0,2.0,4.0,9.0,6.0,247.0,704.0,0,0.9078125,0.125,0.5,6400000.0,0.9033657962328766
1.0,1.0,8.0,5.0,9.0,5.0,1486.0,672.0,0,0.940625,64.0,1.0,6400000.0,0.9409246575342465
2.0,2.0,1.0,2.0,5.0,4.0,146.0,384.0,0,0.5015625,0.015625,2.0,6400000.0,0.5430474865459882
1.0,1.0,8.0,5.0,9.0,5.0,1486.0,672.0,0,0.940625,128.0,8.0,6400000.0,0.9409246575342465
1.0,1.0,8.0,5.0,9.0,5.0,1486.0,672.0,0,0.940625,128.0,0.0078125,6400000.0,0.9409246575342465
1.0,1.0,8.0,1.0,1.0,1.0,543.0,32.0,0,0.5015625,1024.0,0.00195312,6400000.0,0.5273919092465753
1.0,1.0,8.0,1.0,1.0,1.0,543.0,32.0,0,0.5015625,32768.0,16384.0,6400000.0,0.5273919092465753
1.0,2.0,1.0,1.0,1.0,1.0,35.0,32.0,0,0.5015625,512.0,32.0,6400000.0,0.5273919092465753
1.0,1.0,8.0,14.0,26.0,19.0,2621.0,2912.0,0,0.9625,1.0,0.0078125,6400000.0,0.940137292074364
1.0,2.0,1.0,1.0,1.0,1.0,35.0,32.0,0,0.5015625,512.0,0.03125,6400000.0,0.5273919092465753
1.0,2.0,2.0,1.0,1.0,1.0,39.0,32.0,0,0.5015625,0.125,512.0,6400000.0,0.5273919092465753
2.0,2.0,2.0,4.0,9.0,6.0,247.0,704.0,0,0.9078125,2.0,0.000976562,6400000.0,0.9033657962328766
1.0,1.0,8.0,1.0,1.0,1.0,543.0,32.0,0,0.5015625,8192.0,0.5,6400000.0,0.5273919092465753
1.0,2.0,1.0,1.0,1.0,1.0,35.0,32.0,0,0.5015625,256.0,4096.0,6400000.0,0.5273919092465753
2.0,2.0,1.0,2.0,5.0,4.0,146.0,384.0,0,0.5015625,256.0,4.0,6400000.0,0.5430474865459882
1.0,1.0,8.0,1.0,1.0,1.0,543.0,32.0,0,0.5015625,64.0,1024.0,6400000.0,0.5273919092465753
1.0,2.0,1.0,1.0,1.0,1.0,35.0,32.0,0,0.5015625,2048.0,0.00195312,6400000.0,0.5273919092465753
1.0,2.0,1.0,1.0,1.0,1.0,35.0,32.0,0,0.5015625,512.0,32768.0,6400000.0,0.5273919092465753
2.0,2.0,2.0,4.0,9.0,6.0,247.0,704.0,0,0.9078125,8.0,0.03125,6400000.0,0.9033657962328766
2.0,2.0,2.0,4.0,9.0,6.0,247.0,704.0,0,0.9078125,2.0,1.0,6400000.0,0.9033657962328766
1.0,2.0,1.0,1.0,1.0,1.0,35.0,32.0,0,0.5015625,1024.0,0.25,6400000.0,0.5273919092465753
1.0,2.0,1.0,1.0,1.0,1.0,35.0,32.0,0,0.5015625,1024.0,256.0,6400000.0,0.5273919092465753
1.0,1.0,8.0,1.0,1.0,1.0,543.0,32.0,0,0.5015625,8192.0,512.0,6400000.0,0.5273919092465753
1.0,2.0,1.0,1.0,1.0,1.0,35.0,32.0,0,0.5015625,4096.0,16384.0,6400000.0,0.5273919092465753
1.0,1.0,8.0,12.0,24.0,21.0,2601.0,3232.0,0,0.9625,1.0,8.0,6400000.0,0.9401380565068493
1.0,2.0,1.0,1.0,1.0,1.0,35.0,32.0,0,0.5015625,4096.0,0.015625,6400000.0,0.5273919092465753
2.0,2.0,1.0,2.0,5.0,4.0,146.0,384.0,0,0.5015625,0.0,0.125,6400000.0,0.5430474865459882
1.0,1.0,8.0,1.0,1.0,1.0,543.0,32.0,0,0.5015625,1024.0,2.0,6400000.0,0.5273919092465753
1.0,2.0,1.0,1.0,1.0,1.0,35.0,32.0,0,0.5015625,8192.0,128.0,6400000.0,0.5273919092465753
1.0,2.0,1.0,1.0,1.0,1.0,35.0,32.0,0,0.5015625,2048.0,2.0,6400000.0,0.5273919092465753
1.0,2.0,1.0,1.0,1.0,1.0,35.0,32.0,0,0.5015625,2048.0,2048.0,6400000.0,0.5273919092465753
1.0,2.0,1.0,1.0,1.0,1.0,35.0,32.0,0,0.5015625,4096.0,16.0,6400000.0,0.5273919092465753
1.0,1.0,8.0,5.0,9.0,5.0,1486.0,672.0,0,0.940625,256.0,0.0625,6400000.0,0.9033657962328766
1.0,2.0,1.0,1.0,1.0,1.0,35.0,32.0,0,0.5015625,8192.0,0.125,6400000.0,0.5273919092465753
1.0,1.0,8.0,1.0,1.0,1.0,543.0,32.0,0,0.5015625,128.0,8192.0,6400000.0,0.5273919092465753
1.0,1.0,8.0,14.0,26.0,20.0,2622.0,3072.0,0,0.9625,2.0,0.0625,6400000.0,0.9409200709393346
1.0,1.0,8.0,1.0,1.0,1.0,543.0,32.0,0,0.5015625,1.0,8192.0,6400000.0,0.5273919092465753
2.0,2.0,2.0,4.0,9.0,6.0,247.0,704.0,0,0.9078125,8.0,32.0,6400000.0,0.8262620780332682
1.0,1.0,8.0,1.0,1.0,1.0,543.0,32.0,0,0.5015625,1024.0,2048.0,6400000.0,0.5273919092465753
1.0,2.0,1.0,1.0,1.0,1.0,35.0,32.0,0,0.5015625,16384.0,1024.0,6400000.0,0.5273919092465753
1.0,1.0,8.0,4.0,7.0,4.0,1186.0,512.0,0,0.9078125,256.0,64.0,6400000.0,0.9033657962328766
1.0,2.0,1.0,1.0,1.0,1.0,35.0,32.0,0,0.5015625,16384.0,1.0,6400000.0,0.5273919092465753
1.0,2.0,1.0,1.0,1.0,1.0,35.0,32.0,0,0.5015625,32768.0,0.0078125,6400000.0,0.5273919092465753
1.0,2.0,1.0,1.0,1.0,1.0,35.0,32.0,0,0.5015625,32768.0,8.0,6400000.0,0.5273919092465753
1.0,1.0,8.0,1.0,1.0,1.0,543.0,32.0,0,0.5015625,16384.0,0.00390625,6400000.0,0.5273919092465753
2.0,2.0,2.0,4.0,9.0,6.0,247.0,704.0,0,0.9078125,0.0,0.0625,6400000.0,0.9033657962328766
1.0,2.0,1.0,1.0,1.0,1.0,35.0,32.0,0,0.5015625,16384.0,0.000976562,6400000.0,0.5273919092465753
1.0,2.0,1.0,1.0,1.0,1.0,35.0,32.0,0,0.5015625,32768.0,8192.0,6400000.0,0.5273919092465753
2.0,2.0,2.0,4.0,9.0,6.0,247.0,704.0,0,0.9078125,0.000976562,0.0,6400000.0,0.9033657962328766
1.0,2.0,1.0,1.0,1.0,1.0,35.0,32.0,0,0.5015625,0.015625,2048.0,6400000.0,0.5273919092465753
2.0,2.0,2.0,3.0,8.0,6.0,233.0,704.0,0,0.75,0.0,64.0,6400000.0,0.8047356592465753
2.0,2.0,2.0,4.0,9.0,6.0,247.0,704.0,0,0.9078125,0.25,4.0,6400000.0,0.9033657962328766
1.0,1.0,8.0,5.0,9.0,5.0,1486.0,672.0,0,0.940625,2.0,64.0,6400000.0,0.9409246575342465
2.0,2.0,1.0,2.0,5.0,4.0,146.0,384.0,0,0.5015625,0.0,128.0,6400000.0,0.5430474865459882
1.0,2.0,2.0,1.0,1.0,1.0,39.0,32.0,0,0.5015625,0.00195312,4096.0,6400000.0,0.5273919092465753
1.0,2.0,2.0,1.0,1.0,1.0,39.0,32.0,0,0.5015625,8.0,32768.0,6400000.0,0.5273919092465753
2.0,2.0,1.0,2.0,5.0,4.0,146.0,384.0,0,0.5015625,0.000976562,0.000976562,6400000.0,0.5430474865459882
1.0,2.0,2.0,1.0,1.0,1.0,39.0,32.0,0,0.5015625,0.25,4096.0,6400000.0,0.5273919092465753
2.0,2.0,2.0,4.0,9.0,6.0,247.0,704.0,0,0.9078125,0.25,0.00390625,6400000.0,0.9033657962328766
2.0,2.0,2.0,4.0,9.0,6.0,247.0,704.0,0,0.9078125,0.00195312,0.00390625,6400000.0,0.9033657962328766
2.0,2.0,1.0,2.0,5.0,4.0,146.0,384.0,0,0.5015625,0.03125,0.015625,6400000.0,0.5430474865459882
1.0,1.0,8.0,1.0,1.0,1.0,543.0,32.0,0,0.5015625,16384.0,4.0,6400000.0,0.5273919092465753
1.0,2.0,2.0,1.0,1.0,1.0,39.0,32.0,0,0.5015625,2.0,1024.0,6400000.0,0.5273919092465753
2.0,2.0,2.0,4.0,9.0,6.0,247.0,704.0,0,0.9078125,0.000976562,0.5,6400000.0,0.9033657962328766
2.0,2.0,2.0,4.0,9.0,6.0,247.0,704.0,0,0.9078125,0.00390625,0.03125,6400000.0,0.9033657962328766
1.0,2.0,2.0,1.0,1.0,1.0,39.0,32.0,0,0.5015625,0.000976562,512.0,6400000.0,0.5273919092465753
2.0,2.0,2.0,4.0,9.0,6.0,247.0,704.0,0,0.9078125,0.00390625,32.0,6400000.0,0.8740115887964773
2.0,2.0,1.0,2.0,5.0,4.0,146.0,384.0,0,0.5015625,0.000976562,1.0,6400000.0,0.5430474865459882
2.0,2.0,2.0,4.0,9.0,6.0,247.0,704.0,0,0.9078125,0.00195312,4.0,6400000.0,0.9033657962328766
2.0,2.0,2.0,4.0,9.0,6.0,247.0,704.0,0,0.9078125,16.0,0.25,6400000.0,0.9033657962328766
2.0,2.0,2.0,4.0,9.0,6.0,247.0,704.0,0,0.9078125,0.5,0.03125,6400000.0,0.9033657962328766
1.0,2.0,2.0,1.0,1.0,1.0,39.0,32.0,0,0.5015625,0.00390625,32768.0,6400000.0,0.5273919092465753
2.0,2.0,2.0,4.0,9.0,6.0,247.0,704.0,0,0.9078125,0.0078125,0.25,6400000.0,0.9033657962328766
2.0,2.0,2.0,4.0,9.0,6.0,247.0,704.0,0,0.9078125,0.015625,0.00195312,6400000.0,0.9033657962328766
1.0,1.0,8.0,1.0,1.0,1.0,543.0,32.0,0,0.5015625,2048.0,0.015625,6400000.0,0.5273919092465753
1.0,2.0,1.0,1.0,1.0,1.0,35.0,32.0,0,0.5015625,0.03125,16384.0,6400000.0,0.5273919092465753
1.0,1.0,8.0,14.0,27.0,22.0,2656.0,3392.0,0,0.95625,4.0,0.0,6400000.0,0.9393545132093932
2.0,2.0,1.0,2.0,5.0,4.0,146.0,384.0,0,0.5015625,0.0625,0.125,6400000.0,0.5430474865459882
2.0,2.0,1.0,2.0,5.0,4.0,146.0,384.0,0,0.5015625,0.00195312,0.0078125,6400000.0,0.5430474865459882
2.0,2.0,2.0,3.0,8.0,6.0,233.0,704.0,0,0.75,0.0078125,256.0,6400000.0,0.7844231592465754
2.0,2.0,2.0,4.0,9.0,6.0,247.0,704.0,0,0.9078125,0.03125,16.0,6400000.0,0.9033657962328766
2.0,2.0,1.0,2.0,5.0,4.0,146.0,384.0,0,0.5015625,0.0625,128.0,6400000.0,0.5430474865459882
2.0,2.0,1.0,2.0,5.0,4.0,146.0,384.0,0,0.5015625,0.03125,16.0,6400000.0,0.5430474865459882
2.0,2.0,2.0,4.0,9.0,6.0,247.0,704.0,0,0.9078125,0.015625,2.0,6400000.0,0.9033657962328766
1.0,1.0,8.0,1.0,1.0,1.0,543.0,32.0,0,0.5015625,512.0,0.0,6400000.0,0.5273919092465753
2.0,2.0,1.0,2.0,5.0,4.0,146.0,384.0,0,0.5015625,0.125,1.0,6400000.0,0.5430474865459882
1.0,2.0,1.0,1.0,1.0,1.0,35.0,32.0,0,0.5015625,0.000976562,1024.0,6400000.0,0.5273919092465753
2.0,2.0,1.0,2.0,5.0,4.0,146.0,384.0,0,0.5015625,0.125,0.000976562,6400000.0,0.5430474865459882
1.0,2.0,1.0,1.0,1.0,1.0,35.0,32.0,0,0.5015625,0.125,1024.0,6400000.0,0.5273919092465753
2.0,2.0,2.0,4.0,9.0,6.0,247.0,704.0,0,0.9078125,0.03125,0.015625,6400000.0,0.9033657962328766
1.0,2.0,2.0,1.0,1.0,1.0,39.0,32.0,0,0.5015625,0.015625,2048.0,6400000.0,0.5273919092465753
2.0,2.0,1.0,2.0,5.0,4.0,146.0,384.0,0,0.5015625,0.00195312,8.0,6400000.0,0.5430474865459882
1.0,1.0,8.0,1.0,1.0,1.0,543.0,32.0,0,0.5015625,4.0,512.0,6400000.0,0.5273919092465753
2.0,2.0,2.0,4.0,9.0,6.0,247.0,704.0,0,0.9078125,0.5,32.0,6400000.0,0.8740115887964773
2.0,2.0,1.0,2.0,5.0,4.0,146.0,384.0,0,0.5015625,0.25,0.0078125,6400000.0,0.5430474865459882
2.0,2.0,1.0,2.0,5.0,4.0,146.0,384.0,0,0.5015625,0.25,8.0,6400000.0,0.5430474865459882
2.0,2.0,2.0,3.0,8.0,6.0,233.0,704.0,0,0.75,16.0,256.0,6400000.0,0.7844231592465754
1.0,1.0,8.0,1.0,1.0,1.0,543.0,32.0,0,0.5015625,16384.0,4096.0,6400000.0,0.5273919092465753
2.0,2.0,2.0,4.0,9.0,6.0,247.0,704.0,0,0.9078125,4.0,0.0078125,6400000.0,0.9033657962328766
1.0,2.0,1.0,1.0,1.0,1.0,35.0,32.0,0,0.5015625,1.0,512.0,6400000.0,0.5273919092465753
1.0,2.0,2.0,1.0,1.0,1.0,39.0,32.0,0,0.5015625,0.03125,16384.0,6400000.0,0.5273919092465753
2.0,2.0,1.0,2.0,5.0,4.0,146.0,384.0,0,0.5015625,0.5,0.0625,6400000.0,0.5430474865459882
1.0,1.0,8.0,1.0,1.0,1.0,543.0,32.0,0,0.5015625,2048.0,16384.0,6400000.0,0.5273919092465753
1.0,2.0,1.0,1.0,1.0,1.0,35.0,32.0,0,0.5015625,0.25,8192.0,6400000.0,0.5273919092465753
2.0,2.0,1.0,2.0,5.0,4.0,146.0,384.0,0,0.5015625,0.5,64.0,6400000.0,0.5430474865459882
1.0,1.0,8.0,14.0,27.0,22.0,2656.0,3392.0,0,0.95625,4.0,0.5,6400000.0,0.9432684075342465
2.0,2.0,2.0,4.0,9.0,6.0,247.0,704.0,0,0.9078125,32.0,0.00195312,6400000.0,0.8740115887964773
1.0,1.0,8.0,1.0,1.0,1.0,543.0,32.0,0,0.5015625,2048.0,16.0,6400000.0,0.5273919092465753
1.0,1.0,8.0,12.0,24.0,21.0,2601.0,3232.0,0,0.9625,8.0,0.00390625,6400000.0,0.9444433402641877
1.0,1.0,8.0,1.0,1.0,1.0,543.0,32.0,0,0.5015625,8.0,4096.0,6400000.0,0.5273919092465753
2.0,2.0,1.0,2.0,5.0,4.0,146.0,384.0,0,0.5015625,2.0,4.0,6400000.0,0.5430474865459882
2.0,2.0,2.0,4.0,9.0,6.0,247.0,704.0,0,0.9078125,32.0,2.0,6400000.0,0.8740115887964773
2.0,2.0,1.0,2.0,5.0,4.0,146.0,384.0,0,0.5015625,2.0,0.00390625,6400000.0,0.5430474865459882
2.0,2.0,1.0,2.0,5.0,4.0,146.0,384.0,0,0.5015625,1.0,0.0,6400000.0,0.5430474865459882
2.0,2.0,1.0,2.0,5.0,4.0,146.0,384.0,0,0.5015625,1.0,0.5,6400000.0,0.5430474865459882
1.0,1.0,8.0,8.0,16.0,11.0,1908.0,1632.0,0,0.95625,16.0,0.03125,6400000.0,0.9491400134540117
2.0,2.0,1.0,2.0,5.0,4.0,146.0,384.0,0,0.5015625,0.00390625,0.0625,6400000.0,0.5430474865459882
2.0,2.0,1.0,2.0,5.0,4.0,146.0,384.0,0,0.5015625,4.0,0.03125,6400000.0,0.5430474865459882
1.0,1.0,8.0,9.0,18.0,11.0,2207.0,1632.0,0,0.95625,8.0,4.0,6400000.0,0.9491400134540117
1.0,2.0,1.0,1.0,1.0,1.0,35.0,32.0,0,0.5015625,2.0,4096.0,6400000.0,0.5273919092465753
1.0,2.0,1.0,1.0,1.0,1.0,35.0,32.0,0,0.5015625,0.00195312,8192.0,6400000.0,0.5273919092465753
2.0,2.0,2.0,4.0,9.0,6.0,247.0,704.0,0,0.9078125,0.0625,0.125,6400000.0,0.9033657962328766
1.0,2.0,1.0,1.0,1.0,1.0,35.0,32.0,0,0.5015625,4.0,32768.0,6400000.0,0.5273919092465753
1.0,2.0,2.0,1.0,1.0,1.0,39.0,32.0,0,0.5015625,32.0,2048.0,6400000.0,0.5273919092465753
2.0,2.0,2.0,4.0,9.0,6.0,247.0,704.0,0,0.9078125,4.0,8.0,6400000.0,0.9033657962328766
2.0,2.0,1.0,2.0,5.0,4.0,146.0,384.0,0,0.5015625,4.0,32.0,6400000.0,0.5430474865459882
2.0,2.0,1.0,2.0,5.0,4.0,146.0,384.0,0,0.5015625,16.0,0.00195312,6400000.0,0.5430474865459882
2.0,2.0,2.0,4.0,9.0,6.0,247.0,704.0,0,0.9078125,1.0,0.25,6400000.0,0.9033657962328766
1.0,1.0,8.0,1.0,1.0,1.0,543.0,32.0,0,0.5015625,512.0,0.5,6400000.0,0.5273919092465753
2.0,2.0,1.0,2.0,5.0,4.0,146.0,384.0,0,0.5015625,8.0,256.0,6400000.0,0.5430474865459882
1.0,2.0,2.0,1.0,1.0,1.0,39.0,32.0,0,0.5015625,0.5,32768.0,6400000.0,0.5273919092465753
2.0,2.0,1.0,2.0,5.0,4.0,146.0,384.0,0,0.5015625,8.0,0.25,6400000.0,0.5430474865459882
2.0,2.0,2.0,3.0,8.0,6.0,233.0,704.0,0,0.75,64.0,0.015625,6400000.0,0.8047356592465753
2.0,2.0,1.0,2.0,5.0,4.0,146.0,384.0,0,0.5015625,0.00390625,64.0,6400000.0,0.5430474865459882
1.0,1.0,8.0,1.0,1.0,1.0,543.0,32.0,0,0.5015625,512.0,512.0,6400000.0,0.5273919092465753
2.0,2.0,1.0,2.0,5.0,4.0,146.0,384.0,0,0.5015625,32.0,0.015625,6400000.0,0.5430474865459882
2.0,2.0,2.0,3.0,8.0,6.0,233.0,704.0,0,0.75,64.0,16.0,6400000.0,0.7844231592465754
2.0,2.0,2.0,3.0,8.0,6.0,233.0,704.0,0,0.75,0.0625,128.0,6400000.0,0.7844231592465754
2.0,2.0,2.0,4.0,9.0,6.0,247.0,704.0,0,0.9078125,0.125,0.000976562,6400000.0,0.9033657962328766
2.0,2.0,1.0,2.0,5.0,4.0,146.0,384.0,0,0.5015625,16.0,2.0,6400000.0,0.5430474865459882
1.0,1.0,8.0,8.0,16.0,11.0,1908.0,1632.0,0,0.95625,32.0,0.25,6400000.0,0.9491400134540117
1.0,2.0,2.0,1.0,1.0,1.0,39.0,32.0,0,0.5015625,64.0,16384.0,6400000.0,0.5273919092465753
2.0,2.0,1.0,2.0,5.0,4.0,146.0,384.0,0,0.5015625,0.0078125,0.0,6400000.0,0.5430474865459882
1.0,2.0,1.0,1.0,1.0,1.0,35.0,32.0,0,0.5015625,16.0,2048.0,6400000.0,0.5273919092465753
1.0,2.0,1.0,1.0,1.0,1.0,35.0,32.0,0,0.5015625,0.0078125,512.0,6400000.0,0.5273919092465753
2.0,2.0,1.0,2.0,5.0,4.0,146.0,384.0,0,0.5015625,32.0,16.0,6400000.0,0.5430474865459882
2.0,2.0,2.0,3.0,8.0,6.0,233.0,704.0,0,0.75,128.0,0.125,6400000.0,0.7844231592465754
2.0,2.0,1.0,2.0,5.0,4.0,146.0,384.0,0,0.5015625,64.0,0.125,6400000.0,0.5430474865459882
1.0,1.0,8.0,1.0,1.0,1.0,543.0,32.0,0,0.5015625,16.0,32768.0,6400000.0,0.5273919092465753
2.0,2.0,1.0,2.0,5.0,4.0,146.0,384.0,0,0.5015625,0.0078125,0.5,6400000.0,0.5430474865459882
1.0,1.0,8.0,4.0,7.0,4.0,1186.0,512.0,0,0.9078125,32.0,256.0,6400000.0,0.9033657962328766
1.0,1.0,8.0,1.0,1.0,1.0,543.0,32.0,0,0.5015625,4096.0,128.0,6400000.0,0.5273919092465753
1.0,1.0,8.0,1.0,1.0,1.0,543.0,32.0,0,0.5015625,32768.0,0.03125,6400000.0,0.5273919092465753
1.0,1.0,8.0,8.0,13.0,8.0,1840.0,1152.0,0,0.940625,16.0,32.0,6400000.0,0.9417074363992171
1.0,1.0,8.0,5.0,9.0,5.0,1486.0,672.0,0,0.940625,64.0,0.00195312,6400000.0,0.9409246575342465
2.0,2.0,2.0,3.0,8.0,6.0,233.0,704.0,0,0.75,1.0,256.0,6400000.0,0.7844231592465754
1.0,2.0,2.0,1.0,1.0,1.0,39.0,32.0,0,0.5015625,4.0,8192.0,6400000.0,0.5273919092465753
2.0,2.0,1.0,2.0,5.0,4.0,146.0,384.0,0,0.5015625,128.0,1.0,6400000.0,0.5430474865459882
1.0,1.0,8.0,1.0,1.0,1.0,543.0,32.0,0,0.5015625,8192.0,0.000976562,6400000.0,0.5273919092465753
2.0,2.0,1.0,2.0,5.0,4.0,146.0,384.0,0,0.5015625,64.0,128.0,6400000.0,0.5430474865459882
1.0,1.0,8.0,1.0,1.0,1.0,543.0,32.0,0,0.5015625,4096.0,0.125,6400000.0,0.5273919092465753
1.0,1.0,8.0,1.0,1.0,1.0,543.0,32.0,0,0.5015625,32768.0,32.0,6400000.0,0.5273919092465753
2.0,2.0,2.0,3.0,8.0,6.0,233.0,704.0,0,0.75,128.0,128.0,6400000.0,0.7844231592465754
1.0,2.0,1.0,1.0,1.0,1.0,35.0,32.0,0,0.5015625,32.0,16384.0,6400000.0,0.5273919092465753
1.0,2.0,1.0,1.0,1.0,1.0,35.0,32.0,0,0.5015625,128.0,1024.0,6400000.0,0.5273919092465753
2.0,2.0,1.0,2.0,5.0,4.0,146.0,384.0,0,0.5015625,128.0,0.000976562,6400000.0,0.5430474865459882
2.0,2.0,1.0,2.0,5.0,4.0,146.0,384.0,0,0.5015625,0.015625,4.0,6400000.0,0.5430474865459882
2.0,2.0,2.0,4.0,9.0,6.0,247.0,704.0,0,0.9078125,0.125,1.0,6400000.0,0.9033657962328766
2.0,2.0,1.0,2.0,5.0,4.0,146.0,384.0,0,0.5015625,0.015625,0.00390625,6400000.0,0.5430474865459882
2.0,2.0,1.0,2.0,5.0,4.0,146.0,384.0,0,0.5015625,256.0,0.0078125,6400000.0,0.5430474865459882
2.0,2.0,2.0,3.0,8.0,6.0,233.0,704.0,0,0.75,256.0,0.000976562,6400000.0,0.7844231592465754
1.0,1.0,8.0,5.0,9.0,5.0,1486.0,672.0,0,0.940625,128.0,0.015625,6400000.0,0.9409246575342465
1.0,1.0,8.0,5.0,9.0,5.0,1486.0,672.0,0,0.940625,128.0,16.0,6400000.0,0.9409246575342465
1.0,1.0,8.0,5.0,9.0,5.0,1486.0,672.0,0,0.940625,64.0,2.0,6400000.0,0.9409246575342465
2.0,2.0,2.0,3.0,8.0,6.0,233.0,704.0,0,0.75,256.0,1.0,6400000.0,0.7844231592465754
1.0,2.0,1.0,1.0,1.0,1.0,35.0,32.0,0,0.5015625,512.0,64.0,6400000.0,0.5273919092465753
1.0,2.0,2.0,1.0,1.0,1.0,39.0,32.0,0,0.5015625,0.125,1024.0,6400000.0,0.5273919092465753
1.0,1.0,8.0,1.0,1.0,1.0,543.0,32.0,0,0.5015625,32768.0,32768.0,6400000.0,0.5273919092465753
1.0,2.0,1.0,1.0,1.0,1.0,35.0,32.0,0,0.5015625,512.0,0.0625,6400000.0,0.5273919092465753
1.0,1.0,8.0,1.0,1.0,1.0,543.0,32.0,0,0.5015625,1024.0,0.00390625,6400000.0,0.5273919092465753
1.0,2.0,1.0,1.0,1.0,1.0,35.0,32.0,0,0.5015625,256.0,8192.0,6400000.0,0.5273919092465753
1.0,1.0,8.0,1.0,1.0,1.0,543.0,32.0,0,0.5015625,8192.0,1.0,6400000.0,0.5273919092465753
2.0,2.0,2.0,4.0,9.0,6.0,247.0,704.0,0,0.9078125,2.0,0.00195312,6400000.0,0.9033657962328766
1.0,2.0,1.0,1.0,1.0,1.0,35.0,32.0,0,0.5015625,2048.0,0.00390625,6400000.0,0.5273919092465753
2.0,2.0,2.0,4.0,9.0,6.0,247.0,704.0,0,0.9078125,2.0,2.0,6400000.0,0.9033657962328766
2.0,2.0,1.0,2.0,5.0,4.0,146.0,384.0,0,0.5015625,256.0,8.0,6400000.0,0.5430474865459882
1.0,1.0,8.0,1.0,1.0,1.0,543.0,32.0,0,0.5015625,64.0,2048.0,6400000.0,0.5273919092465753
1.0,2.0,1.0,1.0,1.0,1.0,35.0,32.0,0,0.5015625,1024.0,0.0,6400000.0,0.5273919092465753
2.0,2.0,2.0,4.0,9.0,6.0,247.0,704.0,0,0.9078125,8.0,0.0625,6400000.0,0.9033657962328766
1.0,2.0,1.0,1.0,1.0,1.0,35.0,32.0,0,0.5015625,1024.0,0.5,6400000.0,0.5273919092465753
1.0,1.0,8.0,1.0,1.0,1.0,543.0,32.0,0,0.5015625,8192.0,1024.0,6400000.0,0.5273919092465753
2.0,2.0,1.0,2.0,5.0,4.0,146.0,384.0,0,0.5015625,0.0,0.25,6400000.0,0.5430474865459882
1.0,1.0,8.0,1.0,1.0,1.0,543.0,32.0,0,0.5015625,1024.0,4.0,6400000.0,0.5273919092465753
1.0,2.0,1.0,1.0,1.0,1.0,35.0,32.0,0,0.5015625,4096.0,32768.0,6400000.0,0.5273919092465753
1.0,2.0,1.0,1.0,1.0,1.0,35.0,32.0,0,0.5015625,4096.0,0.03125,6400000.0,0.5273919092465753
1.0,2.0,1.0,1.0,1.0,1.0,35.0,32.0,0,0.5015625,1024.0,512.0,6400000.0,0.5273919092465753
1.0,2.0,2.0,1.0,1.0,1.0,39.0,32.0,0,0.5015625,256.0,1024.0,6400000.0,0.5273919092465753
1.0,2.0,1.0,1.0,1.0,1.0,35.0,32.0,0,0.5015625,8192.0,256.0,6400000.0,0.5273919092465753
1.0,2.0,1.0,1.0,1.0,1.0,35.0,32.0,0,0.5015625,2048.0,4096.0,6400000.0,0.5273919092465753
1.0,2.0,1.0,1.0,1.0,1.0,35.0,32.0,0,0.5015625,2048.0,4.0,6400000.0,0.5273919092465753
1.0,1.0,8.0,1.0,1.0,1.0,543.0,32.0,0,0.5015625,128.0,16384.0,6400000.0,0.5273919092465753
1.0,2.0,1.0,1.0,1.0,1.0,35.0,32.0,0,0.5015625,4096.0,32.0,6400000.0,0.5273919092465753
1.0,1.0,8.0,4.0,7.0,4.0,1186.0,512.0,0,0.9078125,256.0,128.0,6400000.0,0.9033657962328766
1.0,2.0,1.0,1.0,1.0,1.0,35.0,32.0,0,0.5015625,32768.0,16.0,6400000.0,0.5273919092465753
1.0,1.0,8.0,5.0,9.0,5.0,1486.0,672.0,0,0.940625,256.0,0.125,6400000.0,0.9033657962328766
1.0,1.0,8.0,1.0,1.0,1.0,543.0,32.0,0,0.5015625,1024.0,4096.0,6400000.0,0.5273919092465753
1.0,2.0,1.0,1.0,1.0,1.0,35.0,32.0,0,0.5015625,8192.0,0.25,6400000.0,0.5273919092465753
1.0,2.0,1.0,1.0,1.0,1.0,35.0,32.0,0,0.5015625,16384.0,2048.0,6400000.0,0.5273919092465753
1.0,2.0,1.0,1.0,1.0,1.0,35.0,32.0,0,0.5015625,16384.0,2.0,6400000.0,0.5273919092465753
1.0,2.0,1.0,1.0,1.0,1.0,35.0,32.0,0,0.5015625,32768.0,16384.0,6400000.0,0.5273919092465753
1.0,2.0,1.0,1.0,1.0,1.0,35.0,32.0,0,0.5015625,32768.0,0.015625,6400000.0,0.5273919092465753
2.0,2.0,2.0,3.0,8.0,6.0,233.0,704.0,0,0.75,8.0,64.0,6400000.0,0.7844231592465754
2.0,2.0,2.0,4.0,9.0,6.0,247.0,704.0,0,0.9078125,0.0,0.125,6400000.0,0.9033657962328766
1.0,1.0,8.0,1.0,1.0,1.0,543.0,32.0,0,0.5015625,16384.0,0.0078125,6400000.0,0.5273919092465753
2.0,2.0,2.0,4.0,9.0,6.0,247.0,704.0,0,0.9078125,0.25,8.0,6400000.0,0.9033657962328766
1.0,2.0,1.0,1.0,1.0,1.0,35.0,32.0,0,0.5015625,16384.0,0.00195312,6400000.0,0.5273919092465753
1.0,2.0,1.0,1.0,1.0,1.0,35.0,32.0,0,0.5015625,0.015625,4096.0,6400000.0,0.5273919092465753
2.0,2.0,2.0,3.0,8.0,6.0,233.0,704.0,0,0.75,0.0,128.0,6400000.0,0.7844231592465754
2.0,2.0,1.0,2.0,5.0,4.0,146.0,384.0,0,0.5015625,0.0,256.0,6400000.0,0.5430474865459882
2.0,2.0,2.0,4.0,9.0,6.0,247.0,704.0,0,0.9078125,0.000976562,0.000976562,6400000.0,0.9033657962328766
1.0,2.0,2.0,1.0,1.0,1.0,39.0,32.0,0,0.5015625,0.00195312,8192.0,6400000.0,0.5273919092465753
1.0,2.0,2.0,1.0,1.0,1.0,39.0,32.0,0,0.5015625,0.25,8192.0,6400000.0,0.5273919092465753
1.0,2.0,2.0,1.0,1.0,1.0,39.0,32.0,0,0.5015625,512.0,0.0078125,6400000.0,0.5273919092465753
2.0,2.0,1.0,2.0,5.0,4.0,146.0,384.0,0,0.5015625,0.000976562,0.00195312,6400000.0,0.5430474865459882
2.0,2.0,2.0,4.0,9.0,6.0,247.0,704.0,0,0.9078125,0.25,0.0078125,6400000.0,0.9033657962328766
2.0,2.0,2.0,4.0,9.0,6.0,247.0,704.0,0,0.9078125,16.0,0.0,6400000.0,0.9033657962328766
2.0,2.0,2.0,4.0,9.0,6.0,247.0,704.0,0,0.9078125,0.00195312,0.0078125,6400000.0,0.9033657962328766
1.0,2.0,2.0,1.0,1.0,1.0,39.0,32.0,0,0.5015625,2.0,2048.0,6400000.0,0.5273919092465753
2.0,2.0,1.0,2.0,5.0,4.0,146.0,384.0,0,0.5015625,0.03125,0.03125,6400000.0,0.5430474865459882
2.0,2.0,2.0,4.0,9.0,6.0,247.0,704.0,0,0.9078125,0.000976562,1.0,6400000.0,0.9033657962328766
2.0,2.0,2.0,4.0,9.0,6.0,247.0,704.0,0,0.9078125,0.00390625,0.0625,6400000.0,0.9033657962328766
2.0,2.0,2.0,3.0,8.0,6.0,233.0,704.0,0,0.75,0.00390625,64.0,6400000.0,0.8047356592465753
1.0,1.0,8.0,1.0,1.0,1.0,543.0,32.0,0,0.5015625,16384.0,8.0,6400000.0,0.5273919092465753
1.0,2.0,2.0,1.0,1.0,1.0,39.0,32.0,0,0.5015625,0.000976562,1024.0,6400000.0,0.5273919092465753
2.0,2.0,1.0,2.0,5.0,4.0,146.0,384.0,0,0.5015625,0.000976562,2.0,6400000.0,0.5430474865459882
2.0,2.0,2.0,4.0,9.0,6.0,247.0,704.0,0,0.9078125,0.00195312,8.0,6400000.0,0.9033657962328766
2.0,2.0,2.0,4.0,9.0,6.0,247.0,704.0,0,0.9078125,16.0,0.5,6400000.0,0.9033657962328766
2.0,2.0,2.0,4.0,9.0,6.0,247.0,704.0,0,0.9078125,0.5,0.0625,6400000.0,0.9033657962328766
2.0,2.0,2.0,4.0,9.0,6.0,247.0,704.0,0,0.9078125,0.0078125,0.5,6400000.0,0.9033657962328766
2.0,2.0,2.0,4.0,9.0,6.0,247.0,704.0,0,0.9078125,0.015625,0.00390625,6400000.0,0.9033657962328766
2.0,2.0,2.0,4.0,9.0,6.0,247.0,704.0,0,0.9078125,0.0078125,0.0,6400000.0,0.9033657962328766
1.0,1.0,8.0,1.0,1.0,1.0,543.0,32.0,0,0.5015625,2048.0,0.03125,6400000.0,0.5273919092465753
1.0,2.0,2.0,1.0,1.0,1.0,39.0,32.0,0,0.5015625,512.0,8.0,6400000.0,0.5273919092465753
1.0,2.0,2.0,1.0,1.0,1.0,39.0,32.0,0,0.5015625,0.0078125,512.0,6400000.0,0.5273919092465753
2.0,2.0,1.0,2.0,5.0,4.0,146.0,384.0,0,0.5015625,0.0625,0.25,6400000.0,0.5430474865459882
1.0,2.0,1.0,1.0,1.0,1.0,35.0,32.0,0,0.5015625,0.03125,32768.0,6400000.0,0.5273919092465753
2.0,2.0,1.0,2.0,5.0,4.0,146.0,384.0,0,0.5015625,0.00195312,0.015625,6400000.0,0.5430474865459882
2.0,2.0,1.0,2.0,5.0,4.0,146.0,384.0,0,0.5015625,0.03125,32.0,6400000.0,0.5430474865459882
2.0,2.0,1.0,2.0,5.0,4.0,146.0,384.0,0,0.5015625,0.0625,256.0,6400000.0,0.5430474865459882
2.0,2.0,2.0,4.0,9.0,6.0,247.0,704.0,0,0.9078125,0.015625,4.0,6400000.0,0.9033657962328766
2.0,2.0,2.0,4.0,9.0,6.0,247.0,704.0,0,0.9078125,0.03125,0.03125,6400000.0,0.9033657962328766
1.0,2.0,1.0,1.0,1.0,1.0,35.0,32.0,0,0.5015625,0.000976562,2048.0,6400000.0,0.5273919092465753
2.0,2.0,2.0,4.0,9.0,6.0,247.0,704.0,0,0.9078125,0.03125,32.0,6400000.0,0.8740115887964773
2.0,2.0,1.0,2.0,5.0,4.0,146.0,384.0,0,0.5015625,0.125,0.00195312,6400000.0,0.5430474865459882
1.0,2.0,1.0,1.0,1.0,1.0,35.0,32.0,0,0.5015625,0.125,2048.0,6400000.0,0.5273919092465753
2.0,2.0,2.0,3.0,8.0,6.0,233.0,704.0,0,0.75,0.5,64.0,6400000.0,0.8047356592465753
1.0,2.0,2.0,1.0,1.0,1.0,39.0,32.0,0,0.5015625,0.015625,4096.0,6400000.0,0.5273919092465753
2.0,2.0,1.0,2.0,5.0,4.0,146.0,384.0,0,0.5015625,0.125,2.0,6400000.0,0.5430474865459882
1.0,1.0,8.0,1.0,1.0,1.0,543.0,32.0,0,0.5015625,512.0,0.000976562,6400000.0,0.5273919092465753
1.0,2.0,2.0,1.0,1.0,1.0,39.0,32.0,0,0.5015625,512.0,8192.0,6400000.0,0.5273919092465753
2.0,2.0,1.0,2.0,5.0,4.0,146.0,384.0,0,0.5015625,0.00195312,16.0,6400000.0,0.5430474865459882
1.0,1.0,8.0,1.0,1.0,1.0,543.0,32.0,0,0.5015625,16384.0,8192.0,6400000.0,0.5273919092465753
2.0,2.0,1.0,2.0,5.0,4.0,146.0,384.0,0,0.5015625,0.25,0.015625,6400000.0,0.5430474865459882
2.0,2.0,1.0,2.0,5.0,4.0,146.0,384.0,0,0.5015625,0.25,16.0,6400000.0,0.5430474865459882
1.0,1.0,8.0,1.0,1.0,1.0,543.0,32.0,0,0.5015625,2048.0,32768.0,6400000.0,0.5273919092465753
2.0,2.0,2.0,4.0,9.0,6.0,247.0,704.0,0,0.9078125,4.0,0.015625,6400000.0,0.9033657962328766
1.0,2.0,1.0,1.0,1.0,1.0,35.0,32.0,0,0.5015625,1.0,1024.0,6400000.0,0.5273919092465753
1.0,2.0,2.0,1.0,1.0,1.0,39.0,32.0,0,0.5015625,0.03125,32768.0,6400000.0,0.5273919092465753
1.0,2.0,2.0,1.0,1.0,1.0,39.0,32.0,0,0.5015625,16.0,512.0,6400000.0,0.5273919092465753
2.0,2.0,1.0,2.0,5.0,4.0,146.0,384.0,0,0.5015625,0.5,0.125,6400000.0,0.5430474865459882
1.0,2.0,2.0,1.0,1.0,1.0,39.0,32.0,0,0.5015625,1024.0,0.0625,6400000.0,0.5273919092465753
1.0,2.0,1.0,1.0,1.0,1.0,35.0,32.0,0,0.5015625,0.25,16384.0,6400000.0,0.5273919092465753
2.0,2.0,1.0,2.0,5.0,4.0,146.0,384.0,0,0.5015625,0.5,128.0,6400000.0,0.5430474865459882
2.0,2.0,2.0,4.0,9.0,6.0,247.0,704.0,0,0.9078125,32.0,0.00390625,6400000.0,0.8740115887964773
1.0,1.0,8.0,1.0,1.0,1.0,543.0,32.0,0,0.5015625,2048.0,32.0,6400000.0,0.5273919092465753
2.0,2.0,1.0,2.0,5.0,4.0,146.0,384.0,0,0.5015625,2.0,8.0,6400000.0,0.5430474865459882
2.0,2.0,1.0,2.0,5.0,4.0,146.0,384.0,0,0.5015625,1.0,0.000976562,6400000.0,0.5430474865459882
2.0,2.0,1.0,2.0,5.0,4.0,146.0,384.0,0,0.5015625,2.0,0.0078125,6400000.0,0.5430474865459882
2.0,2.0,2.0,4.0,9.0,6.0,247.0,704.0,0,0.9078125,32.0,4.0,6400000.0,0.8505282228473583
1.0,2.0,2.0,1.0,1.0,1.0,39.0,32.0,0,0.5015625,1024.0,64.0,6400000.0,0.5273919092465753
1.0,2.0,2.0,1.0,1.0,1.0,39.0,32.0,0,0.5015625,2048.0,0.0,6400000.0,0.5273919092465753
2.0,2.0,1.0,2.0,5.0,4.0,146.0,384.0,0,0.5015625,1.0,1.0,6400000.0,0.5430474865459882
2.0,2.0,1.0,2.0,5.0,4.0,146.0,384.0,0,0.5015625,0.00390625,0.125,6400000.0,0.5430474865459882
1.0,2.0,2.0,1.0,1.0,1.0,39.0,32.0,0,0.5015625,2048.0,0.5,6400000.0,0.5273919092465753
1.0,2.0,2.0,1.0,1.0,1.0,39.0,32.0,0,0.5015625,2048.0,512.0,6400000.0,0.5273919092465753
2.0,2.0,1.0,2.0,5.0,4.0,146.0,384.0,0,0.5015625,4.0,0.0625,6400000.0,0.5430474865459882
1.0,2.0,1.0,1.0,1.0,1.0,35.0,32.0,0,0.5015625,2.0,8192.0,6400000.0,0.5273919092465753
1.0,2.0,1.0,1.0,1.0,1.0,35.0,32.0,0,0.5015625,0.00195312,16384.0,6400000.0,0.5273919092465753
2.0,2.0,2.0,4.0,9.0,6.0,247.0,704.0,0,0.9078125,0.0625,0.25,6400000.0,0.9033657962328766
2.0,2.0,1.0,2.0,5.0,4.0,146.0,384.0,0,0.5015625,4.0,64.0,6400000.0,0.5430474865459882
2.0,2.0,1.0,2.0,5.0,4.0,146.0,384.0,0,0.5015625,8.0,0.0,6400000.0,0.5430474865459882
2.0,2.0,2.0,4.0,9.0,6.0,247.0,704.0,0,0.9078125,1.0,0.5,6400000.0,0.9033657962328766
1.0,2.0,2.0,1.0,1.0,1.0,39.0,32.0,0,0.5015625,32.0,4096.0,6400000.0,0.5273919092465753
2.0,2.0,2.0,4.0,9.0,6.0,247.0,704.0,0,0.9078125,4.0,16.0,6400000.0,0.9033657962328766
2.0,2.0,1.0,2.0,5.0,4.0,146.0,384.0,0,0.5015625,16.0,0.00390625,6400000.0,0.5430474865459882
1.0,1.0,8.0,1.0,1.0,1.0,543.0,32.0,0,0.5015625,512.0,1.0,6400000.0,0.5273919092465753
2.0,2.0,2.0,3.0,8.0,6.0,233.0,704.0,0,0.75,64.0,0.03125,6400000.0,0.8047356592465753
2.0,2.0,2.0,4.0,9.0,6.0,247.0,704.0,0,0.9078125,1.0,0.0,6400000.0,0.9033657962328766
2.0,2.0,1.0,2.0,5.0,4.0,146.0,384.0,0,0.5015625,8.0,0.5,6400000.0,0.5430474865459882
1.0,1.0,8.0,1.0,1.0,1.0,543.0,32.0,0,0.5015625,512.0,1024.0,6400000.0,0.5273919092465753
2.0,2.0,1.0,2.0,5.0,4.0,146.0,384.0,0,0.5015625,0.00390625,128.0,6400000.0,0.5430474865459882
1.0,2.0,1.0,1.0,1.0,1.0,35.0,32.0,0,0.5015625,8.0,512.0,6400000.0,0.5273919092465753
2.0,2.0,2.0,4.0,9.0,6.0,247.0,704.0,0,0.9078125,0.125,0.00195312,6400000.0,0.9033657962328766
1.0,2.0,2.0,1.0,1.0,1.0,39.0,32.0,0,0.5015625,64.0,32768.0,6400000.0,0.5273919092465753
2.0,2.0,2.0,3.0,8.0,6.0,233.0,704.0,0,0.75,64.0,32.0,6400000.0,0.7844231592465754
2.0,2.0,1.0,2.0,5.0,4.0,146.0,384.0,0,0.5015625,32.0,0.03125,6400000.0,0.5430474865459882
2.0,2.0,2.0,3.0,8.0,6.0,233.0,704.0,0,0.75,0.0625,256.0,6400000.0,0.7844231592465754
1.0,2.0,1.0,1.0,1.0,1.0,35.0,32.0,0,0.5015625,16.0,4096.0,6400000.0,0.5273919092465753
1.0,2.0,1.0,1.0,1.0,1.0,35.0,32.0,0,0.5015625,0.0078125,1024.0,6400000.0,0.5273919092465753
1.0,2.0,2.0,1.0,1.0,1.0,39.0,32.0,0,0.5015625,4096.0,0.00390625,6400000.0,0.5273919092465753
2.0,2.0,1.0,2.0,5.0,4.0,146.0,384.0,0,0.5015625,16.0,4.0,6400000.0,0.5430474865459882
2.0,2.0,1.0,2.0,5.0,4.0,146.0,384.0,0,0.5015625,0.0078125,0.000976562,6400000.0,0.5430474865459882
2.0,2.0,1.0,2.0,5.0,4.0,146.0,384.0,0,0.5015625,32.0,32.0,6400000.0,0.5430474865459882
1.0,2.0,2.0,1.0,1.0,1.0,39.0,32.0,0,0.5015625,4096.0,4.0,6400000.0,0.5273919092465753
2.0,2.0,2.0,3.0,8.0,6.0,233.0,704.0,0,0.75,128.0,0.25,6400000.0,0.7844231592465754
1.0,1.0,8.0,1.0,1.0,1.0,543.0,32.0,0,0.5015625,4096.0,256.0,6400000.0,0.5273919092465753
2.0,2.0,1.0,2.0,5.0,4.0,146.0,384.0,0,0.5015625,64.0,0.25,6400000.0,0.5430474865459882
1.0,2.0,2.0,1.0,1.0,1.0,39.0,32.0,0,0.5015625,4.0,16384.0,6400000.0,0.5273919092465753
1.0,1.0,8.0,1.0,1.0,1.0,543.0,32.0,0,0.5015625,32768.0,0.0625,6400000.0,0.5273919092465753
1.0,2.0,2.0,1.0,1.0,1.0,39.0,32.0,0,0.5015625,4096.0,4096.0,6400000.0,0.5273919092465753
2.0,2.0,1.0,2.0,5.0,4.0,146.0,384.0,0,0.5015625,0.0078125,1.0,6400000.0,0.5430474865459882
1.0,2.0,2.0,1.0,1.0,1.0,39.0,32.0,0,0.5015625,8192.0,0.03125,6400000.0,0.5273919092465753
1.0,1.0,8.0,1.0,1.0,1.0,543.0,32.0,0,0.5015625,4096.0,0.25,6400000.0,0.5273919092465753
1.0,2.0,2.0,1.0,1.0,1.0,39.0,32.0,0,0.5015625,1.0,512.0,6400000.0,0.5273919092465753
1.0,2.0,2.0,1.0,1.0,1.0,39.0,32.0,0,0.5015625,8192.0,32.0,6400000.0,0.5273919092465753
1.0,1.0,8.0,1.0,1.0,1.0,543.0,32.0,0,0.5015625,8192.0,0.00195312,6400000.0,0.5273919092465753
2.0,2.0,1.0,2.0,5.0,4.0,146.0,384.0,0,0.5015625,64.0,256.0,6400000.0,0.5430474865459882
2.0,2.0,1.0,2.0,5.0,4.0,146.0,384.0,0,0.5015625,128.0,2.0,6400000.0,0.5430474865459882
1.0,1.0,8.0,1.0,1.0,1.0,543.0,32.0,0,0.5015625,32768.0,64.0,6400000.0,0.5273919092465753
2.0,2.0,2.0,3.0,8.0,6.0,233.0,704.0,0,0.75,128.0,256.0,6400000.0,0.7844231592465754
1.0,2.0,1.0,1.0,1.0,1.0,35.0,32.0,0,0.5015625,32.0,32768.0,6400000.0,0.5273919092465753
1.0,2.0,1.0,1.0,1.0,1.0,35.0,32.0,0,0.5015625,128.0,2048.0,6400000.0,0.5273919092465753
2.0,2.0,1.0,2.0,5.0,4.0,146.0,384.0,0,0.5015625,0.015625,8.0,6400000.0,0.5430474865459882
2.0,2.0,1.0,2.0,5.0,4.0,146.0,384.0,0,0.5015625,128.0,0.00195312,6400000.0,0.5430474865459882
2.0,2.0,2.0,4.0,9.0,6.0,247.0,704.0,0,0.9078125,0.125,2.0,6400000.0,0.9033657962328766
2.0,2.0,1.0,2.0,5.0,4.0,146.0,384.0,0,0.5015625,0.015625,0.0078125,6400000.0,0.5430474865459882
2.0,2.0,1.0,2.0,5.0,4.0,146.0,384.0,0,0.5015625,256.0,0.015625,6400000.0,0.5430474865459882
1.0,2.0,2.0,1.0,1.0,1.0,39.0,32.0,0,0.5015625,16384.0,0.25,6400000.0,0.5273919092465753
1.0,2.0,2.0,1.0,1.0,1.0,39.0,32.0,0,0.5015625,8192.0,32768.0,6400000.0,0.5273919092465753
1.0,2.0,2.0,1.0,1.0,1.0,39.0,32.0,0,0.5015625,16384.0,256.0,6400000.0,0.5273919092465753
1.0,2.0,1.0,1.0,1.0,1.0,35.0,32.0,0,0.5015625,512.0,128.0,6400000.0,0.5273919092465753
2.0,2.0,2.0,3.0,8.0,6.0,233.0,704.0,0,0.75,256.0,0.00195312,6400000.0,0.7844231592465754
1.0,2.0,2.0,1.0,1.0,1.0,39.0,32.0,0,0.5015625,32768.0,0.00195312,6400000.0,0.5273919092465753
1.0,2.0,2.0,1.0,1.0,1.0,39.0,32.0,0,0.5015625,0.125,2048.0,6400000.0,0.5273919092465753
2.0,2.0,2.0,3.0,8.0,6.0,233.0,704.0,0,0.75,256.0,2.0,6400000.0,0.7844231592465754
1.0,1.0,8.0,1.0,1.0,1.0,543.0,32.0,0,0.5015625,8192.0,2.0,6400000.0,0.5273919092465753
1.0,2.0,1.0,1.0,1.0,1.0,35.0,32.0,0,0.5015625,256.0,16384.0,6400000.0,0.5273919092465753
2.0,2.0,1.0,2.0,5.0,4.0,146.0,384.0,0,0.5015625,0.0,0.0,6400000.0,0.5430474865459882
2.0,2.0,2.0,4.0,9.0,6.0,247.0,704.0,0,0.9078125,2.0,0.00390625,6400000.0,0.9033657962328766
1.0,2.0,1.0,1.0,1.0,1.0,35.0,32.0,0,0.5015625,512.0,0.125,6400000.0,0.5273919092465753
2.0,2.0,2.0,4.0,9.0,6.0,247.0,704.0,0,0.9078125,2.0,4.0,6400000.0,0.9033657962328766
1.0,2.0,1.0,1.0,1.0,1.0,35.0,32.0,0,0.5015625,1024.0,0.000976562,6400000.0,0.5273919092465753
1.0,1.0,8.0,1.0,1.0,1.0,543.0,32.0,0,0.5015625,1024.0,0.0078125,6400000.0,0.5273919092465753
1.0,2.0,1.0,1.0,1.0,1.0,35.0,32.0,0,0.5015625,2048.0,0.0078125,6400000.0,0.5273919092465753
1.0,2.0,2.0,1.0,1.0,1.0,39.0,32.0,0,0.5015625,32768.0,2.0,6400000.0,0.5273919092465753
2.0,2.0,1.0,2.0,5.0,4.0,146.0,384.0,0,0.5015625,256.0,16.0,6400000.0,0.5430474865459882
2.0,2.0,2.0,4.0,9.0,6.0,247.0,704.0,0,0.9078125,8.0,0.125,6400000.0,0.9033657962328766
1.0,1.0,8.0,1.0,1.0,1.0,543.0,32.0,0,0.5015625,8192.0,2048.0,6400000.0,0.5273919092465753
1.0,2.0,1.0,1.0,1.0,1.0,35.0,32.0,0,0.5015625,1024.0,1.0,6400000.0,0.5273919092465753
2.0,2.0,1.0,2.0,5.0,4.0,146.0,384.0,0,0.5015625,0.0,0.5,6400000.0,0.5430474865459882
1.0,1.0,8.0,1.0,1.0,1.0,543.0,32.0,0,0.5015625,1024.0,8.0,6400000.0,0.5273919092465753
1.0,2.0,1.0,1.0,1.0,1.0,35.0,32.0,0,0.5015625,8192.0,0.0,6400000.0,0.5273919092465753
1.0,2.0,2.0,1.0,1.0,1.0,39.0,32.0,0,0.5015625,256.0,2048.0,6400000.0,0.5273919092465753
1.0,2.0,1.0,1.0,1.0,1.0,35.0,32.0,0,0.5015625,1024.0,1024.0,6400000.0,0.5273919092465753
1.0,2.0,1.0,1.0,1.0,1.0,35.0,32.0,0,0.5015625,4096.0,0.0625,6400000.0,0.5273919092465753
1.0,2.0,1.0,1.0,1.0,1.0,35.0,32.0,0,0.5015625,4096.0,64.0,6400000.0,0.5273919092465753
1.0,2.0,2.0,1.0,1.0,1.0,39.0,32.0,0,0.5015625,32768.0,2048.0,6400000.0,0.5273919092465753
1.0,2.0,1.0,1.0,1.0,1.0,35.0,32.0,0,0.5015625,2048.0,8192.0,6400000.0,0.5273919092465753
2.0,2.0,4.0,8.0,19.0,16.0,584.0,2304.0,0,0.940625,0.0,0.015625,6400000.0,0.9409246575342465
1.0,2.0,1.0,1.0,1.0,1.0,35.0,32.0,0,0.5015625,2048.0,8.0,6400000.0,0.5273919092465753
1.0,2.0,1.0,1.0,1.0,1.0,35.0,32.0,0,0.5015625,8192.0,512.0,6400000.0,0.5273919092465753
1.0,1.0,8.0,1.0,1.0,1.0,543.0,32.0,0,0.5015625,1024.0,8192.0,6400000.0,0.5273919092465753
1.0,2.0,1.0,1.0,1.0,1.0,35.0,32.0,0,0.5015625,16384.0,4.0,6400000.0,0.5273919092465753
1.0,2.0,1.0,1.0,1.0,1.0,35.0,32.0,0,0.5015625,16384.0,4096.0,6400000.0,0.5273919092465753
1.0,2.0,1.0,1.0,1.0,1.0,35.0,32.0,0,0.5015625,8192.0,0.5,6400000.0,0.5273919092465753
1.0,2.0,1.0,1.0,1.0,1.0,35.0,32.0,0,0.5015625,32768.0,32768.0,6400000.0,0.5273919092465753
1.0,2.0,1.0,1.0,1.0,1.0,35.0,32.0,0,0.5015625,32768.0,0.03125,6400000.0,0.5273919092465753
1.0,1.0,8.0,1.0,1.0,1.0,543.0,32.0,0,0.5015625,16384.0,0.015625,6400000.0,0.5273919092465753
1.0,2.0,1.0,1.0,1.0,1.0,35.0,32.0,0,0.5015625,32768.0,32.0,6400000.0,0.5273919092465753
2.0,2.0,2.0,4.0,9.0,6.0,247.0,704.0,0,0.9078125,0.0,0.25,6400000.0,0.9033657962328766
1.0,2.0,1.0,1.0,1.0,1.0,35.0,32.0,0,0.5015625,16384.0,0.00390625,6400000.0,0.5273919092465753
2.0,2.0,2.0,3.0,8.0,6.0,233.0,704.0,0,0.75,8.0,128.0,6400000.0,0.7844231592465754
2.0,2.0,2.0,4.0,9.0,6.0,247.0,704.0,0,0.9078125,0.25,16.0,6400000.0,0.9033657962328766
1.0,2.0,1.0,1.0,1.0,1.0,35.0,32.0,0,0.5015625,0.0,512.0,6400000.0,0.5273919092465753
1.0,2.0,2.0,1.0,1.0,1.0,39.0,32.0,0,0.5015625,0.00195312,16384.0,6400000.0,0.5273919092465753
1.0,2.0,2.0,1.0,1.0,1.0,39.0,32.0,0,0.5015625,512.0,0.015625,6400000.0,0.5273919092465753
2.0,2.0,2.0,3.0,8.0,6.0,233.0,704.0,0,0.75,0.0,256.0,6400000.0,0.7844231592465754
1.0,2.0,1.0,1.0,1.0,1.0,35.0,32.0,0,0.5015625,0.015625,8192.0,6400000.0,0.5273919092465753
1.0,2.0,2.0,1.0,1.0,1.0,39.0,32.0,0,0.5015625,0.25,16384.0,6400000.0,0.5273919092465753
2.0,2.0,1.0,2.0,5.0,4.0,146.0,384.0,0,0.5015625,0.000976562,0.00390625,6400000.0,0.5430474865459882
2.0,2.0,2.0,4.0,9.0,6.0,247.0,704.0,0,0.9078125,0.00195312,0.015625,6400000.0,0.9033657962328766
2.0,2.0,2.0,4.0,9.0,6.0,247.0,704.0,0,0.9078125,0.000976562,0.00195312,6400000.0,0.9033657962328766
2.0,2.0,1.0,2.0,5.0,4.0,146.0,384.0,0,0.5015625,0.03125,0.0625,6400000.0,0.5430474865459882
2.0,2.0,2.0,4.0,9.0,6.0,247.0,704.0,0,0.9078125,16.0,0.000976562,6400000.0,0.9033657962328766
2.0,2.0,2.0,4.0,9.0,6.0,247.0,704.0,0,0.9078125,0.25,0.015625,6400000.0,0.9033657962328766
1.0,2.0,2.0,1.0,1.0,1.0,39.0,32.0,0,0.5015625,2.0,4096.0,6400000.0,0.5273919092465753
1.0,1.0,8.0,1.0,1.0,1.0,543.0,32.0,0,0.5015625,16384.0,16.0,6400000.0,0.5273919092465753
2.0,2.0,2.0,4.0,9.0,6.0,247.0,704.0,0,0.9078125,0.000976562,2.0,6400000.0,0.9033657962328766
2.0,2.0,2.0,4.0,9.0,6.0,247.0,704.0,0,0.9078125,0.00390625,0.125,6400000.0,0.9033657962328766
2.0,2.0,2.0,3.0,8.0,6.0,233.0,704.0,0,0.75,0.00390625,128.0,6400000.0,0.7844231592465754
2.0,2.0,1.0,2.0,5.0,4.0,146.0,384.0,0,0.5015625,0.000976562,4.0,6400000.0,0.5430474865459882
1.0,2.0,2.0,1.0,1.0,1.0,39.0,32.0,0,0.5015625,0.000976562,2048.0,6400000.0,0.5273919092465753
2.0,2.0,2.0,4.0,9.0,6.0,247.0,704.0,0,0.9078125,0.00195312,16.0,6400000.0,0.9033657962328766
2.0,2.0,2.0,4.0,9.0,6.0,247.0,704.0,0,0.9078125,16.0,1.0,6400000.0,0.9033657962328766
2.0,2.0,2.0,4.0,9.0,6.0,247.0,704.0,0,0.9078125,0.0078125,1.0,6400000.0,0.9033657962328766
2.0,2.0,2.0,4.0,9.0,6.0,247.0,704.0,0,0.9078125,0.0078125,0.000976562,6400000.0,0.9033657962328766
2.0,2.0,2.0,4.0,9.0,6.0,247.0,704.0,0,0.9078125,0.5,0.125,6400000.0,0.9033657962328766
2.0,2.0,2.0,4.0,9.0,6.0,247.0,704.0,0,0.9078125,0.015625,0.0078125,6400000.0,0.9033657962328766
2.0,2.0,1.0,2.0,5.0,4.0,146.0,384.0,0,0.5015625,0.03125,64.0,6400000.0,0.5430474865459882
1.0,2.0,2.0,1.0,1.0,1.0,39.0,32.0,0,0.5015625,512.0,16.0,6400000.0,0.5273919092465753
1.0,1.0,8.0,1.0,1.0,1.0,543.0,32.0,0,0.5015625,2048.0,0.0625,6400000.0,0.5273919092465753
2.0,2.0,1.0,2.0,5.0,4.0,146.0,384.0,0,0.5015625,0.0625,0.5,6400000.0,0.5430474865459882
2.0,2.0,1.0,2.0,5.0,4.0,146.0,384.0,0,0.5015625,0.00195312,0.03125,6400000.0,0.5430474865459882
1.0,2.0,1.0,1.0,1.0,1.0,35.0,32.0,0,0.5015625,0.0625,512.0,6400000.0,0.5273919092465753
2.0,2.0,2.0,4.0,9.0,6.0,247.0,704.0,0,0.9078125,0.03125,0.0625,6400000.0,0.9033657962328766
1.0,2.0,2.0,1.0,1.0,1.0,39.0,32.0,0,0.5015625,0.0078125,1024.0,6400000.0,0.5273919092465753
2.0,2.0,1.0,2.0,5.0,4.0,146.0,384.0,0,0.5015625,0.0625,0.0,6400000.0,0.5430474865459882
2.0,2.0,2.0,4.0,9.0,6.0,247.0,704.0,0,0.9078125,0.015625,8.0,6400000.0,0.9033657962328766
1.0,2.0,1.0,1.0,1.0,1.0,35.0,32.0,0,0.5015625,0.125,4096.0,6400000.0,0.5273919092465753
1.0,2.0,2.0,1.0,1.0,1.0,39.0,32.0,0,0.5015625,0.015625,8192.0,6400000.0,0.5273919092465753
2.0,2.0,1.0,2.0,5.0,4.0,146.0,384.0,0,0.5015625,0.125,4.0,6400000.0,0.5430474865459882
1.0,2.0,1.0,1.0,1.0,1.0,35.0,32.0,0,0.5015625,0.000976562,4096.0,6400000.0,0.5273919092465753
2.0,2.0,4.0,5.0,15.0,11.0,499.0,1504.0,0,0.940625,0.0,16.0,6400000.0,0.9409246575342465
2.0,2.0,2.0,3.0,8.0,6.0,233.0,704.0,0,0.75,0.03125,64.0,6400000.0,0.8047356592465753
2.0,2.0,2.0,3.0,8.0,6.0,233.0,704.0,0,0.75,0.5,128.0,6400000.0,0.7844231592465754
2.0,2.0,1.0,2.0,5.0,4.0,146.0,384.0,0,0.5015625,0.00195312,32.0,6400000.0,0.5430474865459882
2.0,2.0,1.0,2.0,5.0,4.0,146.0,384.0,0,0.5015625,0.25,32.0,6400000.0,0.5430474865459882
2.0,2.0,1.0,2.0,5.0,4.0,146.0,384.0,0,0.5015625,0.25,0.03125,6400000.0,0.5430474865459882
2.0,2.0,1.0,2.0,5.0,4.0,146.0,384.0,0,0.5015625,0.125,0.00390625,6400000.0,0.5430474865459882
1.0,1.0,8.0,1.0,1.0,1.0,543.0,32.0,0,0.5015625,16384.0,16384.0,6400000.0,0.5273919092465753
1.0,2.0,2.0,1.0,1.0,1.0,39.0,32.0,0,0.5015625,512.0,16384.0,6400000.0,0.5273919092465753
1.0,2.0,1.0,1.0,1.0,1.0,35.0,32.0,0,0.5015625,0.25,32768.0,6400000.0,0.5273919092465753
2.0,2.0,2.0,4.0,9.0,6.0,247.0,704.0,0,0.9078125,4.0,0.03125,6400000.0,0.9033657962328766
1.0,2.0,2.0,1.0,1.0,1.0,39.0,32.0,0,0.5015625,1024.0,0.125,6400000.0,0.5273919092465753
1.0,1.0,8.0,1.0,1.0,1.0,543.0,32.0,0,0.5015625,4096.0,0.0,6400000.0,0.5273919092465753
1.0,2.0,1.0,1.0,1.0,1.0,35.0,32.0,0,0.5015625,1.0,2048.0,6400000.0,0.5273919092465753
2.0,2.0,1.0,2.0,5.0,4.0,146.0,384.0,0,0.5015625,0.5,0.25,6400000.0,0.5430474865459882
2.0,2.0,2.0,4.0,9.0,6.0,247.0,704.0,0,0.9078125,0.0625,0.0,6400000.0,0.9033657962328766
2.0,2.0,2.0,4.0,9.0,6.0,247.0,704.0,0,0.9078125,32.0,0.0078125,6400000.0,0.8740115887964773
1.0,2.0,2.0,1.0,1.0,1.0,39.0,32.0,0,0.5015625,16.0,1024.0,6400000.0,0.5273919092465753
1.0,1.0,8.0,1.0,1.0,1.0,543.0,32.0,0,0.5015625,2048.0,64.0,6400000.0,0.5273919092465753
2.0,2.0,1.0,2.0,5.0,4.0,146.0,384.0,0,0.5015625,0.5,256.0,6400000.0,0.5430474865459882
2.0,2.0,1.0,2.0,5.0,4.0,146.0,384.0,0,0.5015625,2.0,16.0,6400000.0,0.5430474865459882
2.0,2.0,2.0,4.0,9.0,6.0,247.0,704.0,0,0.9078125,32.0,8.0,6400000.0,0.8262620780332682
1.0,2.0,2.0,1.0,1.0,1.0,39.0,32.0,0,0.5015625,1024.0,128.0,6400000.0,0.5273919092465753
2.0,2.0,1.0,2.0,5.0,4.0,146.0,384.0,0,0.5015625,2.0,0.015625,6400000.0,0.5430474865459882
2.0,2.0,1.0,2.0,5.0,4.0,146.0,384.0,0,0.5015625,1.0,2.0,6400000.0,0.5430474865459882
1.0,2.0,2.0,1.0,1.0,1.0,39.0,32.0,0,0.5015625,2048.0,0.000976562,6400000.0,0.5273919092465753
2.0,2.0,1.0,2.0,5.0,4.0,146.0,384.0,0,0.5015625,1.0,0.00195312,6400000.0,0.5430474865459882
1.0,2.0,2.0,1.0,1.0,1.0,39.0,32.0,0,0.5015625,2048.0,1.0,6400000.0,0.5273919092465753
2.0,2.0,1.0,2.0,5.0,4.0,146.0,384.0,0,0.5015625,0.00390625,0.25,6400000.0,0.5430474865459882
1.0,2.0,1.0,1.0,1.0,1.0,35.0,32.0,0,0.5015625,2.0,16384.0,6400000.0,0.5273919092465753
2.0,2.0,2.0,4.0,9.0,6.0,247.0,704.0,0,0.9078125,0.0625,0.5,6400000.0,0.9033657962328766
1.0,2.0,1.0,1.0,1.0,1.0,35.0,32.0,0,0.5015625,0.00195312,32768.0,6400000.0,0.5273919092465753
1.0,2.0,2.0,1.0,1.0,1.0,39.0,32.0,0,0.5015625,2048.0,1024.0,6400000.0,0.5273919092465753
1.0,2.0,2.0,1.0,1.0,1.0,39.0,32.0,0,0.5015625,32.0,8192.0,6400000.0,0.5273919092465753
2.0,2.0,1.0,2.0,5.0,4.0,146.0,384.0,0,0.5015625,16.0,0.0078125,6400000.0,0.5430474865459882
2.0,2.0,1.0,2.0,5.0,4.0,146.0,384.0,0,0.5015625,8.0,0.000976562,6400000.0,0.5430474865459882
2.0,2.0,1.0,2.0,5.0,4.0,146.0,384.0,0,0.5015625,4.0,0.125,6400000.0,0.5430474865459882
2.0,2.0,1.0,2.0,5.0,4.0,146.0,384.0,0,0.5015625,4.0,128.0,6400000.0,0.5430474865459882
1.0,2.0,4.0,1.0,1.0,1.0,63.0,32.0,0,0.5015625,0.0,16384.0,6400000.0,0.5273919092465753
2.0,2.0,2.0,3.0,8.0,6.0,233.0,704.0,0,0.75,64.0,0.0625,6400000.0,0.8047356592465753
2.0,2.0,2.0,4.0,9.0,6.0,247.0,704.0,0,0.9078125,4.0,32.0,6400000.0,0.8505282228473583
2.0,2.0,2.0,4.0,9.0,6.0,247.0,704.0,0,0.9078125,1.0,1.0,6400000.0,0.9033657962328766
2.0,2.0,2.0,4.0,9.0,6.0,247.0,704.0,0,0.9078125,1.0,0.000976562,6400000.0,0.9033657962328766
2.0,2.0,4.0,8.0,19.0,16.0,584.0,2304.0,0,0.940625,0.000976562,0.125,6400000.0,0.9409246575342465
2.0,2.0,1.0,2.0,5.0,4.0,146.0,384.0,0,0.5015625,8.0,1.0,6400000.0,0.5430474865459882
2.0,2.0,2.0,4.0,9.0,6.0,247.0,704.0,0,0.9078125,0.125,0.00390625,6400000.0,0.9033657962328766
1.0,2.0,1.0,1.0,1.0,1.0,35.0,32.0,0,0.5015625,8.0,1024.0,6400000.0,0.5273919092465753
2.0,2.0,2.0,3.0,8.0,6.0,233.0,704.0,0,0.75,128.0,0.0,6400000.0,0.7844231592465754
2.0,2.0,2.0,3.0,8.0,6.0,233.0,704.0,0,0.75,64.0,64.0,6400000.0,0.7844231592465754
2.0,2.0,1.0,2.0,5.0,4.0,146.0,384.0,0,0.5015625,0.00390625,256.0,6400000.0,0.5430474865459882
1.0,2.0,1.0,1.0,1.0,1.0,35.0,32.0,0,0.5015625,0.0078125,2048.0,6400000.0,0.5273919092465753
2.0,2.0,1.0,2.0,5.0,4.0,146.0,384.0,0,0.5015625,16.0,8.0,6400000.0,0.5430474865459882
1.0,2.0,2.0,1.0,1.0,1.0,39.0,32.0,0,0.5015625,0.0625,512.0,6400000.0,0.5273919092465753
1.0,2.0,2.0,1.0,1.0,1.0,39.0,32.0,0,0.5015625,4096.0,0.0078125,6400000.0,0.5273919092465753
2.0,2.0,1.0,2.0,5.0,4.0,146.0,384.0,0,0.5015625,32.0,0.0625,6400000.0,0.5430474865459882
1.0,2.0,1.0,1.0,1.0,1.0,35.0,32.0,0,0.5015625,16.0,8192.0,6400000.0,0.5273919092465753
2.0,2.0,1.0,2.0,5.0,4.0,146.0,384.0,0,0.5015625,0.0078125,0.00195312,6400000.0,0.5430474865459882
1.0,2.0,2.0,1.0,1.0,1.0,39.0,32.0,0,0.5015625,4096.0,8.0,6400000.0,0.5273919092465753
2.0,2.0,1.0,2.0,5.0,4.0,146.0,384.0,0,0.5015625,32.0,64.0,6400000.0,0.5430474865459882
2.0,2.0,2.0,3.0,8.0,6.0,233.0,704.0,0,0.75,128.0,0.5,6400000.0,0.7844231592465754
1.0,1.0,8.0,1.0,1.0,1.0,543.0,32.0,0,0.5015625,4096.0,0.5,6400000.0,0.5273919092465753
1.0,1.0,8.0,1.0,1.0,1.0,543.0,32.0,0,0.5015625,4096.0,512.0,6400000.0,0.5273919092465753
1.0,2.0,2.0,1.0,1.0,1.0,39.0,32.0,0,0.5015625,4.0,32768.0,6400000.0,0.5273919092465753
1.0,2.0,2.0,1.0,1.0,1.0,39.0,32.0,0,0.5015625,8192.0,0.0625,6400000.0,0.5273919092465753
2.0,2.0,1.0,2.0,5.0,4.0,146.0,384.0,0,0.5015625,0.0078125,2.0,6400000.0,0.5430474865459882
1.0,1.0,8.0,1.0,1.0,1.0,543.0,32.0,0,0.5015625,32768.0,0.125,6400000.0,0.5273919092465753
2.0,2.0,1.0,2.0,5.0,4.0,146.0,384.0,0,0.5015625,64.0,0.5,6400000.0,0.5430474865459882
1.0,2.0,2.0,1.0,1.0,1.0,39.0,32.0,0,0.5015625,8192.0,64.0,6400000.0,0.5273919092465753
2.0,2.0,1.0,2.0,5.0,4.0,146.0,384.0,0,0.5015625,128.0,4.0,6400000.0,0.5430474865459882
1.0,2.0,2.0,1.0,1.0,1.0,39.0,32.0,0,0.5015625,1.0,1024.0,6400000.0,0.5273919092465753
1.0,1.0,8.0,1.0,1.0,1.0,543.0,32.0,0,0.5015625,32768.0,128.0,6400000.0,0.5273919092465753
1.0,2.0,2.0,1.0,1.0,1.0,39.0,32.0,0,0.5015625,4096.0,8192.0,6400000.0,0.5273919092465753
1.0,1.0,8.0,1.0,1.0,1.0,543.0,32.0,0,0.5015625,8192.0,0.00390625,6400000.0,0.5273919092465753
1.0,2.0,1.0,1.0,1.0,1.0,35.0,32.0,0,0.5015625,64.0,512.0,6400000.0,0.5273919092465753
1.0,2.0,1.0,1.0,1.0,1.0,35.0,32.0,0,0.5015625,128.0,4096.0,6400000.0,0.5273919092465753
2.0,2.0,1.0,2.0,5.0,4.0,146.0,384.0,0,0.5015625,64.0,0.0,6400000.0,0.5430474865459882
2.0,2.0,1.0,2.0,5.0,4.0,146.0,384.0,0,0.5015625,0.015625,16.0,6400000.0,0.5430474865459882
1.0,2.0,2.0,1.0,1.0,1.0,39.0,32.0,0,0.5015625,128.0,512.0,6400000.0,0.5273919092465753
2.0,2.0,2.0,4.0,9.0,6.0,247.0,704.0,0,0.9078125,0.125,4.0,6400000.0,0.9033657962328766
1.0,2.0,2.0,1.0,1.0,1.0,39.0,32.0,0,0.5015625,16384.0,0.5,6400000.0,0.5273919092465753
2.0,2.0,1.0,2.0,5.0,4.0,146.0,384.0,0,0.5015625,0.015625,0.015625,6400000.0,0.5430474865459882
2.0,2.0,1.0,2.0,5.0,4.0,146.0,384.0,0,0.5015625,256.0,0.03125,6400000.0,0.5430474865459882
2.0,2.0,1.0,2.0,5.0,4.0,146.0,384.0,0,0.5015625,128.0,0.00390625,6400000.0,0.5430474865459882
2.0,2.0,2.0,3.0,8.0,6.0,233.0,704.0,0,0.75,256.0,0.00390625,6400000.0,0.7844231592465754
1.0,2.0,1.0,1.0,1.0,1.0,35.0,32.0,0,0.5015625,512.0,256.0,6400000.0,0.5273919092465753
1.0,2.0,2.0,1.0,1.0,1.0,39.0,32.0,0,0.5015625,16384.0,512.0,6400000.0,0.5273919092465753
1.0,2.0,2.0,1.0,1.0,1.0,39.0,32.0,0,0.5015625,16384.0,0.0,6400000.0,0.5273919092465753
1.0,2.0,2.0,1.0,1.0,1.0,39.0,32.0,0,0.5015625,0.125,4096.0,6400000.0,0.5273919092465753
1.0,1.0,8.0,1.0,1.0,1.0,543.0,32.0,0,0.5015625,8192.0,4.0,6400000.0,0.5273919092465753
1.0,2.0,2.0,1.0,1.0,1.0,39.0,32.0,0,0.5015625,32768.0,0.00390625,6400000.0,0.5273919092465753
2.0,2.0,2.0,3.0,8.0,6.0,233.0,704.0,0,0.75,256.0,4.0,6400000.0,0.7844231592465754
1.0,2.0,1.0,1.0,1.0,1.0,35.0,32.0,0,0.5015625,256.0,32768.0,6400000.0,0.5273919092465753
2.0,2.0,1.0,2.0,5.0,4.0,146.0,384.0,0,0.5015625,0.0,0.000976562,6400000.0,0.5430474865459882
1.0,2.0,1.0,1.0,1.0,1.0,35.0,32.0,0,0.5015625,512.0,0.25,6400000.0,0.5273919092465753
1.0,2.0,1.0,1.0,1.0,1.0,35.0,32.0,0,0.5015625,2048.0,0.015625,6400000.0,0.5273919092465753
2.0,2.0,1.0,2.0,5.0,4.0,146.0,384.0,0,0.5015625,256.0,32.0,6400000.0,0.5430474865459882
1.0,2.0,1.0,1.0,1.0,1.0,35.0,32.0,0,0.5015625,1024.0,0.00195312,6400000.0,0.5273919092465753
2.0,2.0,2.0,4.0,9.0,6.0,247.0,704.0,0,0.9078125,2.0,0.0078125,6400000.0,0.9033657962328766
2.0,2.0,2.0,4.0,9.0,6.0,247.0,704.0,0,0.9078125,2.0,8.0,6400000.0,0.9033657962328766
2.0,2.0,4.0,5.0,15.0,11.0,499.0,1504.0,0,0.940625,0.000976562,128.0,6400000.0,0.9409246575342465
1.0,2.0,2.0,1.0,1.0,1.0,39.0,32.0,0,0.5015625,32768.0,4.0,6400000.0,0.5273919092465753
2.0,2.0,2.0,4.0,9.0,6.0,247.0,704.0,0,0.9078125,8.0,0.25,6400000.0,0.9033657962328766
2.0,2.0,1.0,2.0,5.0,4.0,146.0,384.0,0,0.5015625,0.0,1.0,6400000.0,0.5430474865459882
1.0,1.0,8.0,1.0,1.0,1.0,543.0,32.0,0,0.5015625,8192.0,4096.0,6400000.0,0.5273919092465753
1.0,2.0,1.0,1.0,1.0,1.0,35.0,32.0,0,0.5015625,1024.0,2.0,6400000.0,0.5273919092465753
2.0,2.0,4.0,8.0,19.0,16.0,584.0,2304.0,0,0.940625,0.00195312,0.000976562,6400000.0,0.9409246575342465
1.0,2.0,1.0,1.0,1.0,1.0,35.0,32.0,0,0.5015625,1024.0,2048.0,6400000.0,0.5273919092465753
1.0,2.0,1.0,1.0,1.0,1.0,35.0,32.0,0,0.5015625,4096.0,128.0,6400000.0,0.5273919092465753
1.0,2.0,2.0,1.0,1.0,1.0,39.0,32.0,0,0.5015625,256.0,4096.0,6400000.0,0.5273919092465753
1.0,2.0,1.0,1.0,1.0,1.0,35.0,32.0,0,0.5015625,8192.0,0.000976562,6400000.0,0.5273919092465753
1.0,2.0,1.0,1.0,1.0,1.0,35.0,32.0,0,0.5015625,4096.0,0.125,6400000.0,0.5273919092465753
1.0,2.0,2.0,1.0,1.0,1.0,39.0,32.0,0,0.5015625,32768.0,4096.0,6400000.0,0.5273919092465753
2.0,2.0,4.0,8.0,19.0,16.0,584.0,2304.0,0,0.940625,0.0,0.03125,6400000.0,0.9409246575342465
1.0,2.0,1.0,1.0,1.0,1.0,35.0,32.0,0,0.5015625,8192.0,1024.0,6400000.0,0.5273919092465753
1.0,2.0,1.0,1.0,1.0,1.0,35.0,32.0,0,0.5015625,2048.0,16.0,6400000.0,0.5273919092465753
1.0,2.0,1.0,1.0,1.0,1.0,35.0,32.0,0,0.5015625,2048.0,16384.0,6400000.0,0.5273919092465753
2.0,2.0,4.0,8.0,19.0,16.0,584.0,2304.0,0,0.940625,0.00195312,1.0,6400000.0,0.9409246575342465
1.0,2.0,1.0,1.0,1.0,1.0,35.0,32.0,0,0.5015625,16384.0,8192.0,6400000.0,0.5273919092465753
1.0,2.0,1.0,1.0,1.0,1.0,35.0,32.0,0,0.5015625,32768.0,64.0,6400000.0,0.5273919092465753
1.0,2.0,1.0,1.0,1.0,1.0,35.0,32.0,0,0.5015625,8192.0,1.0,6400000.0,0.5273919092465753
1.0,2.0,1.0,1.0,1.0,1.0,35.0,32.0,0,0.5015625,32768.0,0.0625,6400000.0,0.5273919092465753
1.0,2.0,1.0,1.0,1.0,1.0,35.0,32.0,0,0.5015625,16384.0,8.0,6400000.0,0.5273919092465753
1.0,1.0,8.0,1.0,1.0,1.0,543.0,32.0,0,0.5015625,16384.0,0.03125,6400000.0,0.5273919092465753
2.0,2.0,2.0,5.0,10.0,7.0,259.0,864.0,0,0.9078125,0.0,0.0,6400000.0,0.9033657962328766
1.0,2.0,2.0,1.0,1.0,1.0,39.0,32.0,0,0.5015625,512.0,0.03125,6400000.0,0.5273919092465753
1.0,2.0,1.0,1.0,1.0,1.0,35.0,32.0,0,0.5015625,16384.0,0.0078125,6400000.0,0.5273919092465753
2.0,2.0,2.0,4.0,9.0,6.0,247.0,704.0,0,0.9078125,0.0,0.5,6400000.0,0.9033657962328766
1.0,2.0,2.0,1.0,1.0,1.0,39.0,32.0,0,0.5015625,0.00195312,32768.0,6400000.0,0.5273919092465753
2.0,2.0,2.0,3.0,8.0,6.0,233.0,704.0,0,0.75,8.0,256.0,6400000.0,0.7844231592465754
2.0,2.0,2.0,4.0,9.0,6.0,247.0,704.0,0,0.9078125,0.25,32.0,6400000.0,0.8740115887964773
1.0,2.0,2.0,1.0,1.0,1.0,39.0,32.0,0,0.5015625,0.25,32768.0,6400000.0,0.5273919092465753
1.0,2.0,1.0,1.0,1.0,1.0,35.0,32.0,0,0.5015625,0.0,1024.0,6400000.0,0.5273919092465753
1.0,2.0,1.0,1.0,1.0,1.0,35.0,32.0,0,0.5015625,0.015625,16384.0,6400000.0,0.5273919092465753
1.0,2.0,2.0,1.0,1.0,1.0,39.0,32.0,0,0.5015625,0.0,512.0,6400000.0,0.5273919092465753
2.0,2.0,2.0,4.0,9.0,6.0,247.0,704.0,0,0.9078125,16.0,0.00195312,6400000.0,0.9033657962328766
2.0,2.0,1.0,2.0,5.0,4.0,146.0,384.0,0,0.5015625,0.000976562,0.0078125,6400000.0,0.5430474865459882
2.0,2.0,2.0,4.0,9.0,6.0,247.0,704.0,0,0.9078125,0.00195312,0.03125,6400000.0,0.9033657962328766
1.0,1.0,8.0,1.0,1.0,1.0,543.0,32.0,0,0.5015625,16384.0,32.0,6400000.0,0.5273919092465753
2.0,2.0,2.0,4.0,9.0,6.0,247.0,704.0,0,0.9078125,0.000976562,0.00390625,6400000.0,0.9033657962328766
2.0,2.0,2.0,4.0,9.0,6.0,247.0,704.0,0,0.9078125,0.25,0.03125,6400000.0,0.9033657962328766
2.0,2.0,1.0,2.0,5.0,4.0,146.0,384.0,0,0.5015625,0.03125,0.125,6400000.0,0.5430474865459882
2.0,2.0,2.0,4.0,9.0,6.0,247.0,704.0,0,0.9078125,0.000976562,4.0,6400000.0,0.9033657962328766
1.0,2.0,2.0,1.0,1.0,1.0,39.0,32.0,0,0.5015625,2.0,8192.0,6400000.0,0.5273919092465753
2.0,2.0,2.0,3.0,8.0,6.0,233.0,704.0,0,0.75,0.00390625,256.0,6400000.0,0.7844231592465754
2.0,2.0,2.0,4.0,9.0,6.0,247.0,704.0,0,0.9078125,0.00390625,0.25,6400000.0,0.9033657962328766
2.0,2.0,2.0,4.0,9.0,6.0,247.0,704.0,0,0.9078125,0.00195312,32.0,6400000.0,0.8740115887964773
1.0,2.0,2.0,1.0,1.0,1.0,39.0,32.0,0,0.5015625,0.000976562,4096.0,6400000.0,0.5273919092465753
2.0,2.0,2.0,4.0,9.0,6.0,247.0,704.0,0,0.9078125,16.0,2.0,6400000.0,0.9033657962328766
2.0,2.0,1.0,2.0,5.0,4.0,146.0,384.0,0,0.5015625,0.000976562,8.0,6400000.0,0.5430474865459882
2.0,2.0,2.0,4.0,9.0,6.0,247.0,704.0,0,0.9078125,0.0078125,2.0,6400000.0,0.9033657962328766
2.0,2.0,2.0,4.0,9.0,6.0,247.0,704.0,0,0.9078125,0.5,0.25,6400000.0,0.9033657962328766
2.0,2.0,2.0,4.0,9.0,6.0,247.0,704.0,0,0.9078125,0.015625,0.015625,6400000.0,0.9033657962328766
1.0,2.0,1.0,1.0,1.0,1.0,35.0,32.0,0,0.5015625,0.0625,1024.0,6400000.0,0.5273919092465753
2.0,2.0,1.0,2.0,5.0,4.0,146.0,384.0,0,0.5015625,0.03125,128.0,6400000.0,0.5430474865459882
2.0,2.0,2.0,4.0,9.0,6.0,247.0,704.0,0,0.9078125,0.0078125,0.00195312,6400000.0,0.9033657962328766
1.0,2.0,2.0,1.0,1.0,1.0,39.0,32.0,0,0.5015625,512.0,32.0,6400000.0,0.5273919092465753
2.0,2.0,1.0,2.0,5.0,4.0,146.0,384.0,0,0.5015625,0.0625,1.0,6400000.0,0.5430474865459882
1.0,2.0,1.0,1.0,1.0,1.0,35.0,32.0,0,0.5015625,0.000976562,8192.0,6400000.0,0.5273919092465753
2.0,2.0,1.0,2.0,5.0,4.0,146.0,384.0,0,0.5015625,0.00195312,0.0625,6400000.0,0.5430474865459882
1.0,2.0,1.0,1.0,1.0,1.0,35.0,32.0,0,0.5015625,0.125,8192.0,6400000.0,0.5273919092465753
1.0,2.0,4.0,1.0,1.0,1.0,63.0,32.0,0,0.5015625,0.00195312,1024.0,6400000.0,0.5273919092465753
2.0,2.0,2.0,4.0,9.0,6.0,247.0,704.0,0,0.9078125,0.015625,16.0,6400000.0,0.9033657962328766
1.0,2.0,2.0,1.0,1.0,1.0,39.0,32.0,0,0.5015625,0.0078125,2048.0,6400000.0,0.5273919092465753
2.0,2.0,2.0,4.0,9.0,6.0,247.0,704.0,0,0.9078125,0.03125,0.125,6400000.0,0.9033657962328766
2.0,2.0,4.0,5.0,15.0,11.0,499.0,1504.0,0,0.940625,0.0,32.0,6400000.0,0.9409246575342465
1.0,2.0,2.0,1.0,1.0,1.0,39.0,32.0,0,0.5015625,0.015625,16384.0,6400000.0,0.5273919092465753
2.0,2.0,1.0,2.0,5.0,4.0,146.0,384.0,0,0.5015625,0.125,8.0,6400000.0,0.5430474865459882
2.0,2.0,1.0,2.0,5.0,4.0,146.0,384.0,0,0.5015625,0.0625,0.000976562,6400000.0,0.5430474865459882
2.0,2.0,1.0,2.0,5.0,4.0,146.0,384.0,0,0.5015625,0.25,64.0,6400000.0,0.5430474865459882
2.0,2.0,2.0,3.0,8.0,6.0,233.0,704.0,0,0.75,0.5,256.0,6400000.0,0.7844231592465754
2.0,2.0,1.0,2.0,5.0,4.0,146.0,384.0,0,0.5015625,0.00195312,64.0,6400000.0,0.5430474865459882
2.0,2.0,2.0,3.0,8.0,6.0,233.0,704.0,0,0.75,0.03125,128.0,6400000.0,0.7844231592465754
2.0,2.0,1.0,2.0,5.0,4.0,146.0,384.0,0,0.5015625,0.25,0.0625,6400000.0,0.5430474865459882
2.0,2.0,1.0,2.0,5.0,4.0,146.0,384.0,0,0.5015625,0.5,0.0,6400000.0,0.5430474865459882
1.0,1.0,8.0,1.0,1.0,1.0,543.0,32.0,0,0.5015625,16384.0,32768.0,6400000.0,0.5273919092465753
2.0,2.0,1.0,2.0,5.0,4.0,146.0,384.0,0,0.5015625,0.125,0.0078125,6400000.0,0.5430474865459882
1.0,2.0,2.0,1.0,1.0,1.0,39.0,32.0,0,0.5015625,512.0,32768.0,6400000.0,0.5273919092465753
1.0,2.0,1.0,1.0,1.0,1.0,35.0,32.0,0,0.5015625,1.0,4096.0,6400000.0,0.5273919092465753
2.0,2.0,4.0,8.0,19.0,16.0,584.0,2304.0,0,0.940625,0.00390625,0.0078125,6400000.0,0.9409246575342465
2.0,2.0,4.0,6.0,17.0,16.0,562.0,2304.0,0,0.940625,0.00390625,8.0,6400000.0,0.9409246575342465
2.0,2.0,1.0,2.0,5.0,4.0,146.0,384.0,0,0.5015625,0.5,0.5,6400000.0,0.5430474865459882
2.0,2.0,2.0,4.0,9.0,6.0,247.0,704.0,0,0.9078125,0.0625,0.000976562,6400000.0,0.9033657962328766
2.0,2.0,2.0,4.0,9.0,6.0,247.0,704.0,0,0.9078125,4.0,0.0625,6400000.0,0.9033657962328766
1.0,2.0,2.0,1.0,1.0,1.0,39.0,32.0,0,0.5015625,1024.0,0.25,6400000.0,0.5273919092465753
1.0,2.0,2.0,1.0,1.0,1.0,39.0,32.0,0,0.5015625,16.0,2048.0,6400000.0,0.5273919092465753
1.0,2.0,4.0,1.0,1.0,1.0,63.0,32.0,0,0.5015625,0.00390625,8192.0,6400000.0,0.5273919092465753
2.0,2.0,2.0,4.0,9.0,6.0,247.0,704.0,0,0.9078125,32.0,0.015625,6400000.0,0.8740115887964773
1.0,2.0,1.0,1.0,1.0,1.0,35.0,32.0,0,0.5015625,0.5,512.0,6400000.0,0.5273919092465753
2.0,2.0,1.0,2.0,5.0,4.0,146.0,384.0,0,0.5015625,2.0,32.0,6400000.0,0.5430474865459882
1.0,2.0,2.0,1.0,1.0,1.0,39.0,32.0,0,0.5015625,1024.0,256.0,6400000.0,0.5273919092465753
2.0,2.0,1.0,2.0,5.0,4.0,146.0,384.0,0,0.5015625,1.0,4.0,6400000.0,0.5430474865459882
2.0,2.0,2.0,4.0,9.0,6.0,247.0,704.0,0,0.9078125,32.0,16.0,6400000.0,0.8262620780332682
1.0,2.0,1.0,1.0,1.0,1.0,35.0,32.0,0,0.5015625,2.0,32768.0,6400000.0,0.5273919092465753
2.0,2.0,1.0,2.0,5.0,4.0,146.0,384.0,0,0.5015625,2.0,0.03125,6400000.0,0.5430474865459882
2.0,2.0,1.0,2.0,5.0,4.0,146.0,384.0,0,0.5015625,1.0,0.00390625,6400000.0,0.5430474865459882
1.0,2.0,2.0,1.0,1.0,1.0,39.0,32.0,0,0.5015625,2048.0,0.00195312,6400000.0,0.5273919092465753
1.0,2.0,2.0,1.0,1.0,1.0,39.0,32.0,0,0.5015625,2048.0,2.0,6400000.0,0.5273919092465753
2.0,2.0,2.0,4.0,9.0,6.0,247.0,704.0,0,0.9078125,0.0625,1.0,6400000.0,0.9033657962328766
2.0,2.0,1.0,2.0,5.0,4.0,146.0,384.0,0,0.5015625,0.00390625,0.5,6400000.0,0.5430474865459882
2.0,2.0,1.0,2.0,5.0,4.0,146.0,384.0,0,0.5015625,0.00390625,0.0,6400000.0,0.5430474865459882
2.0,2.0,1.0,2.0,5.0,4.0,146.0,384.0,0,0.5015625,16.0,0.015625,6400000.0,0.5430474865459882
1.0,2.0,2.0,1.0,1.0,1.0,39.0,32.0,0,0.5015625,32.0,16384.0,6400000.0,0.5273919092465753
2.0,2.0,1.0,2.0,5.0,4.0,146.0,384.0,0,0.5015625,4.0,0.25,6400000.0,0.5430474865459882
2.0,2.0,1.0,2.0,5.0,4.0,146.0,384.0,0,0.5015625,4.0,256.0,6400000.0,0.5430474865459882
1.0,2.0,2.0,1.0,1.0,1.0,39.0,32.0,0,0.5015625,2048.0,2048.0,6400000.0,0.5273919092465753
1.0,2.0,4.0,1.0,1.0,1.0,63.0,32.0,0,0.5015625,0.0,32768.0,6400000.0,0.5273919092465753
2.0,2.0,2.0,3.0,8.0,6.0,233.0,704.0,0,0.75,64.0,0.125,6400000.0,0.8047356592465753
2.0,2.0,1.0,2.0,5.0,4.0,146.0,384.0,0,0.5015625,8.0,0.00195312,6400000.0,0.5430474865459882
2.0,2.0,2.0,3.0,8.0,6.0,233.0,704.0,0,0.75,4.0,64.0,6400000.0,0.7844231592465754
2.0,2.0,1.0,2.0,5.0,4.0,146.0,384.0,0,0.5015625,8.0,2.0,6400000.0,0.5430474865459882
2.0,2.0,2.0,4.0,9.0,6.0,247.0,704.0,0,0.9078125,1.0,2.0,6400000.0,0.9033657962328766
2.0,2.0,2.0,4.0,9.0,6.0,247.0,704.0,0,0.9078125,1.0,0.00195312,6400000.0,0.9033657962328766
1.0,2.0,1.0,1.0,1.0,1.0,35.0,32.0,0,0.5015625,8.0,2048.0,6400000.0,0.5273919092465753
2.0,2.0,4.0,8.0,19.0,16.0,584.0,2304.0,0,0.940625,0.000976562,0.25,6400000.0,0.9409246575342465
2.0,2.0,2.0,3.0,8.0,6.0,233.0,704.0,0,0.75,128.0,0.000976562,6400000.0,0.7844231592465754
1.0,2.0,1.0,1.0,1.0,1.0,35.0,32.0,0,0.5015625,0.00390625,512.0,6400000.0,0.5273919092465753
2.0,2.0,2.0,3.0,8.0,6.0,233.0,704.0,0,0.75,64.0,128.0,6400000.0,0.7844231592465754
2.0,2.0,2.0,4.0,9.0,6.0,247.0,704.0,0,0.9078125,0.125,0.0078125,6400000.0,0.9033657962328766
2.0,2.0,1.0,2.0,5.0,4.0,146.0,384.0,0,0.5015625,16.0,16.0,6400000.0,0.5430474865459882
1.0,2.0,1.0,1.0,1.0,1.0,35.0,32.0,0,0.5015625,0.0078125,4096.0,6400000.0,0.5273919092465753
2.0,2.0,1.0,2.0,5.0,4.0,146.0,384.0,0,0.5015625,0.0078125,0.00390625,6400000.0,0.5430474865459882
1.0,2.0,2.0,1.0,1.0,1.0,39.0,32.0,0,0.5015625,4096.0,0.015625,6400000.0,0.5273919092465753
1.0,2.0,2.0,1.0,1.0,1.0,39.0,32.0,0,0.5015625,4096.0,16.0,6400000.0,0.5273919092465753
2.0,2.0,1.0,2.0,5.0,4.0,146.0,384.0,0,0.5015625,32.0,128.0,6400000.0,0.5430474865459882
1.0,2.0,1.0,1.0,1.0,1.0,35.0,32.0,0,0.5015625,16.0,16384.0,6400000.0,0.5273919092465753
2.0,2.0,2.0,3.0,8.0,6.0,233.0,704.0,0,0.75,128.0,1.0,6400000.0,0.7844231592465754
1.0,2.0,2.0,1.0,1.0,1.0,39.0,32.0,0,0.5015625,0.0625,1024.0,6400000.0,0.5273919092465753
2.0,2.0,1.0,2.0,5.0,4.0,146.0,384.0,0,0.5015625,32.0,0.125,6400000.0,0.5430474865459882
2.0,2.0,2.0,4.0,9.0,6.0,247.0,704.0,0,0.9078125,8.0,0.0,6400000.0,0.9033657962328766
1.0,2.0,2.0,1.0,1.0,1.0,39.0,32.0,0,0.5015625,8192.0,0.125,6400000.0,0.5273919092465753
1.0,2.0,2.0,1.0,1.0,1.0,39.0,32.0,0,0.5015625,8192.0,128.0,6400000.0,0.5273919092465753
2.0,2.0,1.0,2.0,5.0,4.0,146.0,384.0,0,0.5015625,0.0078125,4.0,6400000.0,0.5430474865459882
2.0,2.0,4.0,8.0,19.0,16.0,584.0,2304.0,0,0.940625,0.0078125,0.0625,6400000.0,0.9409246575342465
2.0,2.0,1.0,2.0,5.0,4.0,146.0,384.0,0,0.5015625,64.0,1.0,6400000.0,0.5430474865459882
1.0,1.0,8.0,1.0,1.0,1.0,543.0,32.0,0,0.5015625,32768.0,256.0,6400000.0,0.5273919092465753
1.0,1.0,8.0,1.0,1.0,1.0,543.0,32.0,0,0.5015625,32768.0,0.25,6400000.0,0.5273919092465753
2.0,2.0,4.0,5.0,15.0,11.0,499.0,1504.0,0,0.940625,0.0078125,64.0,6400000.0,0.9409246575342465
1.0,2.0,2.0,1.0,1.0,1.0,39.0,32.0,0,0.5015625,4096.0,16384.0,6400000.0,0.5273919092465753
2.0,2.0,1.0,2.0,5.0,4.0,146.0,384.0,0,0.5015625,128.0,8.0,6400000.0,0.5430474865459882
1.0,2.0,2.0,1.0,1.0,1.0,39.0,32.0,0,0.5015625,1.0,2048.0,6400000.0,0.5273919092465753
1.0,2.0,1.0,1.0,1.0,1.0,35.0,32.0,0,0.5015625,64.0,1024.0,6400000.0,0.5273919092465753
1.0,2.0,2.0,1.0,1.0,1.0,39.0,32.0,0,0.5015625,128.0,1024.0,6400000.0,0.5273919092465753
1.0,2.0,1.0,1.0,1.0,1.0,35.0,32.0,0,0.5015625,128.0,8192.0,6400000.0,0.5273919092465753
2.0,2.0,1.0,2.0,5.0,4.0,146.0,384.0,0,0.5015625,64.0,0.000976562,6400000.0,0.5430474865459882
2.0,2.0,1.0,2.0,5.0,4.0,146.0,384.0,0,0.5015625,0.015625,32.0,6400000.0,0.5430474865459882
2.0,2.0,2.0,4.0,9.0,6.0,247.0,704.0,0,0.9078125,0.125,8.0,6400000.0,0.9033657962328766
2.0,2.0,1.0,2.0,5.0,4.0,146.0,384.0,0,0.5015625,128.0,0.0078125,6400000.0,0.5430474865459882
1.0,2.0,2.0,1.0,1.0,1.0,39.0,32.0,0,0.5015625,16384.0,1.0,6400000.0,0.5273919092465753
1.0,2.0,2.0,1.0,1.0,1.0,39.0,32.0,0,0.5015625,16384.0,0.000976562,6400000.0,0.5273919092465753
1.0,2.0,1.0,1.0,1.0,1.0,35.0,32.0,0,0.5015625,512.0,512.0,6400000.0,0.5273919092465753
2.0,2.0,1.0,2.0,5.0,4.0,146.0,384.0,0,0.5015625,256.0,0.0625,6400000.0,0.5430474865459882
2.0,2.0,1.0,2.0,5.0,4.0,146.0,384.0,0,0.5015625,0.015625,0.03125,6400000.0,0.5430474865459882
2.0,2.0,2.0,3.0,8.0,6.0,233.0,704.0,0,0.75,256.0,0.0078125,6400000.0,0.7844231592465754
1.0,2.0,2.0,1.0,1.0,1.0,39.0,32.0,0,0.5015625,16384.0,1024.0,6400000.0,0.5273919092465753
1.0,2.0,1.0,1.0,1.0,1.0,35.0,32.0,0,0.5015625,512.0,0.0,6400000.0,0.5273919092465753
1.0,2.0,2.0,1.0,1.0,1.0,39.0,32.0,0,0.5015625,32768.0,0.0078125,6400000.0,0.5273919092465753
2.0,2.0,4.0,8.0,19.0,16.0,584.0,2304.0,0,0.940625,0.015625,0.0,6400000.0,0.9409246575342465
2.0,2.0,1.0,2.0,5.0,4.0,146.0,384.0,0,0.5015625,0.0,0.00195312,6400000.0,0.5430474865459882
1.0,2.0,2.0,1.0,1.0,1.0,39.0,32.0,0,0.5015625,0.125,8192.0,6400000.0,0.5273919092465753
2.0,2.0,2.0,3.0,8.0,6.0,233.0,704.0,0,0.75,256.0,8.0,6400000.0,0.7844231592465754
1.0,2.0,1.0,1.0,1.0,1.0,35.0,32.0,0,0.5015625,2048.0,0.03125,6400000.0,0.5273919092465753
1.0,2.0,2.0,1.0,1.0,1.0,39.0,32.0,0,0.5015625,32768.0,8.0,6400000.0,0.5273919092465753
2.0,2.0,1.0,2.0,5.0,4.0,146.0,384.0,0,0.5015625,256.0,64.0,6400000.0,0.5430474865459882
1.0,2.0,1.0,1.0,1.0,1.0,35.0,32.0,0,0.5015625,1024.0,0.00390625,6400000.0,0.5273919092465753
2.0,2.0,2.0,4.0,9.0,6.0,247.0,704.0,0,0.9078125,2.0,0.015625,6400000.0,0.9033657962328766
2.0,2.0,2.0,4.0,9.0,6.0,247.0,704.0,0,0.9078125,2.0,16.0,6400000.0,0.9033657962328766
2.0,2.0,4.0,5.0,15.0,11.0,499.0,1504.0,0,0.940625,0.000976562,256.0,6400000.0,0.9033657962328766
1.0,2.0,1.0,1.0,1.0,1.0,35.0,32.0,0,0.5015625,512.0,0.5,6400000.0,0.5273919092465753
2.0,2.0,2.0,4.0,9.0,6.0,247.0,704.0,0,0.9078125,8.0,0.5,6400000.0,0.9033657962328766
2.0,2.0,1.0,2.0,5.0,4.0,146.0,384.0,0,0.5015625,0.0,2.0,6400000.0,0.5430474865459882
2.0,2.0,4.0,8.0,19.0,16.0,584.0,2304.0,0,0.940625,0.015625,0.5,6400000.0,0.9409246575342465
1.0,2.0,1.0,1.0,1.0,1.0,35.0,32.0,0,0.5015625,1024.0,4096.0,6400000.0,0.5273919092465753
2.0,2.0,4.0,8.0,19.0,16.0,584.0,2304.0,0,0.940625,0.00195312,0.00195312,6400000.0,0.9409246575342465
1.0,2.0,1.0,1.0,1.0,1.0,35.0,32.0,0,0.5015625,1024.0,4.0,6400000.0,0.5273919092465753
1.0,2.0,1.0,1.0,1.0,1.0,35.0,32.0,0,0.5015625,4096.0,0.25,6400000.0,0.5273919092465753
1.0,2.0,1.0,1.0,1.0,1.0,35.0,32.0,0,0.5015625,4096.0,256.0,6400000.0,0.5273919092465753
1.0,2.0,1.0,1.0,1.0,1.0,35.0,32.0,0,0.5015625,8192.0,0.00195312,6400000.0,0.5273919092465753
1.0,2.0,2.0,1.0,1.0,1.0,39.0,32.0,0,0.5015625,256.0,8192.0,6400000.0,0.5273919092465753
1.0,2.0,2.0,1.0,1.0,1.0,39.0,32.0,0,0.5015625,32768.0,8192.0,6400000.0,0.5273919092465753
2.0,2.0,4.0,8.0,19.0,16.0,584.0,2304.0,0,0.940625,0.0,0.0625,6400000.0,0.9409246575342465
1.0,2.0,1.0,1.0,1.0,1.0,35.0,32.0,0,0.5015625,8192.0,2048.0,6400000.0,0.5273919092465753
1.0,2.0,1.0,1.0,1.0,1.0,35.0,32.0,0,0.5015625,2048.0,32768.0,6400000.0,0.5273919092465753
1.0,2.0,1.0,1.0,1.0,1.0,35.0,32.0,0,0.5015625,2048.0,32.0,6400000.0,0.5273919092465753
1.0,2.0,1.0,1.0,1.0,1.0,35.0,32.0,0,0.5015625,8192.0,2.0,6400000.0,0.5273919092465753
2.0,2.0,4.0,7.0,19.0,16.0,605.0,2304.0,0,0.940625,0.00195312,2.0,6400000.0,0.9409246575342465
1.0,2.0,1.0,1.0,1.0,1.0,35.0,32.0,0,0.5015625,16384.0,16384.0,6400000.0,0.5273919092465753
1.0,2.0,2.0,1.0,1.0,1.0,39.0,32.0,0,0.5015625,512.0,0.0625,6400000.0,0.5273919092465753
1.0,2.0,1.0,1.0,1.0,1.0,35.0,32.0,0,0.5015625,16384.0,16.0,6400000.0,0.5273919092465753
1.0,2.0,1.0,1.0,1.0,1.0,35.0,32.0,0,0.5015625,32768.0,0.125,6400000.0,0.5273919092465753
1.0,2.0,4.0,1.0,1.0,1.0,63.0,32.0,0,0.5015625,0.015625,512.0,6400000.0,0.5273919092465753
2.0,2.0,2.0,4.0,9.0,6.0,247.0,704.0,0,0.9078125,0.0,0.000976562,6400000.0,0.9033657962328766
1.0,2.0,1.0,1.0,1.0,1.0,35.0,32.0,0,0.5015625,32768.0,128.0,6400000.0,0.5273919092465753
2.0,2.0,2.0,4.0,9.0,6.0,247.0,704.0,0,0.9078125,0.0,1.0,6400000.0,0.9033657962328766
1.0,2.0,1.0,1.0,1.0,1.0,35.0,32.0,0,0.5015625,16384.0,0.015625,6400000.0,0.5273919092465753
2.0,2.0,2.0,4.0,9.0,6.0,247.0,704.0,0,0.9078125,0.00390625,0.0,6400000.0,0.9033657962328766
2.0,2.0,2.0,4.0,9.0,6.0,247.0,704.0,0,0.9078125,0.00195312,0.0625,6400000.0,0.9033657962328766
1.0,2.0,1.0,1.0,1.0,1.0,35.0,32.0,0,0.5015625,0.0,2048.0,6400000.0,0.5273919092465753
2.0,2.0,1.0,2.0,5.0,4.0,146.0,384.0,0,0.5015625,0.000976562,0.015625,6400000.0,0.5430474865459882
1.0,2.0,2.0,1.0,1.0,1.0,39.0,32.0,0,0.5015625,0.0,1024.0,6400000.0,0.5273919092465753
1.0,2.0,2.0,1.0,1.0,1.0,39.0,32.0,0,0.5015625,8.0,512.0,6400000.0,0.5273919092465753
2.0,2.0,2.0,3.0,8.0,6.0,233.0,704.0,0,0.75,0.25,64.0,6400000.0,0.8047356592465753
2.0,2.0,4.0,8.0,19.0,16.0,584.0,2304.0,0,0.940625,0.03125,0.00390625,6400000.0,0.9409246575342465
2.0,2.0,2.0,4.0,9.0,6.0,247.0,704.0,0,0.9078125,0.000976562,0.0078125,6400000.0,0.9033657962328766
2.0,2.0,2.0,4.0,9.0,6.0,247.0,704.0,0,0.9078125,16.0,0.00390625,6400000.0,0.9033657962328766
1.0,2.0,1.0,1.0,1.0,1.0,35.0,32.0,0,0.5015625,0.015625,32768.0,6400000.0,0.5273919092465753
2.0,2.0,2.0,4.0,9.0,6.0,247.0,704.0,0,0.9078125,0.25,0.0625,6400000.0,0.9033657962328766
2.0,2.0,2.0,4.0,9.0,6.0,247.0,704.0,0,0.9078125,0.5,0.0,6400000.0,0.9033657962328766
2.0,2.0,1.0,2.0,5.0,4.0,146.0,384.0,0,0.5015625,0.03125,0.25,6400000.0,0.5430474865459882
2.0,2.0,2.0,4.0,9.0,6.0,247.0,704.0,0,0.9078125,0.000976562,8.0,6400000.0,0.9033657962328766
1.0,2.0,2.0,1.0,1.0,1.0,39.0,32.0,0,0.5015625,0.00390625,512.0,6400000.0,0.5273919092465753
2.0,2.0,2.0,3.0,8.0,6.0,233.0,704.0,0,0.75,0.00195312,64.0,6400000.0,0.8047356592465753
2.0,2.0,2.0,4.0,9.0,6.0,247.0,704.0,0,0.9078125,16.0,4.0,6400000.0,0.9033657962328766
1.0,2.0,2.0,1.0,1.0,1.0,39.0,32.0,0,0.5015625,2.0,16384.0,6400000.0,0.5273919092465753
2.0,2.0,2.0,4.0,9.0,6.0,247.0,704.0,0,0.9078125,0.00390625,0.5,6400000.0,0.9033657962328766
2.0,2.0,2.0,4.0,9.0,6.0,247.0,704.0,0,0.9078125,0.0078125,4.0,6400000.0,0.9033657962328766
1.0,2.0,2.0,1.0,1.0,1.0,39.0,32.0,0,0.5015625,0.000976562,8192.0,6400000.0,0.5273919092465753
2.0,2.0,1.0,2.0,5.0,4.0,146.0,384.0,0,0.5015625,0.000976562,16.0,6400000.0,0.5430474865459882
2.0,2.0,2.0,4.0,9.0,6.0,247.0,704.0,0,0.9078125,0.5,0.5,6400000.0,0.9033657962328766
1.0,2.0,1.0,1.0,1.0,1.0,35.0,32.0,0,0.5015625,0.0625,2048.0,6400000.0,0.5273919092465753
1.0,2.0,2.0,1.0,1.0,1.0,39.0,32.0,0,0.5015625,512.0,64.0,6400000.0,0.5273919092465753
2.0,2.0,1.0,2.0,5.0,4.0,146.0,384.0,0,0.5015625,0.03125,256.0,6400000.0,0.5430474865459882
2.0,2.0,2.0,4.0,9.0,6.0,247.0,704.0,0,0.9078125,0.0078125,0.00390625,6400000.0,0.9033657962328766
1.0,2.0,1.0,1.0,1.0,1.0,35.0,32.0,0,0.5015625,0.125,16384.0,6400000.0,0.5273919092465753
2.0,2.0,2.0,4.0,9.0,6.0,247.0,704.0,0,0.9078125,0.015625,0.03125,6400000.0,0.9033657962328766
2.0,2.0,1.0,2.0,5.0,4.0,146.0,384.0,0,0.5015625,0.00195312,0.125,6400000.0,0.5430474865459882
1.0,2.0,2.0,1.0,1.0,1.0,39.0,32.0,0,0.5015625,0.015625,32768.0,6400000.0,0.5273919092465753
2.0,2.0,2.0,4.0,9.0,6.0,247.0,704.0,0,0.9078125,0.015625,32.0,6400000.0,0.8740115887964773
1.0,2.0,1.0,1.0,1.0,1.0,35.0,32.0,0,0.5015625,0.000976562,16384.0,6400000.0,0.5273919092465753
2.0,2.0,4.0,5.0,15.0,11.0,499.0,1504.0,0,0.940625,0.0,64.0,6400000.0,0.9409246575342465
2.0,2.0,1.0,2.0,5.0,4.0,146.0,384.0,0,0.5015625,0.125,16.0,6400000.0,0.5430474865459882
2.0,2.0,2.0,4.0,9.0,6.0,247.0,704.0,0,0.9078125,0.03125,0.25,6400000.0,0.9033657962328766
1.0,2.0,2.0,1.0,1.0,1.0,39.0,32.0,0,0.5015625,0.0078125,4096.0,6400000.0,0.5273919092465753
1.0,2.0,4.0,1.0,1.0,1.0,63.0,32.0,0,0.5015625,0.00195312,2048.0,6400000.0,0.5273919092465753
2.0,2.0,1.0,2.0,5.0,4.0,146.0,384.0,0,0.5015625,0.0625,2.0,6400000.0,0.5430474865459882
2.0,2.0,1.0,2.0,5.0,4.0,146.0,384.0,0,0.5015625,0.0625,0.00195312,6400000.0,0.5430474865459882
2.0,2.0,1.0,2.0,5.0,4.0,146.0,384.0,0,0.5015625,0.00195312,128.0,6400000.0,0.5430474865459882
1.0,2.0,1.0,1.0,1.0,1.0,35.0,32.0,0,0.5015625,1.0,8192.0,6400000.0,0.5273919092465753
1.0,2.0,2.0,1.0,1.0,1.0,39.0,32.0,0,0.5015625,0.5,512.0,6400000.0,0.5273919092465753
2.0,2.0,1.0,2.0,5.0,4.0,146.0,384.0,0,0.5015625,0.25,0.125,6400000.0,0.5430474865459882
2.0,2.0,1.0,2.0,5.0,4.0,146.0,384.0,0,0.5015625,0.25,128.0,6400000.0,0.5430474865459882
2.0,2.0,2.0,3.0,8.0,6.0,233.0,704.0,0,0.75,0.03125,256.0,6400000.0,0.7844231592465754
2.0,2.0,1.0,2.0,5.0,4.0,146.0,384.0,0,0.5015625,0.5,0.000976562,6400000.0,0.5430474865459882
2.0,2.0,1.0,2.0,5.0,4.0,146.0,384.0,0,0.5015625,0.125,0.015625,6400000.0,0.5430474865459882
2.0,2.0,2.0,4.0,9.0,6.0,247.0,704.0,0,0.9078125,0.0625,0.00195312,6400000.0,0.9033657962328766
2.0,2.0,4.0,7.0,19.0,16.0,605.0,2304.0,0,0.940625,0.03125,4.0,6400000.0,0.9409246575342465
2.0,2.0,4.0,8.0,19.0,16.0,584.0,2304.0,0,0.940625,0.00390625,0.015625,6400000.0,0.9409246575342465
2.0,2.0,4.0,5.0,15.0,11.0,499.0,1504.0,0,0.940625,0.00390625,16.0,6400000.0,0.9409246575342465
1.0,2.0,2.0,1.0,1.0,1.0,39.0,32.0,0,0.5015625,16.0,4096.0,6400000.0,0.5273919092465753
1.0,2.0,2.0,1.0,1.0,1.0,39.0,32.0,0,0.5015625,1024.0,0.0,6400000.0,0.5273919092465753
2.0,2.0,1.0,2.0,5.0,4.0,146.0,384.0,0,0.5015625,0.5,1.0,6400000.0,0.5430474865459882
1.0,2.0,2.0,1.0,1.0,1.0,39.0,32.0,0,0.5015625,1024.0,0.5,6400000.0,0.5273919092465753
2.0,2.0,2.0,4.0,9.0,6.0,247.0,704.0,0,0.9078125,4.0,0.125,6400000.0,0.9033657962328766
1.0,2.0,4.0,1.0,1.0,1.0,63.0,32.0,0,0.5015625,0.00390625,16384.0,6400000.0,0.5273919092465753
1.0,2.0,1.0,1.0,1.0,1.0,35.0,32.0,0,0.5015625,0.5,1024.0,6400000.0,0.5273919092465753
2.0,2.0,2.0,4.0,9.0,6.0,247.0,704.0,0,0.9078125,32.0,0.03125,6400000.0,0.8740115887964773
1.0,2.0,4.0,1.0,1.0,1.0,63.0,32.0,0,0.5015625,0.03125,4096.0,6400000.0,0.5273919092465753
2.0,2.0,2.0,3.0,8.0,6.0,233.0,704.0,0,0.75,32.0,32.0,6400000.0,0.8047356592465753
1.0,2.0,2.0,1.0,1.0,1.0,39.0,32.0,0,0.5015625,1024.0,512.0,6400000.0,0.5273919092465753
2.0,2.0,1.0,2.0,5.0,4.0,146.0,384.0,0,0.5015625,1.0,8.0,6400000.0,0.5430474865459882
2.0,2.0,1.0,2.0,5.0,4.0,146.0,384.0,0,0.5015625,2.0,64.0,6400000.0,0.5430474865459882
2.0,2.0,1.0,2.0,5.0,4.0,146.0,384.0,0,0.5015625,2.0,0.0625,6400000.0,0.5430474865459882
2.0,2.0,1.0,2.0,5.0,4.0,146.0,384.0,0,0.5015625,4.0,0.0,6400000.0,0.5430474865459882
2.0,2.0,1.0,2.0,5.0,4.0,146.0,384.0,0,0.5015625,1.0,0.0078125,6400000.0,0.5430474865459882
2.0,2.0,1.0,2.0,5.0,4.0,146.0,384.0,0,0.5015625,0.00390625,1.0,6400000.0,0.5430474865459882
2.0,2.0,2.0,4.0,9.0,6.0,247.0,704.0,0,0.9078125,0.0625,2.0,6400000.0,0.9033657962328766
2.0,2.0,1.0,2.0,5.0,4.0,146.0,384.0,0,0.5015625,16.0,0.03125,6400000.0,0.5430474865459882
1.0,2.0,2.0,1.0,1.0,1.0,39.0,32.0,0,0.5015625,2048.0,4.0,6400000.0,0.5273919092465753
2.0,2.0,4.0,8.0,19.0,16.0,584.0,2304.0,0,0.940625,0.000976562,0.0,6400000.0,0.9409246575342465
2.0,2.0,1.0,2.0,5.0,4.0,146.0,384.0,0,0.5015625,0.00390625,0.000976562,6400000.0,0.5430474865459882
1.0,2.0,2.0,1.0,1.0,1.0,39.0,32.0,0,0.5015625,2048.0,0.00390625,6400000.0,0.5273919092465753
1.0,2.0,1.0,1.0,1.0,1.0,35.0,32.0,0,0.5015625,4.0,512.0,6400000.0,0.5273919092465753
1.0,2.0,2.0,1.0,1.0,1.0,39.0,32.0,0,0.5015625,32.0,32768.0,6400000.0,0.5273919092465753
2.0,2.0,1.0,2.0,5.0,4.0,146.0,384.0,0,0.5015625,4.0,0.5,6400000.0,0.5430474865459882
2.0,2.0,2.0,3.0,8.0,6.0,233.0,704.0,0,0.75,64.0,0.25,6400000.0,0.8047356592465753
2.0,2.0,2.0,3.0,8.0,6.0,233.0,704.0,0,0.75,4.0,128.0,6400000.0,0.7844231592465754
1.0,2.0,2.0,1.0,1.0,1.0,39.0,32.0,0,0.5015625,2048.0,4096.0,6400000.0,0.5273919092465753
2.0,2.0,1.0,2.0,5.0,4.0,146.0,384.0,0,0.5015625,8.0,4.0,6400000.0,0.5430474865459882
2.0,2.0,1.0,2.0,5.0,4.0,146.0,384.0,0,0.5015625,8.0,0.00390625,6400000.0,0.5430474865459882
1.0,2.0,1.0,1.0,1.0,1.0,35.0,32.0,0,0.5015625,8.0,4096.0,6400000.0,0.5273919092465753
2.0,2.0,4.0,8.0,19.0,16.0,584.0,2304.0,0,0.940625,0.000976562,0.5,6400000.0,0.9409246575342465
2.0,2.0,2.0,4.0,9.0,6.0,247.0,704.0,0,0.9078125,1.0,4.0,6400000.0,0.9033657962328766
1.0,2.0,1.0,1.0,1.0,1.0,35.0,32.0,0,0.5015625,0.00390625,1024.0,6400000.0,0.5273919092465753
2.0,2.0,2.0,4.0,9.0,6.0,247.0,704.0,0,0.9078125,0.125,0.015625,6400000.0,0.9033657962328766
2.0,2.0,2.0,4.0,9.0,6.0,247.0,704.0,0,0.9078125,1.0,0.00390625,6400000.0,0.9033657962328766
2.0,2.0,2.0,3.0,8.0,6.0,233.0,704.0,0,0.75,128.0,0.00195312,6400000.0,0.7844231592465754
2.0,2.0,2.0,3.0,8.0,6.0,233.0,704.0,0,0.75,64.0,256.0,6400000.0,0.7844231592465754
2.0,2.0,1.0,2.0,5.0,4.0,146.0,384.0,0,0.5015625,16.0,32.0,6400000.0,0.5430474865459882
1.0,2.0,1.0,1.0,1.0,1.0,35.0,32.0,0,0.5015625,0.0078125,8192.0,6400000.0,0.5273919092465753
2.0,2.0,1.0,2.0,5.0,4.0,146.0,384.0,0,0.5015625,32.0,256.0,6400000.0,0.5430474865459882
1.0,2.0,2.0,1.0,1.0,1.0,39.0,32.0,0,0.5015625,4096.0,0.03125,6400000.0,0.5273919092465753
1.0,2.0,1.0,1.0,1.0,1.0,35.0,32.0,0,0.5015625,16.0,32768.0,6400000.0,0.5273919092465753
2.0,2.0,1.0,2.0,5.0,4.0,146.0,384.0,0,0.5015625,0.0078125,0.0078125,6400000.0,0.5430474865459882
2.0,2.0,2.0,3.0,8.0,6.0,233.0,704.0,0,0.75,128.0,2.0,6400000.0,0.7844231592465754
1.0,2.0,2.0,1.0,1.0,1.0,39.0,32.0,0,0.5015625,4096.0,32.0,6400000.0,0.5273919092465753
2.0,2.0,4.0,8.0,19.0,16.0,584.0,2304.0,0,0.940625,0.0625,0.03125,6400000.0,0.9409246575342465
2.0,2.0,1.0,2.0,5.0,4.0,146.0,384.0,0,0.5015625,32.0,0.25,6400000.0,0.5430474865459882
1.0,2.0,2.0,1.0,1.0,1.0,39.0,32.0,0,0.5015625,0.0625,2048.0,6400000.0,0.5273919092465753
2.0,2.0,2.0,4.0,9.0,6.0,247.0,704.0,0,0.9078125,8.0,0.000976562,6400000.0,0.9033657962328766
2.0,2.0,1.0,2.0,5.0,4.0,146.0,384.0,0,0.5015625,0.0078125,8.0,6400000.0,0.5430474865459882
2.0,2.0,4.0,8.0,19.0,16.0,584.0,2304.0,0,0.940625,0.0078125,0.125,6400000.0,0.9409246575342465
1.0,2.0,2.0,1.0,1.0,1.0,39.0,32.0,0,0.5015625,8192.0,0.25,6400000.0,0.5273919092465753
1.0,2.0,2.0,1.0,1.0,1.0,39.0,32.0,0,0.5015625,8192.0,256.0,6400000.0,0.5273919092465753
2.0,2.0,4.0,5.0,15.0,11.0,499.0,1504.0,0,0.940625,0.0625,32.0,6400000.0,0.9409246575342465
1.0,2.0,2.0,1.0,1.0,1.0,39.0,32.0,0,0.5015625,1.0,4096.0,6400000.0,0.5273919092465753
1.0,2.0,2.0,1.0,1.0,1.0,39.0,32.0,0,0.5015625,4096.0,32768.0,6400000.0,0.5273919092465753
2.0,2.0,1.0,2.0,5.0,4.0,146.0,384.0,0,0.5015625,64.0,2.0,6400000.0,0.5430474865459882
2.0,2.0,4.0,5.0,15.0,11.0,499.0,1504.0,0,0.940625,0.0078125,128.0,6400000.0,0.9409246575342465
2.0,2.0,1.0,2.0,5.0,4.0,146.0,384.0,0,0.5015625,0.015625,64.0,6400000.0,0.5430474865459882
1.0,2.0,1.0,1.0,1.0,1.0,35.0,32.0,0,0.5015625,64.0,2048.0,6400000.0,0.5273919092465753
2.0,2.0,2.0,4.0,9.0,6.0,247.0,704.0,0,0.9078125,0.125,16.0,6400000.0,0.9033657962328766
1.0,2.0,1.0,1.0,1.0,1.0,35.0,32.0,0,0.5015625,128.0,16384.0,6400000.0,0.5273919092465753
2.0,2.0,1.0,2.0,5.0,4.0,146.0,384.0,0,0.5015625,128.0,16.0,6400000.0,0.5430474865459882
1.0,2.0,2.0,1.0,1.0,1.0,39.0,32.0,0,0.5015625,128.0,2048.0,6400000.0,0.5273919092465753
2.0,2.0,1.0,2.0,5.0,4.0,146.0,384.0,0,0.5015625,64.0,0.00195312,6400000.0,0.5430474865459882
2.0,2.0,2.0,3.0,8.0,6.0,233.0,704.0,0,0.75,256.0,0.015625,6400000.0,0.7844231592465754
1.0,2.0,2.0,1.0,1.0,1.0,39.0,32.0,0,0.5015625,16384.0,2.0,6400000.0,0.5273919092465753
1.0,2.0,2.0,1.0,1.0,1.0,39.0,32.0,0,0.5015625,16384.0,0.00195312,6400000.0,0.5273919092465753
2.0,2.0,1.0,2.0,5.0,4.0,146.0,384.0,0,0.5015625,0.015625,0.0625,6400000.0,0.5430474865459882
2.0,2.0,1.0,2.0,5.0,4.0,146.0,384.0,0,0.5015625,256.0,0.125,6400000.0,0.5430474865459882
1.0,2.0,1.0,1.0,1.0,1.0,35.0,32.0,0,0.5015625,512.0,0.000976562,6400000.0,0.5273919092465753
2.0,2.0,4.0,8.0,19.0,16.0,584.0,2304.0,0,0.940625,0.015625,0.000976562,6400000.0,0.9409246575342465
1.0,2.0,1.0,1.0,1.0,1.0,35.0,32.0,0,0.5015625,512.0,1024.0,6400000.0,0.5273919092465753
2.0,2.0,1.0,2.0,5.0,4.0,146.0,384.0,0,0.5015625,128.0,0.015625,6400000.0,0.5430474865459882
1.0,2.0,2.0,1.0,1.0,1.0,39.0,32.0,0,0.5015625,0.125,16384.0,6400000.0,0.5273919092465753
1.0,2.0,2.0,1.0,1.0,1.0,39.0,32.0,0,0.5015625,32768.0,0.015625,6400000.0,0.5273919092465753
1.0,2.0,2.0,1.0,1.0,1.0,39.0,32.0,0,0.5015625,16384.0,2048.0,6400000.0,0.5273919092465753
2.0,2.0,2.0,3.0,8.0,6.0,233.0,704.0,0,0.75,256.0,16.0,6400000.0,0.7844231592465754
1.0,2.0,1.0,1.0,1.0,1.0,35.0,32.0,0,0.5015625,2048.0,0.0625,6400000.0,0.5273919092465753
2.0,2.0,1.0,2.0,5.0,4.0,146.0,384.0,0,0.5015625,256.0,128.0,6400000.0,0.5430474865459882
1.0,2.0,4.0,1.0,1.0,1.0,63.0,32.0,0,0.5015625,0.0625,32768.0,6400000.0,0.5273919092465753
1.0,2.0,4.0,1.0,1.0,1.0,63.0,32.0,0,0.5015625,0.000976562,512.0,6400000.0,0.5273919092465753
2.0,2.0,2.0,4.0,9.0,6.0,247.0,704.0,0,0.9078125,2.0,0.03125,6400000.0,0.9033657962328766
2.0,2.0,2.0,4.0,9.0,6.0,247.0,704.0,0,0.9078125,2.0,32.0,6400000.0,0.8740115887964773
1.0,2.0,1.0,1.0,1.0,1.0,35.0,32.0,0,0.5015625,1024.0,0.0078125,6400000.0,0.5273919092465753
1.0,2.0,2.0,1.0,1.0,1.0,39.0,32.0,0,0.5015625,32768.0,16.0,6400000.0,0.5273919092465753
1.0,2.0,1.0,1.0,1.0,1.0,35.0,32.0,0,0.5015625,512.0,1.0,6400000.0,0.5273919092465753
2.0,2.0,2.0,4.0,9.0,6.0,247.0,704.0,0,0.9078125,8.0,1.0,6400000.0,0.9033657962328766
2.0,2.0,4.0,8.0,19.0,16.0,584.0,2304.0,0,0.940625,0.125,0.25,6400000.0,0.9409246575342465
2.0,2.0,4.0,8.0,19.0,16.0,584.0,2304.0,0,0.940625,0.015625,1.0,6400000.0,0.9409246575342465
1.0,2.0,1.0,1.0,1.0,1.0,35.0,32.0,0,0.5015625,1024.0,8192.0,6400000.0,0.5273919092465753
1.0,2.0,1.0,1.0,1.0,1.0,35.0,32.0,0,0.5015625,8192.0,0.00390625,6400000.0,0.5273919092465753
2.0,2.0,4.0,8.0,19.0,16.0,584.0,2304.0,0,0.940625,0.00195312,0.00390625,6400000.0,0.9409246575342465
1.0,2.0,1.0,1.0,1.0,1.0,35.0,32.0,0,0.5015625,1024.0,8.0,6400000.0,0.5273919092465753
1.0,2.0,1.0,1.0,1.0,1.0,35.0,32.0,0,0.5015625,4096.0,512.0,6400000.0,0.5273919092465753
1.0,2.0,2.0,1.0,1.0,1.0,39.0,32.0,0,0.5015625,32768.0,16384.0,6400000.0,0.5273919092465753
2.0,2.0,4.0,8.0,19.0,16.0,584.0,2304.0,0,0.940625,0.0,0.125,6400000.0,0.9409246575342465
1.0,2.0,2.0,1.0,1.0,1.0,39.0,32.0,0,0.5015625,256.0,16384.0,6400000.0,0.5273919092465753
1.0,2.0,1.0,1.0,1.0,1.0,35.0,32.0,0,0.5015625,2048.0,64.0,6400000.0,0.5273919092465753
1.0,2.0,1.0,1.0,1.0,1.0,35.0,32.0,0,0.5015625,4096.0,0.5,6400000.0,0.5273919092465753
1.0,2.0,1.0,1.0,1.0,1.0,35.0,32.0,0,0.5015625,4096.0,0.0,6400000.0,0.5273919092465753
1.0,2.0,1.0,1.0,1.0,1.0,35.0,32.0,0,0.5015625,8192.0,4096.0,6400000.0,0.5273919092465753
1.0,2.0,1.0,1.0,1.0,1.0,35.0,32.0,0,0.5015625,8192.0,4.0,6400000.0,0.5273919092465753
1.0,2.0,1.0,1.0,1.0,1.0,35.0,32.0,0,0.5015625,16384.0,32768.0,6400000.0,0.5273919092465753
2.0,2.0,4.0,7.0,19.0,16.0,605.0,2304.0,0,0.940625,0.00195312,4.0,6400000.0,0.9409246575342465
1.0,2.0,2.0,1.0,1.0,1.0,39.0,32.0,0,0.5015625,512.0,0.125,6400000.0,0.5273919092465753
1.0,2.0,1.0,1.0,1.0,1.0,35.0,32.0,0,0.5015625,16384.0,32.0,6400000.0,0.5273919092465753
1.0,2.0,4.0,1.0,1.0,1.0,63.0,32.0,0,0.5015625,0.015625,1024.0,6400000.0,0.5273919092465753
2.0,2.0,2.0,4.0,9.0,6.0,247.0,704.0,0,0.9078125,0.0,0.00195312,6400000.0,0.9033657962328766
1.0,2.0,1.0,1.0,1.0,1.0,35.0,32.0,0,0.5015625,32768.0,256.0,6400000.0,0.5273919092465753
1.0,2.0,1.0,1.0,1.0,1.0,35.0,32.0,0,0.5015625,32768.0,0.25,6400000.0,0.5273919092465753
2.0,2.0,2.0,4.0,9.0,6.0,247.0,704.0,0,0.9078125,0.0,2.0,6400000.0,0.9033657962328766
1.0,2.0,1.0,1.0,1.0,1.0,35.0,32.0,0,0.5015625,16384.0,0.03125,6400000.0,0.5273919092465753
2.0,2.0,2.0,4.0,9.0,6.0,247.0,704.0,0,0.9078125,0.00390625,0.000976562,6400000.0,0.9033657962328766
2.0,2.0,4.0,5.0,15.0,11.0,499.0,1504.0,0,0.940625,0.125,256.0,6400000.0,0.9033657962328766
2.0,2.0,4.0,8.0,19.0,16.0,584.0,2304.0,0,0.940625,0.03125,0.0078125,6400000.0,0.9409246575342465
2.0,2.0,4.0,8.0,19.0,16.0,584.0,2304.0,0,0.940625,0.25,0.00195312,6400000.0,0.9409246575342465
2.0,2.0,2.0,4.0,9.0,6.0,247.0,704.0,0,0.9078125,16.0,0.0078125,6400000.0,0.9033657962328766
2.0,2.0,2.0,3.0,8.0,6.0,233.0,704.0,0,0.75,0.25,128.0,6400000.0,0.7844231592465754
2.0,2.0,2.0,4.0,9.0,6.0,247.0,704.0,0,0.9078125,0.25,0.125,6400000.0,0.9033657962328766
2.0,2.0,2.0,4.0,9.0,6.0,247.0,704.0,0,0.9078125,0.00195312,0.125,6400000.0,0.9033657962328766
2.0,2.0,1.0,2.0,5.0,4.0,146.0,384.0,0,0.5015625,0.03125,0.0,6400000.0,0.5430474865459882
1.0,2.0,2.0,1.0,1.0,1.0,39.0,32.0,0,0.5015625,8.0,1024.0,6400000.0,0.5273919092465753
1.0,2.0,2.0,1.0,1.0,1.0,39.0,32.0,0,0.5015625,0.0,2048.0,6400000.0,0.5273919092465753
2.0,2.0,1.0,2.0,5.0,4.0,146.0,384.0,0,0.5015625,0.03125,0.5,6400000.0,0.5430474865459882
2.0,2.0,2.0,4.0,9.0,6.0,247.0,704.0,0,0.9078125,0.000976562,0.015625,6400000.0,0.9033657962328766
2.0,2.0,2.0,4.0,9.0,6.0,247.0,704.0,0,0.9078125,0.5,0.000976562,6400000.0,0.9033657962328766
1.0,2.0,2.0,1.0,1.0,1.0,39.0,32.0,0,0.5015625,0.00390625,1024.0,6400000.0,0.5273919092465753
2.0,2.0,2.0,4.0,9.0,6.0,247.0,704.0,0,0.9078125,0.000976562,16.0,6400000.0,0.9033657962328766
2.0,2.0,2.0,3.0,8.0,6.0,233.0,704.0,0,0.75,0.00195312,128.0,6400000.0,0.7844231592465754
2.0,2.0,2.0,4.0,9.0,6.0,247.0,704.0,0,0.9078125,16.0,8.0,6400000.0,0.8740115887964773
1.0,2.0,2.0,1.0,1.0,1.0,39.0,32.0,0,0.5015625,2.0,32768.0,6400000.0,0.5273919092465753
2.0,2.0,2.0,4.0,9.0,6.0,247.0,704.0,0,0.9078125,0.00390625,1.0,6400000.0,0.9033657962328766
1.0,2.0,2.0,1.0,1.0,1.0,39.0,32.0,0,0.5015625,0.000976562,16384.0,6400000.0,0.5273919092465753
2.0,2.0,2.0,4.0,9.0,6.0,247.0,704.0,0,0.9078125,0.0078125,8.0,6400000.0,0.9033657962328766
2.0,2.0,4.0,7.0,19.0,16.0,605.0,2304.0,0,0.940625,0.25,2.0,6400000.0,0.9409246575342465
2.0,2.0,2.0,4.0,9.0,6.0,247.0,704.0,0,0.9078125,0.5,1.0,6400000.0,0.9033657962328766
1.0,2.0,1.0,1.0,1.0,1.0,35.0,32.0,0,0.5015625,0.0625,4096.0,6400000.0,0.5273919092465753
1.0,2.0,2.0,1.0,1.0,1.0,39.0,32.0,0,0.5015625,512.0,128.0,6400000.0,0.5273919092465753
2.0,2.0,2.0,4.0,9.0,6.0,247.0,704.0,0,0.9078125,0.0078125,0.0078125,6400000.0,0.9033657962328766
1.0,2.0,1.0,1.0,1.0,1.0,35.0,32.0,0,0.5015625,0.03125,512.0,6400000.0,0.5273919092465753
1.0,2.0,1.0,1.0,1.0,1.0,35.0,32.0,0,0.5015625,0.125,32768.0,6400000.0,0.5273919092465753
1.0,2.0,4.0,1.0,1.0,1.0,63.0,32.0,0,0.5015625,0.00195312,4096.0,6400000.0,0.5273919092465753
2.0,2.0,1.0,2.0,5.0,4.0,146.0,384.0,0,0.5015625,0.0625,0.00390625,6400000.0,0.5430474865459882
1.0,2.0,4.0,1.0,1.0,1.0,63.0,32.0,0,0.5015625,0.25,2048.0,6400000.0,0.5273919092465753
2.0,2.0,2.0,4.0,9.0,6.0,247.0,704.0,0,0.9078125,0.015625,0.0625,6400000.0,0.9033657962328766
2.0,2.0,2.0,3.0,8.0,6.0,233.0,704.0,0,0.75,0.015625,64.0,6400000.0,0.8047356592465753
2.0,2.0,2.0,4.0,9.0,6.0,247.0,704.0,0,0.9078125,0.03125,0.0,6400000.0,0.9033657962328766
1.0,2.0,2.0,1.0,1.0,1.0,39.0,32.0,0,0.5015625,0.5,1024.0,6400000.0,0.5273919092465753
2.0,2.0,4.0,5.0,15.0,11.0,499.0,1504.0,0,0.940625,0.0,128.0,6400000.0,0.9409246575342465
1.0,2.0,2.0,1.0,1.0,1.0,39.0,32.0,0,0.5015625,0.0078125,8192.0,6400000.0,0.5273919092465753
2.0,2.0,1.0,2.0,5.0,4.0,146.0,384.0,0,0.5015625,0.0625,4.0,6400000.0,0.5430474865459882
2.0,2.0,1.0,2.0,5.0,4.0,146.0,384.0,0,0.5015625,0.125,32.0,6400000.0,0.5430474865459882
2.0,2.0,4.0,8.0,19.0,16.0,584.0,2304.0,0,0.940625,0.5,0.015625,6400000.0,0.9409246575342465
2.0,2.0,2.0,4.0,9.0,6.0,247.0,704.0,0,0.9078125,0.03125,0.5,6400000.0,0.9033657962328766
1.0,2.0,1.0,1.0,1.0,1.0,35.0,32.0,0,0.5015625,1.0,16384.0,6400000.0,0.5273919092465753
2.0,2.0,1.0,2.0,5.0,4.0,146.0,384.0,0,0.5015625,0.25,256.0,6400000.0,0.5430474865459882
2.0,2.0,4.0,6.0,17.0,16.0,562.0,2304.0,0,0.940625,0.03125,8.0,6400000.0,0.9409246575342465
2.0,2.0,4.0,5.0,15.0,11.0,499.0,1504.0,0,0.940625,0.5,16.0,6400000.0,0.9409246575342465
1.0,2.0,2.0,1.0,1.0,1.0,39.0,32.0,0,0.5015625,0.03125,512.0,6400000.0,0.5273919092465753
2.0,2.0,1.0,2.0,5.0,4.0,146.0,384.0,0,0.5015625,0.25,0.25,6400000.0,0.5430474865459882
2.0,2.0,1.0,2.0,5.0,4.0,146.0,384.0,0,0.5015625,0.125,0.03125,6400000.0,0.5430474865459882
2.0,2.0,1.0,2.0,5.0,4.0,146.0,384.0,0,0.5015625,0.5,0.00195312,6400000.0,0.5430474865459882
2.0,2.0,2.0,4.0,9.0,6.0,247.0,704.0,0,0.9078125,0.0625,0.00390625,6400000.0,0.9033657962328766
2.0,2.0,4.0,8.0,19.0,16.0,584.0,2304.0,0,0.940625,0.00390625,0.03125,6400000.0,0.9409246575342465
1.0,2.0,2.0,1.0,1.0,1.0,39.0,32.0,0,0.5015625,16.0,8192.0,6400000.0,0.5273919092465753
2.0,2.0,4.0,5.0,15.0,11.0,499.0,1504.0,0,0.940625,0.00390625,32.0,6400000.0,0.9409246575342465
1.0,2.0,2.0,1.0,1.0,1.0,39.0,32.0,0,0.5015625,1024.0,0.000976562,6400000.0,0.5273919092465753
2.0,2.0,1.0,2.0,5.0,4.0,146.0,384.0,0,0.5015625,0.5,2.0,6400000.0,0.5430474865459882
1.0,2.0,1.0,1.0,1.0,1.0,35.0,32.0,0,0.5015625,0.5,2048.0,6400000.0,0.5273919092465753
1.0,2.0,4.0,1.0,1.0,1.0,63.0,32.0,0,0.5015625,0.00390625,32768.0,6400000.0,0.5273919092465753
1.0,2.0,4.0,1.0,1.0,1.0,63.0,32.0,0,0.5015625,0.5,16384.0,6400000.0,0.5273919092465753
1.0,2.0,2.0,1.0,1.0,1.0,39.0,32.0,0,0.5015625,1024.0,1.0,6400000.0,0.5273919092465753
2.0,2.0,2.0,4.0,9.0,6.0,247.0,704.0,0,0.9078125,32.0,0.0625,6400000.0,0.8740115887964773
2.0,2.0,2.0,4.0,9.0,6.0,247.0,704.0,0,0.9078125,4.0,0.25,6400000.0,0.9033657962328766
1.0,2.0,4.0,1.0,1.0,1.0,63.0,32.0,0,0.5015625,0.03125,8192.0,6400000.0,0.5273919092465753
2.0,2.0,2.0,3.0,8.0,6.0,233.0,704.0,0,0.75,32.0,64.0,6400000.0,0.7844231592465754
1.0,2.0,2.0,1.0,1.0,1.0,39.0,32.0,0,0.5015625,1024.0,1024.0,6400000.0,0.5273919092465753
2.0,2.0,1.0,2.0,5.0,4.0,146.0,384.0,0,0.5015625,2.0,0.125,6400000.0,0.5430474865459882
2.0,2.0,1.0,2.0,5.0,4.0,146.0,384.0,0,0.5015625,2.0,128.0,6400000.0,0.5430474865459882
2.0,2.0,1.0,2.0,5.0,4.0,146.0,384.0,0,0.5015625,1.0,16.0,6400000.0,0.5430474865459882
2.0,2.0,1.0,2.0,5.0,4.0,146.0,384.0,0,0.5015625,16.0,0.0625,6400000.0,0.5430474865459882
2.0,2.0,1.0,2.0,5.0,4.0,146.0,384.0,0,0.5015625,4.0,0.000976562,6400000.0,0.5430474865459882
2.0,2.0,4.0,7.0,19.0,16.0,605.0,2304.0,0,0.940625,1.0,0.125,6400000.0,0.9409246575342465
2.0,2.0,1.0,2.0,5.0,4.0,146.0,384.0,0,0.5015625,1.0,0.015625,6400000.0,0.5430474865459882
2.0,2.0,2.0,4.0,9.0,6.0,247.0,704.0,0,0.9078125,0.0625,4.0,6400000.0,0.9033657962328766
2.0,2.0,1.0,2.0,5.0,4.0,146.0,384.0,0,0.5015625,4.0,1.0,6400000.0,0.5430474865459882
1.0,2.0,2.0,1.0,1.0,1.0,39.0,32.0,0,0.5015625,2048.0,8.0,6400000.0,0.5273919092465753
1.0,2.0,2.0,1.0,1.0,1.0,39.0,32.0,0,0.5015625,2048.0,0.0078125,6400000.0,0.5273919092465753
2.0,2.0,4.0,8.0,19.0,16.0,584.0,2304.0,0,0.940625,0.000976562,0.000976562,6400000.0,0.9409246575342465
1.0,2.0,1.0,1.0,1.0,1.0,35.0,32.0,0,0.5015625,4.0,1024.0,6400000.0,0.5273919092465753
2.0,2.0,2.0,3.0,8.0,6.0,233.0,704.0,0,0.75,4.0,256.0,6400000.0,0.7844231592465754
1.0,2.0,2.0,1.0,1.0,1.0,39.0,32.0,0,0.5015625,2048.0,8192.0,6400000.0,0.5273919092465753
2.0,2.0,1.0,2.0,5.0,4.0,146.0,384.0,0,0.5015625,8.0,8.0,6400000.0,0.5430474865459882
2.0,2.0,2.0,3.0,8.0,6.0,233.0,704.0,0,0.75,64.0,0.0,6400000.0,0.8047356592465753
2.0,2.0,4.0,8.0,19.0,16.0,584.0,2304.0,0,0.940625,0.000976562,1.0,6400000.0,0.9409246575342465
2.0,2.0,2.0,3.0,8.0,6.0,233.0,704.0,0,0.75,64.0,0.5,6400000.0,0.8047356592465753
1.0,2.0,1.0,1.0,1.0,1.0,35.0,32.0,0,0.5015625,8.0,8192.0,6400000.0,0.5273919092465753
2.0,2.0,2.0,4.0,9.0,6.0,247.0,704.0,0,0.9078125,1.0,0.0078125,6400000.0,0.9033657962328766
2.0,2.0,2.0,4.0,9.0,6.0,247.0,704.0,0,0.9078125,0.125,0.03125,6400000.0,0.9033657962328766
2.0,2.0,1.0,2.0,5.0,4.0,146.0,384.0,0,0.5015625,8.0,0.0078125,6400000.0,0.5430474865459882
2.0,2.0,2.0,4.0,9.0,6.0,247.0,704.0,0,0.9078125,1.0,8.0,6400000.0,0.9033657962328766
2.0,2.0,2.0,3.0,8.0,6.0,233.0,704.0,0,0.75,128.0,0.00390625,6400000.0,0.7844231592465754
1.0,2.0,2.0,1.0,1.0,1.0,39.0,32.0,0,0.5015625,64.0,512.0,6400000.0,0.5273919092465753
2.0,2.0,4.0,5.0,15.0,11.0,499.0,1504.0,0,0.940625,1.0,128.0,6400000.0,0.9409246575342465
2.0,2.0,1.0,2.0,5.0,4.0,146.0,384.0,0,0.5015625,16.0,64.0,6400000.0,0.5430474865459882
2.0,2.0,4.0,7.0,19.0,16.0,605.0,2304.0,0,0.940625,2.0,1.0,6400000.0,0.9409246575342465
2.0,2.0,1.0,2.0,5.0,4.0,146.0,384.0,0,0.5015625,32.0,0.5,6400000.0,0.5430474865459882
1.0,2.0,1.0,1.0,1.0,1.0,35.0,32.0,0,0.5015625,32.0,512.0,6400000.0,0.5273919092465753
1.0,2.0,4.0,1.0,1.0,1.0,63.0,32.0,0,0.5015625,2.0,1024.0,6400000.0,0.5273919092465753
2.0,2.0,4.0,7.0,19.0,16.0,605.0,2304.0,0,0.940625,2.0,0.000976562,6400000.0,0.9409246575342465
1.0,2.0,2.0,1.0,1.0,1.0,39.0,32.0,0,0.5015625,4096.0,0.0625,6400000.0,0.5273919092465753
2.0,2.0,2.0,3.0,8.0,6.0,233.0,704.0,0,0.75,128.0,4.0,6400000.0,0.7844231592465754
1.0,2.0,2.0,1.0,1.0,1.0,39.0,32.0,0,0.5015625,4096.0,64.0,6400000.0,0.5273919092465753
1.0,2.0,2.0,1.0,1.0,1.0,39.0,32.0,0,0.5015625,8192.0,0.5,6400000.0,0.5273919092465753
2.0,2.0,2.0,4.0,9.0,6.0,247.0,704.0,0,0.9078125,8.0,0.00195312,6400000.0,0.9033657962328766
2.0,2.0,1.0,2.0,5.0,4.0,146.0,384.0,0,0.5015625,32.0,0.0,6400000.0,0.5430474865459882
1.0,2.0,2.0,1.0,1.0,1.0,39.0,32.0,0,0.5015625,0.0625,4096.0,6400000.0,0.5273919092465753
2.0,2.0,4.0,8.0,19.0,16.0,584.0,2304.0,0,0.940625,0.0625,0.0625,6400000.0,0.9409246575342465
2.0,2.0,4.0,8.0,19.0,16.0,584.0,2304.0,0,0.940625,0.0078125,0.25,6400000.0,0.9409246575342465
1.0,2.0,2.0,1.0,1.0,1.0,39.0,32.0,0,0.5015625,8192.0,512.0,6400000.0,0.5273919092465753
2.0,2.0,1.0,2.0,5.0,4.0,146.0,384.0,0,0.5015625,64.0,4.0,6400000.0,0.5430474865459882
2.0,2.0,4.0,5.0,15.0,11.0,499.0,1504.0,0,0.940625,0.0625,64.0,6400000.0,0.9409246575342465
2.0,2.0,4.0,5.0,15.0,11.0,499.0,1504.0,0,0.940625,0.0078125,256.0,6400000.0,0.9033657962328766
1.0,2.0,2.0,1.0,1.0,1.0,39.0,32.0,0,0.5015625,8192.0,0.0,6400000.0,0.5273919092465753
1.0,2.0,2.0,1.0,1.0,1.0,39.0,32.0,0,0.5015625,1.0,8192.0,6400000.0,0.5273919092465753
2.0,2.0,4.0,7.0,19.0,16.0,605.0,2304.0,0,0.940625,4.0,0.0078125,6400000.0,0.9409246575342465
1.0,2.0,1.0,1.0,1.0,1.0,35.0,32.0,0,0.5015625,64.0,4096.0,6400000.0,0.5273919092465753
2.0,2.0,1.0,2.0,5.0,4.0,146.0,384.0,0,0.5015625,64.0,0.00390625,6400000.0,0.5430474865459882
1.0,2.0,2.0,1.0,1.0,1.0,39.0,32.0,0,0.5015625,128.0,4096.0,6400000.0,0.5273919092465753
2.0,2.0,1.0,2.0,5.0,4.0,146.0,384.0,0,0.5015625,128.0,32.0,6400000.0,0.5430474865459882
2.0,2.0,2.0,4.0,9.0,6.0,247.0,704.0,0,0.9078125,0.125,32.0,6400000.0,0.8740115887964773
1.0,2.0,1.0,1.0,1.0,1.0,35.0,32.0,0,0.5015625,128.0,32768.0,6400000.0,0.5273919092465753
1.0,2.0,2.0,1.0,1.0,1.0,39.0,32.0,0,0.5015625,16384.0,0.00390625,6400000.0,0.5273919092465753
2.0,2.0,2.0,3.0,8.0,6.0,233.0,704.0,0,0.75,256.0,0.03125,6400000.0,0.7844231592465754
2.0,2.0,1.0,2.0,5.0,4.0,146.0,384.0,0,0.5015625,256.0,0.25,6400000.0,0.5430474865459882
1.0,2.0,2.0,1.0,1.0,1.0,39.0,32.0,0,0.5015625,16384.0,4.0,6400000.0,0.5273919092465753
1.0,2.0,1.0,1.0,1.0,1.0,35.0,32.0,0,0.5015625,512.0,0.00195312,6400000.0,0.5273919092465753
2.0,2.0,1.0,2.0,5.0,4.0,146.0,384.0,0,0.5015625,128.0,0.03125,6400000.0,0.5430474865459882
1.0,2.0,1.0,1.0,1.0,1.0,35.0,32.0,0,0.5015625,512.0,2048.0,6400000.0,0.5273919092465753
2.0,2.0,4.0,5.0,15.0,11.0,499.0,1504.0,0,0.940625,4.0,8.0,6400000.0,0.9409246575342465
2.0,2.0,4.0,8.0,19.0,16.0,584.0,2304.0,0,0.940625,0.015625,0.00195312,6400000.0,0.9409246575342465
2.0,2.0,2.0,3.0,8.0,6.0,233.0,704.0,0,0.75,256.0,32.0,6400000.0,0.7844231592465754
1.0,2.0,2.0,1.0,1.0,1.0,39.0,32.0,0,0.5015625,32768.0,0.03125,6400000.0,0.5273919092465753
1.0,2.0,1.0,1.0,1.0,1.0,35.0,32.0,0,0.5015625,256.0,256.0,6400000.0,0.5273919092465753
2.0,2.0,4.0,8.0,19.0,16.0,584.0,2304.0,0,0.940625,0.125,0.0,6400000.0,0.9409246575342465
1.0,2.0,2.0,1.0,1.0,1.0,39.0,32.0,0,0.5015625,0.125,32768.0,6400000.0,0.5273919092465753
1.0,2.0,1.0,1.0,1.0,1.0,35.0,32.0,0,0.5015625,2048.0,0.125,6400000.0,0.5273919092465753
1.0,2.0,2.0,1.0,1.0,1.0,39.0,32.0,0,0.5015625,32768.0,32.0,6400000.0,0.5273919092465753
1.0,2.0,4.0,1.0,1.0,1.0,63.0,32.0,0,0.5015625,0.000976562,1024.0,6400000.0,0.5273919092465753
1.0,2.0,2.0,1.0,1.0,1.0,39.0,32.0,0,0.5015625,16384.0,4096.0,6400000.0,0.5273919092465753
1.0,2.0,1.0,1.0,1.0,1.0,35.0,32.0,0,0.5015625,1024.0,0.015625,6400000.0,0.5273919092465753
2.0,2.0,2.0,4.0,9.0,6.0,247.0,704.0,0,0.9078125,2.0,0.0625,6400000.0,0.9033657962328766
2.0,2.0,2.0,3.0,8.0,6.0,233.0,704.0,0,0.75,2.0,64.0,6400000.0,0.7844231592465754
1.0,2.0,1.0,1.0,1.0,1.0,35.0,32.0,0,0.5015625,512.0,2.0,6400000.0,0.5273919092465753
2.0,2.0,4.0,8.0,19.0,16.0,584.0,2304.0,0,0.940625,0.125,0.5,6400000.0,0.9409246575342465
2.0,2.0,2.0,4.0,9.0,6.0,247.0,704.0,0,0.9078125,8.0,2.0,6400000.0,0.9033657962328766
1.0,2.0,1.0,1.0,1.0,1.0,35.0,32.0,0,0.5015625,8192.0,0.0078125,6400000.0,0.5273919092465753
2.0,2.0,4.0,8.0,19.0,16.0,584.0,2304.0,0,0.940625,0.00195312,0.0078125,6400000.0,0.9409246575342465
1.0,2.0,1.0,1.0,1.0,1.0,35.0,32.0,0,0.5015625,1024.0,16384.0,6400000.0,0.5273919092465753
1.0,2.0,1.0,1.0,1.0,1.0,35.0,32.0,0,0.5015625,1024.0,16.0,6400000.0,0.5273919092465753
2.0,2.0,4.0,7.0,19.0,16.0,605.0,2304.0,0,0.940625,0.015625,2.0,6400000.0,0.9409246575342465
1.0,2.0,1.0,1.0,1.0,1.0,35.0,32.0,0,0.5015625,4096.0,1024.0,6400000.0,0.5273919092465753
1.0,2.0,1.0,1.0,1.0,1.0,35.0,32.0,0,0.5015625,2048.0,128.0,6400000.0,0.5273919092465753
1.0,2.0,2.0,1.0,1.0,1.0,39.0,32.0,0,0.5015625,32768.0,32768.0,6400000.0,0.5273919092465753
1.0,2.0,1.0,1.0,1.0,1.0,35.0,32.0,0,0.5015625,4096.0,1.0,6400000.0,0.5273919092465753
2.0,2.0,4.0,8.0,19.0,16.0,584.0,2304.0,0,0.940625,0.0,0.25,6400000.0,0.9409246575342465
1.0,2.0,1.0,1.0,1.0,1.0,35.0,32.0,0,0.5015625,8192.0,8192.0,6400000.0,0.5273919092465753
1.0,2.0,2.0,1.0,1.0,1.0,39.0,32.0,0,0.5015625,256.0,32768.0,6400000.0,0.5273919092465753
1.0,2.0,1.0,1.0,1.0,1.0,35.0,32.0,0,0.5015625,8192.0,8.0,6400000.0,0.5273919092465753
1.0,2.0,1.0,1.0,1.0,1.0,35.0,32.0,0,0.5015625,4096.0,0.000976562,6400000.0,0.5273919092465753
2.0,2.0,4.0,6.0,17.0,16.0,562.0,2304.0,0,0.940625,0.00195312,8.0,6400000.0,0.9409246575342465
1.0,2.0,1.0,1.0,1.0,1.0,35.0,32.0,0,0.5015625,32768.0,0.0,6400000.0,0.5273919092465753
1.0,2.0,1.0,1.0,1.0,1.0,35.0,32.0,0,0.5015625,32768.0,0.5,6400000.0,0.5273919092465753
2.0,2.0,2.0,4.0,9.0,6.0,247.0,704.0,0,0.9078125,0.0,0.00390625,6400000.0,0.9033657962328766
1.0,2.0,1.0,1.0,1.0,1.0,35.0,32.0,0,0.5015625,32768.0,512.0,6400000.0,0.5273919092465753
1.0,2.0,1.0,1.0,1.0,1.0,35.0,32.0,0,0.5015625,16384.0,64.0,6400000.0,0.5273919092465753
1.0,2.0,2.0,1.0,1.0,1.0,39.0,32.0,0,0.5015625,512.0,0.25,6400000.0,0.5273919092465753
2.0,2.0,2.0,4.0,9.0,6.0,247.0,704.0,0,0.9078125,0.0,4.0,6400000.0,0.9033657962328766
1.0,2.0,4.0,1.0,1.0,1.0,63.0,32.0,0,0.5015625,0.015625,2048.0,6400000.0,0.5273919092465753
1.0,2.0,1.0,1.0,1.0,1.0,35.0,32.0,0,0.5015625,16384.0,0.0625,6400000.0,0.5273919092465753
2.0,2.0,2.0,4.0,9.0,6.0,247.0,704.0,0,0.9078125,0.00390625,0.00195312,6400000.0,0.9033657962328766
1.0,2.0,4.0,1.0,1.0,1.0,63.0,32.0,0,0.5015625,0.125,512.0,6400000.0,0.5273919092465753
2.0,2.0,4.0,8.0,19.0,16.0,584.0,2304.0,0,0.940625,0.03125,0.015625,6400000.0,0.9409246575342465
1.0,2.0,2.0,1.0,1.0,1.0,39.0,32.0,0,0.5015625,8.0,2048.0,6400000.0,0.5273919092465753
2.0,2.0,2.0,4.0,9.0,6.0,247.0,704.0,0,0.9078125,0.00195312,0.25,6400000.0,0.9033657962328766
1.0,2.0,4.0,1.0,1.0,1.0,63.0,32.0,0,0.5015625,4.0,8192.0,6400000.0,0.5273919092465753
2.0,2.0,2.0,4.0,9.0,6.0,247.0,704.0,0,0.9078125,16.0,0.015625,6400000.0,0.9033657962328766
2.0,2.0,4.0,8.0,19.0,16.0,584.0,2304.0,0,0.940625,0.25,0.00390625,6400000.0,0.9409246575342465
2.0,2.0,4.0,6.0,17.0,16.0,562.0,2304.0,0,0.940625,8.0,0.0625,6400000.0,0.9409246575342465
2.0,2.0,2.0,4.0,9.0,6.0,247.0,704.0,0,0.9078125,0.25,0.25,6400000.0,0.9033657962328766
1.0,2.0,2.0,1.0,1.0,1.0,39.0,32.0,0,0.5015625,0.0,4096.0,6400000.0,0.5273919092465753
2.0,2.0,2.0,3.0,8.0,6.0,233.0,704.0,0,0.75,0.25,256.0,6400000.0,0.7844231592465754
2.0,2.0,2.0,4.0,9.0,6.0,247.0,704.0,0,0.9078125,0.000976562,0.03125,6400000.0,0.9033657962328766
1.0,2.0,2.0,1.0,1.0,1.0,39.0,32.0,0,0.5015625,0.00390625,2048.0,6400000.0,0.5273919092465753
2.0,2.0,2.0,4.0,9.0,6.0,247.0,704.0,0,0.9078125,0.5,0.00195312,6400000.0,0.9033657962328766
2.0,2.0,4.0,5.0,15.0,11.0,499.0,1504.0,0,0.940625,8.0,64.0,6400000.0,0.9409246575342465
2.0,2.0,2.0,3.0,8.0,6.0,233.0,704.0,0,0.75,0.00195312,256.0,6400000.0,0.7844231592465754
2.0,2.0,2.0,4.0,9.0,6.0,247.0,704.0,0,0.9078125,0.000976562,32.0,6400000.0,0.8740115887964773
2.0,2.0,2.0,4.0,9.0,6.0,247.0,704.0,0,0.9078125,16.0,16.0,6400000.0,0.8740115887964773
2.0,2.0,2.0,4.0,9.0,6.0,247.0,704.0,0,0.9078125,4.0,0.0,6400000.0,0.9033657962328766
1.0,2.0,2.0,1.0,1.0,1.0,39.0,32.0,0,0.5015625,0.000976562,32768.0,6400000.0,0.5273919092465753
2.0,2.0,2.0,4.0,9.0,6.0,247.0,704.0,0,0.9078125,0.00390625,2.0,6400000.0,0.9033657962328766
2.0,2.0,2.0,4.0,9.0,6.0,247.0,704.0,0,0.9078125,0.5,2.0,6400000.0,0.9033657962328766
2.0,2.0,2.0,4.0,9.0,6.0,247.0,704.0,0,0.9078125,0.0078125,16.0,6400000.0,0.9033657962328766
2.0,2.0,4.0,7.0,19.0,16.0,605.0,2304.0,0,0.940625,0.25,4.0,6400000.0,0.9409246575342465
2.0,2.0,4.0,5.0,15.0,11.0,499.0,1504.0,0,0.940625,16.0,0.0,6400000.0,0.9409246575342465
2.0,2.0,4.0,5.0,15.0,11.0,499.0,1504.0,0,0.940625,16.0,0.5,6400000.0,0.9409246575342465
2.0,2.0,2.0,4.0,9.0,6.0,247.0,704.0,0,0.9078125,0.0078125,0.015625,6400000.0,0.9033657962328766
1.0,2.0,4.0,1.0,1.0,1.0,63.0,32.0,0,0.5015625,0.00195312,8192.0,6400000.0,0.5273919092465753
1.0,2.0,2.0,1.0,1.0,1.0,39.0,32.0,0,0.5015625,512.0,256.0,6400000.0,0.5273919092465753
1.0,2.0,4.0,1.0,1.0,1.0,63.0,32.0,0,0.5015625,0.25,4096.0,6400000.0,0.5273919092465753
1.0,2.0,4.0,1.0,1.0,1.0,63.0,32.0,0,0.5015625,16.0,512.0,6400000.0,0.5273919092465753
2.0,2.0,2.0,3.0,8.0,6.0,233.0,704.0,0,0.75,0.015625,128.0,6400000.0,0.7844231592465754
1.0,2.0,2.0,1.0,1.0,1.0,39.0,32.0,0,0.5015625,0.5,2048.0,6400000.0,0.5273919092465753
2.0,2.0,2.0,4.0,9.0,6.0,247.0,704.0,0,0.9078125,0.015625,0.125,6400000.0,0.9033657962328766
2.0,2.0,4.0,5.0,15.0,11.0,499.0,1504.0,0,0.940625,32.0,4.0,6400000.0,0.9409246575342465
2.0,2.0,2.0,4.0,9.0,6.0,247.0,704.0,0,0.9078125,0.03125,0.000976562,6400000.0,0.9033657962328766
2.0,2.0,4.0,5.0,15.0,11.0,499.0,1504.0,0,0.940625,32.0,0.00390625,6400000.0,0.9409246575342465
2.0,2.0,2.0,4.0,9.0,6.0,247.0,704.0,0,0.9078125,0.03125,1.0,6400000.0,0.9033657962328766
2.0,2.0,4.0,8.0,19.0,16.0,584.0,2304.0,0,0.940625,0.5,0.03125,6400000.0,0.9409246575342465
2.0,2.0,4.0,5.0,15.0,11.0,499.0,1504.0,0,0.940625,0.0,256.0,6400000.0,0.9033657962328766
1.0,2.0,2.0,1.0,1.0,1.0,39.0,32.0,0,0.5015625,0.0078125,16384.0,6400000.0,0.5273919092465753
1.0,2.0,4.0,1.0,1.0,1.0,63.0,32.0,0,0.5015625,32.0,4096.0,6400000.0,0.5273919092465753
2.0,2.0,4.0,5.0,15.0,11.0,499.0,1504.0,0,0.940625,0.03125,16.0,6400000.0,0.9409246575342465
2.0,2.0,4.0,5.0,15.0,11.0,499.0,1504.0,0,0.940625,64.0,0.03125,6400000.0,0.9409246575342465
2.0,2.0,4.0,5.0,15.0,11.0,499.0,1504.0,0,0.940625,64.0,32.0,6400000.0,0.9409246575342465
2.0,2.0,4.0,5.0,15.0,11.0,499.0,1504.0,0,0.940625,0.5,32.0,6400000.0,0.9409246575342465
1.0,2.0,2.0,1.0,1.0,1.0,39.0,32.0,0,0.5015625,0.03125,1024.0,6400000.0,0.5273919092465753
2.0,2.0,4.0,5.0,15.0,11.0,499.0,1504.0,0,0.940625,128.0,0.25,6400000.0,0.9409246575342465
1.0,2.0,4.0,1.0,1.0,1.0,63.0,32.0,0,0.5015625,64.0,32768.0,6400000.0,0.5273919092465753
2.0,2.0,4.0,4.0,12.0,9.0,422.0,1184.0,0,0.9078125,128.0,256.0,6400000.0,0.9033657962328766
2.0,2.0,4.0,5.0,15.0,11.0,499.0,1504.0,0,0.940625,0.00390625,64.0,6400000.0,0.9409246575342465
2.0,2.0,4.0,8.0,19.0,16.0,584.0,2304.0,0,0.940625,0.00390625,0.0625,6400000.0,0.9409246575342465
2.0,2.0,2.0,4.0,9.0,6.0,247.0,704.0,0,0.9078125,0.0625,0.0078125,6400000.0,0.9033657962328766
1.0,2.0,2.0,1.0,1.0,1.0,39.0,32.0,0,0.5015625,16.0,16384.0,6400000.0,0.5273919092465753
2.0,2.0,4.0,5.0,15.0,11.0,499.0,1504.0,0,0.940625,256.0,0.00195312,6400000.0,0.9033657962328766
1.0,2.0,4.0,1.0,1.0,1.0,63.0,32.0,0,0.5015625,0.5,32768.0,6400000.0,0.5273919092465753
2.0,2.0,4.0,5.0,15.0,11.0,499.0,1504.0,0,0.940625,256.0,2.0,6400000.0,0.9033657962328766
1.0,2.0,2.0,1.0,1.0,1.0,39.0,32.0,0,0.5015625,1024.0,0.00195312,6400000.0,0.5273919092465753
1.0,2.0,2.0,1.0,1.0,1.0,39.0,32.0,0,0.5015625,1024.0,2.0,6400000.0,0.5273919092465753
2.0,2.0,2.0,4.0,9.0,6.0,247.0,704.0,0,0.9078125,32.0,0.125,6400000.0,0.8740115887964773
2.0,2.0,4.0,8.0,19.0,16.0,584.0,2304.0,0,0.940625,0.0078125,0.0,6400000.0,0.9409246575342465
2.0,2.0,2.0,4.0,9.0,6.0,247.0,704.0,0,0.9078125,4.0,0.5,6400000.0,0.9033657962328766
1.0,2.0,4.0,1.0,1.0,1.0,63.0,32.0,0,0.5015625,0.03125,16384.0,6400000.0,0.5273919092465753
1.0,2.0,2.0,1.0,1.0,1.0,39.0,32.0,0,0.5015625,1024.0,2048.0,6400000.0,0.5273919092465753
1.0,2.0,4.0,1.0,1.0,1.0,63.0,32.0,0,0.5015625,512.0,0.015625,6400000.0,0.5273919092465753
1.0,2.0,4.0,1.0,1.0,1.0,63.0,32.0,0,0.5015625,256.0,2048.0,6400000.0,0.5273919092465753
2.0,2.0,2.0,3.0,8.0,6.0,233.0,704.0,0,0.75,32.0,128.0,6400000.0,0.7844231592465754
1.0,2.0,4.0,1.0,1.0,1.0,63.0,32.0,0,0.5015625,512.0,16384.0,6400000.0,0.5273919092465753
1.0,2.0,4.0,1.0,1.0,1.0,63.0,32.0,0,0.5015625,512.0,16.0,6400000.0,0.5273919092465753
1.0,2.0,4.0,1.0,1.0,1.0,63.0,32.0,0,0.5015625,1024.0,128.0,6400000.0,0.5273919092465753
1.0,2.0,4.0,1.0,1.0,1.0,63.0,32.0,0,0.5015625,1024.0,0.125,6400000.0,0.5273919092465753
2.0,2.0,4.0,7.0,19.0,16.0,605.0,2304.0,0,0.940625,1.0,0.25,6400000.0,0.9409246575342465
1.0,2.0,2.0,1.0,1.0,1.0,39.0,32.0,0,0.5015625,2048.0,0.015625,6400000.0,0.5273919092465753
2.0,2.0,2.0,4.0,9.0,6.0,247.0,704.0,0,0.9078125,0.0625,8.0,6400000.0,0.9033657962328766
2.0,2.0,4.0,8.0,19.0,16.0,584.0,2304.0,0,0.940625,0.000976562,0.00195312,6400000.0,0.9409246575342465
1.0,2.0,4.0,1.0,1.0,1.0,63.0,32.0,0,0.5015625,2048.0,0.000976562,6400000.0,0.5273919092465753
1.0,2.0,2.0,1.0,1.0,1.0,39.0,32.0,0,0.5015625,2048.0,16.0,6400000.0,0.5273919092465753
1.0,2.0,4.0,1.0,1.0,1.0,63.0,32.0,0,0.5015625,2048.0,1.0,6400000.0,0.5273919092465753
1.0,2.0,2.0,1.0,1.0,1.0,39.0,32.0,0,0.5015625,4.0,512.0,6400000.0,0.5273919092465753
1.0,2.0,2.0,1.0,1.0,1.0,39.0,32.0,0,0.5015625,2048.0,16384.0,6400000.0,0.5273919092465753
2.0,2.0,2.0,3.0,8.0,6.0,233.0,704.0,0,0.75,64.0,0.000976562,6400000.0,0.8047356592465753
2.0,2.0,2.0,3.0,8.0,6.0,233.0,704.0,0,0.75,64.0,1.0,6400000.0,0.7844231592465754
2.0,2.0,4.0,7.0,19.0,16.0,605.0,2304.0,0,0.940625,0.000976562,2.0,6400000.0,0.9409246575342465
2.0,2.0,2.0,4.0,9.0,6.0,247.0,704.0,0,0.9078125,1.0,16.0,6400000.0,0.9033657962328766
1.0,2.0,4.0,1.0,1.0,1.0,63.0,32.0,0,0.5015625,2048.0,1024.0,6400000.0,0.5273919092465753
1.0,2.0,2.0,1.0,1.0,1.0,39.0,32.0,0,0.5015625,64.0,1024.0,6400000.0,0.5273919092465753
2.0,2.0,2.0,4.0,9.0,6.0,247.0,704.0,0,0.9078125,0.125,0.0625,6400000.0,0.9033657962328766
2.0,2.0,4.0,5.0,15.0,11.0,499.0,1504.0,0,0.940625,1.0,256.0,6400000.0,0.9033657962328766
2.0,2.0,2.0,3.0,8.0,6.0,233.0,704.0,0,0.75,128.0,0.0078125,6400000.0,0.7844231592465754
1.0,2.0,4.0,1.0,1.0,1.0,63.0,32.0,0,0.5015625,4096.0,0.0078125,6400000.0,0.5273919092465753
2.0,2.0,2.0,4.0,9.0,6.0,247.0,704.0,0,0.9078125,1.0,0.015625,6400000.0,0.9033657962328766
1.0,2.0,4.0,1.0,1.0,1.0,63.0,32.0,0,0.5015625,4096.0,8.0,6400000.0,0.5273919092465753
2.0,2.0,4.0,7.0,19.0,16.0,605.0,2304.0,0,0.940625,2.0,2.0,6400000.0,0.9409246575342465
1.0,2.0,4.0,1.0,1.0,1.0,63.0,32.0,0,0.5015625,4096.0,8192.0,6400000.0,0.5273919092465753
1.0,2.0,4.0,1.0,1.0,1.0,63.0,32.0,0,0.5015625,8192.0,0.0625,6400000.0,0.5273919092465753
1.0,2.0,4.0,1.0,1.0,1.0,63.0,32.0,0,0.5015625,2.0,2048.0,6400000.0,0.5273919092465753
1.0,2.0,4.0,1.0,1.0,1.0,63.0,32.0,0,0.5015625,8192.0,64.0,6400000.0,0.5273919092465753
2.0,2.0,2.0,4.0,9.0,6.0,247.0,704.0,0,0.9078125,8.0,0.00390625,6400000.0,0.9033657962328766
2.0,2.0,4.0,7.0,19.0,16.0,605.0,2304.0,0,0.940625,2.0,0.00195312,6400000.0,0.9409246575342465
2.0,2.0,2.0,3.0,8.0,6.0,233.0,704.0,0,0.75,128.0,8.0,6400000.0,0.7844231592465754
1.0,2.0,2.0,1.0,1.0,1.0,39.0,32.0,0,0.5015625,0.0625,8192.0,6400000.0,0.5273919092465753
1.0,2.0,2.0,1.0,1.0,1.0,39.0,32.0,0,0.5015625,8192.0,1.0,6400000.0,0.5273919092465753
1.0,2.0,2.0,1.0,1.0,1.0,39.0,32.0,0,0.5015625,4096.0,0.125,6400000.0,0.5273919092465753
2.0,2.0,4.0,8.0,19.0,16.0,584.0,2304.0,0,0.940625,0.0625,0.125,6400000.0,0.9409246575342465
2.0,2.0,4.0,8.0,19.0,16.0,584.0,2304.0,0,0.940625,0.0078125,0.5,6400000.0,0.9409246575342465
1.0,2.0,2.0,1.0,1.0,1.0,39.0,32.0,0,0.5015625,4096.0,128.0,6400000.0,0.5273919092465753
1.0,2.0,2.0,1.0,1.0,1.0,39.0,32.0,0,0.5015625,8192.0,1024.0,6400000.0,0.5273919092465753
1.0,2.0,4.0,1.0,1.0,1.0,63.0,32.0,0,0.5015625,16384.0,0.0,6400000.0,0.5273919092465753
1.0,2.0,4.0,1.0,1.0,1.0,63.0,32.0,0,0.5015625,16384.0,0.5,6400000.0,0.5273919092465753
1.0,2.0,2.0,1.0,1.0,1.0,39.0,32.0,0,0.5015625,1.0,16384.0,6400000.0,0.5273919092465753
1.0,2.0,4.0,1.0,1.0,1.0,63.0,32.0,0,0.5015625,0.0078125,512.0,6400000.0,0.5273919092465753
2.0,2.0,4.0,5.0,15.0,11.0,499.0,1504.0,0,0.940625,0.0625,128.0,6400000.0,0.9409246575342465
1.0,2.0,2.0,1.0,1.0,1.0,39.0,32.0,0,0.5015625,8192.0,0.000976562,6400000.0,0.5273919092465753
1.0,2.0,4.0,1.0,1.0,1.0,63.0,32.0,0,0.5015625,16384.0,512.0,6400000.0,0.5273919092465753
2.0,2.0,4.0,7.0,19.0,16.0,605.0,2304.0,0,0.940625,4.0,0.015625,6400000.0,0.9409246575342465
1.0,2.0,4.0,1.0,1.0,1.0,63.0,32.0,0,0.5015625,32768.0,0.00390625,6400000.0,0.5273919092465753
1.0,2.0,2.0,1.0,1.0,1.0,39.0,32.0,0,0.5015625,128.0,8192.0,6400000.0,0.5273919092465753
2.0,2.0,8.0,15.0,40.0,41.0,3325.0,6304.0,0,0.9640625,0.0,0.03125,6400000.0,0.961662181996086
1.0,2.0,4.0,1.0,1.0,1.0,63.0,32.0,0,0.5015625,32768.0,4.0,6400000.0,0.5273919092465753
1.0,2.0,4.0,1.0,1.0,1.0,63.0,32.0,0,0.5015625,32768.0,4096.0,6400000.0,0.5273919092465753
2.0,2.0,2.0,3.0,8.0,6.0,233.0,704.0,0,0.75,0.125,64.0,6400000.0,0.8047356592465753
1.0,2.0,2.0,1.0,1.0,1.0,39.0,32.0,0,0.5015625,16384.0,8.0,6400000.0,0.5273919092465753
1.0,2.0,2.0,1.0,1.0,1.0,39.0,32.0,0,0.5015625,16384.0,0.0078125,6400000.0,0.5273919092465753
2.0,2.0,2.0,3.0,8.0,6.0,233.0,704.0,0,0.75,256.0,0.0625,6400000.0,0.7844231592465754
1.0,2.0,8.0,1.0,1.0,1.0,543.0,32.0,0,0.5015625,0.0,32768.0,6400000.0,0.5273919092465753
2.0,2.0,8.0,8.0,27.0,27.0,2787.0,4064.0,0,0.959375,0.0,32.0,6400000.0,0.9585318309686889
2.0,2.0,4.0,8.0,19.0,16.0,584.0,2304.0,0,0.940625,0.015625,0.00390625,6400000.0,0.9409246575342465
2.0,2.0,4.0,5.0,15.0,11.0,499.0,1504.0,0,0.940625,4.0,16.0,6400000.0,0.9409246575342465
1.0,2.0,2.0,1.0,1.0,1.0,39.0,32.0,0,0.5015625,32768.0,0.0625,6400000.0,0.5273919092465753
2.0,2.0,8.0,15.0,40.0,41.0,3325.0,6304.0,0,0.9640625,0.00195312,0.00195312,6400000.0,0.961662181996086
2.0,2.0,8.0,15.0,40.0,41.0,3325.0,6304.0,0,0.9640625,0.000976562,0.25,6400000.0,0.9624434319960861
2.0,2.0,2.0,3.0,8.0,6.0,233.0,704.0,0,0.75,256.0,64.0,6400000.0,0.7844231592465754
1.0,2.0,2.0,1.0,1.0,1.0,39.0,32.0,0,0.5015625,16384.0,8192.0,6400000.0,0.5273919092465753
2.0,2.0,8.0,5.0,15.0,11.0,1939.0,1504.0,0,0.940625,0.000976562,256.0,6400000.0,0.9033657962328766
2.0,2.0,2.0,4.0,9.0,6.0,247.0,704.0,0,0.9078125,0.25,0.0,6400000.0,0.9033657962328766
2.0,2.0,8.0,14.0,38.0,40.0,3281.0,6144.0,0,0.9640625,0.00195312,2.0,6400000.0,0.9608778742661448
1.0,2.0,8.0,1.0,1.0,1.0,543.0,32.0,0,0.5015625,0.00195312,2048.0,6400000.0,0.5273919092465753
2.0,2.0,4.0,8.0,19.0,16.0,584.0,2304.0,0,0.940625,0.125,0.000976562,6400000.0,0.9409246575342465
1.0,2.0,4.0,1.0,1.0,1.0,63.0,32.0,0,0.5015625,0.000976562,2048.0,6400000.0,0.5273919092465753
1.0,2.0,2.0,1.0,1.0,1.0,39.0,32.0,0,0.5015625,32768.0,64.0,6400000.0,0.5273919092465753
2.0,2.0,2.0,4.0,9.0,6.0,247.0,704.0,0,0.9078125,2.0,0.125,6400000.0,0.9033657962328766
2.0,2.0,2.0,3.0,8.0,6.0,233.0,704.0,0,0.75,2.0,128.0,6400000.0,0.7844231592465754
2.0,2.0,2.0,4.0,9.0,6.0,247.0,704.0,0,0.9078125,8.0,4.0,6400000.0,0.9033657962328766
2.0,2.0,4.0,7.0,19.0,16.0,605.0,2304.0,0,0.940625,0.125,1.0,6400000.0,0.9409246575342465
2.0,2.0,8.0,8.0,27.0,27.0,2787.0,4064.0,0,0.959375,0.00390625,16.0,6400000.0,0.9585318309686889
2.0,2.0,4.0,8.0,19.0,16.0,584.0,2304.0,0,0.940625,0.00195312,0.015625,6400000.0,0.9409246575342465
2.0,2.0,4.0,10.0,21.0,18.0,623.0,2624.0,0,0.940625,0.0,0.0,6400000.0,0.9409246575342465
2.0,2.0,8.0,15.0,40.0,41.0,3325.0,6304.0,0,0.9640625,0.0078125,0.125,6400000.0,0.9624434319960861
2.0,2.0,8.0,15.0,40.0,41.0,3325.0,6304.0,0,0.9640625,0.00390625,0.015625,6400000.0,0.961662181996086
1.0,2.0,8.0,1.0,1.0,1.0,543.0,32.0,0,0.5015625,0.00390625,16384.0,6400000.0,0.5273919092465753
1.0,2.0,2.0,1.0,1.0,1.0,39.0,32.0,0,0.5015625,512.0,0.0,6400000.0,0.5273919092465753
2.0,2.0,4.0,8.0,19.0,16.0,584.0,2304.0,0,0.940625,0.0,0.5,6400000.0,0.9409246575342465
2.0,2.0,8.0,5.0,15.0,11.0,1939.0,1504.0,0,0.940625,0.0078125,128.0,6400000.0,0.9409246575342465
2.0,2.0,4.0,7.0,19.0,16.0,605.0,2304.0,0,0.940625,0.015625,4.0,6400000.0,0.9409246575342465
2.0,2.0,8.0,14.0,38.0,39.0,3280.0,5984.0,0,0.9640625,0.015625,1.0,6400000.0,0.9620520425636009
1.0,2.0,8.0,1.0,1.0,1.0,543.0,32.0,0,0.5015625,0.015625,1024.0,6400000.0,0.5273919092465753
2.0,2.0,8.0,15.0,40.0,41.0,3325.0,6304.0,0,0.9640625,0.015625,0.000976562,6400000.0,0.961662181996086
2.0,2.0,4.0,5.0,15.0,11.0,499.0,1504.0,0,0.940625,0.00195312,16.0,6400000.0,0.9409246575342465
2.0,2.0,8.0,15.0,40.0,41.0,3325.0,6304.0,0,0.9640625,0.03125,0.0078125,6400000.0,0.961662181996086
2.0,2.0,8.0,12.0,36.0,44.0,3263.0,6784.0,0,0.9640625,0.03125,8.0,6400000.0,0.9577490521037181
1.0,2.0,4.0,1.0,1.0,1.0,63.0,32.0,0,0.5015625,0.015625,4096.0,6400000.0,0.5273919092465753
1.0,2.0,2.0,1.0,1.0,1.0,39.0,32.0,0,0.5015625,512.0,0.5,6400000.0,0.5273919092465753
1.0,2.0,8.0,1.0,1.0,1.0,543.0,32.0,0,0.5015625,0.03125,8192.0,6400000.0,0.5273919092465753
2.0,2.0,8.0,15.0,40.0,41.0,3325.0,6304.0,0,0.9640625,0.0625,0.0625,6400000.0,0.9624434319960861
2.0,2.0,8.0,5.0,15.0,11.0,1939.0,1504.0,0,0.940625,0.0625,64.0,6400000.0,0.9409246575342465
2.0,2.0,8.0,15.0,40.0,41.0,3325.0,6304.0,0,0.9640625,0.125,0.0,6400000.0,0.9624434319960861
2.0,2.0,8.0,14.0,37.0,39.0,3248.0,5984.0,0,0.9640625,0.125,0.5,6400000.0,0.9620520425636009
1.0,2.0,8.0,1.0,1.0,1.0,543.0,32.0,0,0.5015625,0.125,512.0,6400000.0,0.5273919092465753
1.0,2.0,4.0,1.0,1.0,1.0,63.0,32.0,0,0.5015625,0.125,1024.0,6400000.0,0.5273919092465753
2.0,2.0,8.0,15.0,40.0,41.0,3325.0,6304.0,0,0.9640625,0.25,0.00390625,6400000.0,0.9624434319960861
2.0,2.0,4.0,6.0,17.0,16.0,562.0,2304.0,0,0.940625,8.0,0.125,6400000.0,0.9409246575342465
2.0,2.0,2.0,4.0,9.0,6.0,247.0,704.0,0,0.9078125,0.25,0.5,6400000.0,0.9033657962328766
1.0,2.0,4.0,1.0,1.0,1.0,63.0,32.0,0,0.5015625,4.0,16384.0,6400000.0,0.5273919092465753
2.0,2.0,2.0,4.0,9.0,6.0,247.0,704.0,0,0.9078125,16.0,0.03125,6400000.0,0.9033657962328766
2.0,2.0,4.0,8.0,19.0,16.0,584.0,2304.0,0,0.940625,0.25,0.0078125,6400000.0,0.9409246575342465
2.0,2.0,4.0,8.0,19.0,16.0,584.0,2304.0,0,0.940625,0.03125,0.03125,6400000.0,0.9409246575342465
1.0,2.0,2.0,1.0,1.0,1.0,39.0,32.0,0,0.5015625,0.25,512.0,6400000.0,0.5273919092465753
2.0,2.0,2.0,4.0,9.0,6.0,247.0,704.0,0,0.9078125,0.5,0.00390625,6400000.0,0.9033657962328766
1.0,2.0,2.0,1.0,1.0,1.0,39.0,32.0,0,0.5015625,8.0,4096.0,6400000.0,0.5273919092465753
2.0,2.0,8.0,14.0,39.0,42.0,3315.0,6464.0,0,0.9640625,0.25,4.0,6400000.0,0.9604864848336595
2.0,2.0,8.0,15.0,40.0,41.0,3325.0,6304.0,0,0.9640625,0.5,0.03125,6400000.0,0.9620520425636009
1.0,2.0,8.0,1.0,1.0,1.0,543.0,32.0,0,0.5015625,0.25,4096.0,6400000.0,0.5273919092465753
2.0,2.0,4.0,5.0,15.0,11.0,499.0,1504.0,0,0.940625,8.0,128.0,6400000.0,0.9409246575342465
2.0,2.0,8.0,8.0,27.0,27.0,2787.0,4064.0,0,0.959375,0.5,32.0,6400000.0,0.9585318309686889
1.0,2.0,8.0,1.0,1.0,1.0,543.0,32.0,0,0.5015625,0.5,32768.0,6400000.0,0.5273919092465753
2.0,2.0,2.0,4.0,9.0,6.0,247.0,704.0,0,0.9078125,16.0,32.0,6400000.0,0.8262620780332682
2.0,2.0,2.0,4.0,9.0,6.0,247.0,704.0,0,0.9078125,4.0,0.000976562,6400000.0,0.9033657962328766
2.0,2.0,8.0,14.0,38.0,39.0,3280.0,5984.0,0,0.9640625,1.0,0.25,6400000.0,0.9620520425636009
2.0,2.0,8.0,5.0,15.0,11.0,1939.0,1504.0,0,0.940625,1.0,256.0,6400000.0,0.9033657962328766
2.0,2.0,8.0,14.0,38.0,40.0,3281.0,6144.0,0,0.9640625,2.0,0.00195312,6400000.0,0.9608778742661448
2.0,2.0,4.0,6.0,17.0,16.0,562.0,2304.0,0,0.940625,0.25,8.0,6400000.0,0.9409246575342465
2.0,2.0,8.0,14.0,39.0,42.0,3315.0,6464.0,0,0.9640625,2.0,2.0,6400000.0,0.9604864848336595
2.0,2.0,4.0,5.0,15.0,11.0,499.0,1504.0,0,0.940625,16.0,0.000976562,6400000.0,0.9409246575342465
2.0,2.0,4.0,5.0,15.0,11.0,499.0,1504.0,0,0.940625,16.0,1.0,6400000.0,0.9409246575342465
2.0,2.0,2.0,4.0,9.0,6.0,247.0,704.0,0,0.9078125,0.5,4.0,6400000.0,0.9033657962328766
1.0,2.0,2.0,1.0,1.0,1.0,39.0,32.0,0,0.5015625,512.0,512.0,6400000.0,0.5273919092465753
1.0,2.0,4.0,1.0,1.0,1.0,63.0,32.0,0,0.5015625,0.00195312,16384.0,6400000.0,0.5273919092465753
1.0,2.0,8.0,1.0,1.0,1.0,543.0,32.0,0,0.5015625,2.0,2048.0,6400000.0,0.5273919092465753
1.0,2.0,2.0,1.0,1.0,1.0,39.0,32.0,0,0.5015625,0.5,4096.0,6400000.0,0.5273919092465753
1.0,2.0,4.0,1.0,1.0,1.0,63.0,32.0,0,0.5015625,0.25,8192.0,6400000.0,0.5273919092465753
1.0,2.0,4.0,1.0,1.0,1.0,63.0,32.0,0,0.5015625,16.0,1024.0,6400000.0,0.5273919092465753
2.0,2.0,4.0,5.0,15.0,11.0,499.0,1504.0,0,0.940625,32.0,0.0078125,6400000.0,0.9409246575342465
2.0,2.0,8.0,14.0,39.0,42.0,3315.0,6464.0,0,0.9640625,4.0,0.015625,6400000.0,0.9604864848336595
2.0,2.0,8.0,8.0,27.0,27.0,2787.0,4064.0,0,0.959375,4.0,16.0,6400000.0,0.9585318309686889
1.0,2.0,4.0,1.0,1.0,1.0,63.0,32.0,0,0.5015625,32.0,8192.0,6400000.0,0.5273919092465753
2.0,2.0,4.0,5.0,15.0,11.0,499.0,1504.0,0,0.940625,32.0,8.0,6400000.0,0.9409246575342465
2.0,2.0,4.0,5.0,15.0,11.0,499.0,1504.0,0,0.940625,64.0,0.0625,6400000.0,0.9409246575342465
2.0,2.0,4.0,8.0,19.0,16.0,584.0,2304.0,0,0.940625,0.5,0.0625,6400000.0,0.9409246575342465
2.0,2.0,4.0,5.0,15.0,11.0,499.0,1504.0,0,0.940625,64.0,64.0,6400000.0,0.9409246575342465
2.0,2.0,4.0,5.0,15.0,11.0,499.0,1504.0,0,0.940625,0.03125,32.0,6400000.0,0.9409246575342465
2.0,2.0,8.0,12.0,36.0,44.0,3263.0,6784.0,0,0.9640625,8.0,0.125,6400000.0,0.9593146098336595
1.0,2.0,8.0,1.0,1.0,1.0,543.0,32.0,0,0.5015625,4.0,16384.0,6400000.0,0.5273919092465753
1.0,2.0,4.0,1.0,1.0,1.0,63.0,32.0,0,0.5015625,0.0,512.0,6400000.0,0.5273919092465753
1.0,2.0,2.0,1.0,1.0,1.0,39.0,32.0,0,0.5015625,16.0,32768.0,6400000.0,0.5273919092465753
1.0,2.0,4.0,1.0,1.0,1.0,63.0,32.0,0,0.5015625,128.0,512.0,6400000.0,0.5273919092465753
2.0,2.0,4.0,5.0,15.0,11.0,499.0,1504.0,0,0.940625,128.0,0.5,6400000.0,0.9409246575342465
2.0,2.0,4.0,5.0,15.0,11.0,499.0,1504.0,0,0.940625,0.00390625,128.0,6400000.0,0.9409246575342465
2.0,2.0,4.0,8.0,19.0,16.0,584.0,2304.0,0,0.940625,0.00390625,0.125,6400000.0,0.9409246575342465
2.0,2.0,8.0,5.0,15.0,11.0,1939.0,1504.0,0,0.940625,8.0,128.0,6400000.0,0.9409246575342465
2.0,2.0,4.0,5.0,15.0,11.0,499.0,1504.0,0,0.940625,128.0,0.0,6400000.0,0.9409246575342465
2.0,2.0,8.0,8.0,28.0,28.0,2820.0,4224.0,0,0.959375,16.0,0.000976562,6400000.0,0.9597059992661447
2.0,2.0,4.0,5.0,15.0,11.0,499.0,1504.0,0,0.940625,256.0,0.00390625,6400000.0,0.9033657962328766
2.0,2.0,4.0,5.0,15.0,11.0,499.0,1504.0,0,0.940625,256.0,4.0,6400000.0,0.9033657962328766
2.0,2.0,4.0,5.0,15.0,11.0,499.0,1504.0,0,0.940625,0.5,64.0,6400000.0,0.9409246575342465
2.0,2.0,4.0,8.0,19.0,16.0,584.0,2304.0,0,0.940625,1.0,0.0,6400000.0,0.9409246575342465
1.0,2.0,2.0,1.0,1.0,1.0,39.0,32.0,0,0.5015625,1024.0,4.0,6400000.0,0.5273919092465753
1.0,2.0,2.0,1.0,1.0,1.0,39.0,32.0,0,0.5015625,1024.0,0.00390625,6400000.0,0.5273919092465753
2.0,2.0,4.0,8.0,19.0,16.0,584.0,2304.0,0,0.940625,0.0078125,0.000976562,6400000.0,0.9409246575342465
1.0,2.0,4.0,1.0,1.0,1.0,63.0,32.0,0,0.5015625,512.0,0.03125,6400000.0,0.5273919092465753
1.0,2.0,4.0,1.0,1.0,1.0,63.0,32.0,0,0.5015625,0.03125,32768.0,6400000.0,0.5273919092465753
2.0,2.0,2.0,4.0,9.0,6.0,247.0,704.0,0,0.9078125,32.0,0.25,6400000.0,0.8740115887964773
2.0,2.0,2.0,4.0,9.0,6.0,247.0,704.0,0,0.9078125,4.0,1.0,6400000.0,0.9033657962328766
2.0,2.0,2.0,3.0,8.0,6.0,233.0,704.0,0,0.75,32.0,256.0,6400000.0,0.7844231592465754
1.0,2.0,4.0,1.0,1.0,1.0,63.0,32.0,0,0.5015625,512.0,32.0,6400000.0,0.5273919092465753
1.0,2.0,2.0,1.0,1.0,1.0,39.0,32.0,0,0.5015625,1024.0,4096.0,6400000.0,0.5273919092465753
1.0,2.0,4.0,1.0,1.0,1.0,63.0,32.0,0,0.5015625,1024.0,256.0,6400000.0,0.5273919092465753
1.0,2.0,4.0,1.0,1.0,1.0,63.0,32.0,0,0.5015625,512.0,32768.0,6400000.0,0.5273919092465753
1.0,2.0,4.0,1.0,1.0,1.0,63.0,32.0,0,0.5015625,256.0,4096.0,6400000.0,0.5273919092465753
1.0,2.0,4.0,1.0,1.0,1.0,63.0,32.0,0,0.5015625,1024.0,0.25,6400000.0,0.5273919092465753
2.0,2.0,4.0,7.0,19.0,16.0,605.0,2304.0,0,0.940625,1.0,0.5,6400000.0,0.9409246575342465
2.0,2.0,8.0,8.0,28.0,28.0,2820.0,4224.0,0,0.959375,16.0,1.0,6400000.0,0.9597059992661447
1.0,2.0,4.0,1.0,1.0,1.0,63.0,32.0,0,0.5015625,2048.0,0.00195312,6400000.0,0.5273919092465753
1.0,2.0,2.0,1.0,1.0,1.0,39.0,32.0,0,0.5015625,2048.0,0.03125,6400000.0,0.5273919092465753
1.0,2.0,4.0,1.0,1.0,1.0,63.0,32.0,0,0.5015625,2048.0,2.0,6400000.0,0.5273919092465753
2.0,2.0,4.0,8.0,19.0,16.0,584.0,2304.0,0,0.940625,0.000976562,0.00390625,6400000.0,0.9409246575342465
1.0,2.0,2.0,1.0,1.0,1.0,39.0,32.0,0,0.5015625,2048.0,32.0,6400000.0,0.5273919092465753
1.0,2.0,2.0,1.0,1.0,1.0,39.0,32.0,0,0.5015625,4.0,1024.0,6400000.0,0.5273919092465753
1.0,2.0,2.0,1.0,1.0,1.0,39.0,32.0,0,0.5015625,2048.0,32768.0,6400000.0,0.5273919092465753
2.0,2.0,2.0,3.0,8.0,6.0,233.0,704.0,0,0.75,64.0,0.00195312,6400000.0,0.8047356592465753
2.0,2.0,2.0,4.0,9.0,6.0,247.0,704.0,0,0.9078125,1.0,32.0,6400000.0,0.8740115887964773
2.0,2.0,2.0,3.0,8.0,6.0,233.0,704.0,0,0.75,64.0,2.0,6400000.0,0.7844231592465754
2.0,2.0,4.0,7.0,19.0,16.0,605.0,2304.0,0,0.940625,0.000976562,4.0,6400000.0,0.9409246575342465
1.0,2.0,4.0,1.0,1.0,1.0,63.0,32.0,0,0.5015625,1.0,512.0,6400000.0,0.5273919092465753
2.0,2.0,2.0,3.0,8.0,6.0,233.0,704.0,0,0.75,128.0,0.015625,6400000.0,0.7844231592465754
1.0,2.0,8.0,1.0,1.0,1.0,543.0,32.0,0,0.5015625,16.0,1024.0,6400000.0,0.5273919092465753
1.0,2.0,2.0,1.0,1.0,1.0,39.0,32.0,0,0.5015625,64.0,2048.0,6400000.0,0.5273919092465753
1.0,2.0,4.0,1.0,1.0,1.0,63.0,32.0,0,0.5015625,2048.0,2048.0,6400000.0,0.5273919092465753
1.0,2.0,4.0,1.0,1.0,1.0,63.0,32.0,0,0.5015625,4096.0,0.015625,6400000.0,0.5273919092465753
1.0,2.0,4.0,1.0,1.0,1.0,63.0,32.0,0,0.5015625,4096.0,16.0,6400000.0,0.5273919092465753
1.0,2.0,4.0,1.0,1.0,1.0,63.0,32.0,0,0.5015625,8192.0,0.125,6400000.0,0.5273919092465753
2.0,2.0,2.0,4.0,9.0,6.0,247.0,704.0,0,0.9078125,1.0,0.03125,6400000.0,0.9033657962328766
1.0,2.0,2.0,1.0,1.0,1.0,39.0,32.0,0,0.5015625,8192.0,2.0,6400000.0,0.5273919092465753
1.0,2.0,4.0,1.0,1.0,1.0,63.0,32.0,0,0.5015625,4096.0,16384.0,6400000.0,0.5273919092465753
2.0,2.0,4.0,7.0,19.0,16.0,605.0,2304.0,0,0.940625,2.0,4.0,6400000.0,0.9409246575342465
1.0,2.0,4.0,1.0,1.0,1.0,63.0,32.0,0,0.5015625,2.0,4096.0,6400000.0,0.5273919092465753
1.0,2.0,4.0,1.0,1.0,1.0,63.0,32.0,0,0.5015625,8192.0,128.0,6400000.0,0.5273919092465753
2.0,2.0,2.0,4.0,9.0,6.0,247.0,704.0,0,0.9078125,8.0,0.0078125,6400000.0,0.9033657962328766
2.0,2.0,2.0,3.0,8.0,6.0,233.0,704.0,0,0.75,128.0,16.0,6400000.0,0.7844231592465754
2.0,2.0,4.0,7.0,19.0,16.0,605.0,2304.0,0,0.940625,2.0,0.00390625,6400000.0,0.9409246575342465
1.0,2.0,4.0,1.0,1.0,1.0,63.0,32.0,0,0.5015625,16384.0,0.000976562,6400000.0,0.5273919092465753
2.0,2.0,4.0,8.0,19.0,16.0,584.0,2304.0,0,0.940625,0.0078125,1.0,6400000.0,0.9409246575342465
1.0,2.0,2.0,1.0,1.0,1.0,39.0,32.0,0,0.5015625,4096.0,256.0,6400000.0,0.5273919092465753
2.0,2.0,4.0,8.0,19.0,16.0,584.0,2304.0,0,0.940625,0.0625,0.25,6400000.0,0.9409246575342465
2.0,2.0,8.0,8.0,28.0,28.0,2820.0,4224.0,0,0.959375,32.0,0.0078125,6400000.0,0.9597059992661447
1.0,2.0,2.0,1.0,1.0,1.0,39.0,32.0,0,0.5015625,8192.0,2048.0,6400000.0,0.5273919092465753
1.0,2.0,2.0,1.0,1.0,1.0,39.0,32.0,0,0.5015625,4096.0,0.25,6400000.0,0.5273919092465753
1.0,2.0,2.0,1.0,1.0,1.0,39.0,32.0,0,0.5015625,8192.0,0.00195312,6400000.0,0.5273919092465753
2.0,2.0,4.0,5.0,15.0,11.0,499.0,1504.0,0,0.940625,0.0625,256.0,6400000.0,0.9033657962328766
1.0,2.0,2.0,1.0,1.0,1.0,39.0,32.0,0,0.5015625,1.0,32768.0,6400000.0,0.5273919092465753
1.0,2.0,4.0,1.0,1.0,1.0,63.0,32.0,0,0.5015625,16384.0,1.0,6400000.0,0.5273919092465753
1.0,2.0,4.0,1.0,1.0,1.0,63.0,32.0,0,0.5015625,0.0078125,1024.0,6400000.0,0.5273919092465753
2.0,2.0,4.0,7.0,19.0,16.0,605.0,2304.0,0,0.940625,4.0,0.03125,6400000.0,0.9409246575342465
1.0,2.0,4.0,1.0,1.0,1.0,63.0,32.0,0,0.5015625,16384.0,1024.0,6400000.0,0.5273919092465753
1.0,2.0,2.0,1.0,1.0,1.0,39.0,32.0,0,0.5015625,128.0,16384.0,6400000.0,0.5273919092465753
2.0,2.0,8.0,15.0,40.0,41.0,3325.0,6304.0,0,0.9640625,0.0,0.0625,6400000.0,0.961662181996086
1.0,2.0,4.0,1.0,1.0,1.0,63.0,32.0,0,0.5015625,32768.0,0.0078125,6400000.0,0.5273919092465753
1.0,2.0,4.0,1.0,1.0,1.0,63.0,32.0,0,0.5015625,32768.0,8.0,6400000.0,0.5273919092465753
1.0,2.0,4.0,1.0,1.0,1.0,63.0,32.0,0,0.5015625,32768.0,8192.0,6400000.0,0.5273919092465753
2.0,2.0,8.0,8.0,28.0,26.0,2818.0,3904.0,0,0.95625,32.0,8.0,6400000.0,0.9577505809686888
1.0,2.0,2.0,1.0,1.0,1.0,39.0,32.0,0,0.5015625,16384.0,16.0,6400000.0,0.5273919092465753
2.0,2.0,8.0,5.0,15.0,11.0,1939.0,1504.0,0,0.940625,0.0,64.0,6400000.0,0.9409246575342465
2.0,2.0,8.0,15.0,40.0,41.0,3325.0,6304.0,0,0.9640625,0.000976562,0.0,6400000.0,0.961662181996086
2.0,2.0,2.0,3.0,8.0,6.0,233.0,704.0,0,0.75,256.0,0.125,6400000.0,0.7844231592465754
1.0,2.0,2.0,1.0,1.0,1.0,39.0,32.0,0,0.5015625,16384.0,0.015625,6400000.0,0.5273919092465753
2.0,2.0,4.0,8.0,19.0,16.0,584.0,2304.0,0,0.940625,0.015625,0.0078125,6400000.0,0.9409246575342465
2.0,2.0,8.0,15.0,40.0,41.0,3325.0,6304.0,0,0.9640625,0.000976562,0.5,6400000.0,0.9620520425636009
1.0,2.0,2.0,1.0,1.0,1.0,39.0,32.0,0,0.5015625,32768.0,0.125,6400000.0,0.5273919092465753
2.0,2.0,2.0,3.0,8.0,6.0,233.0,704.0,0,0.75,256.0,128.0,6400000.0,0.7844231592465754
2.0,2.0,8.0,15.0,40.0,41.0,3325.0,6304.0,0,0.9640625,0.00195312,0.00390625,6400000.0,0.961662181996086
2.0,2.0,4.0,5.0,15.0,11.0,499.0,1504.0,0,0.940625,4.0,32.0,6400000.0,0.9409246575342465
1.0,2.0,2.0,1.0,1.0,1.0,39.0,32.0,0,0.5015625,16384.0,16384.0,6400000.0,0.5273919092465753
2.0,2.0,8.0,14.0,39.0,42.0,3315.0,6464.0,0,0.9640625,0.00195312,4.0,6400000.0,0.9604864848336595
1.0,2.0,8.0,1.0,1.0,1.0,543.0,32.0,0,0.5015625,0.00195312,4096.0,6400000.0,0.5273919092465753
1.0,2.0,8.0,1.0,1.0,1.0,543.0,32.0,0,0.5015625,32.0,8192.0,6400000.0,0.5273919092465753
2.0,2.0,4.0,8.0,19.0,16.0,584.0,2304.0,0,0.940625,0.125,0.00195312,6400000.0,0.9409246575342465
1.0,2.0,8.0,1.0,1.0,1.0,543.0,32.0,0,0.5015625,0.000976562,512.0,6400000.0,0.5273919092465753
1.0,2.0,2.0,1.0,1.0,1.0,39.0,32.0,0,0.5015625,32768.0,128.0,6400000.0,0.5273919092465753
1.0,2.0,4.0,1.0,1.0,1.0,63.0,32.0,0,0.5015625,0.000976562,4096.0,6400000.0,0.5273919092465753
2.0,2.0,2.0,4.0,9.0,6.0,247.0,704.0,0,0.9078125,2.0,0.25,6400000.0,0.9033657962328766
2.0,2.0,2.0,4.0,9.0,6.0,247.0,704.0,0,0.9078125,8.0,8.0,6400000.0,0.9033657962328766
2.0,2.0,2.0,3.0,8.0,6.0,233.0,704.0,0,0.75,2.0,256.0,6400000.0,0.7844231592465754
2.0,2.0,4.0,7.0,19.0,16.0,605.0,2304.0,0,0.940625,0.125,2.0,6400000.0,0.9409246575342465
2.0,2.0,8.0,8.0,27.0,27.0,2787.0,4064.0,0,0.959375,0.00390625,32.0,6400000.0,0.9585318309686889
2.0,2.0,4.0,8.0,19.0,16.0,584.0,2304.0,0,0.940625,0.0,0.000976562,6400000.0,0.9409246575342465
2.0,2.0,4.0,8.0,19.0,16.0,584.0,2304.0,0,0.940625,0.0,1.0,6400000.0,0.9409246575342465
2.0,2.0,4.0,8.0,19.0,16.0,584.0,2304.0,0,0.940625,0.00195312,0.03125,6400000.0,0.9409246575342465
2.0,2.0,8.0,15.0,40.0,41.0,3325.0,6304.0,0,0.9640625,0.00390625,0.03125,6400000.0,0.961662181996086
2.0,2.0,8.0,5.0,15.0,11.0,1939.0,1504.0,0,0.940625,64.0,0.0625,6400000.0,0.9409246575342465
1.0,2.0,8.0,1.0,1.0,1.0,543.0,32.0,0,0.5015625,0.00390625,32768.0,6400000.0,0.5273919092465753
1.0,2.0,2.0,1.0,1.0,1.0,39.0,32.0,0,0.5015625,512.0,0.000976562,6400000.0,0.5273919092465753
2.0,2.0,8.0,15.0,40.0,41.0,3325.0,6304.0,0,0.9640625,0.0078125,0.25,6400000.0,0.9624434319960861
2.0,2.0,8.0,5.0,15.0,11.0,1939.0,1504.0,0,0.940625,0.0078125,256.0,6400000.0,0.9033657962328766
1.0,2.0,8.0,1.0,1.0,1.0,543.0,32.0,0,0.5015625,0.015625,2048.0,6400000.0,0.5273919092465753
2.0,2.0,4.0,6.0,17.0,16.0,562.0,2304.0,0,0.940625,0.015625,8.0,6400000.0,0.9409246575342465
2.0,2.0,8.0,14.0,38.0,40.0,3281.0,6144.0,0,0.9640625,0.015625,2.0,6400000.0,0.9608778742661448
2.0,2.0,4.0,5.0,15.0,11.0,499.0,1504.0,0,0.940625,0.00195312,32.0,6400000.0,0.9409246575342465
2.0,2.0,8.0,15.0,40.0,41.0,3325.0,6304.0,0,0.9640625,0.015625,0.00195312,6400000.0,0.961662181996086
2.0,2.0,8.0,15.0,40.0,41.0,3325.0,6304.0,0,0.9640625,0.03125,0.015625,6400000.0,0.961662181996086
1.0,2.0,4.0,1.0,1.0,1.0,63.0,32.0,0,0.5015625,0.015625,8192.0,6400000.0,0.5273919092465753
2.0,2.0,8.0,8.0,27.0,27.0,2787.0,4064.0,0,0.959375,0.03125,16.0,6400000.0,0.9585318309686889
1.0,2.0,2.0,1.0,1.0,1.0,39.0,32.0,0,0.5015625,512.0,1.0,6400000.0,0.5273919092465753
1.0,2.0,8.0,1.0,1.0,1.0,543.0,32.0,0,0.5015625,0.03125,16384.0,6400000.0,0.5273919092465753
2.0,2.0,8.0,15.0,40.0,41.0,3325.0,6304.0,0,0.9640625,0.0625,0.125,6400000.0,0.9624434319960861
2.0,2.0,8.0,5.0,15.0,11.0,1939.0,1504.0,0,0.940625,0.0625,128.0,6400000.0,0.9409246575342465
2.0,2.0,8.0,14.0,38.0,39.0,3280.0,5984.0,0,0.9640625,0.125,1.0,6400000.0,0.9620520425636009
2.0,2.0,8.0,15.0,40.0,41.0,3325.0,6304.0,0,0.9640625,0.125,0.000976562,6400000.0,0.9624434319960861
1.0,2.0,4.0,1.0,1.0,1.0,63.0,32.0,0,0.5015625,0.125,2048.0,6400000.0,0.5273919092465753
1.0,2.0,8.0,1.0,1.0,1.0,543.0,32.0,0,0.5015625,0.125,1024.0,6400000.0,0.5273919092465753
2.0,2.0,4.0,6.0,17.0,16.0,562.0,2304.0,0,0.940625,8.0,0.25,6400000.0,0.9409246575342465
2.0,2.0,2.0,4.0,9.0,6.0,247.0,704.0,0,0.9078125,16.0,0.0625,6400000.0,0.9033657962328766
2.0,2.0,8.0,5.0,15.0,11.0,1939.0,1504.0,0,0.940625,128.0,0.0,6400000.0,0.9409246575342465
2.0,2.0,8.0,12.0,36.0,44.0,3263.0,6784.0,0,0.9640625,0.25,8.0,6400000.0,0.9577490521037181
2.0,2.0,8.0,15.0,40.0,41.0,3325.0,6304.0,0,0.9640625,0.25,0.0078125,6400000.0,0.9624434319960861
1.0,2.0,4.0,1.0,1.0,1.0,63.0,32.0,0,0.5015625,4.0,32768.0,6400000.0,0.5273919092465753
2.0,2.0,4.0,8.0,19.0,16.0,584.0,2304.0,0,0.940625,0.25,0.015625,6400000.0,0.9409246575342465
1.0,2.0,8.0,1.0,1.0,1.0,543.0,32.0,0,0.5015625,0.25,8192.0,6400000.0,0.5273919092465753
2.0,2.0,8.0,15.0,40.0,41.0,3325.0,6304.0,0,0.9640625,0.5,0.0625,6400000.0,0.9620520425636009
2.0,2.0,8.0,5.0,15.0,11.0,1939.0,1504.0,0,0.940625,64.0,64.0,6400000.0,0.9409246575342465
2.0,2.0,4.0,8.0,19.0,16.0,584.0,2304.0,0,0.940625,0.03125,0.0625,6400000.0,0.9409246575342465
1.0,2.0,2.0,1.0,1.0,1.0,39.0,32.0,0,0.5015625,8.0,8192.0,6400000.0,0.5273919092465753
2.0,2.0,2.0,3.0,8.0,6.0,233.0,704.0,0,0.75,16.0,64.0,6400000.0,0.7844231592465754
2.0,2.0,8.0,5.0,15.0,11.0,1939.0,1504.0,0,0.940625,0.5,64.0,6400000.0,0.9409246575342465
2.0,2.0,4.0,5.0,15.0,11.0,499.0,1504.0,0,0.940625,8.0,256.0,6400000.0,0.9033657962328766
2.0,2.0,2.0,4.0,9.0,6.0,247.0,704.0,0,0.9078125,4.0,0.00195312,6400000.0,0.9033657962328766
2.0,2.0,8.0,14.0,38.0,40.0,3281.0,6144.0,0,0.9640625,1.0,0.5,6400000.0,0.9620520425636009
1.0,2.0,8.0,1.0,1.0,1.0,543.0,32.0,0,0.5015625,1.0,512.0,6400000.0,0.5273919092465753
1.0,2.0,2.0,1.0,1.0,1.0,39.0,32.0,0,0.5015625,512.0,1024.0,6400000.0,0.5273919092465753
2.0,2.0,4.0,5.0,15.0,11.0,499.0,1504.0,0,0.940625,16.0,0.00195312,6400000.0,0.9409246575342465
2.0,2.0,8.0,14.0,38.0,39.0,3280.0,5984.0,0,0.9640625,1.0,0.0,6400000.0,0.9620520425636009
2.0,2.0,8.0,14.0,39.0,42.0,3315.0,6464.0,0,0.9640625,2.0,4.0,6400000.0,0.9573576626712329
1.0,2.0,4.0,1.0,1.0,1.0,63.0,32.0,0,0.5015625,0.00195312,32768.0,6400000.0,0.5273919092465753
2.0,2.0,8.0,14.0,38.0,40.0,3281.0,6144.0,0,0.9640625,2.0,0.00390625,6400000.0,0.9608778742661448
2.0,2.0,4.0,5.0,15.0,11.0,499.0,1504.0,0,0.940625,16.0,2.0,6400000.0,0.9409246575342465
2.0,2.0,4.0,5.0,15.0,11.0,499.0,1504.0,0,0.940625,0.25,16.0,6400000.0,0.9409246575342465
1.0,2.0,8.0,1.0,1.0,1.0,543.0,32.0,0,0.5015625,128.0,512.0,6400000.0,0.5273919092465753
2.0,2.0,8.0,5.0,15.0,11.0,1939.0,1504.0,0,0.940625,128.0,0.5,6400000.0,0.9409246575342465
1.0,2.0,8.0,1.0,1.0,1.0,543.0,32.0,0,0.5015625,2.0,4096.0,6400000.0,0.5273919092465753
1.0,2.0,4.0,1.0,1.0,1.0,63.0,32.0,0,0.5015625,0.25,16384.0,6400000.0,0.5273919092465753
2.0,2.0,4.0,5.0,15.0,11.0,499.0,1504.0,0,0.940625,32.0,16.0,6400000.0,0.9409246575342465
2.0,2.0,4.0,8.0,19.0,16.0,584.0,2304.0,0,0.940625,0.5,0.125,6400000.0,0.9409246575342465
1.0,2.0,4.0,1.0,1.0,1.0,63.0,32.0,0,0.5015625,16.0,2048.0,6400000.0,0.5273919092465753
1.0,2.0,4.0,1.0,1.0,1.0,63.0,32.0,0,0.5015625,32.0,16384.0,6400000.0,0.5273919092465753
1.0,2.0,8.0,1.0,1.0,1.0,543.0,32.0,0,0.5015625,4.0,32768.0,6400000.0,0.5273919092465753
2.0,2.0,4.0,5.0,15.0,11.0,499.0,1504.0,0,0.940625,0.03125,64.0,6400000.0,0.9409246575342465
2.0,2.0,8.0,8.0,27.0,27.0,2787.0,4064.0,0,0.959375,4.0,32.0,6400000.0,0.9577505809686888
2.0,2.0,8.0,14.0,39.0,42.0,3315.0,6464.0,0,0.9640625,4.0,0.03125,6400000.0,0.9604864848336595
2.0,2.0,4.0,5.0,15.0,11.0,499.0,1504.0,0,0.940625,64.0,0.125,6400000.0,0.9409246575342465
2.0,2.0,4.0,5.0,15.0,11.0,499.0,1504.0,0,0.940625,32.0,0.015625,6400000.0,0.9409246575342465
1.0,2.0,4.0,1.0,1.0,1.0,63.0,32.0,0,0.5015625,128.0,1024.0,6400000.0,0.5273919092465753
2.0,2.0,4.0,5.0,15.0,11.0,499.0,1504.0,0,0.940625,64.0,128.0,6400000.0,0.9409246575342465
2.0,2.0,4.0,5.0,15.0,11.0,499.0,1504.0,0,0.940625,0.00390625,256.0,6400000.0,0.9033657962328766
1.0,2.0,4.0,1.0,1.0,1.0,63.0,32.0,0,0.5015625,0.0,1024.0,6400000.0,0.5273919092465753
2.0,2.0,8.0,12.0,36.0,44.0,3263.0,6784.0,0,0.9640625,8.0,0.25,6400000.0,0.9593146098336595
2.0,2.0,2.0,4.0,9.0,6.0,247.0,704.0,0,0.9078125,32.0,0.0,6400000.0,0.8740115887964773
2.0,2.0,4.0,5.0,15.0,11.0,499.0,1504.0,0,0.940625,128.0,1.0,6400000.0,0.9409246575342465
2.0,2.0,4.0,5.0,15.0,11.0,499.0,1504.0,0,0.940625,256.0,8.0,6400000.0,0.9033657962328766
2.0,2.0,8.0,5.0,15.0,11.0,1939.0,1504.0,0,0.940625,8.0,256.0,6400000.0,0.9033657962328766
2.0,2.0,4.0,5.0,15.0,11.0,499.0,1504.0,0,0.940625,0.5,128.0,6400000.0,0.9409246575342465
2.0,2.0,4.0,8.0,19.0,16.0,584.0,2304.0,0,0.940625,0.00390625,0.25,6400000.0,0.9409246575342465
2.0,2.0,4.0,5.0,15.0,11.0,499.0,1504.0,0,0.940625,256.0,0.0078125,6400000.0,0.9033657962328766
1.0,2.0,2.0,1.0,1.0,1.0,39.0,32.0,0,0.5015625,1024.0,0.0078125,6400000.0,0.5273919092465753
2.0,2.0,8.0,8.0,28.0,28.0,2820.0,4224.0,0,0.959375,16.0,0.00195312,6400000.0,0.9597059992661447
2.0,2.0,4.0,8.0,19.0,16.0,584.0,2304.0,0,0.940625,1.0,0.000976562,6400000.0,0.9409246575342465
2.0,2.0,4.0,5.0,15.0,11.0,499.0,1504.0,0,0.940625,128.0,0.000976562,6400000.0,0.9409246575342465
1.0,2.0,2.0,1.0,1.0,1.0,39.0,32.0,0,0.5015625,1024.0,8.0,6400000.0,0.5273919092465753
1.0,2.0,4.0,1.0,1.0,1.0,63.0,32.0,0,0.5015625,512.0,0.0625,6400000.0,0.5273919092465753
2.0,2.0,2.0,4.0,9.0,6.0,247.0,704.0,0,0.9078125,4.0,2.0,6400000.0,0.9033657962328766
1.0,2.0,2.0,1.0,1.0,1.0,39.0,32.0,0,0.5015625,32.0,512.0,6400000.0,0.5273919092465753
2.0,2.0,4.0,8.0,19.0,16.0,584.0,2304.0,0,0.940625,0.0078125,0.00195312,6400000.0,0.9409246575342465
2.0,2.0,4.0,8.0,19.0,16.0,584.0,2304.0,0,0.940625,0.0625,0.0,6400000.0,0.9409246575342465
2.0,2.0,2.0,4.0,9.0,6.0,247.0,704.0,0,0.9078125,32.0,0.5,6400000.0,0.8740115887964773
1.0,2.0,2.0,1.0,1.0,1.0,39.0,32.0,0,0.5015625,1024.0,8192.0,6400000.0,0.5273919092465753
1.0,2.0,4.0,1.0,1.0,1.0,63.0,32.0,0,0.5015625,1024.0,512.0,6400000.0,0.5273919092465753
1.0,2.0,4.0,1.0,1.0,1.0,63.0,32.0,0,0.5015625,512.0,64.0,6400000.0,0.5273919092465753
1.0,2.0,4.0,1.0,1.0,1.0,63.0,32.0,0,0.5015625,256.0,8192.0,6400000.0,0.5273919092465753
1.0,2.0,4.0,1.0,1.0,1.0,63.0,32.0,0,0.5015625,1024.0,0.5,6400000.0,0.5273919092465753
1.0,2.0,4.0,1.0,1.0,1.0,63.0,32.0,0,0.5015625,1024.0,0.0,6400000.0,0.5273919092465753
1.0,2.0,4.0,1.0,1.0,1.0,63.0,32.0,0,0.5015625,2048.0,0.00390625,6400000.0,0.5273919092465753
2.0,2.0,8.0,8.0,28.0,28.0,2820.0,4224.0,0,0.959375,16.0,2.0,6400000.0,0.9597059992661447
1.0,2.0,2.0,1.0,1.0,1.0,39.0,32.0,0,0.5015625,2048.0,0.0625,6400000.0,0.5273919092465753
2.0,2.0,4.0,7.0,19.0,16.0,605.0,2304.0,0,0.940625,1.0,1.0,6400000.0,0.9409246575342465
1.0,2.0,2.0,1.0,1.0,1.0,39.0,32.0,0,0.5015625,4096.0,0.0,6400000.0,0.5273919092465753
1.0,2.0,4.0,1.0,1.0,1.0,63.0,32.0,0,0.5015625,2048.0,4.0,6400000.0,0.5273919092465753
2.0,2.0,4.0,8.0,19.0,16.0,584.0,2304.0,0,0.940625,0.000976562,0.0078125,6400000.0,0.9409246575342465
1.0,2.0,2.0,1.0,1.0,1.0,39.0,32.0,0,0.5015625,4.0,2048.0,6400000.0,0.5273919092465753
1.0,2.0,2.0,1.0,1.0,1.0,39.0,32.0,0,0.5015625,2048.0,64.0,6400000.0,0.5273919092465753
1.0,2.0,4.0,1.0,1.0,1.0,63.0,32.0,0,0.5015625,1.0,1024.0,6400000.0,0.5273919092465753
2.0,2.0,8.0,5.0,15.0,11.0,1939.0,1504.0,0,0.940625,256.0,0.00390625,6400000.0,0.9033657962328766
1.0,2.0,4.0,1.0,1.0,1.0,63.0,32.0,0,0.5015625,2048.0,4096.0,6400000.0,0.5273919092465753
2.0,2.0,2.0,3.0,8.0,6.0,233.0,704.0,0,0.75,128.0,0.03125,6400000.0,0.7844231592465754
2.0,2.0,2.0,3.0,8.0,6.0,233.0,704.0,0,0.75,64.0,4.0,6400000.0,0.7844231592465754
1.0,2.0,8.0,1.0,1.0,1.0,543.0,32.0,0,0.5015625,16.0,2048.0,6400000.0,0.5273919092465753
2.0,2.0,2.0,3.0,8.0,6.0,233.0,704.0,0,0.75,64.0,0.00390625,6400000.0,0.8047356592465753
1.0,2.0,4.0,1.0,1.0,1.0,63.0,32.0,0,0.5015625,4096.0,32.0,6400000.0,0.5273919092465753
2.0,2.0,4.0,6.0,17.0,16.0,562.0,2304.0,0,0.940625,0.000976562,8.0,6400000.0,0.9409246575342465
1.0,2.0,4.0,1.0,1.0,1.0,63.0,32.0,0,0.5015625,8192.0,0.25,6400000.0,0.5273919092465753
1.0,2.0,4.0,1.0,1.0,1.0,63.0,32.0,0,0.5015625,4096.0,0.03125,6400000.0,0.5273919092465753
1.0,2.0,2.0,1.0,1.0,1.0,39.0,32.0,0,0.5015625,64.0,4096.0,6400000.0,0.5273919092465753
2.0,2.0,4.0,6.0,17.0,12.0,558.0,1664.0,0,0.940625,2.0,8.0,6400000.0,0.9409246575342465
2.0,2.0,2.0,3.0,8.0,6.0,233.0,704.0,0,0.75,128.0,32.0,6400000.0,0.7844231592465754
2.0,2.0,2.0,4.0,9.0,6.0,247.0,704.0,0,0.9078125,8.0,0.015625,6400000.0,0.9033657962328766
1.0,2.0,4.0,1.0,1.0,1.0,63.0,32.0,0,0.5015625,4096.0,32768.0,6400000.0,0.5273919092465753
1.0,2.0,4.0,1.0,1.0,1.0,63.0,32.0,0,0.5015625,8192.0,256.0,6400000.0,0.5273919092465753
2.0,2.0,8.0,5.0,15.0,11.0,1939.0,1504.0,0,0.940625,256.0,4.0,6400000.0,0.9033657962328766
1.0,2.0,4.0,1.0,1.0,1.0,63.0,32.0,0,0.5015625,16384.0,0.00195312,6400000.0,0.5273919092465753
2.0,2.0,4.0,7.0,19.0,16.0,605.0,2304.0,0,0.940625,2.0,0.0078125,6400000.0,0.9409246575342465
1.0,2.0,2.0,1.0,1.0,1.0,39.0,32.0,0,0.5015625,8192.0,4.0,6400000.0,0.5273919092465753
2.0,2.0,8.0,8.0,28.0,28.0,2820.0,4224.0,0,0.959375,32.0,0.015625,6400000.0,0.9597059992661447
1.0,2.0,4.0,1.0,1.0,1.0,63.0,32.0,0,0.5015625,2.0,8192.0,6400000.0,0.5273919092465753
1.0,2.0,2.0,1.0,1.0,1.0,39.0,32.0,0,0.5015625,4096.0,512.0,6400000.0,0.5273919092465753
2.0,2.0,4.0,8.0,19.0,16.0,584.0,2304.0,0,0.940625,0.0625,0.5,6400000.0,0.9409246575342465
1.0,2.0,2.0,1.0,1.0,1.0,39.0,32.0,0,0.5015625,8192.0,4096.0,6400000.0,0.5273919092465753
1.0,2.0,2.0,1.0,1.0,1.0,39.0,32.0,0,0.5015625,4096.0,0.5,6400000.0,0.5273919092465753
2.0,2.0,4.0,7.0,19.0,16.0,605.0,2304.0,0,0.940625,0.0078125,2.0,6400000.0,0.9409246575342465
1.0,2.0,2.0,1.0,1.0,1.0,39.0,32.0,0,0.5015625,8192.0,0.00390625,6400000.0,0.5273919092465753
1.0,2.0,4.0,1.0,1.0,1.0,63.0,32.0,0,0.5015625,0.0625,512.0,6400000.0,0.5273919092465753
2.0,2.0,4.0,7.0,19.0,16.0,605.0,2304.0,0,0.940625,4.0,0.0625,6400000.0,0.9409246575342465
1.0,2.0,4.0,1.0,1.0,1.0,63.0,32.0,0,0.5015625,16384.0,2048.0,6400000.0,0.5273919092465753
1.0,2.0,4.0,1.0,1.0,1.0,63.0,32.0,0,0.5015625,16384.0,2.0,6400000.0,0.5273919092465753
1.0,2.0,2.0,1.0,1.0,1.0,39.0,32.0,0,0.5015625,128.0,32768.0,6400000.0,0.5273919092465753
1.0,2.0,8.0,1.0,1.0,1.0,543.0,32.0,0,0.5015625,256.0,4096.0,6400000.0,0.5273919092465753
1.0,2.0,4.0,1.0,1.0,1.0,63.0,32.0,0,0.5015625,32768.0,16384.0,6400000.0,0.5273919092465753
1.0,2.0,4.0,1.0,1.0,1.0,63.0,32.0,0,0.5015625,0.0078125,2048.0,6400000.0,0.5273919092465753
2.0,2.0,8.0,15.0,40.0,41.0,3325.0,6304.0,0,0.9640625,0.0,0.125,6400000.0,0.9624434319960861
1.0,2.0,4.0,1.0,1.0,1.0,63.0,32.0,0,0.5015625,32768.0,0.015625,6400000.0,0.5273919092465753
1.0,2.0,4.0,1.0,1.0,1.0,63.0,32.0,0,0.5015625,32768.0,16.0,6400000.0,0.5273919092465753
2.0,2.0,8.0,15.0,40.0,41.0,3325.0,6304.0,0,0.9640625,0.000976562,0.000976562,6400000.0,0.961662181996086
2.0,2.0,8.0,5.0,15.0,11.0,1939.0,1504.0,0,0.940625,0.0,128.0,6400000.0,0.9409246575342465
2.0,2.0,2.0,3.0,8.0,6.0,233.0,704.0,0,0.75,256.0,0.25,6400000.0,0.7844231592465754
1.0,2.0,2.0,1.0,1.0,1.0,39.0,32.0,0,0.5015625,16384.0,32.0,6400000.0,0.5273919092465753
2.0,2.0,8.0,8.0,25.0,23.0,2719.0,3424.0,0,0.959375,32.0,16.0,6400000.0,0.9417074363992171
1.0,2.0,2.0,1.0,1.0,1.0,39.0,32.0,0,0.5015625,16384.0,0.03125,6400000.0,0.5273919092465753
2.0,2.0,8.0,15.0,40.0,41.0,3325.0,6304.0,0,0.9640625,0.00195312,0.0078125,6400000.0,0.961662181996086
2.0,2.0,8.0,14.0,38.0,39.0,3280.0,5984.0,0,0.9640625,0.000976562,1.0,6400000.0,0.9620520425636009
2.0,2.0,4.0,8.0,19.0,16.0,584.0,2304.0,0,0.940625,0.015625,0.015625,6400000.0,0.9409246575342465
1.0,2.0,2.0,1.0,1.0,1.0,39.0,32.0,0,0.5015625,256.0,256.0,6400000.0,0.5273919092465753
1.0,2.0,2.0,1.0,1.0,1.0,39.0,32.0,0,0.5015625,32768.0,0.25,6400000.0,0.5273919092465753
1.0,2.0,2.0,1.0,1.0,1.0,39.0,32.0,0,0.5015625,16384.0,32768.0,6400000.0,0.5273919092465753
2.0,2.0,4.0,5.0,15.0,11.0,499.0,1504.0,0,0.940625,4.0,64.0,6400000.0,0.9409246575342465
1.0,2.0,8.0,1.0,1.0,1.0,543.0,32.0,0,0.5015625,0.000976562,1024.0,6400000.0,0.5273919092465753
2.0,2.0,4.0,8.0,19.0,16.0,584.0,2304.0,0,0.940625,0.125,0.00390625,6400000.0,0.9409246575342465
2.0,2.0,8.0,12.0,36.0,44.0,3263.0,6784.0,0,0.9640625,0.00195312,8.0,6400000.0,0.9577490521037181
1.0,2.0,8.0,1.0,1.0,1.0,543.0,32.0,0,0.5015625,0.00195312,8192.0,6400000.0,0.5273919092465753
1.0,2.0,8.0,1.0,1.0,1.0,543.0,32.0,0,0.5015625,32.0,16384.0,6400000.0,0.5273919092465753
2.0,2.0,4.0,7.0,19.0,16.0,605.0,2304.0,0,0.940625,0.125,4.0,6400000.0,0.9409246575342465
1.0,2.0,8.0,1.0,1.0,1.0,543.0,32.0,0,0.5015625,512.0,0.03125,6400000.0,0.5273919092465753
1.0,2.0,4.0,1.0,1.0,1.0,63.0,32.0,0,0.5015625,0.000976562,8192.0,6400000.0,0.5273919092465753
1.0,2.0,2.0,1.0,1.0,1.0,39.0,32.0,0,0.5015625,32768.0,256.0,6400000.0,0.5273919092465753
1.0,2.0,8.0,1.0,1.0,1.0,543.0,32.0,0,0.5015625,512.0,32.0,6400000.0,0.5273919092465753
2.0,2.0,2.0,4.0,9.0,6.0,247.0,704.0,0,0.9078125,8.0,16.0,6400000.0,0.8740115887964773
2.0,2.0,8.0,5.0,15.0,11.0,1939.0,1504.0,0,0.940625,0.00390625,64.0,6400000.0,0.9409246575342465
2.0,2.0,4.0,8.0,19.0,16.0,584.0,2304.0,0,0.940625,0.00195312,0.0625,6400000.0,0.9409246575342465
2.0,2.0,4.0,7.0,19.0,16.0,605.0,2304.0,0,0.940625,0.0,2.0,6400000.0,0.9409246575342465
2.0,2.0,4.0,8.0,19.0,16.0,584.0,2304.0,0,0.940625,0.0,0.00195312,6400000.0,0.9409246575342465
1.0,2.0,8.0,1.0,1.0,1.0,543.0,32.0,0,0.5015625,0.0078125,512.0,6400000.0,0.5273919092465753
2.0,2.0,8.0,5.0,15.0,11.0,1939.0,1504.0,0,0.940625,64.0,0.125,6400000.0,0.9409246575342465
2.0,2.0,8.0,15.0,40.0,41.0,3325.0,6304.0,0,0.9640625,0.0078125,0.5,6400000.0,0.9620520425636009
2.0,2.0,8.0,15.0,40.0,41.0,3325.0,6304.0,0,0.9640625,0.00390625,0.0625,6400000.0,0.961662181996086
2.0,2.0,8.0,14.0,39.0,42.0,3315.0,6464.0,0,0.9640625,0.015625,4.0,6400000.0,0.9604864848336595
2.0,2.0,8.0,15.0,40.0,41.0,3325.0,6304.0,0,0.9640625,0.0078125,0.0,6400000.0,0.961662181996086
1.0,2.0,8.0,1.0,1.0,1.0,543.0,32.0,0,0.5015625,0.015625,4096.0,6400000.0,0.5273919092465753
1.0,2.0,2.0,1.0,1.0,1.0,39.0,32.0,0,0.5015625,512.0,0.00195312,6400000.0,0.5273919092465753
2.0,2.0,4.0,5.0,15.0,11.0,499.0,1504.0,0,0.940625,0.015625,16.0,6400000.0,0.9409246575342465
2.0,2.0,8.0,8.0,27.0,27.0,2787.0,4064.0,0,0.959375,0.03125,32.0,6400000.0,0.9585318309686889
1.0,2.0,4.0,1.0,1.0,1.0,63.0,32.0,0,0.5015625,0.015625,16384.0,6400000.0,0.5273919092465753
2.0,2.0,8.0,15.0,40.0,41.0,3325.0,6304.0,0,0.9640625,0.03125,0.03125,6400000.0,0.961662181996086
2.0,2.0,8.0,15.0,40.0,41.0,3325.0,6304.0,0,0.9640625,0.015625,0.00390625,6400000.0,0.961662181996086
1.0,2.0,8.0,1.0,1.0,1.0,543.0,32.0,0,0.5015625,512.0,32768.0,6400000.0,0.5273919092465753
2.0,2.0,4.0,5.0,15.0,11.0,499.0,1504.0,0,0.940625,0.00195312,64.0,6400000.0,0.9409246575342465
1.0,2.0,2.0,1.0,1.0,1.0,39.0,32.0,0,0.5015625,512.0,2.0,6400000.0,0.5273919092465753
1.0,2.0,8.0,1.0,1.0,1.0,543.0,32.0,0,0.5015625,0.03125,32768.0,6400000.0,0.5273919092465753
2.0,2.0,8.0,15.0,40.0,41.0,3325.0,6304.0,0,0.9640625,0.0625,0.25,6400000.0,0.9624434319960861
2.0,2.0,8.0,5.0,15.0,11.0,1939.0,1504.0,0,0.940625,0.0625,256.0,6400000.0,0.9033657962328766
2.0,2.0,8.0,14.0,38.0,40.0,3281.0,6144.0,0,0.9640625,0.125,2.0,6400000.0,0.9620520425636009
1.0,2.0,4.0,1.0,1.0,1.0,63.0,32.0,0,0.5015625,0.125,4096.0,6400000.0,0.5273919092465753
2.0,2.0,8.0,15.0,40.0,41.0,3325.0,6304.0,0,0.9640625,0.125,0.00195312,6400000.0,0.9624434319960861
2.0,2.0,4.0,6.0,17.0,16.0,562.0,2304.0,0,0.940625,8.0,0.0,6400000.0,0.9409246575342465
1.0,2.0,8.0,1.0,1.0,1.0,543.0,32.0,0,0.5015625,0.25,16384.0,6400000.0,0.5273919092465753
2.0,2.0,4.0,6.0,17.0,16.0,562.0,2304.0,0,0.940625,8.0,0.5,6400000.0,0.9409246575342465
2.0,2.0,8.0,5.0,15.0,11.0,1939.0,1504.0,0,0.940625,128.0,0.000976562,6400000.0,0.9409246575342465
1.0,2.0,8.0,1.0,1.0,1.0,543.0,32.0,0,0.5015625,0.125,2048.0,6400000.0,0.5273919092465753
2.0,2.0,2.0,4.0,9.0,6.0,247.0,704.0,0,0.9078125,16.0,0.125,6400000.0,0.9033657962328766
2.0,2.0,4.0,8.0,19.0,16.0,584.0,2304.0,0,0.940625,0.25,0.03125,6400000.0,0.9409246575342465
2.0,2.0,4.0,8.0,19.0,16.0,584.0,2304.0,0,0.940625,0.03125,0.125,6400000.0,0.9409246575342465
2.0,2.0,8.0,8.0,27.0,27.0,2787.0,4064.0,0,0.959375,0.25,16.0,6400000.0,0.9585318309686889
2.0,2.0,8.0,5.0,15.0,11.0,1939.0,1504.0,0,0.940625,64.0,128.0,6400000.0,0.9409246575342465
2.0,2.0,8.0,15.0,40.0,41.0,3325.0,6304.0,0,0.9640625,0.25,0.015625,6400000.0,0.9624434319960861
2.0,2.0,8.0,5.0,15.0,11.0,1939.0,1504.0,0,0.940625,0.5,128.0,6400000.0,0.9409246575342465
1.0,2.0,2.0,1.0,1.0,1.0,39.0,32.0,0,0.5015625,8.0,16384.0,6400000.0,0.5273919092465753
2.0,2.0,2.0,3.0,8.0,6.0,233.0,704.0,0,0.75,16.0,128.0,6400000.0,0.7844231592465754
1.0,2.0,4.0,1.0,1.0,1.0,63.0,32.0,0,0.5015625,8.0,512.0,6400000.0,0.5273919092465753
2.0,2.0,8.0,14.0,37.0,39.0,3248.0,5984.0,0,0.9640625,0.5,0.125,6400000.0,0.9620520425636009
1.0,2.0,8.0,1.0,1.0,1.0,543.0,32.0,0,0.5015625,1.0,1024.0,6400000.0,0.5273919092465753
2.0,2.0,8.0,14.0,38.0,40.0,3281.0,6144.0,0,0.9640625,1.0,1.0,6400000.0,0.9608778742661448
1.0,2.0,8.0,1.0,1.0,1.0,543.0,32.0,0,0.5015625,1024.0,0.25,6400000.0,0.5273919092465753
2.0,2.0,4.0,5.0,15.0,11.0,499.0,1504.0,0,0.940625,16.0,0.00390625,6400000.0,0.9409246575342465
1.0,2.0,2.0,1.0,1.0,1.0,39.0,32.0,0,0.5015625,512.0,2048.0,6400000.0,0.5273919092465753
2.0,2.0,8.0,14.0,38.0,39.0,3280.0,5984.0,0,0.9640625,1.0,0.000976562,6400000.0,0.9620520425636009
2.0,2.0,4.0,8.0,19.0,16.0,584.0,2304.0,0,0.940625,0.00390625,0.0,6400000.0,0.9409246575342465
2.0,2.0,4.0,5.0,15.0,11.0,499.0,1504.0,0,0.940625,16.0,4.0,6400000.0,0.9409246575342465
2.0,2.0,4.0,5.0,15.0,11.0,499.0,1504.0,0,0.940625,0.25,32.0,6400000.0,0.9409246575342465
2.0,2.0,8.0,12.0,36.0,35.0,3254.0,5344.0,0,0.959375,2.0,8.0,6400000.0,0.9597059992661447
1.0,2.0,8.0,1.0,1.0,1.0,543.0,32.0,0,0.5015625,128.0,1024.0,6400000.0,0.5273919092465753
1.0,2.0,8.0,1.0,1.0,1.0,543.0,32.0,0,0.5015625,2.0,8192.0,6400000.0,0.5273919092465753
2.0,2.0,8.0,5.0,15.0,11.0,1939.0,1504.0,0,0.940625,128.0,1.0,6400000.0,0.9409246575342465
2.0,2.0,8.0,14.0,38.0,40.0,3281.0,6144.0,0,0.9640625,2.0,0.0078125,6400000.0,0.9608778742661448
1.0,2.0,4.0,1.0,1.0,1.0,63.0,32.0,0,0.5015625,0.25,32768.0,6400000.0,0.5273919092465753
1.0,2.0,4.0,1.0,1.0,1.0,63.0,32.0,0,0.5015625,32.0,32768.0,6400000.0,0.5273919092465753
2.0,2.0,8.0,12.0,36.0,44.0,3263.0,6784.0,0,0.9640625,8.0,0.0,6400000.0,0.9593146098336595
2.0,2.0,4.0,8.0,19.0,16.0,584.0,2304.0,0,0.940625,0.5,0.25,6400000.0,0.9409246575342465
2.0,2.0,4.0,5.0,15.0,11.0,499.0,1504.0,0,0.940625,32.0,0.03125,6400000.0,0.9409246575342465
1.0,2.0,4.0,1.0,1.0,1.0,63.0,32.0,0,0.5015625,16.0,4096.0,6400000.0,0.5273919092465753
2.0,2.0,4.0,5.0,15.0,11.0,499.0,1504.0,0,0.940625,32.0,32.0,6400000.0,0.9409246575342465
2.0,2.0,8.0,14.0,39.0,42.0,3315.0,6464.0,0,0.9640625,4.0,0.0625,6400000.0,0.9604864848336595
1.0,2.0,4.0,1.0,1.0,1.0,63.0,32.0,0,0.5015625,128.0,2048.0,6400000.0,0.5273919092465753
2.0,2.0,4.0,5.0,15.0,11.0,499.0,1504.0,0,0.940625,0.03125,128.0,6400000.0,0.9409246575342465
1.0,2.0,4.0,1.0,1.0,1.0,63.0,32.0,0,0.5015625,0.00390625,512.0,6400000.0,0.5273919092465753
2.0,2.0,4.0,4.0,12.0,9.0,422.0,1184.0,0,0.9078125,64.0,256.0,6400000.0,0.9033657962328766
2.0,2.0,8.0,5.0,15.0,11.0,1939.0,1504.0,0,0.940625,4.0,64.0,6400000.0,0.9409246575342465
1.0,2.0,4.0,1.0,1.0,1.0,63.0,32.0,0,0.5015625,0.0,2048.0,6400000.0,0.5273919092465753
2.0,2.0,4.0,5.0,15.0,11.0,499.0,1504.0,0,0.940625,64.0,0.25,6400000.0,0.9409246575342465
2.0,2.0,4.0,5.0,14.0,10.0,466.0,1344.0,0,0.9078125,256.0,16.0,6400000.0,0.9033657962328766
2.0,2.0,8.0,12.0,36.0,44.0,3263.0,6784.0,0,0.9640625,8.0,0.5,6400000.0,0.9593146098336595
2.0,2.0,4.0,5.0,15.0,11.0,499.0,1504.0,0,0.940625,128.0,2.0,6400000.0,0.9409246575342465
1.0,2.0,8.0,1.0,1.0,1.0,543.0,32.0,0,0.5015625,8.0,512.0,6400000.0,0.5273919092465753
2.0,2.0,4.0,5.0,15.0,11.0,499.0,1504.0,0,0.940625,0.5,256.0,6400000.0,0.9033657962328766
2.0,2.0,2.0,4.0,9.0,6.0,247.0,704.0,0,0.9078125,32.0,0.000976562,6400000.0,0.8740115887964773
2.0,2.0,4.0,8.0,19.0,16.0,584.0,2304.0,0,0.940625,1.0,0.00195312,6400000.0,0.9409246575342465
2.0,2.0,4.0,8.0,19.0,16.0,584.0,2304.0,0,0.940625,0.00390625,0.5,6400000.0,0.9409246575342465
2.0,2.0,8.0,8.0,28.0,28.0,2820.0,4224.0,0,0.959375,16.0,0.00390625,6400000.0,0.9597059992661447
2.0,2.0,4.0,5.0,15.0,11.0,499.0,1504.0,0,0.940625,256.0,0.015625,6400000.0,0.9033657962328766
1.0,2.0,2.0,1.0,1.0,1.0,39.0,32.0,0,0.5015625,1024.0,0.015625,6400000.0,0.5273919092465753
1.0,2.0,2.0,1.0,1.0,1.0,39.0,32.0,0,0.5015625,1024.0,16.0,6400000.0,0.5273919092465753
2.0,2.0,4.0,5.0,15.0,11.0,499.0,1504.0,0,0.940625,128.0,0.00195312,6400000.0,0.9409246575342465
1.0,2.0,4.0,1.0,1.0,1.0,63.0,32.0,0,0.5015625,512.0,0.125,6400000.0,0.5273919092465753
2.0,2.0,4.0,8.0,19.0,16.0,584.0,2304.0,0,0.940625,0.0625,0.000976562,6400000.0,0.9409246575342465
2.0,2.0,2.0,4.0,9.0,6.0,247.0,704.0,0,0.9078125,32.0,1.0,6400000.0,0.8740115887964773
1.0,2.0,2.0,1.0,1.0,1.0,39.0,32.0,0,0.5015625,32.0,1024.0,6400000.0,0.5273919092465753
2.0,2.0,4.0,8.0,19.0,16.0,584.0,2304.0,0,0.940625,0.0078125,0.00390625,6400000.0,0.9409246575342465
1.0,2.0,4.0,1.0,1.0,1.0,63.0,32.0,0,0.5015625,1024.0,1024.0,6400000.0,0.5273919092465753
1.0,2.0,4.0,1.0,1.0,1.0,63.0,32.0,0,0.5015625,256.0,16384.0,6400000.0,0.5273919092465753
1.0,2.0,4.0,1.0,1.0,1.0,63.0,32.0,0,0.5015625,1024.0,0.000976562,6400000.0,0.5273919092465753
1.0,2.0,4.0,1.0,1.0,1.0,63.0,32.0,0,0.5015625,1024.0,1.0,6400000.0,0.5273919092465753
1.0,2.0,4.0,1.0,1.0,1.0,63.0,32.0,0,0.5015625,512.0,128.0,6400000.0,0.5273919092465753
1.0,2.0,2.0,1.0,1.0,1.0,39.0,32.0,0,0.5015625,1024.0,16384.0,6400000.0,0.5273919092465753
1.0,2.0,2.0,1.0,1.0,1.0,39.0,32.0,0,0.5015625,2048.0,0.125,6400000.0,0.5273919092465753
2.0,2.0,4.0,7.0,19.0,16.0,605.0,2304.0,0,0.940625,1.0,2.0,6400000.0,0.9409246575342465
2.0,2.0,8.0,8.0,28.0,28.0,2820.0,4224.0,0,0.959375,16.0,4.0,6400000.0,0.9597059992661447
1.0,2.0,8.0,1.0,1.0,1.0,543.0,32.0,0,0.5015625,1024.0,256.0,6400000.0,0.5273919092465753
1.0,2.0,4.0,1.0,1.0,1.0,63.0,32.0,0,0.5015625,2048.0,0.0078125,6400000.0,0.5273919092465753
1.0,2.0,4.0,1.0,1.0,1.0,63.0,32.0,0,0.5015625,2048.0,8.0,6400000.0,0.5273919092465753
1.0,2.0,2.0,1.0,1.0,1.0,39.0,32.0,0,0.5015625,4096.0,0.000976562,6400000.0,0.5273919092465753
2.0,2.0,4.0,8.0,19.0,16.0,584.0,2304.0,0,0.940625,0.000976562,0.015625,6400000.0,0.9409246575342465
1.0,2.0,2.0,1.0,1.0,1.0,39.0,32.0,0,0.5015625,2048.0,128.0,6400000.0,0.5273919092465753
1.0,2.0,4.0,1.0,1.0,1.0,63.0,32.0,0,0.5015625,1.0,2048.0,6400000.0,0.5273919092465753
1.0,2.0,4.0,1.0,1.0,1.0,63.0,32.0,0,0.5015625,2048.0,8192.0,6400000.0,0.5273919092465753
1.0,2.0,4.0,1.0,1.0,1.0,63.0,32.0,0,0.5015625,4096.0,64.0,6400000.0,0.5273919092465753
2.0,2.0,8.0,5.0,15.0,11.0,1939.0,1504.0,0,0.940625,256.0,0.0078125,6400000.0,0.9033657962328766
2.0,2.0,2.0,3.0,8.0,6.0,233.0,704.0,0,0.75,64.0,0.0078125,6400000.0,0.8047356592465753
2.0,2.0,2.0,3.0,8.0,6.0,233.0,704.0,0,0.75,64.0,8.0,6400000.0,0.7844231592465754
2.0,2.0,2.0,3.0,8.0,6.0,233.0,704.0,0,0.75,128.0,0.0625,6400000.0,0.7844231592465754
1.0,2.0,8.0,1.0,1.0,1.0,543.0,32.0,0,0.5015625,16.0,4096.0,6400000.0,0.5273919092465753
2.0,2.0,4.0,5.0,15.0,11.0,499.0,1504.0,0,0.940625,0.000976562,16.0,6400000.0,0.9409246575342465
1.0,2.0,4.0,1.0,1.0,1.0,63.0,32.0,0,0.5015625,4096.0,0.0625,6400000.0,0.5273919092465753
1.0,2.0,2.0,1.0,1.0,1.0,39.0,32.0,0,0.5015625,64.0,8192.0,6400000.0,0.5273919092465753
1.0,2.0,4.0,1.0,1.0,1.0,63.0,32.0,0,0.5015625,8192.0,0.5,6400000.0,0.5273919092465753
1.0,2.0,8.0,1.0,1.0,1.0,543.0,32.0,0,0.5015625,2048.0,0.00195312,6400000.0,0.5273919092465753
2.0,2.0,2.0,3.0,8.0,6.0,233.0,704.0,0,0.75,128.0,64.0,6400000.0,0.7844231592465754
1.0,2.0,4.0,1.0,1.0,1.0,63.0,32.0,0,0.5015625,8192.0,0.0,6400000.0,0.5273919092465753
2.0,2.0,4.0,5.0,15.0,11.0,499.0,1504.0,0,0.940625,2.0,16.0,6400000.0,0.9409246575342465
1.0,2.0,4.0,1.0,1.0,1.0,63.0,32.0,0,0.5015625,8192.0,512.0,6400000.0,0.5273919092465753
1.0,2.0,4.0,1.0,1.0,1.0,63.0,32.0,0,0.5015625,16384.0,0.00390625,6400000.0,0.5273919092465753
2.0,2.0,4.0,7.0,19.0,16.0,605.0,2304.0,0,0.940625,2.0,0.015625,6400000.0,0.9409246575342465
1.0,2.0,2.0,1.0,1.0,1.0,39.0,32.0,0,0.5015625,8192.0,8.0,6400000.0,0.5273919092465753
2.0,2.0,4.0,7.0,19.0,16.0,605.0,2304.0,0,0.940625,0.0625,1.0,6400000.0,0.9409246575342465
2.0,2.0,8.0,8.0,28.0,28.0,2820.0,4224.0,0,0.959375,32.0,0.03125,6400000.0,0.9597059992661447
2.0,2.0,8.0,5.0,15.0,11.0,1939.0,1504.0,0,0.940625,256.0,8.0,6400000.0,0.9033657962328766
1.0,2.0,2.0,1.0,1.0,1.0,39.0,32.0,0,0.5015625,4096.0,1.0,6400000.0,0.5273919092465753
1.0,2.0,2.0,1.0,1.0,1.0,39.0,32.0,0,0.5015625,8192.0,8192.0,6400000.0,0.5273919092465753
1.0,2.0,2.0,1.0,1.0,1.0,39.0,32.0,0,0.5015625,4096.0,1024.0,6400000.0,0.5273919092465753
1.0,2.0,4.0,1.0,1.0,1.0,63.0,32.0,0,0.5015625,2.0,16384.0,6400000.0,0.5273919092465753
2.0,2.0,4.0,7.0,19.0,16.0,605.0,2304.0,0,0.940625,4.0,0.125,6400000.0,0.9409246575342465
2.0,2.0,4.0,7.0,19.0,16.0,605.0,2304.0,0,0.940625,0.0078125,4.0,6400000.0,0.9409246575342465
1.0,2.0,2.0,1.0,1.0,1.0,39.0,32.0,0,0.5015625,8192.0,0.0078125,6400000.0,0.5273919092465753
1.0,2.0,4.0,1.0,1.0,1.0,63.0,32.0,0,0.5015625,0.0625,1024.0,6400000.0,0.5273919092465753
1.0,2.0,8.0,1.0,1.0,1.0,543.0,32.0,0,0.5015625,256.0,8192.0,6400000.0,0.5273919092465753
1.0,2.0,4.0,1.0,1.0,1.0,63.0,32.0,0,0.5015625,16384.0,4096.0,6400000.0,0.5273919092465753
2.0,2.0,2.0,3.0,8.0,6.0,233.0,704.0,0,0.75,256.0,0.0,6400000.0,0.7844231592465754
1.0,2.0,4.0,1.0,1.0,1.0,63.0,32.0,0,0.5015625,32768.0,0.03125,6400000.0,0.5273919092465753
2.0,2.0,8.0,15.0,40.0,41.0,3325.0,6304.0,0,0.9640625,0.0,0.25,6400000.0,0.9624434319960861
1.0,2.0,4.0,1.0,1.0,1.0,63.0,32.0,0,0.5015625,16384.0,4.0,6400000.0,0.5273919092465753
1.0,2.0,4.0,1.0,1.0,1.0,63.0,32.0,0,0.5015625,32768.0,32768.0,6400000.0,0.5273919092465753
1.0,2.0,4.0,1.0,1.0,1.0,63.0,32.0,0,0.5015625,0.0078125,4096.0,6400000.0,0.5273919092465753
2.0,2.0,8.0,15.0,40.0,41.0,3325.0,6304.0,0,0.9640625,0.000976562,0.00195312,6400000.0,0.961662181996086
2.0,2.0,2.0,3.0,8.0,6.0,233.0,704.0,0,0.75,256.0,0.5,6400000.0,0.7844231592465754
1.0,2.0,4.0,1.0,1.0,1.0,63.0,32.0,0,0.5015625,32768.0,32.0,6400000.0,0.5273919092465753
1.0,2.0,2.0,1.0,1.0,1.0,39.0,32.0,0,0.5015625,16384.0,0.0625,6400000.0,0.5273919092465753
2.0,2.0,8.0,5.0,15.0,11.0,1939.0,1504.0,0,0.940625,0.0,256.0,6400000.0,0.9033657962328766
1.0,2.0,2.0,1.0,1.0,1.0,39.0,32.0,0,0.5015625,16384.0,64.0,6400000.0,0.5273919092465753
2.0,2.0,8.0,5.0,15.0,11.0,1939.0,1504.0,0,0.940625,32.0,32.0,6400000.0,0.9409246575342465
2.0,2.0,4.0,8.0,19.0,16.0,584.0,2304.0,0,0.940625,0.015625,0.03125,6400000.0,0.9409246575342465
2.0,2.0,8.0,14.0,38.0,40.0,3281.0,6144.0,0,0.9640625,0.000976562,2.0,6400000.0,0.9608778742661448
2.0,2.0,4.0,5.0,15.0,11.0,499.0,1504.0,0,0.940625,4.0,128.0,6400000.0,0.9409246575342465
2.0,2.0,8.0,15.0,40.0,41.0,3325.0,6304.0,0,0.9640625,0.00195312,0.015625,6400000.0,0.961662181996086
1.0,2.0,2.0,1.0,1.0,1.0,39.0,32.0,0,0.5015625,32768.0,0.5,6400000.0,0.5273919092465753
1.0,2.0,2.0,1.0,1.0,1.0,39.0,32.0,0,0.5015625,32768.0,0.0,6400000.0,0.5273919092465753
2.0,2.0,4.0,8.0,19.0,16.0,584.0,2304.0,0,0.940625,0.125,0.0078125,6400000.0,0.9409246575342465
1.0,2.0,2.0,1.0,1.0,1.0,39.0,32.0,0,0.5015625,256.0,512.0,6400000.0,0.5273919092465753
2.0,2.0,8.0,8.0,27.0,27.0,2787.0,4064.0,0,0.959375,0.00195312,16.0,6400000.0,0.9585318309686889
1.0,2.0,8.0,1.0,1.0,1.0,543.0,32.0,0,0.5015625,0.000976562,2048.0,6400000.0,0.5273919092465753
1.0,2.0,8.0,1.0,1.0,1.0,543.0,32.0,0,0.5015625,0.00195312,16384.0,6400000.0,0.5273919092465753
2.0,2.0,4.0,6.0,17.0,16.0,562.0,2304.0,0,0.940625,0.125,8.0,6400000.0,0.9409246575342465
1.0,2.0,8.0,1.0,1.0,1.0,543.0,32.0,0,0.5015625,32.0,32768.0,6400000.0,0.5273919092465753
1.0,2.0,8.0,1.0,1.0,1.0,543.0,32.0,0,0.5015625,512.0,0.0625,6400000.0,0.5273919092465753
1.0,2.0,2.0,1.0,1.0,1.0,39.0,32.0,0,0.5015625,32768.0,512.0,6400000.0,0.5273919092465753
1.0,2.0,4.0,1.0,1.0,1.0,63.0,32.0,0,0.5015625,0.000976562,16384.0,6400000.0,0.5273919092465753
1.0,2.0,8.0,1.0,1.0,1.0,543.0,32.0,0,0.5015625,2048.0,2.0,6400000.0,0.5273919092465753
1.0,2.0,8.0,1.0,1.0,1.0,543.0,32.0,0,0.5015625,512.0,64.0,6400000.0,0.5273919092465753
2.0,2.0,4.0,8.0,19.0,16.0,584.0,2304.0,0,0.940625,0.00195312,0.125,6400000.0,0.9409246575342465
2.0,2.0,8.0,15.0,40.0,41.0,3325.0,6304.0,0,0.9640625,0.00390625,0.125,6400000.0,0.9624434319960861
2.0,2.0,8.0,15.0,40.0,41.0,3325.0,6304.0,0,0.9640625,0.0078125,0.000976562,6400000.0,0.961662181996086
2.0,2.0,4.0,7.0,19.0,16.0,605.0,2304.0,0,0.940625,0.0,4.0,6400000.0,0.9409246575342465
2.0,2.0,8.0,5.0,15.0,11.0,1939.0,1504.0,0,0.940625,0.00390625,128.0,6400000.0,0.9409246575342465
2.0,2.0,8.0,14.0,38.0,39.0,3280.0,5984.0,0,0.9640625,0.0078125,1.0,6400000.0,0.9620520425636009
1.0,2.0,8.0,1.0,1.0,1.0,543.0,32.0,0,0.5015625,0.0078125,1024.0,6400000.0,0.5273919092465753
1.0,2.0,8.0,1.0,1.0,1.0,543.0,32.0,0,0.5015625,0.015625,8192.0,6400000.0,0.5273919092465753
2.0,2.0,8.0,5.0,15.0,11.0,1939.0,1504.0,0,0.940625,64.0,0.25,6400000.0,0.9409246575342465
1.0,2.0,2.0,1.0,1.0,1.0,39.0,32.0,0,0.5015625,512.0,0.00390625,6400000.0,0.5273919092465753
2.0,2.0,4.0,5.0,15.0,11.0,499.0,1504.0,0,0.940625,0.015625,32.0,6400000.0,0.9409246575342465
2.0,2.0,4.0,8.0,19.0,16.0,584.0,2304.0,0,0.940625,0.0,0.00390625,6400000.0,0.9409246575342465
1.0,2.0,4.0,1.0,1.0,1.0,63.0,32.0,0,0.5015625,0.015625,32768.0,6400000.0,0.5273919092465753
2.0,2.0,8.0,12.0,36.0,44.0,3263.0,6784.0,0,0.9640625,0.015625,8.0,6400000.0,0.9577490521037181
2.0,2.0,8.0,5.0,15.0,11.0,1939.0,1504.0,0,0.940625,0.03125,64.0,6400000.0,0.9409246575342465
2.0,2.0,8.0,15.0,40.0,41.0,3325.0,6304.0,0,0.9640625,0.03125,0.0625,6400000.0,0.961662181996086
2.0,2.0,8.0,15.0,40.0,41.0,3325.0,6304.0,0,0.9640625,0.015625,0.0078125,6400000.0,0.961662181996086
1.0,2.0,8.0,1.0,1.0,1.0,543.0,32.0,0,0.5015625,1024.0,0.0,6400000.0,0.5273919092465753
1.0,2.0,2.0,1.0,1.0,1.0,39.0,32.0,0,0.5015625,512.0,4.0,6400000.0,0.5273919092465753
2.0,2.0,4.0,5.0,15.0,11.0,499.0,1504.0,0,0.940625,0.00195312,128.0,6400000.0,0.9409246575342465
2.0,2.0,8.0,15.0,40.0,41.0,3325.0,6304.0,0,0.9640625,0.0625,0.0,6400000.0,0.961662181996086
1.0,2.0,4.0,1.0,1.0,1.0,63.0,32.0,0,0.5015625,0.125,8192.0,6400000.0,0.5273919092465753
1.0,2.0,8.0,1.0,1.0,1.0,543.0,32.0,0,0.5015625,0.0625,512.0,6400000.0,0.5273919092465753
2.0,2.0,8.0,15.0,40.0,41.0,3325.0,6304.0,0,0.9640625,0.0625,0.5,6400000.0,0.9620520425636009
2.0,2.0,8.0,14.0,39.0,42.0,3315.0,6464.0,0,0.9640625,0.125,4.0,6400000.0,0.9604864848336595
2.0,2.0,8.0,5.0,15.0,11.0,1939.0,1504.0,0,0.940625,128.0,0.00195312,6400000.0,0.9409246575342465
1.0,2.0,8.0,1.0,1.0,1.0,543.0,32.0,0,0.5015625,0.125,4096.0,6400000.0,0.5273919092465753
2.0,2.0,8.0,15.0,40.0,41.0,3325.0,6304.0,0,0.9640625,0.125,0.00390625,6400000.0,0.9624434319960861
1.0,2.0,8.0,1.0,1.0,1.0,543.0,32.0,0,0.5015625,0.25,32768.0,6400000.0,0.5273919092465753
2.0,2.0,4.0,6.0,17.0,16.0,562.0,2304.0,0,0.940625,8.0,1.0,6400000.0,0.9409246575342465
1.0,2.0,8.0,1.0,1.0,1.0,543.0,32.0,0,0.5015625,4096.0,16.0,6400000.0,0.5273919092465753
2.0,2.0,8.0,5.0,15.0,11.0,1939.0,1504.0,0,0.940625,0.5,256.0,6400000.0,0.9033657962328766
2.0,2.0,4.0,6.0,17.0,16.0,562.0,2304.0,0,0.940625,8.0,0.000976562,6400000.0,0.9409246575342465
2.0,2.0,8.0,4.0,12.0,9.0,1862.0,1184.0,0,0.9078125,64.0,256.0,6400000.0,0.9033657962328766
1.0,2.0,8.0,1.0,1.0,1.0,543.0,32.0,0,0.5015625,2048.0,2048.0,6400000.0,0.5273919092465753
2.0,2.0,4.0,8.0,19.0,16.0,584.0,2304.0,0,0.940625,0.25,0.0625,6400000.0,0.9409246575342465
2.0,2.0,8.0,8.0,27.0,27.0,2787.0,4064.0,0,0.959375,0.25,32.0,6400000.0,0.9585318309686889
2.0,2.0,4.0,8.0,19.0,16.0,584.0,2304.0,0,0.940625,0.03125,0.25,6400000.0,0.9409246575342465
1.0,2.0,8.0,1.0,1.0,1.0,543.0,32.0,0,0.5015625,4096.0,0.015625,6400000.0,0.5273919092465753
2.0,2.0,8.0,15.0,40.0,41.0,3325.0,6304.0,0,0.9640625,0.25,0.03125,6400000.0,0.9624434319960861
1.0,2.0,4.0,1.0,1.0,1.0,63.0,32.0,0,0.5015625,8.0,1024.0,6400000.0,0.5273919092465753
2.0,2.0,8.0,14.0,37.0,39.0,3248.0,5984.0,0,0.9640625,0.5,0.25,6400000.0,0.9620520425636009
2.0,2.0,4.0,5.0,15.0,11.0,499.0,1504.0,0,0.940625,16.0,0.0078125,6400000.0,0.9409246575342465
1.0,2.0,8.0,1.0,1.0,1.0,543.0,32.0,0,0.5015625,1.0,2048.0,6400000.0,0.5273919092465753
2.0,2.0,8.0,14.0,38.0,40.0,3281.0,6144.0,0,0.9640625,1.0,2.0,6400000.0,0.9620520425636009
2.0,2.0,8.0,14.0,38.0,39.0,3280.0,5984.0,0,0.9640625,1.0,0.00195312,6400000.0,0.9620520425636009
1.0,2.0,2.0,1.0,1.0,1.0,39.0,32.0,0,0.5015625,512.0,4096.0,6400000.0,0.5273919092465753
1.0,2.0,8.0,1.0,1.0,1.0,543.0,32.0,0,0.5015625,1024.0,0.5,6400000.0,0.5273919092465753
2.0,2.0,4.0,5.0,15.0,11.0,499.0,1504.0,0,0.940625,16.0,8.0,6400000.0,0.9409246575342465
2.0,2.0,4.0,8.0,19.0,16.0,584.0,2304.0,0,0.940625,0.00390625,0.000976562,6400000.0,0.9409246575342465
2.0,2.0,4.0,5.0,15.0,11.0,499.0,1504.0,0,0.940625,0.25,64.0,6400000.0,0.9409246575342465
1.0,2.0,8.0,1.0,1.0,1.0,543.0,32.0,0,0.5015625,2.0,16384.0,6400000.0,0.5273919092465753
1.0,2.0,8.0,1.0,1.0,1.0,543.0,32.0,0,0.5015625,128.0,2048.0,6400000.0,0.5273919092465753
2.0,2.0,8.0,8.0,27.0,27.0,2787.0,4064.0,0,0.959375,2.0,16.0,6400000.0,0.9585318309686889
2.0,2.0,4.0,8.0,19.0,16.0,584.0,2304.0,0,0.940625,0.5,0.0,6400000.0,0.9409246575342465
2.0,2.0,4.0,5.0,15.0,11.0,499.0,1504.0,0,0.940625,32.0,64.0,6400000.0,0.9409246575342465
2.0,2.0,4.0,5.0,15.0,11.0,499.0,1504.0,0,0.940625,32.0,0.0625,6400000.0,0.9409246575342465
2.0,2.0,8.0,14.0,38.0,40.0,3281.0,6144.0,0,0.9640625,2.0,0.015625,6400000.0,0.9608778742661448
2.0,2.0,4.0,5.0,15.0,11.0,499.0,1504.0,0,0.940625,64.0,0.0,6400000.0,0.9409246575342465
2.0,2.0,8.0,5.0,15.0,11.0,1939.0,1504.0,0,0.940625,128.0,2.0,6400000.0,0.9409246575342465
2.0,2.0,8.0,14.0,39.0,42.0,3315.0,6464.0,0,0.9640625,4.0,0.125,6400000.0,0.9604864848336595
1.0,2.0,4.0,1.0,1.0,1.0,63.0,32.0,0,0.5015625,0.0,4096.0,6400000.0,0.5273919092465753
2.0,2.0,4.0,8.0,19.0,16.0,584.0,2304.0,0,0.940625,0.5,0.5,6400000.0,0.9409246575342465
1.0,2.0,4.0,1.0,1.0,1.0,63.0,32.0,0,0.5015625,64.0,512.0,6400000.0,0.5273919092465753
2.0,2.0,4.0,5.0,15.0,11.0,499.0,1504.0,0,0.940625,0.03125,256.0,6400000.0,0.9033657962328766
1.0,2.0,4.0,1.0,1.0,1.0,63.0,32.0,0,0.5015625,0.00390625,1024.0,6400000.0,0.5273919092465753
2.0,2.0,8.0,12.0,36.0,44.0,3263.0,6784.0,0,0.9640625,8.0,1.0,6400000.0,0.9604887781311154
1.0,2.0,4.0,1.0,1.0,1.0,63.0,32.0,0,0.5015625,16.0,8192.0,6400000.0,0.5273919092465753
2.0,2.0,4.0,4.0,12.0,9.0,422.0,1184.0,0,0.9078125,256.0,32.0,6400000.0,0.9033657962328766
2.0,2.0,8.0,5.0,15.0,11.0,1939.0,1504.0,0,0.940625,4.0,128.0,6400000.0,0.9409246575342465
2.0,2.0,8.0,12.0,36.0,44.0,3263.0,6784.0,0,0.9640625,8.0,0.000976562,6400000.0,0.9593146098336595
2.0,2.0,4.0,5.0,15.0,11.0,499.0,1504.0,0,0.940625,64.0,0.5,6400000.0,0.9409246575342465
1.0,2.0,4.0,1.0,1.0,1.0,63.0,32.0,0,0.5015625,128.0,4096.0,6400000.0,0.5273919092465753
1.0,2.0,4.0,1.0,1.0,1.0,63.0,32.0,0,0.5015625,0.5,512.0,6400000.0,0.5273919092465753
1.0,2.0,8.0,1.0,1.0,1.0,543.0,32.0,0,0.5015625,4096.0,16384.0,6400000.0,0.5273919092465753
1.0,2.0,8.0,1.0,1.0,1.0,543.0,32.0,0,0.5015625,8.0,1024.0,6400000.0,0.5273919092465753
2.0,2.0,4.0,5.0,15.0,11.0,499.0,1504.0,0,0.940625,128.0,4.0,6400000.0,0.9409246575342465
2.0,2.0,4.0,8.0,19.0,16.0,584.0,2304.0,0,0.940625,0.00390625,1.0,6400000.0,0.9409246575342465
1.0,2.0,8.0,1.0,1.0,1.0,543.0,32.0,0,0.5015625,8192.0,0.125,6400000.0,0.5273919092465753
2.0,2.0,4.0,8.0,19.0,16.0,584.0,2304.0,0,0.940625,1.0,0.00390625,6400000.0,0.9409246575342465
2.0,2.0,4.0,5.0,15.0,11.0,499.0,1504.0,0,0.940625,256.0,0.03125,6400000.0,0.9033657962328766
2.0,2.0,8.0,8.0,28.0,28.0,2820.0,4224.0,0,0.959375,16.0,0.0078125,6400000.0,0.9597059992661447
1.0,2.0,2.0,1.0,1.0,1.0,39.0,32.0,0,0.5015625,1024.0,0.03125,6400000.0,0.5273919092465753
1.0,2.0,2.0,1.0,1.0,1.0,39.0,32.0,0,0.5015625,1024.0,32.0,6400000.0,0.5273919092465753
2.0,2.0,4.0,5.0,15.0,11.0,499.0,1504.0,0,0.940625,128.0,0.00390625,6400000.0,0.9409246575342465
1.0,2.0,4.0,1.0,1.0,1.0,63.0,32.0,0,0.5015625,512.0,0.25,6400000.0,0.5273919092465753
2.0,2.0,4.0,8.0,19.0,16.0,584.0,2304.0,0,0.940625,0.0625,0.00195312,6400000.0,0.9409246575342465
2.0,2.0,4.0,8.0,19.0,16.0,584.0,2304.0,0,0.940625,0.0078125,0.0078125,6400000.0,0.9409246575342465
1.0,2.0,8.0,1.0,1.0,1.0,543.0,32.0,0,0.5015625,8192.0,128.0,6400000.0,0.5273919092465753
1.0,2.0,8.0,1.0,1.0,1.0,543.0,32.0,0,0.5015625,16384.0,0.000976562,6400000.0,0.5273919092465753
1.0,2.0,4.0,1.0,1.0,1.0,63.0,32.0,0,0.5015625,1024.0,2048.0,6400000.0,0.5273919092465753
1.0,2.0,4.0,1.0,1.0,1.0,63.0,32.0,0,0.5015625,1024.0,0.00195312,6400000.0,0.5273919092465753
1.0,2.0,4.0,1.0,1.0,1.0,63.0,32.0,0,0.5015625,512.0,256.0,6400000.0,0.5273919092465753
1.0,2.0,2.0,1.0,1.0,1.0,39.0,32.0,0,0.5015625,2048.0,0.25,6400000.0,0.5273919092465753
1.0,2.0,2.0,1.0,1.0,1.0,39.0,32.0,0,0.5015625,1024.0,32768.0,6400000.0,0.5273919092465753
1.0,2.0,4.0,1.0,1.0,1.0,63.0,32.0,0,0.5015625,256.0,32768.0,6400000.0,0.5273919092465753
2.0,2.0,8.0,8.0,28.0,28.0,2820.0,4224.0,0,0.959375,16.0,8.0,6400000.0,0.9585318309686889
1.0,2.0,8.0,1.0,1.0,1.0,543.0,32.0,0,0.5015625,1024.0,512.0,6400000.0,0.5273919092465753
1.0,2.0,4.0,1.0,1.0,1.0,63.0,32.0,0,0.5015625,1024.0,2.0,6400000.0,0.5273919092465753
1.0,2.0,4.0,1.0,1.0,1.0,63.0,32.0,0,0.5015625,2048.0,0.015625,6400000.0,0.5273919092465753
2.0,2.0,4.0,7.0,19.0,16.0,605.0,2304.0,0,0.940625,1.0,4.0,6400000.0,0.9409246575342465
1.0,2.0,4.0,1.0,1.0,1.0,63.0,32.0,0,0.5015625,2048.0,16.0,6400000.0,0.5273919092465753
1.0,2.0,2.0,1.0,1.0,1.0,39.0,32.0,0,0.5015625,4096.0,0.00195312,6400000.0,0.5273919092465753
2.0,2.0,4.0,8.0,19.0,16.0,584.0,2304.0,0,0.940625,0.000976562,0.03125,6400000.0,0.9409246575342465
1.0,2.0,4.0,1.0,1.0,1.0,63.0,32.0,0,0.5015625,1.0,4096.0,6400000.0,0.5273919092465753
1.0,2.0,4.0,1.0,1.0,1.0,63.0,32.0,0,0.5015625,2048.0,16384.0,6400000.0,0.5273919092465753
1.0,2.0,4.0,1.0,1.0,1.0,63.0,32.0,0,0.5015625,4096.0,128.0,6400000.0,0.5273919092465753
1.0,2.0,2.0,1.0,1.0,1.0,39.0,32.0,0,0.5015625,2048.0,256.0,6400000.0,0.5273919092465753
1.0,2.0,8.0,1.0,1.0,1.0,543.0,32.0,0,0.5015625,16384.0,1024.0,6400000.0,0.5273919092465753
1.0,2.0,8.0,1.0,1.0,1.0,543.0,32.0,0,0.5015625,16.0,8192.0,6400000.0,0.5273919092465753
1.0,2.0,8.0,1.0,1.0,1.0,543.0,32.0,0,0.5015625,16384.0,1.0,6400000.0,0.5273919092465753
2.0,2.0,8.0,5.0,15.0,11.0,1939.0,1504.0,0,0.940625,256.0,0.015625,6400000.0,0.9033657962328766
1.0,2.0,8.0,1.0,1.0,1.0,543.0,32.0,0,0.5015625,32768.0,0.0078125,6400000.0,0.5273919092465753
1.0,2.0,4.0,1.0,1.0,1.0,63.0,32.0,0,0.5015625,4096.0,0.125,6400000.0,0.5273919092465753
1.0,2.0,8.0,1.0,1.0,1.0,543.0,32.0,0,0.5015625,2048.0,0.00390625,6400000.0,0.5273919092465753
2.0,2.0,4.0,5.0,15.0,11.0,499.0,1504.0,0,0.940625,0.000976562,32.0,6400000.0,0.9409246575342465
1.0,2.0,4.0,1.0,1.0,1.0,63.0,32.0,0,0.5015625,8192.0,1.0,6400000.0,0.5273919092465753
1.0,2.0,4.0,1.0,1.0,1.0,63.0,32.0,0,0.5015625,8192.0,0.000976562,6400000.0,0.5273919092465753
1.0,2.0,8.0,1.0,1.0,1.0,543.0,32.0,0,0.5015625,32768.0,8.0,6400000.0,0.5273919092465753
1.0,2.0,4.0,1.0,1.0,1.0,63.0,32.0,0,0.5015625,16384.0,0.0078125,6400000.0,0.5273919092465753
2.0,2.0,4.0,5.0,15.0,11.0,499.0,1504.0,0,0.940625,2.0,32.0,6400000.0,0.9409246575342465
2.0,2.0,4.0,7.0,19.0,16.0,605.0,2304.0,0,0.940625,2.0,0.03125,6400000.0,0.9409246575342465
1.0,2.0,4.0,1.0,1.0,1.0,63.0,32.0,0,0.5015625,8192.0,1024.0,6400000.0,0.5273919092465753
1.0,2.0,2.0,1.0,1.0,1.0,39.0,32.0,0,0.5015625,8192.0,16.0,6400000.0,0.5273919092465753
2.0,2.0,4.0,7.0,19.0,16.0,605.0,2304.0,0,0.940625,0.0625,2.0,6400000.0,0.9409246575342465
2.0,2.0,8.0,8.0,28.0,28.0,2820.0,4224.0,0,0.959375,32.0,0.0625,6400000.0,0.9597059992661447
1.0,2.0,2.0,1.0,1.0,1.0,39.0,32.0,0,0.5015625,8192.0,16384.0,6400000.0,0.5273919092465753
2.0,2.0,8.0,5.0,14.0,10.0,1906.0,1344.0,0,0.9078125,256.0,16.0,6400000.0,0.9033657962328766
1.0,2.0,4.0,1.0,1.0,1.0,63.0,32.0,0,0.5015625,2.0,32768.0,6400000.0,0.5273919092465753
1.0,2.0,2.0,1.0,1.0,1.0,39.0,32.0,0,0.5015625,4096.0,2.0,6400000.0,0.5273919092465753
1.0,2.0,2.0,1.0,1.0,1.0,39.0,32.0,0,0.5015625,4096.0,2048.0,6400000.0,0.5273919092465753
1.0,2.0,4.0,1.0,1.0,1.0,63.0,32.0,0,0.5015625,0.0625,2048.0,6400000.0,0.5273919092465753
2.0,2.0,4.0,6.0,17.0,16.0,562.0,2304.0,0,0.940625,0.0078125,8.0,6400000.0,0.9409246575342465
1.0,2.0,8.0,1.0,1.0,1.0,543.0,32.0,0,0.5015625,256.0,16384.0,6400000.0,0.5273919092465753
2.0,2.0,4.0,7.0,19.0,16.0,605.0,2304.0,0,0.940625,4.0,0.25,6400000.0,0.9409246575342465
2.0,2.0,8.0,15.0,40.0,41.0,3325.0,6304.0,0,0.9640625,0.0,0.5,6400000.0,0.9620520425636009
1.0,2.0,8.0,1.0,1.0,1.0,543.0,32.0,0,0.5015625,32768.0,8192.0,6400000.0,0.5273919092465753
2.0,2.0,8.0,18.0,45.0,45.0,3681.0,6944.0,0,0.9640625,0.0,0.0,6400000.0,0.961662181996086
1.0,2.0,2.0,1.0,1.0,1.0,39.0,32.0,0,0.5015625,8192.0,0.015625,6400000.0,0.5273919092465753
1.0,2.0,4.0,1.0,1.0,1.0,63.0,32.0,0,0.5015625,16384.0,8.0,6400000.0,0.5273919092465753
1.0,2.0,4.0,1.0,1.0,1.0,63.0,32.0,0,0.5015625,16384.0,8192.0,6400000.0,0.5273919092465753
1.0,2.0,4.0,1.0,1.0,1.0,63.0,32.0,0,0.5015625,0.0078125,8192.0,6400000.0,0.5273919092465753
1.0,2.0,4.0,1.0,1.0,1.0,63.0,32.0,0,0.5015625,32768.0,0.0625,6400000.0,0.5273919092465753
4.0,4.0,1.0,4.0,11.0,8.0,301.0,768.0,0,0.9078125,0.0,0.0625,6400000.0,0.8404186032289628
2.0,2.0,8.0,15.0,40.0,41.0,3325.0,6304.0,0,0.9640625,0.000976562,0.00390625,6400000.0,0.961662181996086
1.0,2.0,2.0,1.0,1.0,1.0,39.0,32.0,0,0.5015625,16384.0,0.125,6400000.0,0.5273919092465753
1.0,2.0,8.0,1.0,1.0,1.0,543.0,32.0,0,0.5015625,0.0,512.0,6400000.0,0.5273919092465753
2.0,2.0,8.0,5.0,15.0,11.0,1939.0,1504.0,0,0.940625,32.0,64.0,6400000.0,0.9409246575342465
1.0,2.0,2.0,1.0,1.0,1.0,39.0,32.0,0,0.5015625,16384.0,128.0,6400000.0,0.5273919092465753
2.0,2.0,4.0,5.0,15.0,11.0,499.0,1504.0,0,0.940625,4.0,256.0,6400000.0,0.9033657962328766
1.0,2.0,4.0,1.0,1.0,1.0,63.0,32.0,0,0.5015625,32768.0,64.0,6400000.0,0.5273919092465753
2.0,2.0,4.0,8.0,19.0,16.0,584.0,2304.0,0,0.940625,0.015625,0.0625,6400000.0,0.9409246575342465
2.0,2.0,8.0,15.0,40.0,41.0,3325.0,6304.0,0,0.9640625,0.00195312,0.03125,6400000.0,0.961662181996086
2.0,2.0,8.0,8.0,27.0,27.0,2787.0,4064.0,0,0.959375,0.00195312,32.0,6400000.0,0.9585318309686889
1.0,2.0,2.0,1.0,1.0,1.0,39.0,32.0,0,0.5015625,32768.0,1.0,6400000.0,0.5273919092465753
2.0,2.0,8.0,14.0,39.0,42.0,3315.0,6464.0,0,0.9640625,0.000976562,4.0,6400000.0,0.9604864848336595
2.0,2.0,4.0,8.0,19.0,16.0,584.0,2304.0,0,0.940625,0.125,0.015625,6400000.0,0.9409246575342465
4.0,4.0,1.0,3.0,10.0,8.0,289.0,768.0,0,0.7546875,0.0,64.0,6400000.0,0.758226822407045
1.0,2.0,2.0,1.0,1.0,1.0,39.0,32.0,0,0.5015625,32768.0,0.000976562,6400000.0,0.5273919092465753
2.0,2.0,4.0,5.0,15.0,11.0,499.0,1504.0,0,0.940625,0.125,16.0,6400000.0,0.9409246575342465
1.0,2.0,8.0,1.0,1.0,1.0,543.0,32.0,0,0.5015625,0.000976562,4096.0,6400000.0,0.5273919092465753
1.0,2.0,8.0,1.0,1.0,1.0,543.0,32.0,0,0.5015625,512.0,0.125,6400000.0,0.5273919092465753
1.0,2.0,8.0,1.0,1.0,1.0,543.0,32.0,0,0.5015625,0.00195312,32768.0,6400000.0,0.5273919092465753
1.0,2.0,8.0,1.0,1.0,1.0,543.0,32.0,0,0.5015625,2048.0,4.0,6400000.0,0.5273919092465753
1.0,2.0,2.0,1.0,1.0,1.0,39.0,32.0,0,0.5015625,32768.0,1024.0,6400000.0,0.5273919092465753
2.0,2.0,8.0,5.0,15.0,11.0,1939.0,1504.0,0,0.940625,64.0,0.0,6400000.0,0.9409246575342465
1.0,2.0,8.0,1.0,1.0,1.0,543.0,32.0,0,0.5015625,512.0,128.0,6400000.0,0.5273919092465753
1.0,2.0,4.0,1.0,1.0,1.0,63.0,32.0,0,0.5015625,0.000976562,32768.0,6400000.0,0.5273919092465753
2.0,2.0,4.0,8.0,19.0,16.0,584.0,2304.0,0,0.940625,0.00195312,0.25,6400000.0,0.9409246575342465
2.0,2.0,8.0,15.0,40.0,41.0,3325.0,6304.0,0,0.9640625,0.0078125,0.00195312,6400000.0,0.961662181996086
2.0,2.0,8.0,5.0,15.0,11.0,1939.0,1504.0,0,0.940625,0.00390625,256.0,6400000.0,0.9033657962328766
2.0,2.0,8.0,14.0,38.0,40.0,3281.0,6144.0,0,0.9640625,0.0078125,2.0,6400000.0,0.9608778742661448
4.0,4.0,1.0,4.0,11.0,8.0,301.0,768.0,0,0.9078125,0.000976562,0.5,6400000.0,0.8404186032289628
2.0,2.0,8.0,15.0,40.0,41.0,3325.0,6304.0,0,0.9640625,0.00390625,0.25,6400000.0,0.9624434319960861
2.0,2.0,4.0,6.0,17.0,16.0,562.0,2304.0,0,0.940625,0.0,8.0,6400000.0,0.9409246575342465
4.0,4.0,1.0,4.0,11.0,8.0,301.0,768.0,0,0.9078125,0.000976562,0.0,6400000.0,0.8404186032289628
1.0,2.0,8.0,1.0,1.0,1.0,543.0,32.0,0,0.5015625,0.0078125,2048.0,6400000.0,0.5273919092465753
1.0,2.0,8.0,1.0,1.0,1.0,543.0,32.0,0,0.5015625,0.015625,16384.0,6400000.0,0.5273919092465753
2.0,2.0,8.0,5.0,15.0,11.0,1939.0,1504.0,0,0.940625,64.0,0.5,6400000.0,0.9409246575342465
2.0,2.0,4.0,5.0,15.0,11.0,499.0,1504.0,0,0.940625,0.015625,64.0,6400000.0,0.9409246575342465
2.0,2.0,8.0,8.0,27.0,27.0,2787.0,4064.0,0,0.959375,0.015625,16.0,6400000.0,0.9585318309686889
2.0,2.0,8.0,5.0,15.0,11.0,1939.0,1504.0,0,0.940625,0.03125,128.0,6400000.0,0.9409246575342465
2.0,2.0,8.0,15.0,40.0,41.0,3325.0,6304.0,0,0.9640625,0.03125,0.125,6400000.0,0.9624434319960861
2.0,2.0,4.0,8.0,19.0,16.0,584.0,2304.0,0,0.940625,0.0,0.0078125,6400000.0,0.9409246575342465
1.0,2.0,8.0,1.0,1.0,1.0,543.0,32.0,0,0.5015625,1024.0,0.000976562,6400000.0,0.5273919092465753
2.0,2.0,4.0,8.0,19.0,16.0,584.0,2304.0,0,0.940625,0.03125,0.0,6400000.0,0.9409246575342465
1.0,4.0,1.0,1.0,1.0,1.0,35.0,32.0,0,0.5015625,0.000976562,512.0,6400000.0,0.5273919092465753
2.0,2.0,8.0,15.0,40.0,41.0,3325.0,6304.0,0,0.9640625,0.015625,0.015625,6400000.0,0.961662181996086
1.0,2.0,4.0,1.0,1.0,1.0,63.0,32.0,0,0.5015625,0.125,16384.0,6400000.0,0.5273919092465753
2.0,2.0,4.0,5.0,15.0,11.0,499.0,1504.0,0,0.940625,0.00195312,256.0,6400000.0,0.9033657962328766
2.0,2.0,8.0,15.0,40.0,41.0,3325.0,6304.0,0,0.9640625,0.0625,0.000976562,6400000.0,0.961662181996086
2.0,2.0,8.0,5.0,15.0,11.0,1939.0,1504.0,0,0.940625,128.0,0.00390625,6400000.0,0.9409246575342465
1.0,2.0,8.0,1.0,1.0,1.0,543.0,32.0,0,0.5015625,0.0625,1024.0,6400000.0,0.5273919092465753
2.0,2.0,8.0,12.0,36.0,44.0,3263.0,6784.0,0,0.9640625,0.125,8.0,6400000.0,0.9577490521037181
1.0,2.0,8.0,1.0,1.0,1.0,543.0,32.0,0,0.5015625,2048.0,4096.0,6400000.0,0.5273919092465753
2.0,2.0,8.0,14.0,38.0,39.0,3280.0,5984.0,0,0.9640625,0.0625,1.0,6400000.0,0.9620520425636009
2.0,2.0,4.0,6.0,17.0,12.0,558.0,1664.0,0,0.940625,8.0,2.0,6400000.0,0.9409246575342465
1.0,2.0,8.0,1.0,1.0,1.0,543.0,32.0,0,0.5015625,64.0,512.0,6400000.0,0.5273919092465753
1.0,2.0,8.0,1.0,1.0,1.0,543.0,32.0,0,0.5015625,0.5,512.0,6400000.0,0.5273919092465753
2.0,2.0,8.0,15.0,40.0,41.0,3325.0,6304.0,0,0.9640625,0.5,0.0,6400000.0,0.9620520425636009
2.0,2.0,4.0,6.0,17.0,16.0,562.0,2304.0,0,0.940625,8.0,0.00195312,6400000.0,0.9409246575342465
2.0,2.0,8.0,5.0,15.0,11.0,1939.0,1504.0,0,0.940625,0.25,64.0,6400000.0,0.9409246575342465
2.0,2.0,8.0,15.0,40.0,41.0,3325.0,6304.0,0,0.9640625,0.125,0.0078125,6400000.0,0.9624434319960861
1.0,2.0,8.0,1.0,1.0,1.0,543.0,32.0,0,0.5015625,4096.0,32.0,6400000.0,0.5273919092465753
1.0,2.0,8.0,1.0,1.0,1.0,543.0,32.0,0,0.5015625,0.125,8192.0,6400000.0,0.5273919092465753
2.0,2.0,4.0,8.0,19.0,16.0,584.0,2304.0,0,0.940625,0.03125,0.5,6400000.0,0.9409246575342465
2.0,2.0,4.0,8.0,19.0,16.0,584.0,2304.0,0,0.940625,0.25,0.125,6400000.0,0.9409246575342465
1.0,2.0,8.0,1.0,1.0,1.0,543.0,32.0,0,0.5015625,4096.0,0.03125,6400000.0,0.5273919092465753
1.0,2.0,8.0,1.0,1.0,1.0,543.0,32.0,0,0.5015625,1.0,4096.0,6400000.0,0.5273919092465753
1.0,2.0,4.0,1.0,1.0,1.0,63.0,32.0,0,0.5015625,8.0,2048.0,6400000.0,0.5273919092465753
2.0,2.0,8.0,15.0,40.0,41.0,3325.0,6304.0,0,0.9640625,0.25,0.0625,6400000.0,0.9624434319960861
2.0,2.0,4.0,5.0,15.0,11.0,499.0,1504.0,0,0.940625,16.0,0.015625,6400000.0,0.9409246575342465
2.0,2.0,8.0,14.0,38.0,39.0,3280.0,5984.0,0,0.9640625,0.5,0.5,6400000.0,0.9620520425636009
2.0,2.0,8.0,14.0,39.0,42.0,3315.0,6464.0,0,0.9640625,1.0,4.0,6400000.0,0.958529537671233
2.0,2.0,4.0,5.0,15.0,11.0,499.0,1504.0,0,0.940625,16.0,16.0,6400000.0,0.9409246575342465
2.0,2.0,8.0,14.0,38.0,39.0,3280.0,5984.0,0,0.9640625,1.0,0.00390625,6400000.0,0.9620520425636009
2.0,2.0,4.0,5.0,15.0,11.0,499.0,1504.0,0,0.940625,0.25,128.0,6400000.0,0.9409246575342465
1.0,2.0,8.0,1.0,1.0,1.0,543.0,32.0,0,0.5015625,2.0,32768.0,6400000.0,0.5273919092465753
1.0,2.0,8.0,1.0,1.0,1.0,543.0,32.0,0,0.5015625,1024.0,1.0,6400000.0,0.5273919092465753
4.0,4.0,1.0,4.0,11.0,8.0,301.0,768.0,0,0.9078125,0.00195312,0.00390625,6400000.0,0.8404186032289628
2.0,2.0,4.0,8.0,19.0,16.0,584.0,2304.0,0,0.940625,0.00390625,0.00195312,6400000.0,0.9409246575342465
2.0,2.0,8.0,14.0,38.0,40.0,3281.0,6144.0,0,0.9640625,2.0,0.03125,6400000.0,0.9608778742661448
2.0,2.0,4.0,8.0,19.0,16.0,584.0,2304.0,0,0.940625,0.5,0.000976562,6400000.0,0.9409246575342465
2.0,2.0,8.0,8.0,27.0,27.0,2787.0,4064.0,0,0.959375,2.0,32.0,6400000.0,0.9577505809686888
1.0,2.0,8.0,1.0,1.0,1.0,543.0,32.0,0,0.5015625,128.0,4096.0,6400000.0,0.5273919092465753
2.0,2.0,4.0,5.0,15.0,11.0,499.0,1504.0,0,0.940625,32.0,128.0,6400000.0,0.9409246575342465
2.0,2.0,4.0,5.0,15.0,11.0,499.0,1504.0,0,0.940625,64.0,0.000976562,6400000.0,0.9409246575342465
2.0,2.0,4.0,5.0,15.0,11.0,499.0,1504.0,0,0.940625,32.0,0.125,6400000.0,0.9409246575342465
2.0,2.0,8.0,5.0,15.0,11.0,1939.0,1504.0,0,0.940625,128.0,4.0,6400000.0,0.9409246575342465
1.0,2.0,4.0,1.0,1.0,1.0,63.0,32.0,0,0.5015625,0.03125,512.0,6400000.0,0.5273919092465753
1.0,2.0,4.0,1.0,1.0,1.0,63.0,32.0,0,0.5015625,0.0,8192.0,6400000.0,0.5273919092465753
2.0,2.0,4.0,7.0,19.0,16.0,605.0,2304.0,0,0.940625,0.5,1.0,6400000.0,0.9409246575342465
1.0,2.0,4.0,1.0,1.0,1.0,63.0,32.0,0,0.5015625,16.0,16384.0,6400000.0,0.5273919092465753
1.0,2.0,4.0,1.0,1.0,1.0,63.0,32.0,0,0.5015625,64.0,1024.0,6400000.0,0.5273919092465753
2.0,2.0,4.0,5.0,15.0,11.0,499.0,1504.0,0,0.940625,64.0,1.0,6400000.0,0.9409246575342465
2.0,2.0,8.0,5.0,15.0,11.0,1939.0,1504.0,0,0.940625,4.0,256.0,6400000.0,0.9033657962328766
1.0,2.0,4.0,1.0,1.0,1.0,63.0,32.0,0,0.5015625,128.0,8192.0,6400000.0,0.5273919092465753
2.0,2.0,8.0,14.0,39.0,42.0,3315.0,6464.0,0,0.9640625,4.0,0.25,6400000.0,0.9604864848336595
2.0,2.0,8.0,12.0,36.0,44.0,3263.0,6784.0,0,0.9640625,8.0,0.00195312,6400000.0,0.9593146098336595
1.0,2.0,4.0,1.0,1.0,1.0,63.0,32.0,0,0.5015625,0.00390625,2048.0,6400000.0,0.5273919092465753
2.0,2.0,4.0,4.0,12.0,9.0,422.0,1184.0,0,0.9078125,256.0,64.0,6400000.0,0.9033657962328766
2.0,2.0,8.0,12.0,36.0,35.0,3254.0,5344.0,0,0.959375,8.0,2.0,6400000.0,0.9604887781311154
1.0,2.0,8.0,1.0,1.0,1.0,543.0,32.0,0,0.5015625,8192.0,0.25,6400000.0,0.5273919092465753
1.0,2.0,4.0,1.0,1.0,1.0,63.0,32.0,0,0.5015625,0.5,1024.0,6400000.0,0.5273919092465753
1.0,2.0,8.0,1.0,1.0,1.0,543.0,32.0,0,0.5015625,4096.0,32768.0,6400000.0,0.5273919092465753
2.0,2.0,4.0,5.0,15.0,11.0,499.0,1504.0,0,0.940625,128.0,8.0,6400000.0,0.9409246575342465
2.0,2.0,4.0,8.0,19.0,16.0,584.0,2304.0,0,0.940625,1.0,0.0078125,6400000.0,0.9409246575342465
1.0,2.0,8.0,1.0,1.0,1.0,543.0,32.0,0,0.5015625,8.0,2048.0,6400000.0,0.5273919092465753
2.0,2.0,8.0,8.0,28.0,28.0,2820.0,4224.0,0,0.959375,16.0,0.015625,6400000.0,0.9597059992661447
2.0,2.0,4.0,7.0,19.0,16.0,605.0,2304.0,0,0.940625,0.00390625,2.0,6400000.0,0.9409246575342465
4.0,4.0,1.0,4.0,11.0,8.0,301.0,768.0,0,0.9078125,0.00195312,4.0,6400000.0,0.8404186032289628
2.0,2.0,4.0,5.0,15.0,11.0,499.0,1504.0,0,0.940625,256.0,0.0625,6400000.0,0.9033657962328766
1.0,4.0,1.0,1.0,1.0,1.0,35.0,32.0,0,0.5015625,0.00195312,4096.0,6400000.0,0.5273919092465753
2.0,2.0,4.0,5.0,15.0,11.0,499.0,1504.0,0,0.940625,128.0,0.0078125,6400000.0,0.9409246575342465
1.0,2.0,8.0,1.0,1.0,1.0,543.0,32.0,0,0.5015625,8192.0,256.0,6400000.0,0.5273919092465753
2.0,2.0,4.0,8.0,19.0,16.0,584.0,2304.0,0,0.940625,0.0625,0.00390625,6400000.0,0.9409246575342465
1.0,2.0,8.0,1.0,1.0,1.0,543.0,32.0,0,0.5015625,16384.0,0.00195312,6400000.0,0.5273919092465753
1.0,2.0,4.0,1.0,1.0,1.0,63.0,32.0,0,0.5015625,512.0,0.5,6400000.0,0.5273919092465753
2.0,2.0,4.0,8.0,19.0,16.0,584.0,2304.0,0,0.940625,0.0078125,0.015625,6400000.0,0.9409246575342465
1.0,2.0,4.0,1.0,1.0,1.0,63.0,32.0,0,0.5015625,1024.0,4096.0,6400000.0,0.5273919092465753
1.0,2.0,4.0,1.0,1.0,1.0,63.0,32.0,0,0.5015625,512.0,512.0,6400000.0,0.5273919092465753
1.0,2.0,4.0,1.0,1.0,1.0,63.0,32.0,0,0.5015625,1024.0,0.00390625,6400000.0,0.5273919092465753
4.0,4.0,1.0,4.0,11.0,8.0,301.0,768.0,0,0.9078125,0.00390625,0.03125,6400000.0,0.8404186032289628
1.0,2.0,4.0,1.0,1.0,1.0,63.0,32.0,0,0.5015625,512.0,0.0,6400000.0,0.5273919092465753
4.0,4.0,1.0,3.0,10.0,8.0,289.0,768.0,0,0.7546875,0.00390625,32.0,6400000.0,0.758226822407045
2.0,2.0,8.0,8.0,27.0,27.0,2787.0,4064.0,0,0.959375,16.0,16.0,6400000.0,0.9585318309686889
1.0,2.0,4.0,1.0,1.0,1.0,63.0,32.0,0,0.5015625,1024.0,4.0,6400000.0,0.5273919092465753
1.0,2.0,4.0,1.0,1.0,1.0,63.0,32.0,0,0.5015625,2048.0,0.03125,6400000.0,0.5273919092465753
2.0,2.0,4.0,6.0,17.0,16.0,562.0,2304.0,0,0.940625,1.0,8.0,6400000.0,0.9409246575342465
1.0,2.0,8.0,1.0,1.0,1.0,543.0,32.0,0,0.5015625,1024.0,1024.0,6400000.0,0.5273919092465753
1.0,2.0,4.0,1.0,1.0,1.0,63.0,32.0,0,0.5015625,1.0,8192.0,6400000.0,0.5273919092465753
1.0,2.0,4.0,1.0,1.0,1.0,63.0,32.0,0,0.5015625,2048.0,32768.0,6400000.0,0.5273919092465753
2.0,2.0,4.0,8.0,19.0,16.0,584.0,2304.0,0,0.940625,0.000976562,0.0625,6400000.0,0.9409246575342465
1.0,4.0,1.0,1.0,1.0,1.0,35.0,32.0,0,0.5015625,0.00390625,32768.0,6400000.0,0.5273919092465753
1.0,2.0,4.0,1.0,1.0,1.0,63.0,32.0,0,0.5015625,4096.0,256.0,6400000.0,0.5273919092465753
1.0,2.0,4.0,1.0,1.0,1.0,63.0,32.0,0,0.5015625,2048.0,32.0,6400000.0,0.5273919092465753
4.0,4.0,1.0,4.0,11.0,8.0,301.0,768.0,0,0.9078125,0.0078125,0.25,6400000.0,0.8404186032289628
1.0,2.0,8.0,1.0,1.0,1.0,543.0,32.0,0,0.5015625,16384.0,2048.0,6400000.0,0.5273919092465753
1.0,2.0,8.0,1.0,1.0,1.0,543.0,32.0,0,0.5015625,16384.0,2.0,6400000.0,0.5273919092465753
1.0,2.0,8.0,1.0,1.0,1.0,543.0,32.0,0,0.5015625,16.0,16384.0,6400000.0,0.5273919092465753
2.0,2.0,4.0,5.0,15.0,11.0,499.0,1504.0,0,0.940625,0.000976562,64.0,6400000.0,0.9409246575342465
1.0,2.0,4.0,1.0,1.0,1.0,63.0,32.0,0,0.5015625,4096.0,0.25,6400000.0,0.5273919092465753
1.0,2.0,4.0,1.0,1.0,1.0,63.0,32.0,0,0.5015625,8192.0,0.00195312,6400000.0,0.5273919092465753
1.0,2.0,8.0,1.0,1.0,1.0,543.0,32.0,0,0.5015625,32768.0,0.015625,6400000.0,0.5273919092465753
1.0,2.0,8.0,1.0,1.0,1.0,543.0,32.0,0,0.5015625,2048.0,0.0078125,6400000.0,0.5273919092465753
2.0,2.0,8.0,5.0,15.0,11.0,1939.0,1504.0,0,0.940625,256.0,0.03125,6400000.0,0.9033657962328766
2.0,2.0,4.0,5.0,15.0,11.0,499.0,1504.0,0,0.940625,2.0,64.0,6400000.0,0.9409246575342465
1.0,2.0,8.0,1.0,1.0,1.0,543.0,32.0,0,0.5015625,32768.0,16.0,6400000.0,0.5273919092465753
1.0,2.0,4.0,1.0,1.0,1.0,63.0,32.0,0,0.5015625,16384.0,0.015625,6400000.0,0.5273919092465753
2.0,2.0,4.0,7.0,19.0,16.0,605.0,2304.0,0,0.940625,2.0,0.0625,6400000.0,0.9409246575342465
1.0,2.0,4.0,1.0,1.0,1.0,63.0,32.0,0,0.5015625,8192.0,2.0,6400000.0,0.5273919092465753
1.0,2.0,4.0,1.0,1.0,1.0,63.0,32.0,0,0.5015625,8192.0,2048.0,6400000.0,0.5273919092465753
4.0,4.0,1.0,4.0,11.0,8.0,301.0,768.0,0,0.9078125,0.015625,0.00195312,6400000.0,0.8404186032289628
2.0,2.0,4.0,7.0,19.0,16.0,605.0,2304.0,0,0.940625,0.0625,4.0,6400000.0,0.9409246575342465
4.0,4.0,1.0,2.0,9.0,8.0,278.0,768.0,0,0.6890625,0.0078125,256.0,6400000.0,0.6533696183953033
2.0,2.0,8.0,4.0,12.0,9.0,1862.0,1184.0,0,0.9078125,256.0,32.0,6400000.0,0.9033657962328766
2.0,2.0,8.0,8.0,28.0,28.0,2820.0,4224.0,0,0.959375,32.0,0.125,6400000.0,0.9597059992661447
4.0,4.0,1.0,4.0,11.0,8.0,301.0,768.0,0,0.9078125,0.015625,2.0,6400000.0,0.8404186032289628
1.0,4.0,1.0,1.0,1.0,1.0,35.0,32.0,0,0.5015625,0.015625,2048.0,6400000.0,0.5273919092465753
2.0,2.0,4.0,5.0,15.0,11.0,499.0,1504.0,0,0.940625,0.0078125,16.0,6400000.0,0.9409246575342465
2.0,2.0,4.0,7.0,19.0,16.0,605.0,2304.0,0,0.940625,4.0,0.5,6400000.0,0.9409246575342465
1.0,2.0,4.0,1.0,1.0,1.0,63.0,32.0,0,0.5015625,0.0625,4096.0,6400000.0,0.5273919092465753
2.0,2.0,4.0,7.0,19.0,16.0,605.0,2304.0,0,0.940625,4.0,0.0,6400000.0,0.9409246575342465
1.0,2.0,8.0,1.0,1.0,1.0,543.0,32.0,0,0.5015625,32768.0,16384.0,6400000.0,0.5273919092465753
1.0,2.0,4.0,1.0,1.0,1.0,63.0,32.0,0,0.5015625,32768.0,0.125,6400000.0,0.5273919092465753
2.0,2.0,8.0,14.0,38.0,39.0,3280.0,5984.0,0,0.9640625,0.0,1.0,6400000.0,0.9620520425636009
2.0,2.0,8.0,15.0,40.0,41.0,3325.0,6304.0,0,0.9640625,0.0,0.000976562,6400000.0,0.961662181996086
4.0,4.0,1.0,4.0,11.0,8.0,301.0,768.0,0,0.9078125,0.03125,0.015625,6400000.0,0.8404186032289628
1.0,2.0,4.0,1.0,1.0,1.0,63.0,32.0,0,0.5015625,0.0078125,16384.0,6400000.0,0.5273919092465753
1.0,2.0,4.0,1.0,1.0,1.0,63.0,32.0,0,0.5015625,16384.0,16384.0,6400000.0,0.5273919092465753
1.0,2.0,8.0,1.0,1.0,1.0,543.0,32.0,0,0.5015625,256.0,32768.0,6400000.0,0.5273919092465753
1.0,2.0,4.0,1.0,1.0,1.0,63.0,32.0,0,0.5015625,16384.0,16.0,6400000.0,0.5273919092465753
4.0,4.0,1.0,4.0,11.0,8.0,301.0,768.0,0,0.9078125,0.0,0.125,6400000.0,0.8404186032289628
2.0,2.0,8.0,15.0,40.0,41.0,3325.0,6304.0,0,0.9640625,0.000976562,0.0078125,6400000.0,0.961662181996086
1.0,2.0,8.0,1.0,1.0,1.0,543.0,32.0,0,0.5015625,0.0,1024.0,6400000.0,0.5273919092465753
1.0,2.0,4.0,1.0,1.0,1.0,63.0,32.0,0,0.5015625,32768.0,128.0,6400000.0,0.5273919092465753
4.0,4.0,1.0,4.0,11.0,8.0,301.0,768.0,0,0.9078125,0.03125,16.0,6400000.0,0.7824929672211349
2.0,2.0,4.0,8.0,19.0,16.0,584.0,2304.0,0,0.940625,0.015625,0.125,6400000.0,0.9409246575342465
1.0,2.0,4.0,1.0,1.0,1.0,63.0,32.0,0,0.5015625,4.0,512.0,6400000.0,0.5273919092465753
2.0,2.0,8.0,5.0,15.0,11.0,1939.0,1504.0,0,0.940625,32.0,128.0,6400000.0,0.9409246575342465
4.0,4.0,1.0,4.0,11.0,8.0,301.0,768.0,0,0.9078125,0.0625,0.125,6400000.0,0.8404186032289628
2.0,2.0,8.0,5.0,15.0,11.0,1939.0,1504.0,0,0.940625,0.00195312,64.0,6400000.0,0.9409246575342465
2.0,2.0,8.0,15.0,40.0,41.0,3325.0,6304.0,0,0.9640625,0.00195312,0.0625,6400000.0,0.961662181996086
2.0,2.0,8.0,12.0,36.0,44.0,3263.0,6784.0,0,0.9640625,0.000976562,8.0,6400000.0,0.9577490521037181
1.0,4.0,1.0,1.0,1.0,1.0,35.0,32.0,0,0.5015625,0.03125,16384.0,6400000.0,0.5273919092465753
2.0,2.0,4.0,8.0,19.0,16.0,584.0,2304.0,0,0.940625,0.125,0.03125,6400000.0,0.9409246575342465
4.0,4.0,1.0,2.0,9.0,8.0,278.0,768.0,0,0.6890625,0.0625,128.0,6400000.0,0.6533696183953033
2.0,2.0,4.0,5.0,15.0,11.0,499.0,1504.0,0,0.940625,0.125,32.0,6400000.0,0.9409246575342465
4.0,4.0,1.0,2.0,9.0,8.0,278.0,768.0,0,0.6890625,0.0,128.0,6400000.0,0.6533696183953033
1.0,2.0,8.0,1.0,1.0,1.0,543.0,32.0,0,0.5015625,0.000976562,8192.0,6400000.0,0.5273919092465753
1.0,2.0,8.0,1.0,1.0,1.0,543.0,32.0,0,0.5015625,512.0,0.25,6400000.0,0.5273919092465753
2.0,2.0,8.0,5.0,15.0,11.0,1939.0,1504.0,0,0.940625,64.0,0.000976562,6400000.0,0.9409246575342465
1.0,2.0,8.0,1.0,1.0,1.0,543.0,32.0,0,0.5015625,2048.0,8.0,6400000.0,0.5273919092465753
2.0,2.0,8.0,15.0,40.0,41.0,3325.0,6304.0,0,0.9640625,0.00390625,0.0,6400000.0,0.961662181996086
1.0,2.0,8.0,1.0,1.0,1.0,543.0,32.0,0,0.5015625,512.0,256.0,6400000.0,0.5273919092465753
4.0,4.0,1.0,4.0,11.0,8.0,301.0,768.0,0,0.9078125,0.125,0.000976562,6400000.0,0.8404186032289628
2.0,2.0,4.0,8.0,19.0,16.0,584.0,2304.0,0,0.940625,0.00195312,0.5,6400000.0,0.9409246575342465
2.0,2.0,8.0,15.0,40.0,41.0,3325.0,6304.0,0,0.9640625,0.0078125,0.00390625,6400000.0,0.961662181996086
4.0,4.0,1.0,4.0,11.0,8.0,301.0,768.0,0,0.9078125,0.125,1.0,6400000.0,0.8404186032289628
1.0,4.0,1.0,1.0,1.0,1.0,35.0,32.0,0,0.5015625,0.125,1024.0,6400000.0,0.5273919092465753
2.0,2.0,4.0,8.0,19.0,16.0,584.0,2304.0,0,0.940625,0.00195312,0.0,6400000.0,0.9409246575342465
2.0,2.0,8.0,14.0,39.0,42.0,3315.0,6464.0,0,0.9640625,0.0078125,4.0,6400000.0,0.9604864848336595
1.0,2.0,8.0,1.0,1.0,1.0,543.0,32.0,0,0.5015625,0.00390625,512.0,6400000.0,0.5273919092465753
4.0,4.0,1.0,4.0,11.0,8.0,301.0,768.0,0,0.9078125,0.000976562,1.0,6400000.0,0.8404186032289628
1.0,2.0,8.0,1.0,1.0,1.0,543.0,32.0,0,0.5015625,0.0078125,4096.0,6400000.0,0.5273919092465753
2.0,2.0,8.0,15.0,40.0,41.0,3325.0,6304.0,0,0.9640625,0.00390625,0.5,6400000.0,0.9620520425636009
4.0,4.0,1.0,4.0,11.0,8.0,301.0,768.0,0,0.9078125,0.000976562,0.000976562,6400000.0,0.8404186032289628
1.0,2.0,8.0,1.0,1.0,1.0,543.0,32.0,0,0.5015625,0.015625,32768.0,6400000.0,0.5273919092465753
2.0,2.0,8.0,5.0,15.0,11.0,1939.0,1504.0,0,0.940625,64.0,1.0,6400000.0,0.9409246575342465
2.0,2.0,8.0,15.0,40.0,41.0,3325.0,6304.0,0,0.9640625,0.03125,0.25,6400000.0,0.9624434319960861
2.0,2.0,8.0,8.0,27.0,27.0,2787.0,4064.0,0,0.959375,0.015625,32.0,6400000.0,0.9585318309686889
2.0,2.0,4.0,5.0,15.0,11.0,499.0,1504.0,0,0.940625,0.015625,128.0,6400000.0,0.9409246575342465
2.0,2.0,8.0,5.0,15.0,11.0,1939.0,1504.0,0,0.940625,0.03125,256.0,6400000.0,0.9033657962328766
1.0,2.0,8.0,1.0,1.0,1.0,543.0,32.0,0,0.5015625,1024.0,0.00195312,6400000.0,0.5273919092465753
2.0,2.0,4.0,8.0,19.0,16.0,584.0,2304.0,0,0.940625,0.03125,0.000976562,6400000.0,0.9409246575342465
2.0,2.0,8.0,15.0,40.0,41.0,3325.0,6304.0,0,0.9640625,0.015625,0.03125,6400000.0,0.961662181996086
1.0,4.0,1.0,1.0,1.0,1.0,35.0,32.0,0,0.5015625,0.000976562,1024.0,6400000.0,0.5273919092465753
1.0,2.0,4.0,1.0,1.0,1.0,63.0,32.0,0,0.5015625,0.125,32768.0,6400000.0,0.5273919092465753
1.0,2.0,4.0,1.0,1.0,1.0,63.0,32.0,0,0.5015625,0.00195312,512.0,6400000.0,0.5273919092465753
4.0,4.0,1.0,4.0,11.0,8.0,301.0,768.0,0,0.9078125,0.25,0.0078125,6400000.0,0.8404186032289628
2.0,2.0,8.0,15.0,40.0,41.0,3325.0,6304.0,0,0.9640625,0.0625,0.00195312,6400000.0,0.961662181996086
2.0,2.0,8.0,8.0,27.0,27.0,2787.0,4064.0,0,0.959375,0.125,16.0,6400000.0,0.9585318309686889
2.0,2.0,8.0,5.0,15.0,11.0,1939.0,1504.0,0,0.940625,128.0,0.0078125,6400000.0,0.9409246575342465
1.0,2.0,8.0,1.0,1.0,1.0,543.0,32.0,0,0.5015625,0.0625,2048.0,6400000.0,0.5273919092465753
1.0,2.0,8.0,1.0,1.0,1.0,543.0,32.0,0,0.5015625,2048.0,8192.0,6400000.0,0.5273919092465753
2.0,2.0,4.0,5.0,15.0,11.0,499.0,1504.0,0,0.940625,8.0,4.0,6400000.0,0.9409246575342465
1.0,2.0,8.0,1.0,1.0,1.0,543.0,32.0,0,0.5015625,0.5,1024.0,6400000.0,0.5273919092465753
1.0,2.0,8.0,1.0,1.0,1.0,543.0,32.0,0,0.5015625,0.125,16384.0,6400000.0,0.5273919092465753
2.0,2.0,8.0,15.0,40.0,41.0,3325.0,6304.0,0,0.9640625,0.5,0.000976562,6400000.0,0.9620520425636009
1.0,2.0,8.0,1.0,1.0,1.0,543.0,32.0,0,0.5015625,64.0,1024.0,6400000.0,0.5273919092465753
2.0,2.0,8.0,14.0,38.0,40.0,3281.0,6144.0,0,0.9640625,0.0625,2.0,6400000.0,0.9608778742661448
1.0,2.0,8.0,1.0,1.0,1.0,543.0,32.0,0,0.5015625,4096.0,0.0625,6400000.0,0.5273919092465753
2.0,2.0,8.0,5.0,15.0,11.0,1939.0,1504.0,0,0.940625,0.25,128.0,6400000.0,0.9409246575342465
2.0,2.0,4.0,6.0,17.0,16.0,562.0,2304.0,0,0.940625,8.0,0.00390625,6400000.0,0.9409246575342465
1.0,2.0,8.0,1.0,1.0,1.0,543.0,32.0,0,0.5015625,4096.0,64.0,6400000.0,0.5273919092465753
2.0,2.0,4.0,8.0,19.0,16.0,584.0,2304.0,0,0.940625,0.03125,1.0,6400000.0,0.9409246575342465
2.0,2.0,8.0,15.0,40.0,41.0,3325.0,6304.0,0,0.9640625,0.125,0.015625,6400000.0,0.9624434319960861
1.0,2.0,8.0,1.0,1.0,1.0,543.0,32.0,0,0.5015625,1.0,8192.0,6400000.0,0.5273919092465753
2.0,2.0,8.0,15.0,40.0,41.0,3325.0,6304.0,0,0.9640625,0.25,0.125,6400000.0,0.9624434319960861
2.0,2.0,4.0,5.0,15.0,11.0,499.0,1504.0,0,0.940625,16.0,0.03125,6400000.0,0.9409246575342465
2.0,2.0,4.0,8.0,19.0,16.0,584.0,2304.0,0,0.940625,0.25,0.25,6400000.0,0.9409246575342465
2.0,2.0,8.0,14.0,38.0,40.0,3281.0,6144.0,0,0.9640625,0.5,1.0,6400000.0,0.9620520425636009
1.0,2.0,4.0,1.0,1.0,1.0,63.0,32.0,0,0.5015625,8.0,4096.0,6400000.0,0.5273919092465753
2.0,2.0,4.0,5.0,15.0,11.0,499.0,1504.0,0,0.940625,16.0,32.0,6400000.0,0.9409246575342465
1.0,2.0,8.0,1.0,1.0,1.0,543.0,32.0,0,0.5015625,1024.0,2.0,6400000.0,0.5273919092465753
2.0,2.0,8.0,14.0,38.0,39.0,3280.0,5984.0,0,0.9640625,1.0,0.0078125,6400000.0,0.9620520425636009
2.0,2.0,8.0,14.0,39.0,42.0,3315.0,6464.0,0,0.9640625,4.0,0.0,6400000.0,0.9604864848336595
2.0,2.0,4.0,5.0,15.0,11.0,499.0,1504.0,0,0.940625,0.25,256.0,6400000.0,0.9033657962328766
2.0,2.0,4.0,8.0,19.0,16.0,584.0,2304.0,0,0.940625,0.00390625,0.00390625,6400000.0,0.9409246575342465
2.0,2.0,8.0,12.0,36.0,44.0,3263.0,6784.0,0,0.9640625,1.0,8.0,6400000.0,0.9597059992661447
4.0,4.0,1.0,4.0,11.0,8.0,301.0,768.0,0,0.9078125,0.00195312,0.0078125,6400000.0,0.8404186032289628
2.0,2.0,8.0,14.0,38.0,40.0,3281.0,6144.0,0,0.9640625,2.0,0.0625,6400000.0,0.9608778742661448
2.0,2.0,4.0,5.0,15.0,11.0,499.0,1504.0,0,0.940625,64.0,0.00195312,6400000.0,0.9409246575342465
2.0,2.0,4.0,5.0,15.0,11.0,499.0,1504.0,0,0.940625,32.0,0.25,6400000.0,0.9409246575342465
1.0,2.0,8.0,1.0,1.0,1.0,543.0,32.0,0,0.5015625,128.0,8192.0,6400000.0,0.5273919092465753
2.0,2.0,4.0,8.0,19.0,16.0,584.0,2304.0,0,0.940625,0.5,0.00195312,6400000.0,0.9409246575342465
2.0,2.0,8.0,5.0,15.0,11.0,1939.0,1504.0,0,0.940625,2.0,64.0,6400000.0,0.9409246575342465
2.0,2.0,8.0,5.0,15.0,11.0,1939.0,1504.0,0,0.940625,128.0,8.0,6400000.0,0.9409246575342465
2.0,2.0,4.0,4.0,12.0,9.0,422.0,1184.0,0,0.9078125,32.0,256.0,6400000.0,0.9033657962328766
2.0,2.0,8.0,12.0,36.0,44.0,3263.0,6784.0,0,0.9640625,8.0,0.00390625,6400000.0,0.9593146098336595
1.0,2.0,4.0,1.0,1.0,1.0,63.0,32.0,0,0.5015625,0.03125,1024.0,6400000.0,0.5273919092465753
2.0,2.0,4.0,7.0,19.0,16.0,605.0,2304.0,0,0.940625,0.5,2.0,6400000.0,0.9409246575342465
2.0,2.0,4.0,5.0,15.0,11.0,499.0,1504.0,0,0.940625,64.0,2.0,6400000.0,0.9409246575342465
2.0,2.0,8.0,14.0,39.0,42.0,3315.0,6464.0,0,0.9640625,4.0,0.5,6400000.0,0.958529537671233
1.0,2.0,4.0,1.0,1.0,1.0,63.0,32.0,0,0.5015625,16.0,32768.0,6400000.0,0.5273919092465753
1.0,2.0,4.0,1.0,1.0,1.0,63.0,32.0,0,0.5015625,64.0,2048.0,6400000.0,0.5273919092465753
1.0,2.0,8.0,1.0,1.0,1.0,543.0,32.0,0,0.5015625,4.0,512.0,6400000.0,0.5273919092465753
1.0,2.0,4.0,1.0,1.0,1.0,63.0,32.0,0,0.5015625,0.00390625,4096.0,6400000.0,0.5273919092465753
1.0,2.0,4.0,1.0,1.0,1.0,63.0,32.0,0,0.5015625,128.0,16384.0,6400000.0,0.5273919092465753
2.0,2.0,8.0,9.0,31.0,28.0,2895.0,4224.0,0,0.959375,8.0,4.0,6400000.0,0.9593146098336595
2.0,2.0,4.0,4.0,12.0,9.0,422.0,1184.0,0,0.9078125,256.0,128.0,6400000.0,0.9033657962328766
2.0,2.0,4.0,8.0,19.0,16.0,584.0,2304.0,0,0.940625,1.0,0.015625,6400000.0,0.9409246575342465
1.0,2.0,8.0,1.0,1.0,1.0,543.0,32.0,0,0.5015625,8192.0,0.5,6400000.0,0.5273919092465753
2.0,2.0,4.0,7.0,19.0,16.0,605.0,2304.0,0,0.940625,0.00390625,4.0,6400000.0,0.9409246575342465
1.0,2.0,8.0,1.0,1.0,1.0,543.0,32.0,0,0.5015625,8192.0,0.0,6400000.0,0.5273919092465753
2.0,2.0,4.0,5.0,15.0,11.0,499.0,1504.0,0,0.940625,128.0,16.0,6400000.0,0.9409246575342465
1.0,2.0,4.0,1.0,1.0,1.0,63.0,32.0,0,0.5015625,0.5,2048.0,6400000.0,0.5273919092465753
1.0,2.0,8.0,1.0,1.0,1.0,543.0,32.0,0,0.5015625,8.0,4096.0,6400000.0,0.5273919092465753
2.0,2.0,8.0,8.0,28.0,28.0,2820.0,4224.0,0,0.959375,16.0,0.03125,6400000.0,0.9597059992661447
4.0,4.0,1.0,4.0,11.0,8.0,301.0,768.0,0,0.9078125,0.00195312,8.0,6400000.0,0.8118471746575342
1.0,4.0,1.0,1.0,1.0,1.0,35.0,32.0,0,0.5015625,0.00195312,8192.0,6400000.0,0.5273919092465753
2.0,2.0,4.0,5.0,15.0,11.0,499.0,1504.0,0,0.940625,128.0,0.015625,6400000.0,0.9409246575342465
2.0,2.0,4.0,5.0,15.0,11.0,499.0,1504.0,0,0.940625,256.0,0.125,6400000.0,0.9033657962328766
2.0,2.0,4.0,8.0,19.0,16.0,584.0,2304.0,0,0.940625,0.0625,0.0078125,6400000.0,0.9409246575342465
1.0,2.0,8.0,1.0,1.0,1.0,543.0,32.0,0,0.5015625,16384.0,0.00390625,6400000.0,0.5273919092465753
1.0,2.0,8.0,1.0,1.0,1.0,543.0,32.0,0,0.5015625,8192.0,512.0,6400000.0,0.5273919092465753
4.0,4.0,1.0,3.0,10.0,8.0,289.0,768.0,0,0.7546875,0.00390625,64.0,6400000.0,0.758226822407045
1.0,2.0,4.0,1.0,1.0,1.0,63.0,32.0,0,0.5015625,512.0,0.000976562,6400000.0,0.5273919092465753
1.0,2.0,4.0,1.0,1.0,1.0,63.0,32.0,0,0.5015625,1024.0,8192.0,6400000.0,0.5273919092465753
1.0,2.0,4.0,1.0,1.0,1.0,63.0,32.0,0,0.5015625,512.0,1024.0,6400000.0,0.5273919092465753
1.0,2.0,4.0,1.0,1.0,1.0,63.0,32.0,0,0.5015625,512.0,1.0,6400000.0,0.5273919092465753
2.0,2.0,4.0,8.0,19.0,16.0,584.0,2304.0,0,0.940625,0.0078125,0.03125,6400000.0,0.9409246575342465
1.0,2.0,4.0,1.0,1.0,1.0,63.0,32.0,0,0.5015625,1024.0,0.0078125,6400000.0,0.5273919092465753
2.0,2.0,8.0,8.0,25.0,23.0,2719.0,3424.0,0,0.959375,16.0,32.0,6400000.0,0.9417074363992171
4.0,4.0,1.0,4.0,11.0,8.0,301.0,768.0,0,0.9078125,0.00390625,0.0625,6400000.0,0.8404186032289628
1.0,2.0,4.0,1.0,1.0,1.0,63.0,32.0,0,0.5015625,2048.0,0.0625,6400000.0,0.5273919092465753
1.0,2.0,4.0,1.0,1.0,1.0,63.0,32.0,0,0.5015625,1024.0,8.0,6400000.0,0.5273919092465753
1.0,2.0,8.0,1.0,1.0,1.0,543.0,32.0,0,0.5015625,1024.0,2048.0,6400000.0,0.5273919092465753
1.0,2.0,4.0,1.0,1.0,1.0,63.0,32.0,0,0.5015625,1.0,16384.0,6400000.0,0.5273919092465753
2.0,2.0,4.0,5.0,15.0,11.0,499.0,1504.0,0,0.940625,1.0,16.0,6400000.0,0.9409246575342465
4.0,4.0,1.0,4.0,11.0,8.0,301.0,768.0,0,0.9078125,0.25,8.0,6400000.0,0.8118471746575342
1.0,2.0,4.0,1.0,1.0,1.0,63.0,32.0,0,0.5015625,2048.0,64.0,6400000.0,0.5273919092465753
4.0,4.0,1.0,4.0,11.0,8.0,301.0,768.0,0,0.9078125,0.0078125,0.0,6400000.0,0.8404186032289628
1.0,2.0,4.0,1.0,1.0,1.0,63.0,32.0,0,0.5015625,4096.0,0.0,6400000.0,0.5273919092465753
4.0,4.0,1.0,4.0,11.0,8.0,301.0,768.0,0,0.9078125,0.0078125,0.5,6400000.0,0.8404186032289628
1.0,2.0,8.0,1.0,1.0,1.0,543.0,32.0,0,0.5015625,16384.0,4096.0,6400000.0,0.5273919092465753
1.0,2.0,4.0,1.0,1.0,1.0,63.0,32.0,0,0.5015625,4096.0,512.0,6400000.0,0.5273919092465753
1.0,2.0,8.0,1.0,1.0,1.0,543.0,32.0,0,0.5015625,16.0,32768.0,6400000.0,0.5273919092465753
1.0,4.0,1.0,1.0,1.0,1.0,35.0,32.0,0,0.5015625,0.25,8192.0,6400000.0,0.5273919092465753
1.0,2.0,8.0,1.0,1.0,1.0,543.0,32.0,0,0.5015625,16384.0,4.0,6400000.0,0.5273919092465753
2.0,2.0,4.0,5.0,15.0,11.0,499.0,1504.0,0,0.940625,2.0,128.0,6400000.0,0.9409246575342465
1.0,2.0,8.0,1.0,1.0,1.0,543.0,32.0,0,0.5015625,32768.0,0.03125,6400000.0,0.5273919092465753
1.0,2.0,4.0,1.0,1.0,1.0,63.0,32.0,0,0.5015625,4096.0,0.5,6400000.0,0.5273919092465753
2.0,2.0,8.0,5.0,15.0,11.0,1939.0,1504.0,0,0.940625,256.0,0.0625,6400000.0,0.9033657962328766
1.0,2.0,8.0,1.0,1.0,1.0,543.0,32.0,0,0.5015625,2048.0,0.015625,6400000.0,0.5273919092465753
1.0,2.0,8.0,1.0,1.0,1.0,543.0,32.0,0,0.5015625,32768.0,32.0,6400000.0,0.5273919092465753
1.0,2.0,4.0,1.0,1.0,1.0,63.0,32.0,0,0.5015625,8192.0,0.00390625,6400000.0,0.5273919092465753
1.0,2.0,4.0,1.0,1.0,1.0,63.0,32.0,0,0.5015625,8192.0,4.0,6400000.0,0.5273919092465753
1.0,2.0,4.0,1.0,1.0,1.0,63.0,32.0,0,0.5015625,16384.0,0.03125,6400000.0,0.5273919092465753
4.0,4.0,1.0,4.0,11.0,8.0,301.0,768.0,0,0.9078125,0.015625,0.00390625,6400000.0,0.8404186032289628
2.0,2.0,4.0,7.0,19.0,16.0,605.0,2304.0,0,0.940625,2.0,0.125,6400000.0,0.9409246575342465
2.0,2.0,4.0,6.0,17.0,16.0,562.0,2304.0,0,0.940625,0.0625,8.0,6400000.0,0.9409246575342465
2.0,2.0,8.0,4.0,12.0,9.0,1862.0,1184.0,0,0.9078125,256.0,64.0,6400000.0,0.9033657962328766
1.0,2.0,4.0,1.0,1.0,1.0,63.0,32.0,0,0.5015625,8192.0,4096.0,6400000.0,0.5273919092465753
1.0,4.0,1.0,1.0,1.0,1.0,35.0,32.0,0,0.5015625,0.0078125,512.0,6400000.0,0.5273919092465753
2.0,2.0,8.0,8.0,28.0,28.0,2820.0,4224.0,0,0.959375,32.0,0.25,6400000.0,0.9597059992661447
2.0,2.0,4.0,5.0,15.0,11.0,499.0,1504.0,0,0.940625,0.0078125,32.0,6400000.0,0.9409246575342465
4.0,4.0,1.0,4.0,11.0,8.0,301.0,768.0,0,0.9078125,0.015625,4.0,6400000.0,0.8404186032289628
1.0,4.0,1.0,1.0,1.0,1.0,35.0,32.0,0,0.5015625,0.015625,4096.0,6400000.0,0.5273919092465753
4.0,4.0,1.0,4.0,11.0,8.0,301.0,768.0,0,0.9078125,0.03125,0.03125,6400000.0,0.8404186032289628
1.0,2.0,8.0,1.0,1.0,1.0,543.0,32.0,0,0.5015625,32768.0,32768.0,6400000.0,0.5273919092465753
1.0,2.0,4.0,1.0,1.0,1.0,63.0,32.0,0,0.5015625,32768.0,0.25,6400000.0,0.5273919092465753
2.0,2.0,4.0,7.0,19.0,16.0,605.0,2304.0,0,0.940625,4.0,1.0,6400000.0,0.9409246575342465
2.0,2.0,8.0,15.0,40.0,41.0,3325.0,6304.0,0,0.9640625,0.0,0.00195312,6400000.0,0.961662181996086
1.0,2.0,8.0,1.0,1.0,1.0,543.0,32.0,0,0.5015625,512.0,0.0,6400000.0,0.5273919092465753
2.0,2.0,4.0,7.0,19.0,16.0,605.0,2304.0,0,0.940625,4.0,0.000976562,6400000.0,0.9409246575342465
1.0,2.0,4.0,1.0,1.0,1.0,63.0,32.0,0,0.5015625,0.0078125,32768.0,6400000.0,0.5273919092465753
1.0,2.0,4.0,1.0,1.0,1.0,63.0,32.0,0,0.5015625,16384.0,32.0,6400000.0,0.5273919092465753
2.0,2.0,8.0,14.0,38.0,40.0,3281.0,6144.0,0,0.9640625,0.0,2.0,6400000.0,0.9608778742661448
1.0,2.0,4.0,1.0,1.0,1.0,63.0,32.0,0,0.5015625,16384.0,32768.0,6400000.0,0.5273919092465753
1.0,2.0,4.0,1.0,1.0,1.0,63.0,32.0,0,0.5015625,0.0625,8192.0,6400000.0,0.5273919092465753
2.0,2.0,8.0,15.0,40.0,41.0,3325.0,6304.0,0,0.9640625,0.000976562,0.015625,6400000.0,0.961662181996086
2.0,2.0,4.0,8.0,19.0,16.0,584.0,2304.0,0,0.940625,0.015625,0.25,6400000.0,0.9409246575342465
1.0,2.0,4.0,1.0,1.0,1.0,63.0,32.0,0,0.5015625,32768.0,256.0,6400000.0,0.5273919092465753
1.0,2.0,8.0,1.0,1.0,1.0,543.0,32.0,0,0.5015625,0.0,2048.0,6400000.0,0.5273919092465753
4.0,4.0,1.0,4.0,11.0,8.0,301.0,768.0,0,0.9078125,0.0,0.25,6400000.0,0.8404186032289628
4.0,4.0,1.0,3.0,10.0,8.0,289.0,768.0,0,0.7546875,0.03125,32.0,6400000.0,0.758226822407045
1.0,4.0,1.0,1.0,1.0,1.0,35.0,32.0,0,0.5015625,0.03125,32768.0,6400000.0,0.5273919092465753
2.0,2.0,8.0,15.0,40.0,41.0,3325.0,6304.0,0,0.9640625,0.00195312,0.125,6400000.0,0.9624434319960861
1.0,2.0,4.0,1.0,1.0,1.0,63.0,32.0,0,0.5015625,4.0,1024.0,6400000.0,0.5273919092465753
4.0,4.0,1.0,4.0,11.0,8.0,301.0,768.0,0,0.9078125,0.0625,0.25,6400000.0,0.8404186032289628
2.0,2.0,8.0,5.0,15.0,11.0,1939.0,1504.0,0,0.940625,0.00195312,128.0,6400000.0,0.9409246575342465
2.0,2.0,8.0,4.0,12.0,9.0,1862.0,1184.0,0,0.9078125,32.0,256.0,6400000.0,0.9033657962328766
2.0,2.0,8.0,8.0,27.0,27.0,2787.0,4064.0,0,0.959375,0.000976562,16.0,6400000.0,0.9585318309686889
2.0,2.0,4.0,8.0,19.0,16.0,584.0,2304.0,0,0.940625,0.125,0.0625,6400000.0,0.9409246575342465
4.0,4.0,1.0,2.0,9.0,8.0,278.0,768.0,0,0.6890625,0.0625,256.0,6400000.0,0.6533696183953033
2.0,2.0,4.0,5.0,15.0,11.0,499.0,1504.0,0,0.940625,0.125,64.0,6400000.0,0.9409246575342465
4.0,4.0,1.0,2.0,9.0,8.0,278.0,768.0,0,0.6890625,0.0,256.0,6400000.0,0.6533696183953033
1.0,2.0,8.0,1.0,1.0,1.0,543.0,32.0,0,0.5015625,0.000976562,16384.0,6400000.0,0.5273919092465753
1.0,2.0,8.0,1.0,1.0,1.0,543.0,32.0,0,0.5015625,512.0,0.5,6400000.0,0.5273919092465753
2.0,2.0,8.0,5.0,15.0,11.0,1939.0,1504.0,0,0.940625,64.0,0.00195312,6400000.0,0.9409246575342465
2.0,2.0,8.0,15.0,40.0,41.0,3325.0,6304.0,0,0.9640625,0.00390625,0.000976562,6400000.0,0.961662181996086
1.0,2.0,8.0,1.0,1.0,1.0,543.0,32.0,0,0.5015625,512.0,512.0,6400000.0,0.5273919092465753
1.0,2.0,8.0,1.0,1.0,1.0,543.0,32.0,0,0.5015625,2048.0,16.0,6400000.0,0.5273919092465753
4.0,4.0,1.0,4.0,11.0,8.0,301.0,768.0,0,0.9078125,0.125,0.00195312,6400000.0,0.8404186032289628
4.0,4.0,1.0,4.0,11.0,8.0,301.0,768.0,0,0.9078125,0.125,2.0,6400000.0,0.8404186032289628
1.0,4.0,1.0,1.0,1.0,1.0,35.0,32.0,0,0.5015625,0.125,2048.0,6400000.0,0.5273919092465753
1.0,2.0,8.0,1.0,1.0,1.0,543.0,32.0,0,0.5015625,0.00390625,1024.0,6400000.0,0.5273919092465753
4.0,4.0,1.0,3.0,10.0,8.0,289.0,768.0,0,0.7546875,0.5,64.0,6400000.0,0.758226822407045
4.0,4.0,1.0,4.0,11.0,8.0,301.0,768.0,0,0.9078125,0.5,0.0625,6400000.0,0.8404186032289628
2.0,2.0,8.0,15.0,40.0,41.0,3325.0,6304.0,0,0.9640625,0.0078125,0.0078125,6400000.0,0.961662181996086
2.0,2.0,8.0,12.0,36.0,44.0,3263.0,6784.0,0,0.9640625,0.0078125,8.0,6400000.0,0.9577490521037181
1.0,2.0,8.0,1.0,1.0,1.0,543.0,32.0,0,0.5015625,0.0078125,8192.0,6400000.0,0.5273919092465753
4.0,4.0,1.0,4.0,11.0,8.0,301.0,768.0,0,0.9078125,1.0,0.0,6400000.0,0.8404186032289628
4.0,4.0,1.0,4.0,11.0,8.0,301.0,768.0,0,0.9078125,0.000976562,0.00195312,6400000.0,0.8404186032289628
4.0,4.0,1.0,4.0,11.0,8.0,301.0,768.0,0,0.9078125,0.000976562,2.0,6400000.0,0.8404186032289628
2.0,2.0,8.0,14.0,38.0,39.0,3280.0,5984.0,0,0.9640625,0.00390625,1.0,6400000.0,0.9620520425636009
2.0,2.0,8.0,15.0,40.0,41.0,3325.0,6304.0,0,0.9640625,0.03125,0.5,6400000.0,0.9620520425636009
2.0,2.0,8.0,15.0,40.0,41.0,3325.0,6304.0,0,0.9640625,0.03125,0.0,6400000.0,0.961662181996086
2.0,2.0,8.0,5.0,15.0,11.0,1939.0,1504.0,0,0.940625,64.0,2.0,6400000.0,0.9409246575342465
1.0,2.0,8.0,1.0,1.0,1.0,543.0,32.0,0,0.5015625,0.03125,512.0,6400000.0,0.5273919092465753
2.0,2.0,4.0,5.0,15.0,11.0,499.0,1504.0,0,0.940625,0.015625,256.0,6400000.0,0.9033657962328766
1.0,2.0,8.0,1.0,1.0,1.0,543.0,32.0,0,0.5015625,1024.0,0.00390625,6400000.0,0.5273919092465753
2.0,2.0,8.0,5.0,15.0,11.0,1939.0,1504.0,0,0.940625,0.015625,64.0,6400000.0,0.9409246575342465
2.0,2.0,4.0,8.0,19.0,16.0,584.0,2304.0,0,0.940625,0.03125,0.00195312,6400000.0,0.9409246575342465
1.0,4.0,1.0,1.0,1.0,1.0,35.0,32.0,0,0.5015625,0.000976562,2048.0,6400000.0,0.5273919092465753
2.0,2.0,4.0,8.0,19.0,16.0,584.0,2304.0,0,0.940625,0.25,0.0,6400000.0,0.9409246575342465
2.0,2.0,8.0,15.0,40.0,41.0,3325.0,6304.0,0,0.9640625,0.015625,0.0625,6400000.0,0.961662181996086
4.0,4.0,1.0,4.0,11.0,8.0,301.0,768.0,0,0.9078125,0.25,0.015625,6400000.0,0.8404186032289628
4.0,4.0,1.0,4.0,11.0,8.0,301.0,768.0,0,0.9078125,1.0,0.5,6400000.0,0.8404186032289628
2.0,2.0,8.0,15.0,40.0,41.0,3325.0,6304.0,0,0.9640625,0.0625,0.00390625,6400000.0,0.961662181996086
1.0,2.0,8.0,1.0,1.0,1.0,543.0,32.0,0,0.5015625,0.0625,4096.0,6400000.0,0.5273919092465753
2.0,2.0,8.0,8.0,27.0,27.0,2787.0,4064.0,0,0.959375,0.125,32.0,6400000.0,0.9585318309686889
1.0,2.0,8.0,1.0,1.0,1.0,543.0,32.0,0,0.5015625,0.5,2048.0,6400000.0,0.5273919092465753
2.0,2.0,8.0,5.0,15.0,11.0,1939.0,1504.0,0,0.940625,128.0,0.015625,6400000.0,0.9409246575342465
2.0,2.0,4.0,5.0,15.0,11.0,499.0,1504.0,0,0.940625,8.0,8.0,6400000.0,0.9409246575342465
1.0,2.0,8.0,1.0,1.0,1.0,543.0,32.0,0,0.5015625,2048.0,16384.0,6400000.0,0.5273919092465753
1.0,2.0,8.0,1.0,1.0,1.0,543.0,32.0,0,0.5015625,0.125,32768.0,6400000.0,0.5273919092465753
1.0,2.0,8.0,1.0,1.0,1.0,543.0,32.0,0,0.5015625,64.0,2048.0,6400000.0,0.5273919092465753
2.0,2.0,4.0,7.0,19.0,16.0,605.0,2304.0,0,0.940625,0.03125,2.0,6400000.0,0.9409246575342465
2.0,2.0,4.0,6.0,17.0,16.0,562.0,2304.0,0,0.940625,8.0,0.0078125,6400000.0,0.9409246575342465
2.0,2.0,8.0,15.0,40.0,41.0,3325.0,6304.0,0,0.9640625,0.5,0.00195312,6400000.0,0.9620520425636009
2.0,2.0,8.0,14.0,39.0,42.0,3315.0,6464.0,0,0.9640625,0.0625,4.0,6400000.0,0.9604864848336595
2.0,2.0,8.0,5.0,15.0,11.0,1939.0,1504.0,0,0.940625,0.25,256.0,6400000.0,0.9033657962328766
1.0,2.0,8.0,1.0,1.0,1.0,543.0,32.0,0,0.5015625,4096.0,0.125,6400000.0,0.5273919092465753
1.0,2.0,8.0,1.0,1.0,1.0,543.0,32.0,0,0.5015625,4096.0,128.0,6400000.0,0.5273919092465753
1.0,2.0,8.0,1.0,1.0,1.0,543.0,32.0,0,0.5015625,1.0,16384.0,6400000.0,0.5273919092465753
2.0,2.0,8.0,15.0,40.0,41.0,3325.0,6304.0,0,0.9640625,0.125,0.03125,6400000.0,0.9624434319960861
2.0,2.0,4.0,5.0,15.0,11.0,499.0,1504.0,0,0.940625,16.0,64.0,6400000.0,0.9409246575342465
1.0,2.0,4.0,1.0,1.0,1.0,63.0,32.0,0,0.5015625,8.0,8192.0,6400000.0,0.5273919092465753
2.0,2.0,8.0,14.0,38.0,40.0,3281.0,6144.0,0,0.9640625,0.5,2.0,6400000.0,0.9620520425636009
2.0,2.0,4.0,8.0,19.0,16.0,584.0,2304.0,0,0.940625,0.25,0.5,6400000.0,0.9409246575342465
2.0,2.0,8.0,15.0,40.0,41.0,3325.0,6304.0,0,0.9640625,0.25,0.25,6400000.0,0.9620520425636009
1.0,2.0,8.0,1.0,1.0,1.0,543.0,32.0,0,0.5015625,1024.0,4.0,6400000.0,0.5273919092465753
2.0,2.0,4.0,5.0,15.0,11.0,499.0,1504.0,0,0.940625,16.0,0.0625,6400000.0,0.9409246575342465
2.0,2.0,8.0,8.0,27.0,27.0,2787.0,4064.0,0,0.959375,1.0,16.0,6400000.0,0.9585318309686889
2.0,2.0,8.0,14.0,38.0,39.0,3280.0,5984.0,0,0.9640625,1.0,0.015625,6400000.0,0.9620520425636009
4.0,4.0,1.0,4.0,11.0,8.0,301.0,768.0,0,0.9078125,0.00195312,0.015625,6400000.0,0.8404186032289628
1.0,2.0,4.0,1.0,1.0,1.0,63.0,32.0,0,0.5015625,0.25,512.0,6400000.0,0.5273919092465753
2.0,2.0,8.0,14.0,39.0,42.0,3315.0,6464.0,0,0.9640625,4.0,0.000976562,6400000.0,0.9604864848336595
1.0,4.0,1.0,1.0,1.0,1.0,35.0,32.0,0,0.5015625,1.0,512.0,6400000.0,0.5273919092465753
2.0,2.0,4.0,5.0,15.0,11.0,499.0,1504.0,0,0.940625,64.0,0.00390625,6400000.0,0.9409246575342465
2.0,2.0,8.0,14.0,38.0,40.0,3281.0,6144.0,0,0.9640625,2.0,0.125,6400000.0,0.9620520425636009
2.0,2.0,8.0,5.0,15.0,11.0,1939.0,1504.0,0,0.940625,2.0,128.0,6400000.0,0.9409246575342465
2.0,2.0,4.0,8.0,19.0,16.0,584.0,2304.0,0,0.940625,0.5,0.00390625,6400000.0,0.9409246575342465
2.0,2.0,8.0,5.0,15.0,11.0,1939.0,1504.0,0,0.940625,128.0,16.0,6400000.0,0.9409246575342465
2.0,2.0,4.0,5.0,15.0,11.0,499.0,1504.0,0,0.940625,32.0,0.5,6400000.0,0.9409246575342465
2.0,2.0,8.0,12.0,36.0,44.0,3263.0,6784.0,0,0.9640625,8.0,0.0078125,6400000.0,0.9593146098336595
1.0,2.0,8.0,1.0,1.0,1.0,543.0,32.0,0,0.5015625,128.0,16384.0,6400000.0,0.5273919092465753
1.0,2.0,4.0,1.0,1.0,1.0,63.0,32.0,0,0.5015625,32.0,512.0,6400000.0,0.5273919092465753
2.0,2.0,4.0,7.0,19.0,16.0,605.0,2304.0,0,0.940625,0.5,4.0,6400000.0,0.9409246575342465
1.0,2.0,4.0,1.0,1.0,1.0,63.0,32.0,0,0.5015625,0.03125,2048.0,6400000.0,0.5273919092465753
2.0,2.0,8.0,14.0,39.0,42.0,3315.0,6464.0,0,0.9640625,4.0,1.0,6400000.0,0.958529537671233
1.0,2.0,8.0,1.0,1.0,1.0,543.0,32.0,0,0.5015625,4.0,1024.0,6400000.0,0.5273919092465753
2.0,2.0,8.0,8.0,28.0,28.0,2820.0,4224.0,0,0.959375,8.0,8.0,6400000.0,0.9585318309686889
2.0,2.0,4.0,5.0,15.0,11.0,499.0,1504.0,0,0.940625,64.0,4.0,6400000.0,0.9409246575342465
2.0,2.0,4.0,5.0,15.0,11.0,499.0,1504.0,0,0.940625,32.0,0.0,6400000.0,0.9409246575342465
1.0,2.0,4.0,1.0,1.0,1.0,63.0,32.0,0,0.5015625,128.0,32768.0,6400000.0,0.5273919092465753
1.0,2.0,4.0,1.0,1.0,1.0,63.0,32.0,0,0.5015625,256.0,256.0,6400000.0,0.5273919092465753
1.0,2.0,4.0,1.0,1.0,1.0,63.0,32.0,0,0.5015625,64.0,4096.0,6400000.0,0.5273919092465753
4.0,4.0,1.0,4.0,11.0,8.0,301.0,768.0,0,0.9078125,2.0,0.00390625,6400000.0,0.8404186032289628
2.0,2.0,4.0,8.0,19.0,16.0,584.0,2304.0,0,0.940625,1.0,0.03125,6400000.0,0.9409246575342465
4.0,4.0,1.0,4.0,11.0,8.0,301.0,768.0,0,0.9078125,2.0,4.0,6400000.0,0.8118471746575342
2.0,2.0,4.0,5.0,15.0,11.0,499.0,1504.0,0,0.940625,128.0,32.0,6400000.0,0.9409246575342465
2.0,2.0,8.0,8.0,28.0,28.0,2820.0,4224.0,0,0.959375,16.0,0.0625,6400000.0,0.9597059992661447
1.0,2.0,8.0,1.0,1.0,1.0,543.0,32.0,0,0.5015625,8192.0,1.0,6400000.0,0.5273919092465753
1.0,2.0,8.0,1.0,1.0,1.0,543.0,32.0,0,0.5015625,8.0,8192.0,6400000.0,0.5273919092465753
1.0,2.0,8.0,1.0,1.0,1.0,543.0,32.0,0,0.5015625,8192.0,0.000976562,6400000.0,0.5273919092465753
4.0,4.0,1.0,4.0,11.0,8.0,301.0,768.0,0,0.9078125,0.00195312,16.0,6400000.0,0.7824929672211349
1.0,2.0,4.0,1.0,1.0,1.0,63.0,32.0,0,0.5015625,0.5,4096.0,6400000.0,0.5273919092465753
2.0,2.0,4.0,8.0,19.0,16.0,584.0,2304.0,0,0.940625,0.0625,0.015625,6400000.0,0.9409246575342465
1.0,4.0,1.0,1.0,1.0,1.0,35.0,32.0,0,0.5015625,0.00195312,16384.0,6400000.0,0.5273919092465753
1.0,2.0,8.0,1.0,1.0,1.0,543.0,32.0,0,0.5015625,16384.0,0.0078125,6400000.0,0.5273919092465753
2.0,2.0,4.0,5.0,15.0,11.0,499.0,1504.0,0,0.940625,256.0,0.25,6400000.0,0.9033657962328766
1.0,2.0,4.0,1.0,1.0,1.0,63.0,32.0,0,0.5015625,512.0,2048.0,6400000.0,0.5273919092465753
1.0,2.0,8.0,1.0,1.0,1.0,543.0,32.0,0,0.5015625,8192.0,1024.0,6400000.0,0.5273919092465753
4.0,4.0,1.0,2.0,9.0,8.0,278.0,768.0,0,0.6890625,0.00390625,128.0,6400000.0,0.6533696183953033
1.0,2.0,4.0,1.0,1.0,1.0,63.0,32.0,0,0.5015625,1024.0,16384.0,6400000.0,0.5273919092465753
2.0,2.0,4.0,5.0,15.0,11.0,499.0,1504.0,0,0.940625,128.0,0.03125,6400000.0,0.9409246575342465
1.0,2.0,4.0,1.0,1.0,1.0,63.0,32.0,0,0.5015625,512.0,0.00195312,6400000.0,0.5273919092465753
1.0,2.0,4.0,1.0,1.0,1.0,63.0,32.0,0,0.5015625,512.0,2.0,6400000.0,0.5273919092465753
4.0,4.0,1.0,4.0,11.0,8.0,301.0,768.0,0,0.9078125,0.00390625,0.125,6400000.0,0.8404186032289628
2.0,2.0,8.0,5.0,15.0,11.0,1939.0,1504.0,0,0.940625,16.0,64.0,6400000.0,0.9409246575342465
1.0,4.0,1.0,1.0,1.0,1.0,35.0,32.0,0,0.5015625,2.0,4096.0,6400000.0,0.5273919092465753
1.0,2.0,4.0,1.0,1.0,1.0,63.0,32.0,0,0.5015625,2048.0,0.125,6400000.0,0.5273919092465753
1.0,2.0,4.0,1.0,1.0,1.0,63.0,32.0,0,0.5015625,1024.0,0.015625,6400000.0,0.5273919092465753
1.0,2.0,4.0,1.0,1.0,1.0,63.0,32.0,0,0.5015625,1024.0,16.0,6400000.0,0.5273919092465753
1.0,2.0,8.0,1.0,1.0,1.0,543.0,32.0,0,0.5015625,1024.0,4096.0,6400000.0,0.5273919092465753
1.0,2.0,4.0,1.0,1.0,1.0,63.0,32.0,0,0.5015625,1.0,32768.0,6400000.0,0.5273919092465753
4.0,4.0,1.0,4.0,11.0,8.0,301.0,768.0,0,0.9078125,0.25,16.0,6400000.0,0.7824929672211349
1.0,2.0,4.0,1.0,1.0,1.0,63.0,32.0,0,0.5015625,2048.0,128.0,6400000.0,0.5273919092465753
2.0,2.0,4.0,5.0,15.0,11.0,499.0,1504.0,0,0.940625,1.0,32.0,6400000.0,0.9409246575342465
1.0,2.0,4.0,1.0,1.0,1.0,63.0,32.0,0,0.5015625,4096.0,0.000976562,6400000.0,0.5273919092465753
4.0,4.0,1.0,4.0,11.0,8.0,301.0,768.0,0,0.9078125,0.0078125,1.0,6400000.0,0.8404186032289628
4.0,4.0,1.0,4.0,11.0,8.0,301.0,768.0,0,0.9078125,0.0078125,0.000976562,6400000.0,0.8404186032289628
1.0,2.0,8.0,1.0,1.0,1.0,543.0,32.0,0,0.5015625,16384.0,8192.0,6400000.0,0.5273919092465753
1.0,4.0,1.0,1.0,1.0,1.0,35.0,32.0,0,0.5015625,0.25,16384.0,6400000.0,0.5273919092465753
1.0,2.0,8.0,1.0,1.0,1.0,543.0,32.0,0,0.5015625,32768.0,0.0625,6400000.0,0.5273919092465753
2.0,2.0,8.0,8.0,28.0,28.0,2820.0,4224.0,0,0.959375,32.0,0.0,6400000.0,0.9597059992661447
1.0,2.0,4.0,1.0,1.0,1.0,63.0,32.0,0,0.5015625,4096.0,1024.0,6400000.0,0.5273919092465753
1.0,2.0,8.0,1.0,1.0,1.0,543.0,32.0,0,0.5015625,16384.0,8.0,6400000.0,0.5273919092465753
1.0,2.0,4.0,1.0,1.0,1.0,63.0,32.0,0,0.5015625,4096.0,1.0,6400000.0,0.5273919092465753
2.0,2.0,4.0,5.0,15.0,11.0,499.0,1504.0,0,0.940625,2.0,256.0,6400000.0,0.9033657962328766
2.0,2.0,8.0,5.0,15.0,11.0,1939.0,1504.0,0,0.940625,256.0,0.125,6400000.0,0.9033657962328766
1.0,2.0,8.0,1.0,1.0,1.0,543.0,32.0,0,0.5015625,2048.0,0.03125,6400000.0,0.5273919092465753
1.0,2.0,8.0,1.0,1.0,1.0,543.0,32.0,0,0.5015625,32768.0,64.0,6400000.0,0.5273919092465753
1.0,2.0,4.0,1.0,1.0,1.0,63.0,32.0,0,0.5015625,8192.0,8.0,6400000.0,0.5273919092465753
1.0,2.0,4.0,1.0,1.0,1.0,63.0,32.0,0,0.5015625,16384.0,0.0625,6400000.0,0.5273919092465753
2.0,2.0,4.0,5.0,15.0,11.0,499.0,1504.0,0,0.940625,0.0625,16.0,6400000.0,0.9409246575342465
1.0,2.0,4.0,1.0,1.0,1.0,63.0,32.0,0,0.5015625,8192.0,0.0078125,6400000.0,0.5273919092465753
4.0,4.0,1.0,4.0,11.0,8.0,301.0,768.0,0,0.9078125,0.015625,0.0078125,6400000.0,0.8404186032289628
1.0,2.0,4.0,1.0,1.0,1.0,63.0,32.0,0,0.5015625,8192.0,8192.0,6400000.0,0.5273919092465753
1.0,4.0,1.0,1.0,1.0,1.0,35.0,32.0,0,0.5015625,0.015625,8192.0,6400000.0,0.5273919092465753
2.0,2.0,4.0,7.0,19.0,16.0,605.0,2304.0,0,0.940625,2.0,0.25,6400000.0,0.9409246575342465
1.0,4.0,1.0,1.0,1.0,1.0,35.0,32.0,0,0.5015625,0.0078125,1024.0,6400000.0,0.5273919092465753
4.0,4.0,1.0,4.0,11.0,8.0,301.0,768.0,0,0.9078125,0.03125,0.0625,6400000.0,0.8404186032289628
2.0,2.0,8.0,8.0,28.0,28.0,2820.0,4224.0,0,0.959375,32.0,0.5,6400000.0,0.9597059992661447
2.0,2.0,8.0,4.0,12.0,9.0,1862.0,1184.0,0,0.9078125,256.0,128.0,6400000.0,0.9033657962328766
4.0,4.0,1.0,4.0,11.0,8.0,301.0,768.0,0,0.9078125,0.015625,8.0,6400000.0,0.8118471746575342
4.0,4.0,1.0,4.0,11.0,8.0,301.0,768.0,0,0.9078125,0.0,0.0,6400000.0,0.8404186032289628
1.0,2.0,8.0,1.0,1.0,1.0,543.0,32.0,0,0.5015625,512.0,0.000976562,6400000.0,0.5273919092465753
1.0,2.0,4.0,1.0,1.0,1.0,63.0,32.0,0,0.5015625,32768.0,0.5,6400000.0,0.5273919092465753
2.0,2.0,4.0,7.0,19.0,16.0,605.0,2304.0,0,0.940625,4.0,0.00195312,6400000.0,0.9409246575342465
2.0,2.0,4.0,7.0,19.0,16.0,605.0,2304.0,0,0.940625,4.0,2.0,6400000.0,0.9409246575342465
1.0,2.0,4.0,1.0,1.0,1.0,63.0,32.0,0,0.5015625,16384.0,64.0,6400000.0,0.5273919092465753
1.0,2.0,4.0,1.0,1.0,1.0,63.0,32.0,0,0.5015625,32768.0,0.0,6400000.0,0.5273919092465753
4.0,4.0,1.0,4.0,11.0,8.0,301.0,768.0,0,0.9078125,4.0,0.03125,6400000.0,0.8404186032289628
2.0,2.0,8.0,15.0,40.0,41.0,3325.0,6304.0,0,0.9640625,0.0,0.00390625,6400000.0,0.961662181996086
1.0,2.0,4.0,1.0,1.0,1.0,63.0,32.0,0,0.5015625,0.0625,16384.0,6400000.0,0.5273919092465753
4.0,4.0,1.0,3.0,10.0,8.0,289.0,768.0,0,0.7546875,4.0,32.0,6400000.0,0.758226822407045
2.0,2.0,8.0,14.0,39.0,42.0,3315.0,6464.0,0,0.9640625,0.0,4.0,6400000.0,0.9604864848336595
1.0,2.0,4.0,1.0,1.0,1.0,63.0,32.0,0,0.5015625,32768.0,512.0,6400000.0,0.5273919092465753
1.0,2.0,8.0,1.0,1.0,1.0,543.0,32.0,0,0.5015625,0.0,4096.0,6400000.0,0.5273919092465753
4.0,4.0,1.0,4.0,11.0,8.0,301.0,768.0,0,0.9078125,0.0,0.5,6400000.0,0.8404186032289628
2.0,2.0,8.0,15.0,40.0,41.0,3325.0,6304.0,0,0.9640625,0.000976562,0.03125,6400000.0,0.961662181996086
4.0,4.0,1.0,4.0,11.0,8.0,301.0,768.0,0,0.9078125,0.0625,0.0,6400000.0,0.8404186032289628
2.0,2.0,8.0,15.0,40.0,41.0,3325.0,6304.0,0,0.9640625,0.00195312,0.25,6400000.0,0.9624434319960861
4.0,4.0,1.0,3.0,10.0,8.0,289.0,768.0,0,0.7546875,0.03125,64.0,6400000.0,0.758226822407045
4.0,4.0,1.0,4.0,11.0,8.0,301.0,768.0,0,0.9078125,0.0625,0.5,6400000.0,0.8404186032289628
1.0,2.0,8.0,1.0,1.0,1.0,543.0,32.0,0,0.5015625,32.0,512.0,6400000.0,0.5273919092465753
1.0,2.0,4.0,1.0,1.0,1.0,63.0,32.0,0,0.5015625,4.0,2048.0,6400000.0,0.5273919092465753
2.0,2.0,8.0,5.0,15.0,11.0,1939.0,1504.0,0,0.940625,0.00195312,256.0,6400000.0,0.9033657962328766
2.0,2.0,4.0,5.0,15.0,11.0,499.0,1504.0,0,0.940625,0.125,128.0,6400000.0,0.9409246575342465
2.0,2.0,8.0,8.0,27.0,27.0,2787.0,4064.0,0,0.959375,0.000976562,32.0,6400000.0,0.9585318309686889
2.0,2.0,4.0,8.0,19.0,16.0,584.0,2304.0,0,0.940625,0.125,0.125,6400000.0,0.9409246575342465
1.0,4.0,1.0,1.0,1.0,1.0,35.0,32.0,0,0.5015625,0.0,512.0,6400000.0,0.5273919092465753
1.0,2.0,8.0,1.0,1.0,1.0,543.0,32.0,0,0.5015625,0.000976562,32768.0,6400000.0,0.5273919092465753
1.0,4.0,1.0,1.0,1.0,1.0,35.0,32.0,0,0.5015625,0.0625,512.0,6400000.0,0.5273919092465753
1.0,2.0,8.0,1.0,1.0,1.0,543.0,32.0,0,0.5015625,512.0,1.0,6400000.0,0.5273919092465753
2.0,2.0,8.0,5.0,15.0,11.0,1939.0,1504.0,0,0.940625,64.0,0.00390625,6400000.0,0.9409246575342465
2.0,2.0,8.0,15.0,40.0,41.0,3325.0,6304.0,0,0.9640625,0.00390625,0.00195312,6400000.0,0.961662181996086
1.0,2.0,8.0,1.0,1.0,1.0,543.0,32.0,0,0.5015625,2048.0,32.0,6400000.0,0.5273919092465753
4.0,4.0,1.0,4.0,11.0,8.0,301.0,768.0,0,0.9078125,0.125,0.00390625,6400000.0,0.8404186032289628
1.0,2.0,8.0,1.0,1.0,1.0,543.0,32.0,0,0.5015625,512.0,1024.0,6400000.0,0.5273919092465753
2.0,2.0,8.0,8.0,27.0,27.0,2787.0,4064.0,0,0.959375,0.0078125,16.0,6400000.0,0.9585318309686889
4.0,4.0,1.0,4.0,11.0,8.0,301.0,768.0,0,0.9078125,0.125,4.0,6400000.0,0.8404186032289628
1.0,2.0,8.0,1.0,1.0,1.0,543.0,32.0,0,0.5015625,0.00390625,2048.0,6400000.0,0.5273919092465753
4.0,4.0,1.0,4.0,11.0,8.0,301.0,768.0,0,0.9078125,0.5,0.125,6400000.0,0.8404186032289628
4.0,4.0,1.0,2.0,9.0,8.0,278.0,768.0,0,0.6890625,0.5,128.0,6400000.0,0.6533696183953033
2.0,2.0,8.0,15.0,40.0,41.0,3325.0,6304.0,0,0.9640625,0.0078125,0.015625,6400000.0,0.961662181996086
1.0,4.0,1.0,1.0,1.0,1.0,35.0,32.0,0,0.5015625,0.125,4096.0,6400000.0,0.5273919092465753
1.0,2.0,8.0,1.0,1.0,1.0,543.0,32.0,0,0.5015625,0.0078125,16384.0,6400000.0,0.5273919092465753
4.0,4.0,1.0,4.0,11.0,8.0,301.0,768.0,0,0.9078125,0.000976562,0.00390625,6400000.0,0.8404186032289628
4.0,4.0,1.0,4.0,11.0,8.0,301.0,768.0,0,0.9078125,1.0,0.000976562,6400000.0,0.8404186032289628
4.0,4.0,1.0,4.0,11.0,8.0,301.0,768.0,0,0.9078125,0.000976562,4.0,6400000.0,0.8404186032289628
2.0,2.0,8.0,14.0,38.0,40.0,3281.0,6144.0,0,0.9640625,0.00390625,2.0,6400000.0,0.9608778742661448
2.0,2.0,8.0,15.0,40.0,41.0,3325.0,6304.0,0,0.9640625,0.03125,0.000976562,6400000.0,0.961662181996086
2.0,2.0,8.0,14.0,38.0,39.0,3280.0,5984.0,0,0.9640625,0.03125,1.0,6400000.0,0.9620520425636009
1.0,2.0,8.0,1.0,1.0,1.0,543.0,32.0,0,0.5015625,0.03125,1024.0,6400000.0,0.5273919092465753
2.0,2.0,8.0,5.0,15.0,11.0,1939.0,1504.0,0,0.940625,0.015625,128.0,6400000.0,0.9409246575342465
2.0,2.0,8.0,5.0,15.0,11.0,1939.0,1504.0,0,0.940625,64.0,4.0,6400000.0,0.9409246575342465
1.0,2.0,8.0,1.0,1.0,1.0,543.0,32.0,0,0.5015625,1024.0,0.0078125,6400000.0,0.5273919092465753
1.0,4.0,1.0,1.0,1.0,1.0,35.0,32.0,0,0.5015625,4.0,32768.0,6400000.0,0.5273919092465753
4.0,4.0,1.0,4.0,11.0,8.0,301.0,768.0,0,0.9078125,1.0,1.0,6400000.0,0.8404186032289628
1.0,4.0,1.0,1.0,1.0,1.0,35.0,32.0,0,0.5015625,0.000976562,4096.0,6400000.0,0.5273919092465753
2.0,2.0,4.0,8.0,19.0,16.0,584.0,2304.0,0,0.940625,0.25,0.000976562,6400000.0,0.9409246575342465
4.0,4.0,1.0,4.0,11.0,8.0,301.0,768.0,0,0.9078125,8.0,0.25,6400000.0,0.8118471746575342
4.0,4.0,1.0,4.0,11.0,8.0,301.0,768.0,0,0.9078125,0.25,0.03125,6400000.0,0.8404186032289628
2.0,2.0,8.0,15.0,40.0,41.0,3325.0,6304.0,0,0.9640625,0.015625,0.125,6400000.0,0.9624434319960861
2.0,2.0,8.0,15.0,40.0,41.0,3325.0,6304.0,0,0.9640625,0.0625,0.0078125,6400000.0,0.961662181996086
1.0,2.0,8.0,1.0,1.0,1.0,543.0,32.0,0,0.5015625,0.0625,8192.0,6400000.0,0.5273919092465753
1.0,2.0,8.0,1.0,1.0,1.0,543.0,32.0,0,0.5015625,0.5,4096.0,6400000.0,0.5273919092465753
2.0,2.0,8.0,5.0,15.0,11.0,1939.0,1504.0,0,0.940625,0.125,64.0,6400000.0,0.9409246575342465
2.0,2.0,8.0,5.0,15.0,11.0,1939.0,1504.0,0,0.940625,128.0,0.03125,6400000.0,0.9409246575342465
2.0,2.0,8.0,15.0,40.0,41.0,3325.0,6304.0,0,0.9640625,0.25,0.0,6400000.0,0.9624434319960861
2.0,2.0,8.0,15.0,40.0,41.0,3325.0,6304.0,0,0.9640625,0.5,0.00390625,6400000.0,0.9620520425636009
2.0,2.0,4.0,5.0,15.0,11.0,499.0,1504.0,0,0.940625,8.0,16.0,6400000.0,0.9409246575342465
2.0,2.0,4.0,6.0,17.0,16.0,562.0,2304.0,0,0.940625,8.0,0.015625,6400000.0,0.9409246575342465
4.0,4.0,1.0,2.0,9.0,8.0,278.0,768.0,0,0.6890625,8.0,256.0,6400000.0,0.6533696183953033
1.0,2.0,8.0,1.0,1.0,1.0,543.0,32.0,0,0.5015625,0.25,512.0,6400000.0,0.5273919092465753
1.0,2.0,8.0,1.0,1.0,1.0,543.0,32.0,0,0.5015625,64.0,4096.0,6400000.0,0.5273919092465753
1.0,2.0,8.0,1.0,1.0,1.0,543.0,32.0,0,0.5015625,2048.0,32768.0,6400000.0,0.5273919092465753
2.0,2.0,8.0,12.0,36.0,44.0,3263.0,6784.0,0,0.9640625,0.0625,8.0,6400000.0,0.9577490521037181
2.0,2.0,8.0,15.0,40.0,41.0,3325.0,6304.0,0,0.9640625,0.125,0.0625,6400000.0,0.9624434319960861
1.0,2.0,8.0,1.0,1.0,1.0,543.0,32.0,0,0.5015625,1.0,32768.0,6400000.0,0.5273919092465753
1.0,2.0,8.0,1.0,1.0,1.0,543.0,32.0,0,0.5015625,4096.0,0.25,6400000.0,0.5273919092465753
2.0,2.0,8.0,14.0,37.0,39.0,3248.0,5984.0,0,0.9640625,0.25,0.5,6400000.0,0.9620520425636009
2.0,2.0,4.0,5.0,15.0,11.0,499.0,1504.0,0,0.940625,16.0,128.0,6400000.0,0.9409246575342465
1.0,2.0,8.0,1.0,1.0,1.0,543.0,32.0,0,0.5015625,4096.0,256.0,6400000.0,0.5273919092465753
2.0,2.0,4.0,7.0,19.0,16.0,605.0,2304.0,0,0.940625,0.25,1.0,6400000.0,0.9409246575342465
2.0,2.0,8.0,14.0,39.0,42.0,3315.0,6464.0,0,0.9640625,0.5,4.0,6400000.0,0.958529537671233
1.0,2.0,4.0,1.0,1.0,1.0,63.0,32.0,0,0.5015625,8.0,16384.0,6400000.0,0.5273919092465753
1.0,2.0,4.0,1.0,1.0,1.0,63.0,32.0,0,0.5015625,0.25,1024.0,6400000.0,0.5273919092465753
2.0,2.0,4.0,5.0,15.0,11.0,499.0,1504.0,0,0.940625,16.0,0.125,6400000.0,0.9409246575342465
2.0,2.0,8.0,14.0,39.0,42.0,3315.0,6464.0,0,0.9640625,4.0,0.00195312,6400000.0,0.9604864848336595
4.0,4.0,1.0,4.0,11.0,8.0,301.0,768.0,0,0.9078125,0.00195312,0.03125,6400000.0,0.8404186032289628
1.0,2.0,8.0,1.0,1.0,1.0,543.0,32.0,0,0.5015625,1024.0,8.0,6400000.0,0.5273919092465753
2.0,2.0,8.0,14.0,38.0,39.0,3280.0,5984.0,0,0.9640625,1.0,0.03125,6400000.0,0.9620520425636009
2.0,2.0,8.0,8.0,27.0,27.0,2787.0,4064.0,0,0.959375,1.0,32.0,6400000.0,0.9577505809686888
2.0,2.0,8.0,5.0,15.0,11.0,1939.0,1504.0,0,0.940625,128.0,32.0,6400000.0,0.9409246575342465
1.0,4.0,1.0,1.0,1.0,1.0,35.0,32.0,0,0.5015625,1.0,1024.0,6400000.0,0.5273919092465753
2.0,2.0,4.0,8.0,19.0,16.0,584.0,2304.0,0,0.940625,0.5,0.0078125,6400000.0,0.9409246575342465
2.0,2.0,8.0,14.0,38.0,40.0,3281.0,6144.0,0,0.9640625,2.0,0.25,6400000.0,0.9620520425636009
2.0,2.0,4.0,5.0,15.0,11.0,499.0,1504.0,0,0.940625,64.0,0.0078125,6400000.0,0.9409246575342465
2.0,2.0,8.0,5.0,15.0,11.0,1939.0,1504.0,0,0.940625,2.0,256.0,6400000.0,0.9033657962328766
2.0,2.0,4.0,5.0,15.0,11.0,499.0,1504.0,0,0.940625,32.0,1.0,6400000.0,0.9409246575342465
2.0,2.0,8.0,12.0,36.0,44.0,3263.0,6784.0,0,0.9640625,8.0,0.015625,6400000.0,0.9593146098336595
1.0,2.0,4.0,1.0,1.0,1.0,63.0,32.0,0,0.5015625,32.0,1024.0,6400000.0,0.5273919092465753
2.0,2.0,4.0,6.0,17.0,16.0,562.0,2304.0,0,0.940625,0.5,8.0,6400000.0,0.9409246575342465
2.0,2.0,8.0,8.0,27.0,27.0,2787.0,4064.0,0,0.959375,8.0,16.0,6400000.0,0.9585318309686889
1.0,2.0,4.0,1.0,1.0,1.0,63.0,32.0,0,0.5015625,64.0,8192.0,6400000.0,0.5273919092465753
2.0,2.0,8.0,14.0,39.0,42.0,3315.0,6464.0,0,0.9640625,4.0,2.0,6400000.0,0.9573576626712329
1.0,2.0,8.0,1.0,1.0,1.0,543.0,32.0,0,0.5015625,128.0,32768.0,6400000.0,0.5273919092465753
4.0,4.0,1.0,4.0,11.0,8.0,301.0,768.0,0,0.9078125,16.0,0.00195312,6400000.0,0.7824929672211349
1.0,2.0,8.0,1.0,1.0,1.0,543.0,32.0,0,0.5015625,4.0,2048.0,6400000.0,0.5273919092465753
2.0,2.0,4.0,5.0,15.0,11.0,499.0,1504.0,0,0.940625,256.0,0.0,6400000.0,0.9033657962328766
2.0,2.0,4.0,5.0,15.0,11.0,499.0,1504.0,0,0.940625,32.0,0.000976562,6400000.0,0.9409246575342465
2.0,2.0,4.0,5.0,15.0,11.0,499.0,1504.0,0,0.940625,64.0,8.0,6400000.0,0.9409246575342465
4.0,4.0,1.0,4.0,11.0,8.0,301.0,768.0,0,0.9078125,2.0,0.0078125,6400000.0,0.8404186032289628
2.0,2.0,4.0,7.0,19.0,16.0,605.0,2304.0,0,0.940625,1.0,0.0625,6400000.0,0.9409246575342465
4.0,4.0,1.0,4.0,11.0,8.0,301.0,768.0,0,0.9078125,2.0,8.0,6400000.0,0.8118471746575342
2.0,2.0,4.0,5.0,15.0,11.0,499.0,1504.0,0,0.940625,128.0,64.0,6400000.0,0.9409246575342465
1.0,2.0,4.0,1.0,1.0,1.0,63.0,32.0,0,0.5015625,256.0,512.0,6400000.0,0.5273919092465753
1.0,2.0,8.0,1.0,1.0,1.0,543.0,32.0,0,0.5015625,8192.0,2.0,6400000.0,0.5273919092465753
1.0,2.0,8.0,1.0,1.0,1.0,543.0,32.0,0,0.5015625,8192.0,0.00195312,6400000.0,0.5273919092465753
1.0,2.0,8.0,1.0,1.0,1.0,543.0,32.0,0,0.5015625,8.0,16384.0,6400000.0,0.5273919092465753
2.0,2.0,8.0,8.0,28.0,28.0,2820.0,4224.0,0,0.959375,16.0,0.125,6400000.0,0.9597059992661447
4.0,4.0,1.0,3.0,10.0,8.0,289.0,768.0,0,0.7546875,0.00195312,32.0,6400000.0,0.758226822407045
4.0,4.0,1.0,4.0,11.0,8.0,301.0,768.0,0,0.9078125,16.0,2.0,6400000.0,0.7824929672211349
1.0,4.0,1.0,1.0,1.0,1.0,35.0,32.0,0,0.5015625,0.00195312,32768.0,6400000.0,0.5273919092465753
1.0,2.0,8.0,1.0,1.0,1.0,543.0,32.0,0,0.5015625,8192.0,2048.0,6400000.0,0.5273919092465753
1.0,2.0,4.0,1.0,1.0,1.0,63.0,32.0,0,0.5015625,0.5,8192.0,6400000.0,0.5273919092465753
1.0,2.0,4.0,1.0,1.0,1.0,63.0,32.0,0,0.5015625,512.0,4096.0,6400000.0,0.5273919092465753
1.0,2.0,8.0,1.0,1.0,1.0,543.0,32.0,0,0.5015625,16384.0,0.015625,6400000.0,0.5273919092465753
2.0,2.0,4.0,5.0,15.0,11.0,499.0,1504.0,0,0.940625,256.0,0.5,6400000.0,0.9033657962328766
4.0,4.0,1.0,2.0,9.0,8.0,278.0,768.0,0,0.6890625,0.00390625,256.0,6400000.0,0.6533696183953033
1.0,2.0,4.0,1.0,1.0,1.0,63.0,32.0,0,0.5015625,512.0,4.0,6400000.0,0.5273919092465753
2.0,2.0,4.0,5.0,15.0,11.0,499.0,1504.0,0,0.940625,128.0,0.0625,6400000.0,0.9409246575342465
1.0,2.0,4.0,1.0,1.0,1.0,63.0,32.0,0,0.5015625,512.0,0.00390625,6400000.0,0.5273919092465753
4.0,4.0,1.0,4.0,11.0,8.0,301.0,768.0,0,0.9078125,0.00390625,0.25,6400000.0,0.8404186032289628
1.0,2.0,4.0,1.0,1.0,1.0,63.0,32.0,0,0.5015625,1024.0,32768.0,6400000.0,0.5273919092465753
1.0,2.0,4.0,1.0,1.0,1.0,63.0,32.0,0,0.5015625,1024.0,32.0,6400000.0,0.5273919092465753
2.0,2.0,8.0,5.0,15.0,11.0,1939.0,1504.0,0,0.940625,16.0,128.0,6400000.0,0.9409246575342465
1.0,2.0,4.0,1.0,1.0,1.0,63.0,32.0,0,0.5015625,1024.0,0.03125,6400000.0,0.5273919092465753
1.0,2.0,4.0,1.0,1.0,1.0,63.0,32.0,0,0.5015625,2048.0,0.25,6400000.0,0.5273919092465753
1.0,4.0,1.0,1.0,1.0,1.0,35.0,32.0,0,0.5015625,2.0,8192.0,6400000.0,0.5273919092465753
1.0,2.0,8.0,1.0,1.0,1.0,543.0,32.0,0,0.5015625,1024.0,8192.0,6400000.0,0.5273919092465753
4.0,4.0,1.0,3.0,10.0,8.0,289.0,768.0,0,0.7546875,0.25,32.0,6400000.0,0.758226822407045
2.0,2.0,4.0,7.0,19.0,16.0,605.0,2304.0,0,0.940625,2.0,0.0,6400000.0,0.9409246575342465
1.0,2.0,4.0,1.0,1.0,1.0,63.0,32.0,0,0.5015625,4096.0,0.00195312,6400000.0,0.5273919092465753
1.0,2.0,4.0,1.0,1.0,1.0,63.0,32.0,0,0.5015625,2048.0,256.0,6400000.0,0.5273919092465753
2.0,2.0,4.0,5.0,15.0,11.0,499.0,1504.0,0,0.940625,1.0,64.0,6400000.0,0.9409246575342465
1.0,2.0,8.0,1.0,1.0,1.0,543.0,32.0,0,0.5015625,16384.0,16384.0,6400000.0,0.5273919092465753
2.0,2.0,8.0,8.0,28.0,28.0,2820.0,4224.0,0,0.959375,32.0,0.000976562,6400000.0,0.9597059992661447
4.0,4.0,1.0,4.0,11.0,8.0,301.0,768.0,0,0.9078125,0.0078125,0.00195312,6400000.0,0.8404186032289628
4.0,4.0,1.0,4.0,11.0,8.0,301.0,768.0,0,0.9078125,0.0078125,2.0,6400000.0,0.8404186032289628
1.0,2.0,8.0,1.0,1.0,1.0,543.0,32.0,0,0.5015625,32768.0,0.125,6400000.0,0.5273919092465753
1.0,4.0,1.0,1.0,1.0,1.0,35.0,32.0,0,0.5015625,0.25,32768.0,6400000.0,0.5273919092465753
1.0,2.0,8.0,1.0,1.0,1.0,543.0,32.0,0,0.5015625,16384.0,16.0,6400000.0,0.5273919092465753
1.0,2.0,4.0,1.0,1.0,1.0,63.0,32.0,0,0.5015625,4096.0,2048.0,6400000.0,0.5273919092465753
1.0,2.0,4.0,1.0,1.0,1.0,63.0,32.0,0,0.5015625,2.0,512.0,6400000.0,0.5273919092465753
1.0,4.0,1.0,1.0,1.0,1.0,35.0,32.0,0,0.5015625,16.0,2048.0,6400000.0,0.5273919092465753
1.0,2.0,4.0,1.0,1.0,1.0,63.0,32.0,0,0.5015625,8192.0,0.015625,6400000.0,0.5273919092465753
2.0,2.0,8.0,5.0,15.0,11.0,1939.0,1504.0,0,0.940625,256.0,0.25,6400000.0,0.9033657962328766
1.0,2.0,4.0,1.0,1.0,1.0,63.0,32.0,0,0.5015625,16384.0,0.125,6400000.0,0.5273919092465753
1.0,2.0,8.0,1.0,1.0,1.0,543.0,32.0,0,0.5015625,2048.0,0.0625,6400000.0,0.5273919092465753
1.0,2.0,4.0,1.0,1.0,1.0,63.0,32.0,0,0.5015625,4096.0,2.0,6400000.0,0.5273919092465753
1.0,2.0,4.0,1.0,1.0,1.0,63.0,32.0,0,0.5015625,8192.0,16.0,6400000.0,0.5273919092465753
1.0,2.0,8.0,1.0,1.0,1.0,543.0,32.0,0,0.5015625,32768.0,128.0,6400000.0,0.5273919092465753
1.0,2.0,4.0,1.0,1.0,1.0,63.0,32.0,0,0.5015625,8192.0,16384.0,6400000.0,0.5273919092465753
4.0,4.0,1.0,4.0,11.0,8.0,301.0,768.0,0,0.9078125,0.015625,0.015625,6400000.0,0.8404186032289628
2.0,2.0,4.0,7.0,19.0,16.0,605.0,2304.0,0,0.940625,2.0,0.5,6400000.0,0.9409246575342465
1.0,4.0,1.0,1.0,1.0,1.0,35.0,32.0,0,0.5015625,0.015625,16384.0,6400000.0,0.5273919092465753
1.0,4.0,1.0,1.0,1.0,1.0,35.0,32.0,0,0.5015625,0.0078125,2048.0,6400000.0,0.5273919092465753
1.0,2.0,8.0,1.0,1.0,1.0,543.0,32.0,0,0.5015625,256.0,256.0,6400000.0,0.5273919092465753
2.0,2.0,8.0,8.0,28.0,28.0,2820.0,4224.0,0,0.959375,32.0,1.0,6400000.0,0.9589247492661448
4.0,4.0,1.0,4.0,11.0,8.0,301.0,768.0,0,0.9078125,0.015625,16.0,6400000.0,0.7824929672211349
4.0,4.0,1.0,4.0,11.0,8.0,301.0,768.0,0,0.9078125,0.03125,0.125,6400000.0,0.8404186032289628
1.0,2.0,8.0,1.0,1.0,1.0,543.0,32.0,0,0.5015625,512.0,0.00195312,6400000.0,0.5273919092465753
2.0,2.0,8.0,15.0,40.0,41.0,3325.0,6304.0,0,0.9640625,0.0,0.0078125,6400000.0,0.961662181996086
2.0,2.0,4.0,7.0,19.0,16.0,605.0,2304.0,0,0.940625,4.0,0.00390625,6400000.0,0.9409246575342465
1.0,2.0,4.0,1.0,1.0,1.0,63.0,32.0,0,0.5015625,32768.0,1.0,6400000.0,0.5273919092465753
2.0,2.0,4.0,6.0,17.0,16.0,562.0,2304.0,0,0.940625,4.0,4.0,6400000.0,0.9409246575342465
4.0,4.0,1.0,4.0,11.0,8.0,301.0,768.0,0,0.9078125,0.0,0.000976562,6400000.0,0.8404186032289628
4.0,4.0,1.0,3.0,10.0,8.0,289.0,768.0,0,0.7546875,32.0,0.015625,6400000.0,0.758226822407045
1.0,2.0,4.0,1.0,1.0,1.0,63.0,32.0,0,0.5015625,32768.0,0.000976562,6400000.0,0.5273919092465753
4.0,4.0,1.0,4.0,11.0,8.0,301.0,768.0,0,0.9078125,4.0,0.0625,6400000.0,0.8404186032289628
2.0,2.0,8.0,12.0,36.0,44.0,3263.0,6784.0,0,0.9640625,0.0,8.0,6400000.0,0.9577490521037181
4.0,4.0,1.0,3.0,10.0,8.0,289.0,768.0,0,0.7546875,4.0,64.0,6400000.0,0.758226822407045
1.0,2.0,4.0,1.0,1.0,1.0,63.0,32.0,0,0.5015625,32768.0,1024.0,6400000.0,0.5273919092465753
1.0,2.0,8.0,1.0,1.0,1.0,543.0,32.0,0,0.5015625,0.0,8192.0,6400000.0,0.5273919092465753
4.0,4.0,1.0,3.0,10.0,8.0,289.0,768.0,0,0.7546875,32.0,16.0,6400000.0,0.758226822407045
4.0,4.0,1.0,4.0,11.0,8.0,301.0,768.0,0,0.9078125,0.0,1.0,6400000.0,0.8404186032289628
1.0,2.0,4.0,1.0,1.0,1.0,63.0,32.0,0,0.5015625,16384.0,128.0,6400000.0,0.5273919092465753
2.0,2.0,8.0,15.0,40.0,41.0,3325.0,6304.0,0,0.9640625,0.00195312,0.5,6400000.0,0.9620520425636009
4.0,4.0,1.0,4.0,11.0,8.0,301.0,768.0,0,0.9078125,0.0625,0.000976562,6400000.0,0.8404186032289628
2.0,2.0,8.0,15.0,40.0,41.0,3325.0,6304.0,0,0.9640625,0.000976562,0.0625,6400000.0,0.961662181996086
4.0,4.0,1.0,2.0,9.0,8.0,278.0,768.0,0,0.6890625,0.03125,128.0,6400000.0,0.6533696183953033
4.0,4.0,1.0,4.0,11.0,8.0,301.0,768.0,0,0.9078125,0.0625,1.0,6400000.0,0.8404186032289628
1.0,2.0,4.0,1.0,1.0,1.0,63.0,32.0,0,0.5015625,4.0,4096.0,6400000.0,0.5273919092465753
1.0,2.0,8.0,1.0,1.0,1.0,543.0,32.0,0,0.5015625,32.0,1024.0,6400000.0,0.5273919092465753
1.0,4.0,1.0,1.0,1.0,1.0,35.0,32.0,0,0.5015625,32.0,16384.0,6400000.0,0.5273919092465753
1.0,2.0,8.0,1.0,1.0,1.0,543.0,32.0,0,0.5015625,0.00195312,512.0,6400000.0,0.5273919092465753
1.0,4.0,1.0,1.0,1.0,1.0,35.0,32.0,0,0.5015625,0.0625,1024.0,6400000.0,0.5273919092465753
1.0,4.0,1.0,1.0,1.0,1.0,35.0,32.0,0,0.5015625,0.0,1024.0,6400000.0,0.5273919092465753
2.0,2.0,8.0,15.0,40.0,41.0,3325.0,6304.0,0,0.9640625,0.00195312,0.0,6400000.0,0.961662181996086
2.0,2.0,8.0,5.0,15.0,11.0,1939.0,1504.0,0,0.940625,0.000976562,64.0,6400000.0,0.9409246575342465
1.0,2.0,8.0,1.0,1.0,1.0,543.0,32.0,0,0.5015625,512.0,2.0,6400000.0,0.5273919092465753
2.0,2.0,8.0,5.0,15.0,11.0,1939.0,1504.0,0,0.940625,64.0,0.0078125,6400000.0,0.9409246575342465
4.0,4.0,1.0,4.0,11.0,8.0,301.0,768.0,0,0.9078125,0.125,0.0078125,6400000.0,0.8404186032289628
1.0,2.0,8.0,1.0,1.0,1.0,543.0,32.0,0,0.5015625,2048.0,64.0,6400000.0,0.5273919092465753
2.0,2.0,8.0,15.0,40.0,41.0,3325.0,6304.0,0,0.9640625,0.00390625,0.00390625,6400000.0,0.961662181996086
1.0,2.0,8.0,1.0,1.0,1.0,543.0,32.0,0,0.5015625,0.00390625,4096.0,6400000.0,0.5273919092465753
1.0,2.0,8.0,1.0,1.0,1.0,543.0,32.0,0,0.5015625,512.0,2048.0,6400000.0,0.5273919092465753
4.0,4.0,1.0,4.0,11.0,8.0,301.0,768.0,0,0.9078125,0.5,0.25,6400000.0,0.8404186032289628
2.0,2.0,8.0,8.0,27.0,27.0,2787.0,4064.0,0,0.959375,0.0078125,32.0,6400000.0,0.9585318309686889
1.0,2.0,8.0,1.0,1.0,1.0,543.0,32.0,0,0.5015625,0.0078125,32768.0,6400000.0,0.5273919092465753
4.0,4.0,1.0,2.0,9.0,8.0,278.0,768.0,0,0.6890625,0.5,256.0,6400000.0,0.6533696183953033
4.0,4.0,1.0,4.0,11.0,8.0,301.0,768.0,0,0.9078125,0.125,8.0,6400000.0,0.8118471746575342
4.0,4.0,1.0,4.0,11.0,8.0,301.0,768.0,0,0.9078125,0.000976562,0.0078125,6400000.0,0.8404186032289628
2.0,2.0,8.0,15.0,40.0,41.0,3325.0,6304.0,0,0.9640625,0.0078125,0.03125,6400000.0,0.961662181996086
1.0,4.0,1.0,1.0,1.0,1.0,35.0,32.0,0,0.5015625,0.125,8192.0,6400000.0,0.5273919092465753
2.0,2.0,8.0,14.0,39.0,42.0,3315.0,6464.0,0,0.9640625,0.00390625,4.0,6400000.0,0.9604864848336595
4.0,4.0,1.0,4.0,11.0,8.0,301.0,768.0,0,0.9078125,1.0,0.00195312,6400000.0,0.8404186032289628
4.0,4.0,1.0,4.0,11.0,8.0,301.0,768.0,0,0.9078125,0.000976562,8.0,6400000.0,0.8118471746575342
2.0,2.0,8.0,15.0,40.0,41.0,3325.0,6304.0,0,0.9640625,0.03125,0.00195312,6400000.0,0.961662181996086
2.0,2.0,8.0,5.0,15.0,11.0,1939.0,1504.0,0,0.940625,64.0,8.0,6400000.0,0.9409246575342465
2.0,2.0,8.0,14.0,38.0,40.0,3281.0,6144.0,0,0.9640625,0.03125,2.0,6400000.0,0.9608778742661448
1.0,2.0,8.0,1.0,1.0,1.0,543.0,32.0,0,0.5015625,1024.0,0.015625,6400000.0,0.5273919092465753
1.0,2.0,8.0,1.0,1.0,1.0,543.0,32.0,0,0.5015625,0.03125,2048.0,6400000.0,0.5273919092465753
4.0,4.0,1.0,4.0,11.0,8.0,301.0,768.0,0,0.9078125,8.0,0.0,6400000.0,0.8118471746575342
4.0,4.0,1.0,4.0,11.0,8.0,301.0,768.0,0,0.9078125,1.0,2.0,6400000.0,0.8404186032289628
2.0,2.0,8.0,5.0,15.0,11.0,1939.0,1504.0,0,0.940625,0.015625,256.0,6400000.0,0.9033657962328766
1.0,4.0,1.0,1.0,1.0,1.0,35.0,32.0,0,0.5015625,0.000976562,8192.0,6400000.0,0.5273919092465753
4.0,4.0,1.0,3.0,10.0,8.0,289.0,768.0,0,0.7546875,64.0,0.125,6400000.0,0.758226822407045
4.0,4.0,1.0,4.0,11.0,8.0,301.0,768.0,0,0.9078125,8.0,0.5,6400000.0,0.8118471746575342
1.0,2.0,8.0,1.0,1.0,1.0,543.0,32.0,0,0.5015625,0.0625,16384.0,6400000.0,0.5273919092465753
2.0,2.0,8.0,15.0,40.0,41.0,3325.0,6304.0,0,0.9640625,0.015625,0.25,6400000.0,0.9624434319960861
4.0,4.0,1.0,4.0,11.0,8.0,301.0,768.0,0,0.9078125,0.25,0.0625,6400000.0,0.8404186032289628
2.0,2.0,8.0,5.0,15.0,11.0,1939.0,1504.0,0,0.940625,0.125,128.0,6400000.0,0.9409246575342465
2.0,2.0,8.0,15.0,40.0,41.0,3325.0,6304.0,0,0.9640625,0.0625,0.015625,6400000.0,0.961662181996086
2.0,2.0,8.0,15.0,40.0,41.0,3325.0,6304.0,0,0.9640625,0.5,0.0078125,6400000.0,0.9620520425636009
1.0,2.0,8.0,1.0,1.0,1.0,543.0,32.0,0,0.5015625,0.5,8192.0,6400000.0,0.5273919092465753
2.0,2.0,4.0,5.0,15.0,11.0,499.0,1504.0,0,0.940625,8.0,32.0,6400000.0,0.9409246575342465
2.0,2.0,8.0,15.0,40.0,41.0,3325.0,6304.0,0,0.9640625,0.25,0.000976562,6400000.0,0.9624434319960861
1.0,2.0,8.0,1.0,1.0,1.0,543.0,32.0,0,0.5015625,4096.0,0.0,6400000.0,0.5273919092465753
2.0,2.0,8.0,5.0,15.0,11.0,1939.0,1504.0,0,0.940625,128.0,0.0625,6400000.0,0.9409246575342465
2.0,2.0,4.0,6.0,17.0,16.0,562.0,2304.0,0,0.940625,8.0,0.03125,6400000.0,0.9409246575342465
2.0,2.0,8.0,15.0,40.0,41.0,3325.0,6304.0,0,0.9640625,0.125,0.125,6400000.0,0.9624434319960861
1.0,2.0,8.0,1.0,1.0,1.0,543.0,32.0,0,0.5015625,64.0,8192.0,6400000.0,0.5273919092465753
2.0,2.0,8.0,14.0,38.0,40.0,3281.0,6144.0,0,0.9640625,2.0,0.0,6400000.0,0.9608778742661448
1.0,4.0,1.0,1.0,1.0,1.0,35.0,32.0,0,0.5015625,8.0,512.0,6400000.0,0.5273919092465753
1.0,2.0,8.0,1.0,1.0,1.0,543.0,32.0,0,0.5015625,0.25,1024.0,6400000.0,0.5273919092465753
1.0,2.0,8.0,1.0,1.0,1.0,543.0,32.0,0,0.5015625,4096.0,0.5,6400000.0,0.5273919092465753
2.0,2.0,4.0,5.0,14.0,10.0,466.0,1344.0,0,0.9078125,16.0,256.0,6400000.0,0.9033657962328766
4.0,4.0,1.0,2.0,9.0,8.0,278.0,768.0,0,0.6890625,64.0,128.0,6400000.0,0.6533696183953033
2.0,2.0,8.0,14.0,38.0,39.0,3280.0,5984.0,0,0.9640625,0.25,1.0,6400000.0,0.9620520425636009
2.0,2.0,8.0,8.0,27.0,27.0,2787.0,4064.0,0,0.959375,0.0625,16.0,6400000.0,0.9585318309686889
4.0,4.0,1.0,2.0,9.0,8.0,278.0,768.0,0,0.6890625,128.0,0.000976562,6400000.0,0.6533696183953033
2.0,2.0,8.0,12.0,36.0,44.0,3263.0,6784.0,0,0.9640625,0.5,8.0,6400000.0,0.9577490521037181
2.0,2.0,4.0,5.0,15.0,11.0,499.0,1504.0,0,0.940625,16.0,0.25,6400000.0,0.9409246575342465
1.0,2.0,8.0,1.0,1.0,1.0,543.0,32.0,0,0.5015625,4096.0,512.0,6400000.0,0.5273919092465753
1.0,2.0,4.0,1.0,1.0,1.0,63.0,32.0,0,0.5015625,8.0,32768.0,6400000.0,0.5273919092465753
2.0,2.0,8.0,14.0,39.0,42.0,3315.0,6464.0,0,0.9640625,4.0,0.00390625,6400000.0,0.9604864848336595
1.0,2.0,8.0,1.0,1.0,1.0,543.0,32.0,0,0.5015625,1024.0,16.0,6400000.0,0.5273919092465753
4.0,4.0,1.0,4.0,11.0,8.0,301.0,768.0,0,0.9078125,0.00195312,0.0625,6400000.0,0.8404186032289628
2.0,2.0,8.0,5.0,15.0,11.0,1939.0,1504.0,0,0.940625,1.0,64.0,6400000.0,0.9409246575342465
1.0,4.0,1.0,1.0,1.0,1.0,35.0,32.0,0,0.5015625,1.0,2048.0,6400000.0,0.5273919092465753
2.0,2.0,8.0,14.0,38.0,39.0,3280.0,5984.0,0,0.9640625,1.0,0.0625,6400000.0,0.9620520425636009
2.0,2.0,8.0,5.0,15.0,11.0,1939.0,1504.0,0,0.940625,128.0,64.0,6400000.0,0.9409246575342465
2.0,2.0,4.0,5.0,15.0,11.0,499.0,1504.0,0,0.940625,64.0,0.015625,6400000.0,0.9409246575342465
2.0,2.0,8.0,14.0,38.0,40.0,3281.0,6144.0,0,0.9640625,2.0,0.5,6400000.0,0.9620520425636009
4.0,4.0,1.0,2.0,9.0,8.0,278.0,768.0,0,0.6890625,128.0,1.0,6400000.0,0.6533696183953033
2.0,2.0,8.0,12.0,36.0,44.0,3263.0,6784.0,0,0.9640625,8.0,0.03125,6400000.0,0.9593146098336595
4.0,4.0,1.0,4.0,11.0,8.0,301.0,768.0,0,0.9078125,16.0,0.00390625,6400000.0,0.7824929672211349
2.0,2.0,8.0,5.0,15.0,11.0,1939.0,1504.0,0,0.940625,256.0,0.0,6400000.0,0.9033657962328766
2.0,2.0,4.0,5.0,15.0,11.0,499.0,1504.0,0,0.940625,32.0,2.0,6400000.0,0.9409246575342465
1.0,2.0,8.0,1.0,1.0,1.0,543.0,32.0,0,0.5015625,2.0,512.0,6400000.0,0.5273919092465753
1.0,2.0,8.0,1.0,1.0,1.0,543.0,32.0,0,0.5015625,4.0,4096.0,6400000.0,0.5273919092465753
2.0,2.0,8.0,8.0,25.0,23.0,2719.0,3424.0,0,0.959375,8.0,32.0,6400000.0,0.9577505809686888
1.0,2.0,4.0,1.0,1.0,1.0,63.0,32.0,0,0.5015625,32.0,2048.0,6400000.0,0.5273919092465753
1.0,4.0,1.0,1.0,1.0,1.0,35.0,32.0,0,0.5015625,128.0,1024.0,6400000.0,0.5273919092465753
2.0,2.0,4.0,5.0,15.0,11.0,499.0,1504.0,0,0.940625,256.0,0.000976562,6400000.0,0.9033657962328766
2.0,2.0,4.0,5.0,15.0,11.0,499.0,1504.0,0,0.940625,64.0,16.0,6400000.0,0.9409246575342465
2.0,2.0,8.0,12.0,36.0,44.0,3263.0,6784.0,0,0.9640625,4.0,4.0,6400000.0,0.9593146098336595
2.0,2.0,4.0,5.0,15.0,11.0,499.0,1504.0,0,0.940625,32.0,0.00195312,6400000.0,0.9409246575342465
1.0,2.0,4.0,1.0,1.0,1.0,63.0,32.0,0,0.5015625,64.0,16384.0,6400000.0,0.5273919092465753
4.0,4.0,1.0,4.0,11.0,8.0,301.0,768.0,0,0.9078125,2.0,0.015625,6400000.0,0.8404186032289628
4.0,4.0,1.0,4.0,11.0,8.0,301.0,768.0,0,0.9078125,2.0,16.0,6400000.0,0.7824929672211349
2.0,2.0,8.0,8.0,28.0,28.0,2820.0,4224.0,0,0.959375,16.0,0.25,6400000.0,0.9597059992661447
4.0,4.0,1.0,2.0,9.0,8.0,278.0,768.0,0,0.6890625,256.0,0.0078125,6400000.0,0.6533696183953033
1.0,2.0,8.0,1.0,1.0,1.0,543.0,32.0,0,0.5015625,8.0,32768.0,6400000.0,0.5273919092465753
2.0,2.0,4.0,5.0,15.0,11.0,499.0,1504.0,0,0.940625,128.0,128.0,6400000.0,0.9033657962328766
1.0,2.0,8.0,1.0,1.0,1.0,543.0,32.0,0,0.5015625,8192.0,0.00390625,6400000.0,0.5273919092465753
1.0,2.0,4.0,1.0,1.0,1.0,63.0,32.0,0,0.5015625,256.0,1024.0,6400000.0,0.5273919092465753
4.0,4.0,1.0,3.0,10.0,8.0,289.0,768.0,0,0.7546875,0.00195312,64.0,6400000.0,0.758226822407045
1.0,2.0,8.0,1.0,1.0,1.0,543.0,32.0,0,0.5015625,8192.0,4.0,6400000.0,0.5273919092465753
4.0,4.0,1.0,4.0,11.0,8.0,301.0,768.0,0,0.9078125,16.0,4.0,6400000.0,0.7824929672211349
1.0,2.0,8.0,1.0,1.0,1.0,543.0,32.0,0,0.5015625,8192.0,4096.0,6400000.0,0.5273919092465753
4.0,4.0,1.0,4.0,11.0,8.0,301.0,768.0,0,0.9078125,0.00390625,0.0,6400000.0,0.8404186032289628
4.0,4.0,1.0,2.0,9.0,8.0,278.0,768.0,0,0.6890625,256.0,8.0,6400000.0,0.6533696183953033
1.0,4.0,1.0,1.0,1.0,1.0,35.0,32.0,0,0.5015625,0.00390625,512.0,6400000.0,0.5273919092465753
1.0,2.0,4.0,1.0,1.0,1.0,63.0,32.0,0,0.5015625,512.0,8192.0,6400000.0,0.5273919092465753
1.0,2.0,8.0,1.0,1.0,1.0,543.0,32.0,0,0.5015625,16384.0,0.03125,6400000.0,0.5273919092465753
1.0,2.0,4.0,1.0,1.0,1.0,63.0,32.0,0,0.5015625,512.0,0.0078125,6400000.0,0.5273919092465753
1.0,2.0,4.0,1.0,1.0,1.0,63.0,32.0,0,0.5015625,512.0,8.0,6400000.0,0.5273919092465753
2.0,2.0,4.0,5.0,15.0,11.0,499.0,1504.0,0,0.940625,256.0,1.0,6400000.0,0.9033657962328766
2.0,2.0,4.0,5.0,15.0,11.0,499.0,1504.0,0,0.940625,128.0,0.125,6400000.0,0.9409246575342465
1.0,2.0,4.0,1.0,1.0,1.0,63.0,32.0,0,0.5015625,2048.0,0.0,6400000.0,0.5273919092465753
4.0,4.0,1.0,4.0,11.0,8.0,301.0,768.0,0,0.9078125,0.00390625,0.5,6400000.0,0.8404186032289628
2.0,2.0,8.0,5.0,14.0,10.0,1906.0,1344.0,0,0.9078125,16.0,256.0,6400000.0,0.9033657962328766
1.0,2.0,4.0,1.0,1.0,1.0,63.0,32.0,0,0.5015625,1024.0,64.0,6400000.0,0.5273919092465753
1.0,2.0,8.0,1.0,1.0,1.0,543.0,32.0,0,0.5015625,1024.0,16384.0,6400000.0,0.5273919092465753
1.0,4.0,1.0,1.0,1.0,1.0,35.0,32.0,0,0.5015625,2.0,16384.0,6400000.0,0.5273919092465753
1.0,2.0,4.0,1.0,1.0,1.0,63.0,32.0,0,0.5015625,2048.0,0.5,6400000.0,0.5273919092465753
2.0,2.0,8.0,8.0,28.0,28.0,2820.0,4224.0,0,0.959375,32.0,0.00195312,6400000.0,0.9597059992661447
1.0,2.0,4.0,1.0,1.0,1.0,63.0,32.0,0,0.5015625,1024.0,0.0625,6400000.0,0.5273919092465753
1.0,4.0,1.0,1.0,1.0,1.0,35.0,32.0,0,0.5015625,512.0,0.0625,6400000.0,0.5273919092465753
1.0,2.0,4.0,1.0,1.0,1.0,63.0,32.0,0,0.5015625,4096.0,0.00390625,6400000.0,0.5273919092465753
1.0,4.0,1.0,1.0,1.0,1.0,35.0,32.0,0,0.5015625,256.0,8192.0,6400000.0,0.5273919092465753
4.0,4.0,1.0,3.0,10.0,8.0,289.0,768.0,0,0.7546875,0.25,64.0,6400000.0,0.758226822407045
1.0,2.0,4.0,1.0,1.0,1.0,63.0,32.0,0,0.5015625,2048.0,512.0,6400000.0,0.5273919092465753
1.0,2.0,8.0,1.0,1.0,1.0,543.0,32.0,0,0.5015625,16384.0,32768.0,6400000.0,0.5273919092465753
4.0,4.0,1.0,4.0,11.0,8.0,301.0,768.0,0,0.9078125,0.0078125,0.00390625,6400000.0,0.8404186032289628
4.0,4.0,1.0,4.0,11.0,8.0,301.0,768.0,0,0.9078125,0.5,0.0,6400000.0,0.8404186032289628
4.0,4.0,1.0,4.0,11.0,8.0,301.0,768.0,0,0.9078125,0.0078125,4.0,6400000.0,0.8404186032289628
1.0,2.0,4.0,1.0,1.0,1.0,63.0,32.0,0,0.5015625,4096.0,4096.0,6400000.0,0.5273919092465753
1.0,2.0,8.0,1.0,1.0,1.0,543.0,32.0,0,0.5015625,32768.0,0.25,6400000.0,0.5273919092465753
1.0,2.0,4.0,1.0,1.0,1.0,63.0,32.0,0,0.5015625,8192.0,32768.0,6400000.0,0.5273919092465753
1.0,2.0,4.0,1.0,1.0,1.0,63.0,32.0,0,0.5015625,8192.0,0.03125,6400000.0,0.5273919092465753
1.0,2.0,4.0,1.0,1.0,1.0,63.0,32.0,0,0.5015625,16384.0,0.25,6400000.0,0.5273919092465753
1.0,4.0,1.0,1.0,1.0,1.0,35.0,32.0,0,0.5015625,16.0,4096.0,6400000.0,0.5273919092465753
1.0,2.0,8.0,1.0,1.0,1.0,543.0,32.0,0,0.5015625,2048.0,0.125,6400000.0,0.5273919092465753
1.0,2.0,8.0,1.0,1.0,1.0,543.0,32.0,0,0.5015625,16384.0,32.0,6400000.0,0.5273919092465753
1.0,2.0,8.0,1.0,1.0,1.0,543.0,32.0,0,0.5015625,32768.0,256.0,6400000.0,0.5273919092465753
1.0,4.0,1.0,1.0,1.0,1.0,35.0,32.0,0,0.5015625,512.0,64.0,6400000.0,0.5273919092465753
2.0,2.0,8.0,5.0,15.0,11.0,1939.0,1504.0,0,0.940625,256.0,0.5,6400000.0,0.9033657962328766
1.0,2.0,4.0,1.0,1.0,1.0,63.0,32.0,0,0.5015625,4096.0,4.0,6400000.0,0.5273919092465753
1.0,2.0,4.0,1.0,1.0,1.0,63.0,32.0,0,0.5015625,8192.0,32.0,6400000.0,0.5273919092465753
1.0,4.0,1.0,1.0,1.0,1.0,35.0,32.0,0,0.5015625,0.015625,32768.0,6400000.0,0.5273919092465753
1.0,4.0,1.0,1.0,1.0,1.0,35.0,32.0,0,0.5015625,1024.0,0.0,6400000.0,0.5273919092465753
1.0,2.0,8.0,1.0,1.0,1.0,543.0,32.0,0,0.5015625,256.0,512.0,6400000.0,0.5273919092465753
1.0,4.0,1.0,1.0,1.0,1.0,35.0,32.0,0,0.5015625,0.0078125,4096.0,6400000.0,0.5273919092465753
4.0,4.0,1.0,4.0,11.0,8.0,301.0,768.0,0,0.9078125,0.015625,0.03125,6400000.0,0.8404186032289628
1.0,2.0,8.0,1.0,1.0,1.0,543.0,32.0,0,0.5015625,512.0,0.00390625,6400000.0,0.5273919092465753
4.0,4.0,1.0,4.0,11.0,8.0,301.0,768.0,0,0.9078125,0.03125,0.25,6400000.0,0.8404186032289628
2.0,2.0,8.0,8.0,28.0,28.0,2820.0,4224.0,0,0.959375,32.0,2.0,6400000.0,0.9589247492661448
4.0,4.0,1.0,3.0,10.0,8.0,289.0,768.0,0,0.7546875,0.015625,32.0,6400000.0,0.758226822407045
4.0,4.0,1.0,4.0,11.0,8.0,301.0,768.0,0,0.9078125,0.0,0.00195312,6400000.0,0.8404186032289628
1.0,4.0,1.0,1.0,1.0,1.0,35.0,32.0,0,0.5015625,1024.0,0.5,6400000.0,0.5273919092465753
1.0,2.0,4.0,1.0,1.0,1.0,63.0,32.0,0,0.5015625,32768.0,2.0,6400000.0,0.5273919092465753
1.0,2.0,4.0,1.0,1.0,1.0,63.0,32.0,0,0.5015625,32768.0,0.00195312,6400000.0,0.5273919092465753
1.0,4.0,1.0,1.0,1.0,1.0,35.0,32.0,0,0.5015625,1024.0,512.0,6400000.0,0.5273919092465753
4.0,4.0,1.0,2.0,9.0,8.0,278.0,768.0,0,0.6890625,4.0,128.0,6400000.0,0.6533696183953033
4.0,4.0,1.0,3.0,10.0,8.0,289.0,768.0,0,0.7546875,32.0,0.03125,6400000.0,0.758226822407045
2.0,2.0,8.0,15.0,40.0,41.0,3325.0,6304.0,0,0.9640625,0.0,0.015625,6400000.0,0.961662181996086
2.0,2.0,8.0,8.0,27.0,27.0,2787.0,4064.0,0,0.959375,0.0,16.0,6400000.0,0.9585318309686889
1.0,2.0,8.0,1.0,1.0,1.0,543.0,32.0,0,0.5015625,0.0,16384.0,6400000.0,0.5273919092465753
4.0,4.0,1.0,4.0,11.0,8.0,301.0,768.0,0,0.9078125,4.0,0.125,6400000.0,0.8404186032289628
4.0,4.0,1.0,4.0,11.0,8.0,301.0,768.0,0,0.9078125,0.0,2.0,6400000.0,0.8404186032289628
4.0,4.0,1.0,3.0,10.0,8.0,289.0,768.0,0,0.7546875,32.0,32.0,6400000.0,0.758226822407045
2.0,2.0,8.0,14.0,38.0,39.0,3280.0,5984.0,0,0.9640625,0.00195312,1.0,6400000.0,0.9620520425636009
1.0,2.0,4.0,1.0,1.0,1.0,63.0,32.0,0,0.5015625,16384.0,256.0,6400000.0,0.5273919092465753
1.0,2.0,4.0,1.0,1.0,1.0,63.0,32.0,0,0.5015625,32768.0,2048.0,6400000.0,0.5273919092465753
2.0,2.0,8.0,15.0,40.0,41.0,3325.0,6304.0,0,0.9640625,0.000976562,0.125,6400000.0,0.9624434319960861
4.0,4.0,1.0,4.0,11.0,8.0,301.0,768.0,0,0.9078125,0.0625,0.00195312,6400000.0,0.8404186032289628
4.0,4.0,1.0,2.0,9.0,8.0,278.0,768.0,0,0.6890625,0.03125,256.0,6400000.0,0.6533696183953033
1.0,4.0,1.0,1.0,1.0,1.0,35.0,32.0,0,0.5015625,2048.0,0.00390625,6400000.0,0.5273919092465753
4.0,4.0,1.0,4.0,11.0,8.0,301.0,768.0,0,0.9078125,0.0625,2.0,6400000.0,0.8404186032289628
1.0,2.0,8.0,1.0,1.0,1.0,543.0,32.0,0,0.5015625,32.0,2048.0,6400000.0,0.5273919092465753
1.0,4.0,1.0,1.0,1.0,1.0,35.0,32.0,0,0.5015625,0.0625,2048.0,6400000.0,0.5273919092465753
1.0,4.0,1.0,1.0,1.0,1.0,35.0,32.0,0,0.5015625,32.0,32768.0,6400000.0,0.5273919092465753
1.0,2.0,8.0,1.0,1.0,1.0,543.0,32.0,0,0.5015625,0.00195312,1024.0,6400000.0,0.5273919092465753
1.0,4.0,1.0,1.0,1.0,1.0,35.0,32.0,0,0.5015625,0.0,2048.0,6400000.0,0.5273919092465753
1.0,2.0,8.0,1.0,1.0,1.0,543.0,32.0,0,0.5015625,512.0,4.0,6400000.0,0.5273919092465753
2.0,2.0,8.0,15.0,40.0,41.0,3325.0,6304.0,0,0.9640625,0.00195312,0.000976562,6400000.0,0.961662181996086
2.0,2.0,8.0,5.0,15.0,11.0,1939.0,1504.0,0,0.940625,64.0,0.015625,6400000.0,0.9409246575342465
2.0,2.0,8.0,5.0,15.0,11.0,1939.0,1504.0,0,0.940625,0.000976562,128.0,6400000.0,0.9409246575342465
4.0,4.0,1.0,4.0,11.0,8.0,301.0,768.0,0,0.9078125,0.125,0.015625,6400000.0,0.8404186032289628
1.0,2.0,8.0,1.0,1.0,1.0,543.0,32.0,0,0.5015625,2048.0,128.0,6400000.0,0.5273919092465753
2.0,2.0,8.0,15.0,40.0,41.0,3325.0,6304.0,0,0.9640625,0.00390625,0.0078125,6400000.0,0.961662181996086
1.0,2.0,8.0,1.0,1.0,1.0,543.0,32.0,0,0.5015625,512.0,4096.0,6400000.0,0.5273919092465753
4.0,4.0,1.0,4.0,11.0,8.0,301.0,768.0,0,0.9078125,0.5,0.5,6400000.0,0.8404186032289628
1.0,2.0,8.0,1.0,1.0,1.0,543.0,32.0,0,0.5015625,0.00390625,8192.0,6400000.0,0.5273919092465753
2.0,2.0,8.0,5.0,15.0,11.0,1939.0,1504.0,0,0.940625,0.0078125,64.0,6400000.0,0.9409246575342465
2.0,2.0,8.0,15.0,40.0,41.0,3325.0,6304.0,0,0.9640625,0.015625,0.0,6400000.0,0.961662181996086
1.0,4.0,1.0,1.0,1.0,1.0,35.0,32.0,0,0.5015625,0.125,16384.0,6400000.0,0.5273919092465753
1.0,4.0,1.0,1.0,1.0,1.0,35.0,32.0,0,0.5015625,0.5,512.0,6400000.0,0.5273919092465753
4.0,4.0,1.0,4.0,11.0,8.0,301.0,768.0,0,0.9078125,0.125,16.0,6400000.0,0.7824929672211349
2.0,2.0,8.0,15.0,40.0,41.0,3325.0,6304.0,0,0.9640625,0.0078125,0.0625,6400000.0,0.961662181996086
2.0,2.0,8.0,12.0,36.0,44.0,3263.0,6784.0,0,0.9640625,0.00390625,8.0,6400000.0,0.9577490521037181
4.0,4.0,1.0,4.0,11.0,8.0,301.0,768.0,0,0.9078125,0.000976562,0.015625,6400000.0,0.8404186032289628
4.0,4.0,1.0,4.0,11.0,8.0,301.0,768.0,0,0.9078125,1.0,0.00390625,6400000.0,0.8404186032289628
1.0,2.0,8.0,1.0,1.0,1.0,543.0,32.0,0,0.5015625,1024.0,0.03125,6400000.0,0.5273919092465753
4.0,4.0,1.0,4.0,11.0,8.0,301.0,768.0,0,0.9078125,1.0,4.0,6400000.0,0.8404186032289628
2.0,2.0,8.0,15.0,40.0,41.0,3325.0,6304.0,0,0.9640625,0.03125,0.00390625,6400000.0,0.961662181996086
4.0,4.0,1.0,4.0,11.0,8.0,301.0,768.0,0,0.9078125,0.000976562,16.0,6400000.0,0.7824929672211349
1.0,4.0,1.0,1.0,1.0,1.0,35.0,32.0,0,0.5015625,0.000976562,16384.0,6400000.0,0.5273919092465753
2.0,2.0,8.0,5.0,15.0,11.0,1939.0,1504.0,0,0.940625,64.0,16.0,6400000.0,0.9409246575342465
1.0,2.0,8.0,1.0,1.0,1.0,543.0,32.0,0,0.5015625,0.03125,4096.0,6400000.0,0.5273919092465753
1.0,2.0,8.0,1.0,1.0,1.0,543.0,32.0,0,0.5015625,0.015625,512.0,6400000.0,0.5273919092465753
4.0,4.0,1.0,4.0,11.0,8.0,301.0,768.0,0,0.9078125,8.0,0.000976562,6400000.0,0.8118471746575342
2.0,2.0,8.0,14.0,39.0,42.0,3315.0,6464.0,0,0.9640625,0.03125,4.0,6400000.0,0.9604864848336595
4.0,4.0,1.0,4.0,11.0,8.0,301.0,768.0,0,0.9078125,0.25,0.125,6400000.0,0.8404186032289628
2.0,2.0,8.0,15.0,40.0,41.0,3325.0,6304.0,0,0.9640625,0.015625,0.5,6400000.0,0.9620520425636009
4.0,4.0,1.0,4.0,11.0,8.0,301.0,768.0,0,0.9078125,8.0,1.0,6400000.0,0.8118471746575342
2.0,2.0,8.0,5.0,15.0,11.0,1939.0,1504.0,0,0.940625,0.125,256.0,6400000.0,0.9033657962328766
4.0,4.0,1.0,3.0,10.0,8.0,289.0,768.0,0,0.7546875,64.0,0.25,6400000.0,0.758226822407045
1.0,2.0,8.0,1.0,1.0,1.0,543.0,32.0,0,0.5015625,0.0625,32768.0,6400000.0,0.5273919092465753
1.0,2.0,8.0,1.0,1.0,1.0,543.0,32.0,0,0.5015625,0.5,16384.0,6400000.0,0.5273919092465753
2.0,2.0,8.0,15.0,40.0,41.0,3325.0,6304.0,0,0.9640625,0.5,0.015625,6400000.0,0.9620520425636009
2.0,2.0,8.0,15.0,40.0,41.0,3325.0,6304.0,0,0.9640625,0.0625,0.03125,6400000.0,0.961662181996086
1.0,4.0,1.0,1.0,1.0,1.0,35.0,32.0,0,0.5015625,2048.0,4.0,6400000.0,0.5273919092465753
1.0,2.0,8.0,1.0,1.0,1.0,543.0,32.0,0,0.5015625,4096.0,0.000976562,6400000.0,0.5273919092465753
2.0,2.0,8.0,5.0,15.0,11.0,1939.0,1504.0,0,0.940625,128.0,0.125,6400000.0,0.9409246575342465
1.0,2.0,8.0,1.0,1.0,1.0,543.0,32.0,0,0.5015625,0.25,2048.0,6400000.0,0.5273919092465753
2.0,2.0,8.0,14.0,38.0,40.0,3281.0,6144.0,0,0.9640625,2.0,0.000976562,6400000.0,0.9608778742661448
1.0,2.0,8.0,1.0,1.0,1.0,543.0,32.0,0,0.5015625,64.0,16384.0,6400000.0,0.5273919092465753
2.0,2.0,8.0,15.0,40.0,41.0,3325.0,6304.0,0,0.9640625,0.25,0.00195312,6400000.0,0.9624434319960861
1.0,4.0,1.0,1.0,1.0,1.0,35.0,32.0,0,0.5015625,8.0,1024.0,6400000.0,0.5273919092465753
1.0,2.0,8.0,1.0,1.0,1.0,543.0,32.0,0,0.5015625,4096.0,1.0,6400000.0,0.5273919092465753
1.0,4.0,1.0,1.0,1.0,1.0,35.0,32.0,0,0.5015625,2048.0,4096.0,6400000.0,0.5273919092465753
2.0,2.0,8.0,15.0,40.0,41.0,3325.0,6304.0,0,0.9640625,0.125,0.25,6400000.0,0.9624434319960861
1.0,4.0,1.0,1.0,1.0,1.0,35.0,32.0,0,0.5015625,4096.0,0.03125,6400000.0,0.5273919092465753
2.0,2.0,8.0,8.0,27.0,27.0,2787.0,4064.0,0,0.959375,0.0625,32.0,6400000.0,0.9585318309686889
4.0,4.0,1.0,2.0,9.0,8.0,278.0,768.0,0,0.6890625,64.0,256.0,6400000.0,0.6533696183953033
2.0,2.0,8.0,14.0,38.0,40.0,3281.0,6144.0,0,0.9640625,0.25,2.0,6400000.0,0.9620520425636009
1.0,4.0,1.0,1.0,1.0,1.0,35.0,32.0,0,0.5015625,4096.0,32.0,6400000.0,0.5273919092465753
2.0,2.0,8.0,5.0,15.0,11.0,1939.0,1504.0,0,0.940625,1.0,128.0,6400000.0,0.9409246575342465
2.0,2.0,8.0,8.0,27.0,27.0,2787.0,4064.0,0,0.959375,0.5,16.0,6400000.0,0.9585318309686889
1.0,2.0,8.0,1.0,1.0,1.0,543.0,32.0,0,0.5015625,1024.0,32.0,6400000.0,0.5273919092465753
4.0,4.0,1.0,2.0,9.0,8.0,278.0,768.0,0,0.6890625,128.0,0.00195312,6400000.0,0.6533696183953033
2.0,2.0,8.0,14.0,39.0,42.0,3315.0,6464.0,0,0.9640625,4.0,0.0078125,6400000.0,0.9604864848336595
2.0,2.0,8.0,5.0,15.0,11.0,1939.0,1504.0,0,0.940625,128.0,128.0,6400000.0,0.9033657962328766
1.0,4.0,1.0,1.0,1.0,1.0,35.0,32.0,0,0.5015625,8192.0,0.25,6400000.0,0.5273919092465753
1.0,4.0,1.0,1.0,1.0,1.0,35.0,32.0,0,0.5015625,4096.0,32768.0,6400000.0,0.5273919092465753
4.0,4.0,1.0,4.0,11.0,8.0,301.0,768.0,0,0.9078125,0.00195312,0.125,6400000.0,0.8404186032289628
1.0,2.0,8.0,1.0,1.0,1.0,543.0,32.0,0,0.5015625,4096.0,1024.0,6400000.0,0.5273919092465753
1.0,4.0,1.0,1.0,1.0,1.0,35.0,32.0,0,0.5015625,1.0,4096.0,6400000.0,0.5273919092465753
2.0,2.0,8.0,5.0,15.0,11.0,1939.0,1504.0,0,0.940625,256.0,0.000976562,6400000.0,0.9033657962328766
2.0,2.0,8.0,14.0,38.0,39.0,3280.0,5984.0,0,0.9640625,1.0,0.125,6400000.0,0.9620520425636009
1.0,2.0,8.0,1.0,1.0,1.0,543.0,32.0,0,0.5015625,2.0,1024.0,6400000.0,0.5273919092465753
4.0,4.0,1.0,2.0,9.0,8.0,278.0,768.0,0,0.6890625,128.0,2.0,6400000.0,0.6533696183953033
2.0,2.0,8.0,14.0,38.0,40.0,3281.0,6144.0,0,0.9640625,2.0,1.0,6400000.0,0.9620520425636009
2.0,2.0,8.0,12.0,36.0,44.0,3263.0,6784.0,0,0.9640625,8.0,0.0625,6400000.0,0.9593146098336595
1.0,4.0,1.0,1.0,1.0,1.0,35.0,32.0,0,0.5015625,16384.0,0.00195312,6400000.0,0.5273919092465753
1.0,4.0,1.0,1.0,1.0,1.0,35.0,32.0,0,0.5015625,8192.0,256.0,6400000.0,0.5273919092465753
1.0,2.0,8.0,1.0,1.0,1.0,543.0,32.0,0,0.5015625,4.0,8192.0,6400000.0,0.5273919092465753
4.0,4.0,1.0,4.0,11.0,8.0,301.0,768.0,0,0.9078125,16.0,0.0078125,6400000.0,0.7824929672211349
4.0,4.0,1.0,3.0,10.0,8.0,289.0,768.0,0,0.7546875,2.0,32.0,6400000.0,0.758226822407045
2.0,2.0,8.0,5.0,15.0,11.0,1939.0,1504.0,0,0.940625,8.0,64.0,6400000.0,0.9409246575342465
1.0,4.0,1.0,1.0,1.0,1.0,35.0,32.0,0,0.5015625,16384.0,2.0,6400000.0,0.5273919092465753
1.0,4.0,1.0,1.0,1.0,1.0,35.0,32.0,0,0.5015625,16384.0,2048.0,6400000.0,0.5273919092465753
2.0,2.0,8.0,8.0,28.0,28.0,2820.0,4224.0,0,0.959375,16.0,0.5,6400000.0,0.9597059992661447
4.0,4.0,1.0,4.0,11.0,8.0,301.0,768.0,0,0.9078125,2.0,0.03125,6400000.0,0.8404186032289628
1.0,4.0,1.0,1.0,1.0,1.0,35.0,32.0,0,0.5015625,128.0,2048.0,6400000.0,0.5273919092465753
2.0,2.0,8.0,9.0,31.0,28.0,2895.0,4224.0,0,0.959375,4.0,8.0,6400000.0,0.9585318309686889
1.0,4.0,1.0,1.0,1.0,1.0,35.0,32.0,0,0.5015625,32768.0,0.015625,6400000.0,0.5273919092465753
4.0,4.0,1.0,2.0,9.0,8.0,278.0,768.0,0,0.6890625,256.0,0.015625,6400000.0,0.6533696183953033
1.0,4.0,1.0,1.0,1.0,1.0,35.0,32.0,0,0.5015625,32768.0,16.0,6400000.0,0.5273919092465753
1.0,4.0,1.0,1.0,1.0,1.0,35.0,32.0,0,0.5015625,32768.0,16384.0,6400000.0,0.5273919092465753
2.0,2.0,8.0,8.0,28.0,28.0,2820.0,4224.0,0,0.959375,16.0,0.0,6400000.0,0.9597059992661447
4.0,4.0,2.0,4.0,16.0,13.0,480.0,1568.0,0,0.9078125,0.0,0.125,6400000.0,0.9033657962328766
1.0,2.0,8.0,1.0,1.0,1.0,543.0,32.0,0,0.5015625,8192.0,8.0,6400000.0,0.5273919092465753
1.0,2.0,8.0,1.0,1.0,1.0,543.0,32.0,0,0.5015625,8192.0,0.0078125,6400000.0,0.5273919092465753
4.0,4.0,1.0,2.0,9.0,8.0,278.0,768.0,0,0.6890625,0.00195312,128.0,6400000.0,0.6533696183953033
1.0,2.0,8.0,1.0,1.0,1.0,543.0,32.0,0,0.5015625,8192.0,8192.0,6400000.0,0.5273919092465753
4.0,4.0,1.0,3.0,10.0,8.0,289.0,768.0,0,0.7546875,16.0,8.0,6400000.0,0.758226822407045
4.0,4.0,1.0,4.0,11.0,8.0,301.0,768.0,0,0.9078125,0.00390625,0.000976562,6400000.0,0.8404186032289628
1.0,2.0,8.0,1.0,1.0,1.0,543.0,32.0,0,0.5015625,16384.0,0.0625,6400000.0,0.5273919092465753
1.0,4.0,2.0,1.0,1.0,1.0,39.0,32.0,0,0.5015625,0.000976562,1024.0,6400000.0,0.5273919092465753
4.0,4.0,1.0,2.0,9.0,8.0,278.0,768.0,0,0.6890625,256.0,16.0,6400000.0,0.6533696183953033
4.0,4.0,2.0,4.0,16.0,13.0,480.0,1568.0,0,0.9078125,0.00195312,0.0078125,6400000.0,0.9033657962328766
4.0,4.0,2.0,4.0,16.0,13.0,480.0,1568.0,0,0.9078125,0.000976562,1.0,6400000.0,0.9033657962328766
4.0,4.0,2.0,4.0,16.0,13.0,480.0,1568.0,0,0.9078125,0.0,128.0,6400000.0,0.8079065251956947
4.0,4.0,2.0,4.0,16.0,13.0,480.0,1568.0,0,0.9078125,0.000976562,0.000976562,6400000.0,0.9033657962328766
1.0,4.0,1.0,1.0,1.0,1.0,35.0,32.0,0,0.5015625,0.00390625,1024.0,6400000.0,0.5273919092465753
4.0,4.0,2.0,4.0,16.0,13.0,480.0,1568.0,0,0.9078125,0.00195312,8.0,6400000.0,0.9033657962328766
1.0,4.0,1.0,1.0,1.0,1.0,35.0,32.0,0,0.5015625,2.0,32768.0,6400000.0,0.5273919092465753
1.0,4.0,2.0,1.0,1.0,1.0,39.0,32.0,0,0.5015625,0.00195312,8192.0,6400000.0,0.5273919092465753
2.0,2.0,8.0,8.0,28.0,28.0,2820.0,4224.0,0,0.959375,32.0,0.00390625,6400000.0,0.9597059992661447
4.0,4.0,1.0,4.0,11.0,8.0,301.0,768.0,0,0.9078125,0.00390625,1.0,6400000.0,0.8404186032289628
4.0,4.0,2.0,4.0,16.0,13.0,480.0,1568.0,0,0.9078125,0.00390625,0.0625,6400000.0,0.9033657962328766
1.0,4.0,1.0,1.0,1.0,1.0,35.0,32.0,0,0.5015625,256.0,16384.0,6400000.0,0.5273919092465753
4.0,4.0,2.0,4.0,16.0,13.0,480.0,1568.0,0,0.9078125,0.00390625,64.0,6400000.0,0.9033657962328766
1.0,2.0,8.0,1.0,1.0,1.0,543.0,32.0,0,0.5015625,16.0,512.0,6400000.0,0.5273919092465753
4.0,4.0,1.0,2.0,9.0,8.0,278.0,768.0,0,0.6890625,0.25,128.0,6400000.0,0.6533696183953033
4.0,4.0,2.0,4.0,16.0,13.0,480.0,1568.0,0,0.9078125,0.0078125,0.5,6400000.0,0.9033657962328766
4.0,4.0,2.0,4.0,16.0,13.0,480.0,1568.0,0,0.9078125,0.0078125,0.0,6400000.0,0.9033657962328766
1.0,4.0,1.0,1.0,1.0,1.0,35.0,32.0,0,0.5015625,512.0,0.125,6400000.0,0.5273919092465753
1.0,2.0,8.0,1.0,1.0,1.0,543.0,32.0,0,0.5015625,1024.0,32768.0,6400000.0,0.5273919092465753
1.0,2.0,8.0,1.0,1.0,1.0,543.0,32.0,0,0.5015625,32768.0,0.0,6400000.0,0.5273919092465753
4.0,4.0,1.0,4.0,11.0,8.0,301.0,768.0,0,0.9078125,0.5,0.000976562,6400000.0,0.8404186032289628
4.0,4.0,1.0,4.0,11.0,8.0,301.0,768.0,0,0.9078125,0.0078125,0.0078125,6400000.0,0.8404186032289628
4.0,4.0,1.0,4.0,11.0,8.0,301.0,768.0,0,0.9078125,0.0078125,8.0,6400000.0,0.8118471746575342
1.0,2.0,8.0,1.0,1.0,1.0,543.0,32.0,0,0.5015625,2048.0,0.25,6400000.0,0.5273919092465753
1.0,2.0,8.0,1.0,1.0,1.0,543.0,32.0,0,0.5015625,32768.0,0.5,6400000.0,0.5273919092465753
4.0,4.0,2.0,4.0,16.0,13.0,480.0,1568.0,0,0.9078125,0.015625,4.0,6400000.0,0.9033657962328766
4.0,4.0,2.0,4.0,16.0,13.0,480.0,1568.0,0,0.9078125,0.015625,0.00390625,6400000.0,0.9033657962328766
1.0,2.0,8.0,1.0,1.0,1.0,543.0,32.0,0,0.5015625,32768.0,512.0,6400000.0,0.5273919092465753
1.0,4.0,1.0,1.0,1.0,1.0,35.0,32.0,0,0.5015625,16.0,8192.0,6400000.0,0.5273919092465753
1.0,4.0,2.0,1.0,1.0,1.0,39.0,32.0,0,0.5015625,0.0078125,512.0,6400000.0,0.5273919092465753
1.0,2.0,8.0,1.0,1.0,1.0,543.0,32.0,0,0.5015625,16384.0,64.0,6400000.0,0.5273919092465753
1.0,4.0,1.0,1.0,1.0,1.0,35.0,32.0,0,0.5015625,512.0,128.0,6400000.0,0.5273919092465753
2.0,2.0,8.0,5.0,15.0,11.0,1939.0,1504.0,0,0.940625,256.0,1.0,6400000.0,0.9033657962328766
1.0,4.0,2.0,1.0,1.0,1.0,39.0,32.0,0,0.5015625,0.015625,4096.0,6400000.0,0.5273919092465753
4.0,4.0,2.0,4.0,16.0,13.0,480.0,1568.0,0,0.9078125,0.03125,32.0,6400000.0,0.9033657962328766
4.0,4.0,2.0,4.0,16.0,13.0,480.0,1568.0,0,0.9078125,0.03125,0.03125,6400000.0,0.9033657962328766
4.0,4.0,1.0,4.0,11.0,8.0,301.0,768.0,0,0.9078125,0.03125,0.0,6400000.0,0.8404186032289628
1.0,4.0,1.0,1.0,1.0,1.0,35.0,32.0,0,0.5015625,1024.0,0.000976562,6400000.0,0.5273919092465753
1.0,2.0,8.0,1.0,1.0,1.0,543.0,32.0,0,0.5015625,256.0,1024.0,6400000.0,0.5273919092465753
1.0,4.0,1.0,1.0,1.0,1.0,35.0,32.0,0,0.5015625,0.0078125,8192.0,6400000.0,0.5273919092465753
4.0,4.0,1.0,4.0,11.0,8.0,301.0,768.0,0,0.9078125,0.03125,0.5,6400000.0,0.8404186032289628
1.0,2.0,8.0,1.0,1.0,1.0,543.0,32.0,0,0.5015625,512.0,0.0078125,6400000.0,0.5273919092465753
4.0,4.0,1.0,3.0,10.0,8.0,289.0,768.0,0,0.7546875,0.015625,64.0,6400000.0,0.758226822407045
4.0,4.0,1.0,4.0,11.0,8.0,301.0,768.0,0,0.9078125,0.015625,0.0625,6400000.0,0.8404186032289628
2.0,2.0,8.0,8.0,28.0,28.0,2820.0,4224.0,0,0.959375,32.0,4.0,6400000.0,0.9589247492661448
4.0,4.0,2.0,3.0,14.0,12.0,433.0,1408.0,0,0.75,0.0625,256.0,6400000.0,0.7844231592465754
4.0,4.0,2.0,4.0,16.0,13.0,480.0,1568.0,0,0.9078125,0.0625,0.25,6400000.0,0.9033657962328766
4.0,4.0,2.0,4.0,16.0,13.0,480.0,1568.0,0,0.9078125,0.125,0.00195312,6400000.0,0.9033657962328766
1.0,4.0,2.0,1.0,1.0,1.0,39.0,32.0,0,0.5015625,0.03125,32768.0,6400000.0,0.5273919092465753
1.0,4.0,1.0,1.0,1.0,1.0,35.0,32.0,0,0.5015625,1024.0,1.0,6400000.0,0.5273919092465753
1.0,4.0,1.0,1.0,1.0,1.0,35.0,32.0,0,0.5015625,1024.0,1024.0,6400000.0,0.5273919092465753
4.0,4.0,1.0,4.0,11.0,8.0,301.0,768.0,0,0.9078125,0.0,0.00390625,6400000.0,0.8404186032289628
4.0,4.0,1.0,4.0,11.0,8.0,301.0,768.0,0,0.9078125,0.0,4.0,6400000.0,0.8404186032289628
4.0,4.0,2.0,4.0,16.0,13.0,480.0,1568.0,0,0.9078125,0.125,2.0,6400000.0,0.9033657962328766
4.0,4.0,1.0,2.0,9.0,8.0,278.0,768.0,0,0.6890625,4.0,256.0,6400000.0,0.6533696183953033
4.0,4.0,1.0,3.0,10.0,8.0,289.0,768.0,0,0.7546875,32.0,0.0625,6400000.0,0.758226822407045
4.0,4.0,1.0,4.0,11.0,8.0,301.0,768.0,0,0.9078125,4.0,0.25,6400000.0,0.8404186032289628
4.0,4.0,1.0,3.0,10.0,8.0,289.0,768.0,0,0.7546875,32.0,64.0,6400000.0,0.6991621819960862
1.0,4.0,2.0,1.0,1.0,1.0,39.0,32.0,0,0.5015625,0.125,2048.0,6400000.0,0.5273919092465753
4.0,4.0,2.0,4.0,16.0,13.0,480.0,1568.0,0,0.9078125,0.25,16.0,6400000.0,0.9033657962328766
4.0,4.0,2.0,4.0,16.0,13.0,480.0,1568.0,0,0.9078125,0.25,0.015625,6400000.0,0.9033657962328766
1.0,4.0,1.0,1.0,1.0,1.0,35.0,32.0,0,0.5015625,0.03125,512.0,6400000.0,0.5273919092465753
1.0,4.0,2.0,1.0,1.0,1.0,39.0,32.0,0,0.5015625,0.25,16384.0,6400000.0,0.5273919092465753
1.0,2.0,8.0,1.0,1.0,1.0,543.0,32.0,0,0.5015625,32.0,4096.0,6400000.0,0.5273919092465753
4.0,4.0,1.0,4.0,11.0,8.0,301.0,768.0,0,0.9078125,0.0625,0.00390625,6400000.0,0.8404186032289628
4.0,4.0,1.0,4.0,11.0,8.0,301.0,768.0,0,0.9078125,0.0625,4.0,6400000.0,0.8404186032289628
1.0,4.0,1.0,1.0,1.0,1.0,35.0,32.0,0,0.5015625,2048.0,0.0078125,6400000.0,0.5273919092465753
1.0,4.0,1.0,1.0,1.0,1.0,35.0,32.0,0,0.5015625,0.0625,4096.0,6400000.0,0.5273919092465753
4.0,4.0,1.0,3.0,10.0,8.0,289.0,768.0,0,0.7546875,64.0,0.0,6400000.0,0.758226822407045
4.0,4.0,2.0,4.0,16.0,13.0,480.0,1568.0,0,0.9078125,0.5,128.0,6400000.0,0.8079065251956947
4.0,4.0,2.0,4.0,16.0,13.0,480.0,1568.0,0,0.9078125,0.5,0.125,6400000.0,0.9033657962328766
1.0,4.0,1.0,1.0,1.0,1.0,35.0,32.0,0,0.5015625,0.0,4096.0,6400000.0,0.5273919092465753
2.0,2.0,8.0,5.0,15.0,11.0,1939.0,1504.0,0,0.940625,64.0,0.03125,6400000.0,0.9409246575342465
1.0,2.0,8.0,1.0,1.0,1.0,543.0,32.0,0,0.5015625,512.0,8.0,6400000.0,0.5273919092465753
4.0,4.0,2.0,4.0,16.0,13.0,480.0,1568.0,0,0.9078125,1.0,0.000976562,6400000.0,0.9033657962328766
1.0,2.0,8.0,1.0,1.0,1.0,543.0,32.0,0,0.5015625,2048.0,256.0,6400000.0,0.5273919092465753
4.0,4.0,1.0,4.0,11.0,8.0,301.0,768.0,0,0.9078125,0.125,0.03125,6400000.0,0.8404186032289628
4.0,4.0,2.0,4.0,16.0,13.0,480.0,1568.0,0,0.9078125,1.0,1.0,6400000.0,0.9033657962328766
4.0,4.0,1.0,4.0,11.0,8.0,301.0,768.0,0,0.9078125,0.5,1.0,6400000.0,0.8404186032289628
1.0,4.0,2.0,1.0,1.0,1.0,39.0,32.0,0,0.5015625,1.0,1024.0,6400000.0,0.5273919092465753
1.0,2.0,8.0,1.0,1.0,1.0,543.0,32.0,0,0.5015625,512.0,8192.0,6400000.0,0.5273919092465753
4.0,4.0,2.0,4.0,16.0,13.0,480.0,1568.0,0,0.9078125,2.0,0.0078125,6400000.0,0.9033657962328766
4.0,4.0,2.0,4.0,16.0,13.0,480.0,1568.0,0,0.9078125,2.0,8.0,6400000.0,0.9033657962328766
4.0,4.0,1.0,4.0,11.0,8.0,301.0,768.0,0,0.9078125,0.000976562,0.03125,6400000.0,0.8404186032289628
1.0,4.0,1.0,1.0,1.0,1.0,35.0,32.0,0,0.5015625,0.5,1024.0,6400000.0,0.5273919092465753
1.0,4.0,1.0,1.0,1.0,1.0,35.0,32.0,0,0.5015625,0.125,32768.0,6400000.0,0.5273919092465753
1.0,2.0,8.0,1.0,1.0,1.0,543.0,32.0,0,0.5015625,1024.0,0.0625,6400000.0,0.5273919092465753
4.0,4.0,1.0,3.0,10.0,8.0,289.0,768.0,0,0.7546875,0.125,32.0,6400000.0,0.758226822407045
4.0,4.0,2.0,4.0,16.0,13.0,480.0,1568.0,0,0.9078125,4.0,0.0625,6400000.0,0.9033657962328766
1.0,4.0,2.0,1.0,1.0,1.0,39.0,32.0,0,0.5015625,2.0,8192.0,6400000.0,0.5273919092465753
4.0,4.0,1.0,4.0,11.0,8.0,301.0,768.0,0,0.9078125,1.0,0.0078125,6400000.0,0.8404186032289628
4.0,4.0,2.0,4.0,16.0,13.0,480.0,1568.0,0,0.9078125,4.0,64.0,6400000.0,0.9033657962328766
4.0,4.0,2.0,4.0,16.0,13.0,480.0,1568.0,0,0.9078125,8.0,0.0,6400000.0,0.9033657962328766
4.0,4.0,1.0,4.0,11.0,8.0,301.0,768.0,0,0.9078125,1.0,8.0,6400000.0,0.8118471746575342
4.0,4.0,1.0,3.0,10.0,8.0,289.0,768.0,0,0.7546875,0.000976562,32.0,6400000.0,0.758226822407045
1.0,4.0,1.0,1.0,1.0,1.0,35.0,32.0,0,0.5015625,0.000976562,32768.0,6400000.0,0.5273919092465753
4.0,4.0,1.0,4.0,11.0,8.0,301.0,768.0,0,0.9078125,8.0,0.00195312,6400000.0,0.8118471746575342
4.0,4.0,2.0,4.0,16.0,13.0,480.0,1568.0,0,0.9078125,16.0,0.00390625,6400000.0,0.9033657962328766
4.0,4.0,2.0,4.0,16.0,13.0,480.0,1568.0,0,0.9078125,8.0,0.5,6400000.0,0.9033657962328766
1.0,4.0,2.0,1.0,1.0,1.0,39.0,32.0,0,0.5015625,8.0,512.0,6400000.0,0.5273919092465753
2.0,2.0,8.0,5.0,15.0,11.0,1939.0,1504.0,0,0.940625,64.0,32.0,6400000.0,0.9409246575342465
4.0,4.0,2.0,4.0,16.0,13.0,480.0,1568.0,0,0.9078125,16.0,4.0,6400000.0,0.9033657962328766
1.0,4.0,2.0,1.0,1.0,1.0,39.0,32.0,0,0.5015625,16.0,4096.0,6400000.0,0.5273919092465753
4.0,4.0,1.0,4.0,11.0,8.0,301.0,768.0,0,0.9078125,0.25,0.25,6400000.0,0.8404186032289628
4.0,4.0,1.0,3.0,10.0,8.0,289.0,768.0,0,0.7546875,64.0,0.5,6400000.0,0.758226822407045
4.0,4.0,2.0,4.0,16.0,13.0,480.0,1568.0,0,0.9078125,32.0,0.03125,6400000.0,0.9033657962328766
4.0,4.0,2.0,4.0,16.0,13.0,480.0,1568.0,0,0.9078125,32.0,32.0,6400000.0,0.9033657962328766
4.0,4.0,1.0,4.0,11.0,8.0,301.0,768.0,0,0.9078125,8.0,2.0,6400000.0,0.8118471746575342
1.0,4.0,2.0,1.0,1.0,1.0,39.0,32.0,0,0.5015625,32.0,32768.0,6400000.0,0.5273919092465753
1.0,2.0,8.0,1.0,1.0,1.0,543.0,32.0,0,0.5015625,4096.0,0.00195312,6400000.0,0.5273919092465753
1.0,4.0,1.0,1.0,1.0,1.0,35.0,32.0,0,0.5015625,2048.0,8.0,6400000.0,0.5273919092465753
4.0,4.0,2.0,4.0,16.0,13.0,480.0,1568.0,0,0.9078125,64.0,0.25,6400000.0,0.9033657962328766
4.0,4.0,2.0,3.0,14.0,12.0,433.0,1408.0,0,0.75,64.0,256.0,6400000.0,0.7844231592465754
4.0,4.0,2.0,4.0,15.0,12.0,447.0,1408.0,0,0.75,128.0,2.0,6400000.0,0.8079065251956947
1.0,2.0,8.0,1.0,1.0,1.0,543.0,32.0,0,0.5015625,64.0,32768.0,6400000.0,0.5273919092465753
4.0,4.0,2.0,4.0,16.0,13.0,480.0,1568.0,0,0.9078125,128.0,0.00195312,6400000.0,0.8079065251956947
2.0,2.0,8.0,5.0,15.0,11.0,1939.0,1504.0,0,0.940625,128.0,0.25,6400000.0,0.9409246575342465
1.0,4.0,1.0,1.0,1.0,1.0,35.0,32.0,0,0.5015625,2048.0,8192.0,6400000.0,0.5273919092465753
4.0,4.0,2.0,3.0,14.0,12.0,433.0,1408.0,0,0.75,256.0,0.015625,6400000.0,0.7844231592465754
1.0,2.0,8.0,1.0,1.0,1.0,543.0,32.0,0,0.5015625,4096.0,2.0,6400000.0,0.5273919092465753
1.0,4.0,2.0,1.0,1.0,1.0,39.0,32.0,0,0.5015625,128.0,2048.0,6400000.0,0.5273919092465753
1.0,4.0,1.0,1.0,1.0,1.0,35.0,32.0,0,0.5015625,8.0,2048.0,6400000.0,0.5273919092465753
1.0,4.0,1.0,1.0,1.0,1.0,35.0,32.0,0,0.5015625,4096.0,0.0625,6400000.0,0.5273919092465753
4.0,4.0,2.0,3.0,14.0,12.0,433.0,1408.0,0,0.75,256.0,16.0,6400000.0,0.7844231592465754
1.0,4.0,1.0,1.0,1.0,1.0,35.0,32.0,0,0.5015625,64.0,512.0,6400000.0,0.5273919092465753
1.0,4.0,2.0,1.0,1.0,1.0,39.0,32.0,0,0.5015625,256.0,16384.0,6400000.0,0.5273919092465753
4.0,4.0,1.0,4.0,11.0,8.0,301.0,768.0,0,0.9078125,0.00195312,0.25,6400000.0,0.8404186032289628
1.0,4.0,2.0,1.0,1.0,1.0,39.0,32.0,0,0.5015625,512.0,0.125,6400000.0,0.5273919092465753
2.0,2.0,8.0,4.0,12.0,9.0,1862.0,1184.0,0,0.9078125,128.0,256.0,6400000.0,0.9033657962328766
1.0,4.0,1.0,1.0,1.0,1.0,35.0,32.0,0,0.5015625,1.0,8192.0,6400000.0,0.5273919092465753
1.0,2.0,8.0,1.0,1.0,1.0,543.0,32.0,0,0.5015625,1024.0,64.0,6400000.0,0.5273919092465753
1.0,4.0,1.0,1.0,1.0,1.0,35.0,32.0,0,0.5015625,8192.0,0.5,6400000.0,0.5273919092465753
4.0,4.0,1.0,2.0,9.0,8.0,278.0,768.0,0,0.6890625,128.0,0.00390625,6400000.0,0.6533696183953033
1.0,4.0,1.0,1.0,1.0,1.0,35.0,32.0,0,0.5015625,4096.0,64.0,6400000.0,0.5273919092465753
1.0,2.0,8.0,1.0,1.0,1.0,543.0,32.0,0,0.5015625,4096.0,2048.0,6400000.0,0.5273919092465753
1.0,4.0,1.0,1.0,1.0,1.0,35.0,32.0,0,0.5015625,8192.0,0.0,6400000.0,0.5273919092465753
2.0,2.0,8.0,5.0,15.0,11.0,1939.0,1504.0,0,0.940625,256.0,0.00195312,6400000.0,0.9033657962328766
1.0,4.0,2.0,1.0,1.0,1.0,39.0,32.0,0,0.5015625,512.0,128.0,6400000.0,0.5273919092465753
1.0,4.0,1.0,1.0,1.0,1.0,35.0,32.0,0,0.5015625,8192.0,512.0,6400000.0,0.5273919092465753
4.0,4.0,1.0,2.0,9.0,8.0,278.0,768.0,0,0.6890625,128.0,4.0,6400000.0,0.6533696183953033
1.0,4.0,2.0,1.0,1.0,1.0,39.0,32.0,0,0.5015625,1024.0,0.000976562,6400000.0,0.5273919092465753
1.0,4.0,1.0,1.0,1.0,1.0,35.0,32.0,0,0.5015625,16384.0,0.00390625,6400000.0,0.5273919092465753
1.0,4.0,2.0,1.0,1.0,1.0,39.0,32.0,0,0.5015625,2048.0,8.0,6400000.0,0.5273919092465753
1.0,4.0,2.0,1.0,1.0,1.0,39.0,32.0,0,0.5015625,1024.0,1.0,6400000.0,0.5273919092465753
4.0,4.0,1.0,3.0,10.0,8.0,289.0,768.0,0,0.7546875,2.0,64.0,6400000.0,0.758226822407045
1.0,4.0,2.0,1.0,1.0,1.0,39.0,32.0,0,0.5015625,2048.0,0.0078125,6400000.0,0.5273919092465753
4.0,4.0,1.0,2.0,9.0,8.0,278.0,768.0,0,0.6890625,256.0,0.03125,6400000.0,0.6533696183953033
4.0,4.0,1.0,4.0,11.0,8.0,301.0,768.0,0,0.9078125,16.0,0.015625,6400000.0,0.7824929672211349
1.0,4.0,2.0,1.0,1.0,1.0,39.0,32.0,0,0.5015625,1024.0,1024.0,6400000.0,0.5273919092465753
1.0,4.0,1.0,1.0,1.0,1.0,35.0,32.0,0,0.5015625,16384.0,4096.0,6400000.0,0.5273919092465753
4.0,4.0,1.0,4.0,11.0,8.0,301.0,768.0,0,0.9078125,2.0,0.0625,6400000.0,0.8404186032289628
1.0,4.0,2.0,1.0,1.0,1.0,39.0,32.0,0,0.5015625,2048.0,8192.0,6400000.0,0.5273919092465753
1.0,4.0,1.0,1.0,1.0,1.0,35.0,32.0,0,0.5015625,16384.0,4.0,6400000.0,0.5273919092465753
1.0,4.0,1.0,1.0,1.0,1.0,35.0,32.0,0,0.5015625,128.0,4096.0,6400000.0,0.5273919092465753
1.0,4.0,1.0,1.0,1.0,1.0,35.0,32.0,0,0.5015625,32768.0,0.03125,6400000.0,0.5273919092465753
1.0,4.0,1.0,1.0,1.0,1.0,35.0,32.0,0,0.5015625,32768.0,32.0,6400000.0,0.5273919092465753
1.0,4.0,1.0,1.0,1.0,1.0,35.0,32.0,0,0.5015625,32768.0,32768.0,6400000.0,0.5273919092465753
1.0,4.0,2.0,1.0,1.0,1.0,39.0,32.0,0,0.5015625,4096.0,0.0625,6400000.0,0.5273919092465753
1.0,2.0,8.0,1.0,1.0,1.0,543.0,32.0,0,0.5015625,8192.0,16.0,6400000.0,0.5273919092465753
1.0,2.0,8.0,1.0,1.0,1.0,543.0,32.0,0,0.5015625,8192.0,0.015625,6400000.0,0.5273919092465753
4.0,4.0,1.0,3.0,10.0,8.0,289.0,768.0,0,0.7546875,16.0,16.0,6400000.0,0.758226822407045
4.0,4.0,1.0,2.0,9.0,8.0,278.0,768.0,0,0.6890625,0.00195312,256.0,6400000.0,0.6533696183953033
4.0,4.0,2.0,4.0,16.0,13.0,480.0,1568.0,0,0.9078125,0.0,0.25,6400000.0,0.9033657962328766
1.0,2.0,8.0,1.0,1.0,1.0,543.0,32.0,0,0.5015625,8192.0,16384.0,6400000.0,0.5273919092465753
4.0,4.0,2.0,4.0,16.0,13.0,480.0,1568.0,0,0.9078125,0.00195312,0.015625,6400000.0,0.9033657962328766
1.0,4.0,2.0,1.0,1.0,1.0,39.0,32.0,0,0.5015625,0.000976562,2048.0,6400000.0,0.5273919092465753
4.0,4.0,1.0,4.0,11.0,8.0,301.0,768.0,0,0.9078125,0.00390625,0.00195312,6400000.0,0.8404186032289628
4.0,4.0,1.0,2.0,9.0,8.0,278.0,768.0,0,0.6890625,256.0,32.0,6400000.0,0.6533696183953033
4.0,4.0,2.0,4.0,16.0,13.0,480.0,1568.0,0,0.9078125,0.000976562,2.0,6400000.0,0.9033657962328766
4.0,4.0,2.0,4.0,16.0,13.0,480.0,1568.0,0,0.9078125,0.00195312,16.0,6400000.0,0.9033657962328766
4.0,4.0,2.0,3.0,14.0,12.0,433.0,1408.0,0,0.75,0.0,256.0,6400000.0,0.7844231592465754
1.0,2.0,8.0,1.0,1.0,1.0,543.0,32.0,0,0.5015625,16384.0,0.125,6400000.0,0.5273919092465753
4.0,4.0,2.0,4.0,16.0,13.0,480.0,1568.0,0,0.9078125,0.000976562,0.00195312,6400000.0,0.9033657962328766
1.0,4.0,1.0,1.0,1.0,1.0,35.0,32.0,0,0.5015625,0.00390625,2048.0,6400000.0,0.5273919092465753
4.0,4.0,1.0,4.0,11.0,8.0,301.0,768.0,0,0.9078125,4.0,0.0,6400000.0,0.8404186032289628
4.0,4.0,2.0,4.0,16.0,13.0,480.0,1568.0,0,0.9078125,0.00390625,128.0,6400000.0,0.8079065251956947
1.0,4.0,2.0,1.0,1.0,1.0,39.0,32.0,0,0.5015625,0.00195312,16384.0,6400000.0,0.5273919092465753
4.0,4.0,1.0,4.0,11.0,8.0,301.0,768.0,0,0.9078125,0.00390625,2.0,6400000.0,0.8404186032289628
4.0,4.0,2.0,4.0,16.0,13.0,480.0,1568.0,0,0.9078125,0.00390625,0.125,6400000.0,0.9033657962328766
1.0,4.0,2.0,1.0,1.0,1.0,39.0,32.0,0,0.5015625,4096.0,64.0,6400000.0,0.5273919092465753
1.0,4.0,2.0,1.0,1.0,1.0,39.0,32.0,0,0.5015625,8192.0,0.0,6400000.0,0.5273919092465753
1.0,4.0,1.0,1.0,1.0,1.0,35.0,32.0,0,0.5015625,256.0,32768.0,6400000.0,0.5273919092465753
4.0,4.0,2.0,4.0,16.0,13.0,480.0,1568.0,0,0.9078125,0.0078125,1.0,6400000.0,0.9033657962328766
4.0,4.0,2.0,4.0,16.0,13.0,480.0,1568.0,0,0.9078125,0.0078125,0.000976562,6400000.0,0.9033657962328766
1.0,2.0,8.0,1.0,1.0,1.0,543.0,32.0,0,0.5015625,2048.0,0.0,6400000.0,0.5273919092465753
4.0,4.0,1.0,2.0,9.0,8.0,278.0,768.0,0,0.6890625,0.25,256.0,6400000.0,0.6533696183953033
1.0,4.0,1.0,1.0,1.0,1.0,35.0,32.0,0,0.5015625,512.0,0.25,6400000.0,0.5273919092465753
4.0,4.0,1.0,4.0,11.0,8.0,301.0,768.0,0,0.9078125,0.5,0.00195312,6400000.0,0.8404186032289628
1.0,2.0,8.0,1.0,1.0,1.0,543.0,32.0,0,0.5015625,32768.0,0.000976562,6400000.0,0.5273919092465753
4.0,4.0,1.0,4.0,11.0,8.0,301.0,768.0,0,0.9078125,0.0078125,0.015625,6400000.0,0.8404186032289628
4.0,4.0,1.0,4.0,11.0,8.0,301.0,768.0,0,0.9078125,0.0078125,16.0,6400000.0,0.7824929672211349
1.0,2.0,8.0,1.0,1.0,1.0,543.0,32.0,0,0.5015625,32768.0,1.0,6400000.0,0.5273919092465753
1.0,4.0,1.0,1.0,1.0,1.0,35.0,32.0,0,0.5015625,16.0,16384.0,6400000.0,0.5273919092465753
1.0,4.0,1.0,1.0,1.0,1.0,35.0,32.0,0,0.5015625,512.0,256.0,6400000.0,0.5273919092465753
2.0,2.0,8.0,5.0,15.0,11.0,1939.0,1504.0,0,0.940625,256.0,2.0,6400000.0,0.9033657962328766
1.0,2.0,8.0,1.0,1.0,1.0,543.0,32.0,0,0.5015625,2048.0,0.5,6400000.0,0.5273919092465753
4.0,4.0,2.0,4.0,16.0,13.0,480.0,1568.0,0,0.9078125,0.015625,8.0,6400000.0,0.9033657962328766
1.0,2.0,8.0,1.0,1.0,1.0,543.0,32.0,0,0.5015625,16384.0,128.0,6400000.0,0.5273919092465753
4.0,4.0,2.0,4.0,16.0,13.0,480.0,1568.0,0,0.9078125,0.015625,0.0078125,6400000.0,0.9033657962328766
1.0,2.0,8.0,1.0,1.0,1.0,543.0,32.0,0,0.5015625,32768.0,1024.0,6400000.0,0.5273919092465753
4.0,4.0,2.0,4.0,16.0,13.0,480.0,1568.0,0,0.9078125,0.03125,0.0625,6400000.0,0.9033657962328766
4.0,4.0,2.0,4.0,16.0,13.0,480.0,1568.0,0,0.9078125,0.03125,64.0,6400000.0,0.9033657962328766
1.0,4.0,2.0,1.0,1.0,1.0,39.0,32.0,0,0.5015625,0.0078125,1024.0,6400000.0,0.5273919092465753
1.0,4.0,2.0,1.0,1.0,1.0,39.0,32.0,0,0.5015625,0.015625,8192.0,6400000.0,0.5273919092465753
4.0,4.0,1.0,4.0,11.0,8.0,301.0,768.0,0,0.9078125,0.03125,0.000976562,6400000.0,0.8404186032289628
1.0,2.0,8.0,1.0,1.0,1.0,543.0,32.0,0,0.5015625,512.0,0.015625,6400000.0,0.5273919092465753
1.0,4.0,1.0,1.0,1.0,1.0,35.0,32.0,0,0.5015625,1024.0,0.00195312,6400000.0,0.5273919092465753
1.0,2.0,8.0,1.0,1.0,1.0,543.0,32.0,0,0.5015625,256.0,2048.0,6400000.0,0.5273919092465753
1.0,4.0,1.0,1.0,1.0,1.0,35.0,32.0,0,0.5015625,0.0078125,16384.0,6400000.0,0.5273919092465753
4.0,4.0,1.0,4.0,11.0,8.0,301.0,768.0,0,0.9078125,0.03125,1.0,6400000.0,0.8404186032289628
4.0,4.0,1.0,2.0,9.0,8.0,278.0,768.0,0,0.6890625,0.015625,128.0,6400000.0,0.6533696183953033
4.0,4.0,1.0,4.0,11.0,8.0,301.0,768.0,0,0.9078125,0.015625,0.125,6400000.0,0.8404186032289628
1.0,4.0,2.0,1.0,1.0,1.0,39.0,32.0,0,0.5015625,8192.0,0.5,6400000.0,0.5273919092465753
1.0,4.0,2.0,1.0,1.0,1.0,39.0,32.0,0,0.5015625,0.0625,512.0,6400000.0,0.5273919092465753
1.0,4.0,1.0,1.0,1.0,1.0,35.0,32.0,0,0.5015625,1024.0,2048.0,6400000.0,0.5273919092465753
1.0,4.0,1.0,1.0,1.0,1.0,35.0,32.0,0,0.5015625,1024.0,2.0,6400000.0,0.5273919092465753
4.0,4.0,2.0,4.0,16.0,13.0,480.0,1568.0,0,0.9078125,0.125,4.0,6400000.0,0.9033657962328766
4.0,4.0,2.0,4.0,16.0,13.0,480.0,1568.0,0,0.9078125,0.0625,0.5,6400000.0,0.9033657962328766
4.0,4.0,1.0,4.0,11.0,8.0,301.0,768.0,0,0.9078125,0.0,0.0078125,6400000.0,0.8404186032289628
4.0,4.0,2.0,4.0,16.0,13.0,480.0,1568.0,0,0.9078125,0.0625,0.0,6400000.0,0.9033657962328766
4.0,4.0,2.0,4.0,16.0,13.0,480.0,1568.0,0,0.9078125,0.125,0.00390625,6400000.0,0.9033657962328766
1.0,4.0,1.0,1.0,1.0,1.0,35.0,32.0,0,0.5015625,4.0,512.0,6400000.0,0.5273919092465753
4.0,4.0,1.0,2.0,9.0,8.0,278.0,768.0,0,0.6890625,32.0,128.0,6400000.0,0.6533696183953033
4.0,4.0,1.0,4.0,11.0,8.0,301.0,768.0,0,0.9078125,0.0,8.0,6400000.0,0.8118471746575342
4.0,4.0,1.0,3.0,10.0,8.0,289.0,768.0,0,0.7546875,32.0,0.125,6400000.0,0.758226822407045
4.0,4.0,1.0,4.0,11.0,8.0,301.0,768.0,0,0.9078125,4.0,0.5,6400000.0,0.8404186032289628
1.0,4.0,2.0,1.0,1.0,1.0,39.0,32.0,0,0.5015625,0.125,4096.0,6400000.0,0.5273919092465753
4.0,4.0,2.0,4.0,16.0,13.0,480.0,1568.0,0,0.9078125,0.25,32.0,6400000.0,0.9033657962328766
4.0,4.0,2.0,4.0,16.0,13.0,480.0,1568.0,0,0.9078125,0.25,0.03125,6400000.0,0.9033657962328766
4.0,4.0,1.0,4.0,11.0,8.0,301.0,768.0,0,0.9078125,0.0625,0.0078125,6400000.0,0.8404186032289628
1.0,4.0,2.0,1.0,1.0,1.0,39.0,32.0,0,0.5015625,0.25,32768.0,6400000.0,0.5273919092465753
4.0,4.0,1.0,4.0,11.0,8.0,301.0,768.0,0,0.9078125,0.0625,8.0,6400000.0,0.8118471746575342
1.0,4.0,1.0,1.0,1.0,1.0,35.0,32.0,0,0.5015625,0.03125,1024.0,6400000.0,0.5273919092465753
4.0,4.0,2.0,3.0,14.0,12.0,433.0,1408.0,0,0.75,0.5,256.0,6400000.0,0.7844231592465754
1.0,4.0,2.0,1.0,1.0,1.0,39.0,32.0,0,0.5015625,8192.0,512.0,6400000.0,0.5273919092465753
1.0,4.0,1.0,1.0,1.0,1.0,35.0,32.0,0,0.5015625,0.0625,8192.0,6400000.0,0.5273919092465753
1.0,4.0,1.0,1.0,1.0,1.0,35.0,32.0,0,0.5015625,2048.0,0.015625,6400000.0,0.5273919092465753
4.0,4.0,1.0,3.0,10.0,8.0,289.0,768.0,0,0.7546875,64.0,0.000976562,6400000.0,0.758226822407045
4.0,4.0,2.0,4.0,16.0,13.0,480.0,1568.0,0,0.9078125,0.5,0.25,6400000.0,0.9033657962328766
1.0,4.0,1.0,1.0,1.0,1.0,35.0,32.0,0,0.5015625,0.0,8192.0,6400000.0,0.5273919092465753
4.0,4.0,2.0,4.0,16.0,13.0,480.0,1568.0,0,0.9078125,1.0,0.00195312,6400000.0,0.9033657962328766
1.0,2.0,8.0,1.0,1.0,1.0,543.0,32.0,0,0.5015625,512.0,16.0,6400000.0,0.5273919092465753
1.0,4.0,2.0,1.0,1.0,1.0,39.0,32.0,0,0.5015625,16384.0,0.00390625,6400000.0,0.5273919092465753
1.0,2.0,8.0,1.0,1.0,1.0,543.0,32.0,0,0.5015625,2048.0,512.0,6400000.0,0.5273919092465753
1.0,4.0,2.0,1.0,1.0,1.0,39.0,32.0,0,0.5015625,1.0,2048.0,6400000.0,0.5273919092465753
4.0,4.0,1.0,4.0,11.0,8.0,301.0,768.0,0,0.9078125,0.125,0.0625,6400000.0,0.8404186032289628
4.0,4.0,2.0,4.0,16.0,13.0,480.0,1568.0,0,0.9078125,1.0,2.0,6400000.0,0.9033657962328766
1.0,2.0,8.0,1.0,1.0,1.0,543.0,32.0,0,0.5015625,512.0,16384.0,6400000.0,0.5273919092465753
4.0,4.0,1.0,4.0,11.0,8.0,301.0,768.0,0,0.9078125,0.000976562,0.0625,6400000.0,0.8404186032289628
4.0,4.0,2.0,4.0,16.0,13.0,480.0,1568.0,0,0.9078125,2.0,0.015625,6400000.0,0.9033657962328766
1.0,4.0,1.0,1.0,1.0,1.0,35.0,32.0,0,0.5015625,0.5,2048.0,6400000.0,0.5273919092465753
4.0,4.0,1.0,4.0,11.0,8.0,301.0,768.0,0,0.9078125,0.25,0.0,6400000.0,0.8404186032289628
4.0,4.0,1.0,4.0,11.0,8.0,301.0,768.0,0,0.9078125,0.5,2.0,6400000.0,0.8404186032289628
4.0,4.0,2.0,4.0,16.0,13.0,480.0,1568.0,0,0.9078125,2.0,16.0,6400000.0,0.9033657962328766
4.0,4.0,2.0,4.0,16.0,13.0,480.0,1568.0,0,0.9078125,4.0,0.125,6400000.0,0.9033657962328766
1.0,2.0,8.0,1.0,1.0,1.0,543.0,32.0,0,0.5015625,1024.0,0.125,6400000.0,0.5273919092465753
4.0,4.0,2.0,4.0,16.0,13.0,480.0,1568.0,0,0.9078125,8.0,0.000976562,6400000.0,0.9033657962328766
4.0,4.0,1.0,3.0,10.0,8.0,289.0,768.0,0,0.7546875,0.125,64.0,6400000.0,0.758226822407045
1.0,4.0,2.0,1.0,1.0,1.0,39.0,32.0,0,0.5015625,2.0,16384.0,6400000.0,0.5273919092465753
4.0,4.0,1.0,3.0,10.0,8.0,289.0,768.0,0,0.7546875,0.000976562,64.0,6400000.0,0.758226822407045
4.0,4.0,2.0,4.0,15.0,12.0,447.0,1408.0,0,0.75,4.0,128.0,6400000.0,0.8079065251956947
4.0,4.0,2.0,4.0,16.0,13.0,480.0,1568.0,0,0.9078125,16.0,0.0078125,6400000.0,0.9033657962328766
4.0,4.0,1.0,4.0,11.0,8.0,301.0,768.0,0,0.9078125,1.0,0.015625,6400000.0,0.8404186032289628
4.0,4.0,1.0,4.0,11.0,8.0,301.0,768.0,0,0.9078125,0.00195312,0.0,6400000.0,0.8404186032289628
4.0,4.0,1.0,4.0,11.0,8.0,301.0,768.0,0,0.9078125,1.0,16.0,6400000.0,0.7824929672211349
1.0,4.0,2.0,1.0,1.0,1.0,39.0,32.0,0,0.5015625,8.0,1024.0,6400000.0,0.5273919092465753
1.0,4.0,2.0,1.0,1.0,1.0,39.0,32.0,0,0.5015625,16384.0,4.0,6400000.0,0.5273919092465753
4.0,4.0,2.0,4.0,16.0,13.0,480.0,1568.0,0,0.9078125,8.0,1.0,6400000.0,0.9033657962328766
4.0,4.0,1.0,4.0,11.0,8.0,301.0,768.0,0,0.9078125,8.0,0.00390625,6400000.0,0.8118471746575342
4.0,4.0,1.0,4.0,11.0,8.0,301.0,768.0,0,0.9078125,0.25,0.5,6400000.0,0.8404186032289628
4.0,4.0,2.0,4.0,16.0,13.0,480.0,1568.0,0,0.9078125,16.0,8.0,6400000.0,0.9033657962328766
1.0,4.0,2.0,1.0,1.0,1.0,39.0,32.0,0,0.5015625,16.0,8192.0,6400000.0,0.5273919092465753
4.0,4.0,1.0,3.0,10.0,8.0,289.0,768.0,0,0.7546875,64.0,1.0,6400000.0,0.758226822407045
4.0,4.0,2.0,4.0,16.0,13.0,480.0,1568.0,0,0.9078125,32.0,64.0,6400000.0,0.8740115887964773
4.0,4.0,2.0,4.0,16.0,13.0,480.0,1568.0,0,0.9078125,32.0,0.0625,6400000.0,0.9033657962328766
4.0,4.0,2.0,4.0,16.0,13.0,480.0,1568.0,0,0.9078125,64.0,0.0,6400000.0,0.9033657962328766
4.0,4.0,1.0,4.0,11.0,8.0,301.0,768.0,0,0.9078125,8.0,4.0,6400000.0,0.8118471746575342
1.0,4.0,1.0,1.0,1.0,1.0,35.0,32.0,0,0.5015625,2048.0,16.0,6400000.0,0.5273919092465753
4.0,4.0,2.0,4.0,16.0,13.0,480.0,1568.0,0,0.9078125,64.0,0.5,6400000.0,0.9033657962328766
1.0,4.0,2.0,1.0,1.0,1.0,39.0,32.0,0,0.5015625,64.0,512.0,6400000.0,0.5273919092465753
4.0,4.0,2.0,4.0,15.0,12.0,447.0,1408.0,0,0.75,128.0,4.0,6400000.0,0.8079065251956947
1.0,2.0,8.0,1.0,1.0,1.0,543.0,32.0,0,0.5015625,4096.0,0.00390625,6400000.0,0.5273919092465753
1.0,4.0,2.0,1.0,1.0,1.0,39.0,32.0,0,0.5015625,16384.0,4096.0,6400000.0,0.5273919092465753
1.0,4.0,2.0,1.0,1.0,1.0,39.0,32.0,0,0.5015625,32768.0,0.03125,6400000.0,0.5273919092465753
1.0,4.0,2.0,1.0,1.0,1.0,39.0,32.0,0,0.5015625,32768.0,32.0,6400000.0,0.5273919092465753
1.0,4.0,2.0,1.0,1.0,1.0,39.0,32.0,0,0.5015625,128.0,4096.0,6400000.0,0.5273919092465753
4.0,4.0,2.0,4.0,16.0,13.0,480.0,1568.0,0,0.9078125,128.0,0.00390625,6400000.0,0.8079065251956947
1.0,4.0,1.0,1.0,1.0,1.0,35.0,32.0,0,0.5015625,8.0,4096.0,6400000.0,0.5273919092465753
1.0,4.0,1.0,1.0,1.0,1.0,35.0,32.0,0,0.5015625,2048.0,16384.0,6400000.0,0.5273919092465753
4.0,4.0,2.0,3.0,14.0,12.0,433.0,1408.0,0,0.75,256.0,0.03125,6400000.0,0.7844231592465754
1.0,2.0,8.0,1.0,1.0,1.0,543.0,32.0,0,0.5015625,4096.0,4.0,6400000.0,0.5273919092465753
1.0,4.0,1.0,1.0,1.0,1.0,35.0,32.0,0,0.5015625,64.0,1024.0,6400000.0,0.5273919092465753
1.0,4.0,1.0,1.0,1.0,1.0,35.0,32.0,0,0.5015625,4096.0,0.125,6400000.0,0.5273919092465753
1.0,4.0,2.0,1.0,1.0,1.0,39.0,32.0,0,0.5015625,512.0,0.25,6400000.0,0.5273919092465753
4.0,4.0,2.0,3.0,14.0,12.0,433.0,1408.0,0,0.75,256.0,32.0,6400000.0,0.7844231592465754
1.0,4.0,2.0,1.0,1.0,1.0,39.0,32.0,0,0.5015625,256.0,32768.0,6400000.0,0.5273919092465753
1.0,4.0,1.0,1.0,1.0,1.0,35.0,32.0,0,0.5015625,8192.0,1.0,6400000.0,0.5273919092465753
4.0,4.0,1.0,2.0,9.0,8.0,278.0,768.0,0,0.6890625,128.0,0.0078125,6400000.0,0.6533696183953033
1.0,4.0,1.0,1.0,1.0,1.0,35.0,32.0,0,0.5015625,1.0,16384.0,6400000.0,0.5273919092465753
4.0,4.0,1.0,4.0,11.0,8.0,301.0,768.0,0,0.9078125,0.00195312,0.5,6400000.0,0.8404186032289628
1.0,2.0,8.0,1.0,1.0,1.0,543.0,32.0,0,0.5015625,4096.0,4096.0,6400000.0,0.5273919092465753
1.0,4.0,2.0,1.0,1.0,1.0,39.0,32.0,0,0.5015625,512.0,256.0,6400000.0,0.5273919092465753
1.0,4.0,1.0,1.0,1.0,1.0,35.0,32.0,0,0.5015625,4096.0,128.0,6400000.0,0.5273919092465753
1.0,2.0,8.0,1.0,1.0,1.0,543.0,32.0,0,0.5015625,1024.0,128.0,6400000.0,0.5273919092465753
1.0,4.0,2.0,1.0,1.0,1.0,39.0,32.0,0,0.5015625,32768.0,32768.0,6400000.0,0.5273919092465753
4.0,4.0,1.0,2.0,9.0,8.0,278.0,768.0,0,0.6890625,128.0,8.0,6400000.0,0.6533696183953033
1.0,4.0,1.0,1.0,1.0,1.0,35.0,32.0,0,0.5015625,8192.0,0.000976562,6400000.0,0.5273919092465753
1.0,4.0,1.0,1.0,1.0,1.0,35.0,32.0,0,0.5015625,8192.0,1024.0,6400000.0,0.5273919092465753
1.0,4.0,2.0,1.0,1.0,1.0,39.0,32.0,0,0.5015625,1024.0,0.00195312,6400000.0,0.5273919092465753
4.0,4.0,1.0,2.0,9.0,8.0,278.0,768.0,0,0.6890625,2.0,128.0,6400000.0,0.6533696183953033
1.0,4.0,1.0,1.0,1.0,1.0,35.0,32.0,0,0.5015625,16384.0,0.0078125,6400000.0,0.5273919092465753
1.0,4.0,2.0,1.0,1.0,1.0,39.0,32.0,0,0.5015625,2048.0,16.0,6400000.0,0.5273919092465753
1.0,4.0,2.0,1.0,1.0,1.0,39.0,32.0,0,0.5015625,1024.0,2.0,6400000.0,0.5273919092465753
4.0,4.0,1.0,4.0,11.0,8.0,301.0,768.0,0,0.9078125,2.0,0.125,6400000.0,0.8404186032289628
1.0,4.0,2.0,1.0,1.0,1.0,39.0,32.0,0,0.5015625,1024.0,2048.0,6400000.0,0.5273919092465753
4.0,4.0,1.0,2.0,9.0,8.0,278.0,768.0,0,0.6890625,256.0,0.0625,6400000.0,0.6533696183953033
4.0,4.0,1.0,4.0,11.0,8.0,301.0,768.0,0,0.9078125,16.0,0.03125,6400000.0,0.7824929672211349
1.0,4.0,2.0,1.0,1.0,1.0,39.0,32.0,0,0.5015625,2048.0,0.015625,6400000.0,0.5273919092465753
1.0,4.0,1.0,1.0,1.0,1.0,35.0,32.0,0,0.5015625,16384.0,8.0,6400000.0,0.5273919092465753
1.0,4.0,1.0,1.0,1.0,1.0,35.0,32.0,0,0.5015625,16384.0,8192.0,6400000.0,0.5273919092465753
1.0,4.0,1.0,1.0,1.0,1.0,35.0,32.0,0,0.5015625,32768.0,0.0625,6400000.0,0.5273919092465753
1.0,4.0,2.0,1.0,1.0,1.0,39.0,32.0,0,0.5015625,2048.0,16384.0,6400000.0,0.5273919092465753
1.0,4.0,1.0,1.0,1.0,1.0,35.0,32.0,0,0.5015625,32768.0,64.0,6400000.0,0.5273919092465753
1.0,4.0,1.0,1.0,1.0,1.0,35.0,32.0,0,0.5015625,128.0,8192.0,6400000.0,0.5273919092465753
1.0,2.0,8.0,1.0,1.0,1.0,543.0,32.0,0,0.5015625,8192.0,32.0,6400000.0,0.5273919092465753
4.0,4.0,2.0,6.0,18.0,15.0,507.0,1888.0,0,0.9078125,0.0,0.0,6400000.0,0.9033657962328766
1.0,4.0,2.0,1.0,1.0,1.0,39.0,32.0,0,0.5015625,4096.0,0.125,6400000.0,0.5273919092465753
4.0,4.0,2.0,4.0,16.0,13.0,480.0,1568.0,0,0.9078125,0.0,0.5,6400000.0,0.9033657962328766
4.0,4.0,1.0,3.0,10.0,8.0,289.0,768.0,0,0.7546875,16.0,32.0,6400000.0,0.758226822407045
1.0,2.0,8.0,1.0,1.0,1.0,543.0,32.0,0,0.5015625,8192.0,0.03125,6400000.0,0.5273919092465753
1.0,4.0,1.0,1.0,1.0,1.0,35.0,32.0,0,0.5015625,0.00195312,512.0,6400000.0,0.5273919092465753
4.0,4.0,2.0,4.0,16.0,13.0,480.0,1568.0,0,0.9078125,0.00195312,0.03125,6400000.0,0.9033657962328766
1.0,2.0,8.0,1.0,1.0,1.0,543.0,32.0,0,0.5015625,8192.0,32768.0,6400000.0,0.5273919092465753
1.0,4.0,2.0,1.0,1.0,1.0,39.0,32.0,0,0.5015625,0.000976562,4096.0,6400000.0,0.5273919092465753
4.0,4.0,1.0,4.0,11.0,8.0,301.0,768.0,0,0.9078125,0.00390625,0.00390625,6400000.0,0.8404186032289628
4.0,4.0,1.0,4.0,11.0,8.0,301.0,768.0,0,0.9078125,0.00390625,4.0,6400000.0,0.8404186032289628
4.0,4.0,1.0,2.0,9.0,8.0,278.0,768.0,0,0.6890625,256.0,64.0,6400000.0,0.6533696183953033
4.0,4.0,2.0,4.0,16.0,13.0,480.0,1568.0,0,0.9078125,0.00195312,32.0,6400000.0,0.9033657962328766
4.0,4.0,2.0,4.0,16.0,13.0,480.0,1568.0,0,0.9078125,0.000976562,0.00390625,6400000.0,0.9033657962328766
1.0,4.0,2.0,1.0,1.0,1.0,39.0,32.0,0,0.5015625,0.0,512.0,6400000.0,0.5273919092465753
4.0,4.0,2.0,4.0,16.0,13.0,480.0,1568.0,0,0.9078125,0.000976562,4.0,6400000.0,0.9033657962328766
1.0,2.0,8.0,1.0,1.0,1.0,543.0,32.0,0,0.5015625,16384.0,0.25,6400000.0,0.5273919092465753
1.0,4.0,1.0,1.0,1.0,1.0,35.0,32.0,0,0.5015625,0.00390625,4096.0,6400000.0,0.5273919092465753
4.0,4.0,1.0,4.0,11.0,8.0,301.0,768.0,0,0.9078125,4.0,0.000976562,6400000.0,0.8404186032289628
1.0,4.0,2.0,1.0,1.0,1.0,39.0,32.0,0,0.5015625,4096.0,128.0,6400000.0,0.5273919092465753
4.0,4.0,2.0,3.0,14.0,12.0,433.0,1408.0,0,0.75,0.00390625,256.0,6400000.0,0.7844231592465754
1.0,4.0,1.0,1.0,1.0,1.0,35.0,32.0,0,0.5015625,0.25,512.0,6400000.0,0.5273919092465753
1.0,4.0,2.0,1.0,1.0,1.0,39.0,32.0,0,0.5015625,8192.0,0.000976562,6400000.0,0.5273919092465753
4.0,4.0,2.0,4.0,16.0,13.0,480.0,1568.0,0,0.9078125,0.0078125,0.00195312,6400000.0,0.9033657962328766
1.0,4.0,2.0,1.0,1.0,1.0,39.0,32.0,0,0.5015625,0.00195312,32768.0,6400000.0,0.5273919092465753
4.0,4.0,2.0,4.0,16.0,13.0,480.0,1568.0,0,0.9078125,0.00390625,0.25,6400000.0,0.9033657962328766
1.0,4.0,1.0,1.0,1.0,1.0,35.0,32.0,0,0.5015625,512.0,0.0,6400000.0,0.5273919092465753
1.0,2.0,8.0,1.0,1.0,1.0,543.0,32.0,0,0.5015625,2048.0,0.000976562,6400000.0,0.5273919092465753
4.0,4.0,2.0,4.0,16.0,13.0,480.0,1568.0,0,0.9078125,0.0078125,2.0,6400000.0,0.9033657962328766
1.0,4.0,1.0,1.0,1.0,1.0,35.0,32.0,0,0.5015625,512.0,0.5,6400000.0,0.5273919092465753
4.0,4.0,1.0,4.0,11.0,8.0,301.0,768.0,0,0.9078125,0.5,0.00390625,6400000.0,0.8404186032289628
1.0,2.0,8.0,1.0,1.0,1.0,543.0,32.0,0,0.5015625,32768.0,0.00195312,6400000.0,0.5273919092465753
4.0,4.0,1.0,4.0,11.0,8.0,301.0,768.0,0,0.9078125,0.0078125,0.03125,6400000.0,0.8404186032289628
1.0,2.0,8.0,1.0,1.0,1.0,543.0,32.0,0,0.5015625,32768.0,2.0,6400000.0,0.5273919092465753
4.0,4.0,1.0,3.0,10.0,8.0,289.0,768.0,0,0.7546875,0.0078125,32.0,6400000.0,0.758226822407045
1.0,4.0,1.0,1.0,1.0,1.0,35.0,32.0,0,0.5015625,512.0,512.0,6400000.0,0.5273919092465753
4.0,4.0,2.0,4.0,16.0,13.0,480.0,1568.0,0,0.9078125,0.015625,16.0,6400000.0,0.9033657962328766
1.0,2.0,8.0,1.0,1.0,1.0,543.0,32.0,0,0.5015625,2048.0,1.0,6400000.0,0.5273919092465753
1.0,4.0,1.0,1.0,1.0,1.0,35.0,32.0,0,0.5015625,16.0,32768.0,6400000.0,0.5273919092465753
1.0,2.0,8.0,1.0,1.0,1.0,543.0,32.0,0,0.5015625,16384.0,256.0,6400000.0,0.5273919092465753
4.0,4.0,4.0,9.0,32.0,33.0,1010.0,4768.0,0,0.940625,0.0,0.25,6400000.0,0.9409246575342465
4.0,4.0,2.0,4.0,16.0,13.0,480.0,1568.0,0,0.9078125,0.03125,0.125,6400000.0,0.9033657962328766
4.0,4.0,2.0,4.0,16.0,13.0,480.0,1568.0,0,0.9078125,0.015625,0.015625,6400000.0,0.9033657962328766
4.0,4.0,2.0,4.0,16.0,13.0,480.0,1568.0,0,0.9078125,0.03125,128.0,6400000.0,0.8079065251956947
1.0,4.0,2.0,1.0,1.0,1.0,39.0,32.0,0,0.5015625,0.015625,16384.0,6400000.0,0.5273919092465753
1.0,2.0,8.0,1.0,1.0,1.0,543.0,32.0,0,0.5015625,32768.0,2048.0,6400000.0,0.5273919092465753
4.0,4.0,1.0,4.0,11.0,8.0,301.0,768.0,0,0.9078125,0.03125,0.00195312,6400000.0,0.8404186032289628
1.0,4.0,2.0,1.0,1.0,1.0,39.0,32.0,0,0.5015625,0.0078125,2048.0,6400000.0,0.5273919092465753
1.0,4.0,1.0,1.0,1.0,1.0,35.0,32.0,0,0.5015625,1024.0,0.00390625,6400000.0,0.5273919092465753
1.0,4.0,1.0,1.0,1.0,1.0,35.0,32.0,0,0.5015625,0.0078125,32768.0,6400000.0,0.5273919092465753
4.0,4.0,1.0,2.0,9.0,8.0,278.0,768.0,0,0.6890625,0.015625,256.0,6400000.0,0.6533696183953033
4.0,4.0,1.0,4.0,11.0,8.0,301.0,768.0,0,0.9078125,0.03125,2.0,6400000.0,0.8404186032289628
4.0,4.0,4.0,9.0,32.0,33.0,1010.0,4768.0,0,0.940625,0.000976562,0.00195312,6400000.0,0.9409246575342465
4.0,4.0,4.0,5.0,27.0,23.0,909.0,3168.0,0,0.940625,0.0,256.0,6400000.0,0.9033657962328766
4.0,4.0,1.0,4.0,11.0,8.0,301.0,768.0,0,0.9078125,0.015625,0.25,6400000.0,0.8404186032289628
1.0,4.0,2.0,1.0,1.0,1.0,39.0,32.0,0,0.5015625,0.0625,1024.0,6400000.0,0.5273919092465753
1.0,4.0,2.0,1.0,1.0,1.0,39.0,32.0,0,0.5015625,8192.0,1.0,6400000.0,0.5273919092465753
1.0,4.0,1.0,1.0,1.0,1.0,35.0,32.0,0,0.5015625,1024.0,4096.0,6400000.0,0.5273919092465753
1.0,4.0,1.0,1.0,1.0,1.0,35.0,32.0,0,0.5015625,1024.0,4.0,6400000.0,0.5273919092465753
4.0,4.0,1.0,4.0,11.0,8.0,301.0,768.0,0,0.9078125,0.0,0.015625,6400000.0,0.8404186032289628
4.0,4.0,1.0,2.0,9.0,8.0,278.0,768.0,0,0.6890625,32.0,256.0,6400000.0,0.6533696183953033
4.0,4.0,2.0,4.0,16.0,13.0,480.0,1568.0,0,0.9078125,0.0625,1.0,6400000.0,0.9033657962328766
4.0,4.0,1.0,4.0,11.0,8.0,301.0,768.0,0,0.9078125,4.0,1.0,6400000.0,0.8404186032289628
4.0,4.0,2.0,4.0,16.0,13.0,480.0,1568.0,0,0.9078125,0.0625,0.000976562,6400000.0,0.9033657962328766
4.0,4.0,1.0,3.0,10.0,8.0,289.0,768.0,0,0.7546875,32.0,0.25,6400000.0,0.758226822407045
4.0,4.0,2.0,4.0,16.0,13.0,480.0,1568.0,0,0.9078125,0.125,0.0078125,6400000.0,0.9033657962328766
4.0,4.0,2.0,4.0,16.0,13.0,480.0,1568.0,0,0.9078125,0.125,8.0,6400000.0,0.9033657962328766
4.0,4.0,1.0,4.0,11.0,8.0,301.0,768.0,0,0.9078125,0.0,16.0,6400000.0,0.7824929672211349
1.0,4.0,1.0,1.0,1.0,1.0,35.0,32.0,0,0.5015625,4.0,1024.0,6400000.0,0.5273919092465753
4.0,4.0,1.0,4.0,11.0,8.0,301.0,768.0,0,0.9078125,0.0625,0.015625,6400000.0,0.8404186032289628
4.0,4.0,2.0,4.0,16.0,13.0,480.0,1568.0,0,0.9078125,0.25,64.0,6400000.0,0.9033657962328766
4.0,4.0,2.0,4.0,16.0,13.0,480.0,1568.0,0,0.9078125,0.5,0.0,6400000.0,0.9033657962328766
1.0,4.0,2.0,1.0,1.0,1.0,39.0,32.0,0,0.5015625,0.125,8192.0,6400000.0,0.5273919092465753
4.0,4.0,1.0,4.0,11.0,8.0,301.0,768.0,0,0.9078125,0.0625,16.0,6400000.0,0.7824929672211349
4.0,4.0,2.0,4.0,16.0,13.0,480.0,1568.0,0,0.9078125,0.25,0.0625,6400000.0,0.9033657962328766
1.0,4.0,2.0,1.0,1.0,1.0,39.0,32.0,0,0.5015625,8192.0,1024.0,6400000.0,0.5273919092465753
1.0,4.0,2.0,1.0,1.0,1.0,39.0,32.0,0,0.5015625,0.5,512.0,6400000.0,0.5273919092465753
1.0,4.0,1.0,1.0,1.0,1.0,35.0,32.0,0,0.5015625,0.0625,16384.0,6400000.0,0.5273919092465753
1.0,4.0,1.0,1.0,1.0,1.0,35.0,32.0,0,0.5015625,0.03125,2048.0,6400000.0,0.5273919092465753
1.0,4.0,1.0,1.0,1.0,1.0,35.0,32.0,0,0.5015625,2048.0,0.03125,6400000.0,0.5273919092465753
4.0,4.0,1.0,3.0,10.0,8.0,289.0,768.0,0,0.7546875,64.0,0.00195312,6400000.0,0.758226822407045
4.0,4.0,2.0,4.0,16.0,13.0,480.0,1568.0,0,0.9078125,0.5,0.5,6400000.0,0.9033657962328766
4.0,4.0,4.0,8.0,34.0,33.0,1095.0,4768.0,0,0.940625,0.000976562,2.0,6400000.0,0.9409246575342465
4.0,4.0,2.0,4.0,16.0,13.0,480.0,1568.0,0,0.9078125,1.0,0.00390625,6400000.0,0.9033657962328766
1.0,4.0,1.0,1.0,1.0,1.0,35.0,32.0,0,0.5015625,0.0,16384.0,6400000.0,0.5273919092465753
1.0,4.0,2.0,1.0,1.0,1.0,39.0,32.0,0,0.5015625,16384.0,0.0078125,6400000.0,0.5273919092465753
1.0,4.0,2.0,1.0,1.0,1.0,39.0,32.0,0,0.5015625,1.0,4096.0,6400000.0,0.5273919092465753
1.0,2.0,8.0,1.0,1.0,1.0,543.0,32.0,0,0.5015625,2048.0,1024.0,6400000.0,0.5273919092465753
4.0,4.0,1.0,4.0,11.0,8.0,301.0,768.0,0,0.9078125,0.125,0.125,6400000.0,0.8404186032289628
4.0,4.0,2.0,4.0,16.0,13.0,480.0,1568.0,0,0.9078125,1.0,4.0,6400000.0,0.9033657962328766
1.0,4.0,1.0,1.0,1.0,1.0,35.0,32.0,0,0.5015625,0.5,4096.0,6400000.0,0.5273919092465753
4.0,4.0,2.0,4.0,16.0,13.0,480.0,1568.0,0,0.9078125,2.0,0.03125,6400000.0,0.9033657962328766
4.0,4.0,1.0,4.0,11.0,8.0,301.0,768.0,0,0.9078125,0.000976562,0.125,6400000.0,0.8404186032289628
4.0,4.0,1.0,4.0,11.0,8.0,301.0,768.0,0,0.9078125,0.5,4.0,6400000.0,0.8404186032289628
1.0,4.0,4.0,1.0,1.0,1.0,63.0,32.0,0,0.5015625,0.000976562,2048.0,6400000.0,0.5273919092465753
4.0,4.0,1.0,4.0,11.0,8.0,301.0,768.0,0,0.9078125,0.25,0.000976562,6400000.0,0.8404186032289628
4.0,4.0,2.0,4.0,16.0,13.0,480.0,1568.0,0,0.9078125,2.0,32.0,6400000.0,0.9033657962328766
4.0,4.0,4.0,9.0,32.0,33.0,1010.0,4768.0,0,0.940625,0.00195312,0.015625,6400000.0,0.9409246575342465
4.0,4.0,2.0,4.0,16.0,13.0,480.0,1568.0,0,0.9078125,8.0,0.00195312,6400000.0,0.9033657962328766
4.0,4.0,1.0,2.0,9.0,8.0,278.0,768.0,0,0.6890625,0.125,128.0,6400000.0,0.6533696183953033
4.0,4.0,2.0,4.0,16.0,13.0,480.0,1568.0,0,0.9078125,4.0,0.25,6400000.0,0.9033657962328766
4.0,4.0,1.0,2.0,9.0,8.0,278.0,768.0,0,0.6890625,0.000976562,128.0,6400000.0,0.6533696183953033
4.0,4.0,2.0,3.0,14.0,12.0,433.0,1408.0,0,0.75,4.0,256.0,6400000.0,0.7844231592465754
1.0,4.0,2.0,1.0,1.0,1.0,39.0,32.0,0,0.5015625,2.0,32768.0,6400000.0,0.5273919092465753
4.0,4.0,2.0,4.0,16.0,13.0,480.0,1568.0,0,0.9078125,8.0,2.0,6400000.0,0.9033657962328766
4.0,4.0,1.0,3.0,10.0,8.0,289.0,768.0,0,0.7546875,1.0,32.0,6400000.0,0.758226822407045
4.0,4.0,2.0,4.0,16.0,13.0,480.0,1568.0,0,0.9078125,16.0,0.015625,6400000.0,0.9033657962328766
4.0,4.0,1.0,4.0,11.0,8.0,301.0,768.0,0,0.9078125,1.0,0.03125,6400000.0,0.8404186032289628
4.0,4.0,1.0,4.0,11.0,8.0,301.0,768.0,0,0.9078125,0.00195312,0.000976562,6400000.0,0.8404186032289628
1.0,4.0,2.0,1.0,1.0,1.0,39.0,32.0,0,0.5015625,16384.0,8.0,6400000.0,0.5273919092465753
4.0,4.0,2.0,4.0,16.0,13.0,480.0,1568.0,0,0.9078125,16.0,16.0,6400000.0,0.9033657962328766
4.0,4.0,1.0,4.0,11.0,8.0,301.0,768.0,0,0.9078125,0.25,1.0,6400000.0,0.8404186032289628
1.0,4.0,2.0,1.0,1.0,1.0,39.0,32.0,0,0.5015625,8.0,2048.0,6400000.0,0.5273919092465753
4.0,4.0,2.0,4.0,15.0,12.0,447.0,1408.0,0,0.75,32.0,128.0,6400000.0,0.7844231592465754
4.0,4.0,1.0,4.0,11.0,8.0,301.0,768.0,0,0.9078125,8.0,0.0078125,6400000.0,0.8118471746575342
1.0,4.0,2.0,1.0,1.0,1.0,39.0,32.0,0,0.5015625,16.0,16384.0,6400000.0,0.5273919092465753
4.0,4.0,1.0,3.0,10.0,8.0,289.0,768.0,0,0.7546875,64.0,2.0,6400000.0,0.758226822407045
4.0,4.0,2.0,4.0,16.0,13.0,480.0,1568.0,0,0.9078125,64.0,0.000976562,6400000.0,0.9033657962328766
4.0,4.0,2.0,4.0,16.0,13.0,480.0,1568.0,0,0.9078125,32.0,0.125,6400000.0,0.9033657962328766
4.0,4.0,1.0,4.0,11.0,8.0,301.0,768.0,0,0.9078125,8.0,8.0,6400000.0,0.7824929672211349
1.0,4.0,1.0,1.0,1.0,1.0,35.0,32.0,0,0.5015625,2048.0,32.0,6400000.0,0.5273919092465753
4.0,4.0,2.0,4.0,16.0,13.0,480.0,1568.0,0,0.9078125,64.0,1.0,6400000.0,0.9033657962328766
1.0,4.0,2.0,1.0,1.0,1.0,39.0,32.0,0,0.5015625,64.0,1024.0,6400000.0,0.5273919092465753
1.0,2.0,8.0,1.0,1.0,1.0,543.0,32.0,0,0.5015625,4096.0,0.0078125,6400000.0,0.5273919092465753
1.0,4.0,2.0,1.0,1.0,1.0,39.0,32.0,0,0.5015625,32768.0,64.0,6400000.0,0.5273919092465753
4.0,4.0,2.0,4.0,15.0,12.0,447.0,1408.0,0,0.75,128.0,8.0,6400000.0,0.8079065251956947
1.0,4.0,1.0,1.0,1.0,1.0,35.0,32.0,0,0.5015625,8.0,8192.0,6400000.0,0.5273919092465753
1.0,2.0,8.0,1.0,1.0,1.0,543.0,32.0,0,0.5015625,4096.0,8.0,6400000.0,0.5273919092465753
1.0,4.0,2.0,1.0,1.0,1.0,39.0,32.0,0,0.5015625,16384.0,8192.0,6400000.0,0.5273919092465753
4.0,4.0,2.0,4.0,16.0,13.0,480.0,1568.0,0,0.9078125,128.0,0.0078125,6400000.0,0.8079065251956947
1.0,4.0,2.0,1.0,1.0,1.0,39.0,32.0,0,0.5015625,32768.0,0.0625,6400000.0,0.5273919092465753
1.0,4.0,2.0,1.0,1.0,1.0,39.0,32.0,0,0.5015625,128.0,8192.0,6400000.0,0.5273919092465753
1.0,4.0,1.0,1.0,1.0,1.0,35.0,32.0,0,0.5015625,2048.0,32768.0,6400000.0,0.5273919092465753
1.0,4.0,1.0,1.0,1.0,1.0,35.0,32.0,0,0.5015625,4096.0,0.25,6400000.0,0.5273919092465753
4.0,4.0,2.0,3.0,14.0,12.0,433.0,1408.0,0,0.75,256.0,64.0,6400000.0,0.7844231592465754
4.0,4.0,2.0,3.0,14.0,12.0,433.0,1408.0,0,0.75,256.0,0.0625,6400000.0,0.7844231592465754
1.0,4.0,1.0,1.0,1.0,1.0,35.0,32.0,0,0.5015625,64.0,2048.0,6400000.0,0.5273919092465753
1.0,4.0,2.0,1.0,1.0,1.0,39.0,32.0,0,0.5015625,512.0,0.0,6400000.0,0.5273919092465753
4.0,4.0,1.0,2.0,9.0,8.0,278.0,768.0,0,0.6890625,128.0,0.015625,6400000.0,0.6533696183953033
1.0,4.0,1.0,1.0,1.0,1.0,35.0,32.0,0,0.5015625,4096.0,256.0,6400000.0,0.5273919092465753
1.0,4.0,1.0,1.0,1.0,1.0,35.0,32.0,0,0.5015625,8192.0,2.0,6400000.0,0.5273919092465753
1.0,4.0,2.0,1.0,1.0,1.0,39.0,32.0,0,0.5015625,512.0,0.5,6400000.0,0.5273919092465753
4.0,4.0,1.0,4.0,11.0,8.0,301.0,768.0,0,0.9078125,0.00195312,1.0,6400000.0,0.8404186032289628
1.0,2.0,8.0,1.0,1.0,1.0,543.0,32.0,0,0.5015625,4096.0,8192.0,6400000.0,0.5273919092465753
1.0,4.0,1.0,1.0,1.0,1.0,35.0,32.0,0,0.5015625,1.0,32768.0,6400000.0,0.5273919092465753
1.0,4.0,2.0,1.0,1.0,1.0,39.0,32.0,0,0.5015625,512.0,512.0,6400000.0,0.5273919092465753
4.0,4.0,1.0,2.0,9.0,8.0,278.0,768.0,0,0.6890625,128.0,16.0,6400000.0,0.6533696183953033
4.0,4.0,4.0,12.0,37.0,36.0,1125.0,5248.0,0,0.940625,0.0,0.0,6400000.0,0.9409246575342465
1.0,4.0,1.0,1.0,1.0,1.0,35.0,32.0,0,0.5015625,8192.0,0.00195312,6400000.0,0.5273919092465753
4.0,4.0,4.0,5.0,27.0,23.0,909.0,3168.0,0,0.940625,0.00195312,16.0,6400000.0,0.9409246575342465
1.0,4.0,2.0,1.0,1.0,1.0,39.0,32.0,0,0.5015625,1024.0,0.00390625,6400000.0,0.5273919092465753
4.0,4.0,1.0,2.0,9.0,8.0,278.0,768.0,0,0.6890625,2.0,256.0,6400000.0,0.6533696183953033
1.0,4.0,1.0,1.0,1.0,1.0,35.0,32.0,0,0.5015625,16384.0,0.015625,6400000.0,0.5273919092465753
1.0,4.0,2.0,1.0,1.0,1.0,39.0,32.0,0,0.5015625,1024.0,4096.0,6400000.0,0.5273919092465753
4.0,4.0,1.0,4.0,11.0,8.0,301.0,768.0,0,0.9078125,2.0,0.25,6400000.0,0.8404186032289628
1.0,4.0,1.0,1.0,1.0,1.0,35.0,32.0,0,0.5015625,8192.0,2048.0,6400000.0,0.5273919092465753
1.0,4.0,2.0,1.0,1.0,1.0,39.0,32.0,0,0.5015625,1024.0,4.0,6400000.0,0.5273919092465753
1.0,4.0,2.0,1.0,1.0,1.0,39.0,32.0,0,0.5015625,2048.0,32.0,6400000.0,0.5273919092465753
4.0,4.0,1.0,2.0,9.0,8.0,278.0,768.0,0,0.6890625,256.0,0.125,6400000.0,0.6533696183953033
1.0,4.0,1.0,1.0,1.0,1.0,35.0,32.0,0,0.5015625,16384.0,16.0,6400000.0,0.5273919092465753
1.0,4.0,2.0,1.0,1.0,1.0,39.0,32.0,0,0.5015625,2048.0,32768.0,6400000.0,0.5273919092465753
1.0,4.0,2.0,1.0,1.0,1.0,39.0,32.0,0,0.5015625,2048.0,0.03125,6400000.0,0.5273919092465753
1.0,4.0,1.0,1.0,1.0,1.0,35.0,32.0,0,0.5015625,16384.0,16384.0,6400000.0,0.5273919092465753
1.0,4.0,1.0,1.0,1.0,1.0,35.0,32.0,0,0.5015625,32768.0,0.125,6400000.0,0.5273919092465753
4.0,4.0,1.0,4.0,11.0,8.0,301.0,768.0,0,0.9078125,16.0,0.0625,6400000.0,0.7824929672211349
1.0,4.0,1.0,1.0,1.0,1.0,35.0,32.0,0,0.5015625,128.0,16384.0,6400000.0,0.5273919092465753
4.0,4.0,2.0,4.0,16.0,13.0,480.0,1568.0,0,0.9078125,0.0,0.000976562,6400000.0,0.9033657962328766
1.0,2.0,8.0,1.0,1.0,1.0,543.0,32.0,0,0.5015625,8192.0,64.0,6400000.0,0.5273919092465753
1.0,4.0,2.0,1.0,1.0,1.0,39.0,32.0,0,0.5015625,4096.0,0.25,6400000.0,0.5273919092465753
1.0,4.0,1.0,1.0,1.0,1.0,35.0,32.0,0,0.5015625,32768.0,128.0,6400000.0,0.5273919092465753
4.0,4.0,2.0,4.0,16.0,13.0,480.0,1568.0,0,0.9078125,0.0,1.0,6400000.0,0.9033657962328766
4.0,4.0,1.0,3.0,10.0,8.0,289.0,768.0,0,0.7546875,16.0,64.0,6400000.0,0.758226822407045
1.0,2.0,8.0,1.0,1.0,1.0,543.0,32.0,0,0.5015625,8192.0,0.0625,6400000.0,0.5273919092465753
1.0,2.0,8.0,1.0,1.0,1.0,543.0,32.0,0,0.5015625,16384.0,0.0,6400000.0,0.5273919092465753
1.0,4.0,4.0,1.0,1.0,1.0,63.0,32.0,0,0.5015625,0.00195312,16384.0,6400000.0,0.5273919092465753
1.0,4.0,1.0,1.0,1.0,1.0,35.0,32.0,0,0.5015625,0.00195312,1024.0,6400000.0,0.5273919092465753
4.0,4.0,2.0,4.0,16.0,13.0,480.0,1568.0,0,0.9078125,0.00195312,0.0625,6400000.0,0.9033657962328766
4.0,4.0,1.0,2.0,9.0,8.0,278.0,768.0,0,0.6890625,256.0,128.0,6400000.0,0.6533696183953033
4.0,4.0,1.0,4.0,11.0,8.0,301.0,768.0,0,0.9078125,0.00390625,8.0,6400000.0,0.8118471746575342
4.0,4.0,2.0,4.0,16.0,13.0,480.0,1568.0,0,0.9078125,0.00195312,64.0,6400000.0,0.9033657962328766
1.0,4.0,2.0,1.0,1.0,1.0,39.0,32.0,0,0.5015625,0.000976562,8192.0,6400000.0,0.5273919092465753
4.0,4.0,1.0,4.0,11.0,8.0,301.0,768.0,0,0.9078125,0.00390625,0.0078125,6400000.0,0.8404186032289628
1.0,4.0,2.0,1.0,1.0,1.0,39.0,32.0,0,0.5015625,0.0,1024.0,6400000.0,0.5273919092465753
4.0,4.0,2.0,4.0,16.0,13.0,480.0,1568.0,0,0.9078125,0.000976562,0.0078125,6400000.0,0.9033657962328766
1.0,4.0,1.0,1.0,1.0,1.0,35.0,32.0,0,0.5015625,0.25,1024.0,6400000.0,0.5273919092465753
1.0,4.0,1.0,1.0,1.0,1.0,35.0,32.0,0,0.5015625,0.00390625,8192.0,6400000.0,0.5273919092465753
1.0,4.0,2.0,1.0,1.0,1.0,39.0,32.0,0,0.5015625,0.00390625,512.0,6400000.0,0.5273919092465753
4.0,4.0,2.0,4.0,16.0,13.0,480.0,1568.0,0,0.9078125,0.00390625,0.5,6400000.0,0.9033657962328766
1.0,2.0,8.0,1.0,1.0,1.0,543.0,32.0,0,0.5015625,16384.0,0.5,6400000.0,0.5273919092465753
4.0,4.0,2.0,4.0,16.0,13.0,480.0,1568.0,0,0.9078125,0.00390625,0.0,6400000.0,0.9033657962328766
4.0,4.0,2.0,4.0,16.0,13.0,480.0,1568.0,0,0.9078125,0.000976562,8.0,6400000.0,0.9033657962328766
1.0,4.0,2.0,1.0,1.0,1.0,39.0,32.0,0,0.5015625,4096.0,256.0,6400000.0,0.5273919092465753
1.0,4.0,1.0,1.0,1.0,1.0,35.0,32.0,0,0.5015625,512.0,0.000976562,6400000.0,0.5273919092465753
4.0,4.0,1.0,4.0,11.0,8.0,301.0,768.0,0,0.9078125,4.0,0.00195312,6400000.0,0.8404186032289628
4.0,4.0,2.0,4.0,16.0,13.0,480.0,1568.0,0,0.9078125,0.0078125,4.0,6400000.0,0.9033657962328766
4.0,4.0,4.0,9.0,32.0,33.0,1010.0,4768.0,0,0.940625,0.00390625,0.125,6400000.0,0.9409246575342465
1.0,4.0,1.0,1.0,1.0,1.0,35.0,32.0,0,0.5015625,512.0,1.0,6400000.0,0.5273919092465753
1.0,4.0,2.0,1.0,1.0,1.0,39.0,32.0,0,0.5015625,8192.0,0.00195312,6400000.0,0.5273919092465753
4.0,4.0,2.0,4.0,16.0,13.0,480.0,1568.0,0,0.9078125,0.0078125,0.00390625,6400000.0,0.9033657962328766
4.0,4.0,1.0,4.0,11.0,8.0,301.0,768.0,0,0.9078125,0.0078125,0.0625,6400000.0,0.8404186032289628
4.0,4.0,1.0,4.0,11.0,8.0,301.0,768.0,0,0.9078125,0.5,0.0078125,6400000.0,0.8404186032289628
4.0,4.0,1.0,3.0,10.0,8.0,289.0,768.0,0,0.7546875,0.0078125,64.0,6400000.0,0.758226822407045
1.0,2.0,8.0,1.0,1.0,1.0,543.0,32.0,0,0.5015625,32768.0,4.0,6400000.0,0.5273919092465753
1.0,2.0,8.0,1.0,1.0,1.0,543.0,32.0,0,0.5015625,32768.0,0.00390625,6400000.0,0.5273919092465753
1.0,4.0,1.0,1.0,1.0,1.0,35.0,32.0,0,0.5015625,512.0,1024.0,6400000.0,0.5273919092465753
1.0,2.0,8.0,1.0,1.0,1.0,543.0,32.0,0,0.5015625,16384.0,512.0,6400000.0,0.5273919092465753
4.0,4.0,2.0,4.0,16.0,13.0,480.0,1568.0,0,0.9078125,0.015625,32.0,6400000.0,0.9033657962328766
4.0,4.0,2.0,4.0,16.0,13.0,480.0,1568.0,0,0.9078125,0.03125,0.25,6400000.0,0.9033657962328766
1.0,4.0,2.0,1.0,1.0,1.0,39.0,32.0,0,0.5015625,0.015625,32768.0,6400000.0,0.5273919092465753
4.0,4.0,2.0,4.0,16.0,13.0,480.0,1568.0,0,0.9078125,0.015625,0.03125,6400000.0,0.9033657962328766
1.0,2.0,8.0,1.0,1.0,1.0,543.0,32.0,0,0.5015625,32768.0,4096.0,6400000.0,0.5273919092465753
4.0,4.0,4.0,9.0,32.0,33.0,1010.0,4768.0,0,0.940625,0.0,0.5,6400000.0,0.9409246575342465
4.0,4.0,2.0,3.0,14.0,12.0,433.0,1408.0,0,0.75,0.03125,256.0,6400000.0,0.7844231592465754
1.0,4.0,1.0,1.0,1.0,1.0,35.0,32.0,0,0.5015625,1024.0,0.0078125,6400000.0,0.5273919092465753
4.0,4.0,1.0,4.0,11.0,8.0,301.0,768.0,0,0.9078125,0.03125,0.00390625,6400000.0,0.8404186032289628
4.0,4.0,1.0,3.0,10.0,8.0,289.0,768.0,0,0.7546875,32.0,0.0,6400000.0,0.758226822407045
4.0,4.0,1.0,4.0,11.0,8.0,301.0,768.0,0,0.9078125,0.015625,0.0,6400000.0,0.8404186032289628
4.0,4.0,1.0,4.0,11.0,8.0,301.0,768.0,0,0.9078125,0.03125,4.0,6400000.0,0.8404186032289628
4.0,4.0,4.0,9.0,32.0,33.0,1010.0,4768.0,0,0.940625,0.000976562,0.00390625,6400000.0,0.9409246575342465
1.0,4.0,1.0,1.0,1.0,1.0,35.0,32.0,0,0.5015625,0.015625,512.0,6400000.0,0.5273919092465753
1.0,4.0,4.0,1.0,1.0,1.0,63.0,32.0,0,0.5015625,0.0,512.0,6400000.0,0.5273919092465753
1.0,4.0,2.0,1.0,1.0,1.0,39.0,32.0,0,0.5015625,0.0625,2048.0,6400000.0,0.5273919092465753
1.0,4.0,2.0,1.0,1.0,1.0,39.0,32.0,0,0.5015625,0.0078125,4096.0,6400000.0,0.5273919092465753
4.0,4.0,1.0,4.0,11.0,8.0,301.0,768.0,0,0.9078125,0.0,0.03125,6400000.0,0.8404186032289628
4.0,4.0,1.0,4.0,11.0,8.0,301.0,768.0,0,0.9078125,0.015625,0.5,6400000.0,0.8404186032289628
1.0,4.0,1.0,1.0,1.0,1.0,35.0,32.0,0,0.5015625,1024.0,8192.0,6400000.0,0.5273919092465753
1.0,4.0,1.0,1.0,1.0,1.0,35.0,32.0,0,0.5015625,32.0,512.0,6400000.0,0.5273919092465753
4.0,4.0,2.0,4.0,16.0,13.0,480.0,1568.0,0,0.9078125,0.0625,2.0,6400000.0,0.9033657962328766
1.0,4.0,2.0,1.0,1.0,1.0,39.0,32.0,0,0.5015625,8192.0,2.0,6400000.0,0.5273919092465753
1.0,4.0,1.0,1.0,1.0,1.0,35.0,32.0,0,0.5015625,1024.0,8.0,6400000.0,0.5273919092465753
4.0,4.0,2.0,4.0,16.0,13.0,480.0,1568.0,0,0.9078125,0.125,16.0,6400000.0,0.9033657962328766
4.0,4.0,1.0,3.0,10.0,8.0,289.0,768.0,0,0.7546875,32.0,0.5,6400000.0,0.758226822407045
4.0,4.0,2.0,4.0,16.0,13.0,480.0,1568.0,0,0.9078125,0.125,0.015625,6400000.0,0.9033657962328766
4.0,4.0,1.0,4.0,11.0,8.0,301.0,768.0,0,0.9078125,0.0625,0.03125,6400000.0,0.8404186032289628
4.0,4.0,1.0,3.0,10.0,8.0,289.0,768.0,0,0.7546875,0.0,32.0,6400000.0,0.758226822407045
4.0,4.0,2.0,4.0,16.0,13.0,480.0,1568.0,0,0.9078125,0.5,0.000976562,6400000.0,0.9033657962328766
4.0,4.0,2.0,4.0,16.0,13.0,480.0,1568.0,0,0.9078125,0.25,128.0,6400000.0,0.8079065251956947
4.0,4.0,2.0,4.0,16.0,13.0,480.0,1568.0,0,0.9078125,0.0625,0.00195312,6400000.0,0.9033657962328766
1.0,4.0,2.0,1.0,1.0,1.0,39.0,32.0,0,0.5015625,8192.0,2048.0,6400000.0,0.5273919092465753
4.0,4.0,1.0,4.0,11.0,8.0,301.0,768.0,0,0.9078125,4.0,2.0,6400000.0,0.8118471746575342
1.0,4.0,1.0,1.0,1.0,1.0,35.0,32.0,0,0.5015625,4.0,2048.0,6400000.0,0.5273919092465753
4.0,4.0,1.0,3.0,10.0,8.0,289.0,768.0,0,0.7546875,0.0625,32.0,6400000.0,0.758226822407045
1.0,4.0,2.0,1.0,1.0,1.0,39.0,32.0,0,0.5015625,0.5,1024.0,6400000.0,0.5273919092465753
4.0,4.0,2.0,4.0,16.0,13.0,480.0,1568.0,0,0.9078125,0.25,0.125,6400000.0,0.9033657962328766
1.0,4.0,1.0,1.0,1.0,1.0,35.0,32.0,0,0.5015625,0.03125,4096.0,6400000.0,0.5273919092465753
1.0,4.0,2.0,1.0,1.0,1.0,39.0,32.0,0,0.5015625,0.125,16384.0,6400000.0,0.5273919092465753
1.0,4.0,1.0,1.0,1.0,1.0,35.0,32.0,0,0.5015625,0.0625,32768.0,6400000.0,0.5273919092465753
1.0,4.0,1.0,1.0,1.0,1.0,35.0,32.0,0,0.5015625,2048.0,0.0625,6400000.0,0.5273919092465753
4.0,4.0,2.0,4.0,16.0,13.0,480.0,1568.0,0,0.9078125,0.5,1.0,6400000.0,0.9033657962328766
4.0,4.0,1.0,3.0,10.0,8.0,289.0,768.0,0,0.7546875,64.0,0.00390625,6400000.0,0.758226822407045
4.0,4.0,4.0,7.0,33.0,33.0,1084.0,4768.0,0,0.940625,0.000976562,4.0,6400000.0,0.9409246575342465
4.0,4.0,2.0,4.0,16.0,13.0,480.0,1568.0,0,0.9078125,1.0,0.0078125,6400000.0,0.9033657962328766
1.0,4.0,1.0,1.0,1.0,1.0,35.0,32.0,0,0.5015625,0.0,32768.0,6400000.0,0.5273919092465753
1.0,4.0,2.0,1.0,1.0,1.0,39.0,32.0,0,0.5015625,16384.0,0.015625,6400000.0,0.5273919092465753
4.0,4.0,1.0,4.0,11.0,8.0,301.0,768.0,0,0.9078125,0.125,0.25,6400000.0,0.8404186032289628
1.0,4.0,2.0,1.0,1.0,1.0,39.0,32.0,0,0.5015625,1.0,8192.0,6400000.0,0.5273919092465753
4.0,4.0,2.0,4.0,16.0,13.0,480.0,1568.0,0,0.9078125,1.0,8.0,6400000.0,0.9033657962328766
1.0,4.0,1.0,1.0,1.0,1.0,35.0,32.0,0,0.5015625,0.5,8192.0,6400000.0,0.5273919092465753
4.0,4.0,4.0,5.0,27.0,23.0,909.0,3168.0,0,0.940625,0.00390625,128.0,6400000.0,0.9409246575342465
4.0,4.0,1.0,4.0,11.0,8.0,301.0,768.0,0,0.9078125,0.000976562,0.25,6400000.0,0.8404186032289628
4.0,4.0,1.0,4.0,11.0,8.0,301.0,768.0,0,0.9078125,0.5,8.0,6400000.0,0.8118471746575342
4.0,4.0,4.0,9.0,32.0,33.0,1010.0,4768.0,0,0.940625,0.00195312,0.03125,6400000.0,0.9409246575342465
4.0,4.0,2.0,4.0,16.0,13.0,480.0,1568.0,0,0.9078125,2.0,0.0625,6400000.0,0.9033657962328766
4.0,4.0,1.0,4.0,11.0,8.0,301.0,768.0,0,0.9078125,0.25,0.00195312,6400000.0,0.8404186032289628
4.0,4.0,2.0,4.0,16.0,13.0,480.0,1568.0,0,0.9078125,2.0,64.0,6400000.0,0.9033657962328766
1.0,4.0,4.0,1.0,1.0,1.0,63.0,32.0,0,0.5015625,0.000976562,4096.0,6400000.0,0.5273919092465753
4.0,4.0,2.0,4.0,16.0,13.0,480.0,1568.0,0,0.9078125,8.0,0.00390625,6400000.0,0.9033657962328766
1.0,4.0,2.0,1.0,1.0,1.0,39.0,32.0,0,0.5015625,4.0,512.0,6400000.0,0.5273919092465753
4.0,4.0,2.0,4.0,16.0,13.0,480.0,1568.0,0,0.9078125,4.0,0.0,6400000.0,0.9033657962328766
4.0,4.0,2.0,4.0,16.0,13.0,480.0,1568.0,0,0.9078125,16.0,0.03125,6400000.0,0.9033657962328766
4.0,4.0,2.0,4.0,16.0,13.0,480.0,1568.0,0,0.9078125,8.0,4.0,6400000.0,0.9033657962328766
4.0,4.0,1.0,2.0,9.0,8.0,278.0,768.0,0,0.6890625,0.000976562,256.0,6400000.0,0.6533696183953033
4.0,4.0,1.0,2.0,9.0,8.0,278.0,768.0,0,0.6890625,0.125,256.0,6400000.0,0.6533696183953033
4.0,4.0,1.0,4.0,11.0,8.0,301.0,768.0,0,0.9078125,0.00195312,0.00195312,6400000.0,0.8404186032289628
4.0,4.0,2.0,4.0,16.0,13.0,480.0,1568.0,0,0.9078125,4.0,0.5,6400000.0,0.9033657962328766
4.0,4.0,1.0,3.0,10.0,8.0,289.0,768.0,0,0.7546875,1.0,64.0,6400000.0,0.758226822407045
4.0,4.0,2.0,4.0,16.0,13.0,480.0,1568.0,0,0.9078125,16.0,32.0,6400000.0,0.9033657962328766
1.0,4.0,2.0,1.0,1.0,1.0,39.0,32.0,0,0.5015625,16384.0,16.0,6400000.0,0.5273919092465753
4.0,4.0,1.0,4.0,11.0,8.0,301.0,768.0,0,0.9078125,0.25,2.0,6400000.0,0.8404186032289628
1.0,4.0,2.0,1.0,1.0,1.0,39.0,32.0,0,0.5015625,8.0,4096.0,6400000.0,0.5273919092465753
4.0,4.0,2.0,3.0,14.0,12.0,433.0,1408.0,0,0.75,32.0,256.0,6400000.0,0.7844231592465754
4.0,4.0,1.0,4.0,11.0,8.0,301.0,768.0,0,0.9078125,8.0,0.015625,6400000.0,0.8118471746575342
4.0,4.0,1.0,4.0,11.0,8.0,301.0,768.0,0,0.9078125,1.0,0.0625,6400000.0,0.8404186032289628
1.0,4.0,2.0,1.0,1.0,1.0,39.0,32.0,0,0.5015625,16.0,32768.0,6400000.0,0.5273919092465753
4.0,4.0,2.0,4.0,16.0,13.0,480.0,1568.0,0,0.9078125,32.0,0.25,6400000.0,0.9033657962328766
4.0,4.0,2.0,4.0,16.0,13.0,480.0,1568.0,0,0.9078125,64.0,0.00195312,6400000.0,0.9033657962328766
4.0,4.0,1.0,3.0,10.0,8.0,289.0,768.0,0,0.7546875,8.0,16.0,6400000.0,0.758226822407045
1.0,4.0,1.0,1.0,1.0,1.0,35.0,32.0,0,0.5015625,2048.0,64.0,6400000.0,0.5273919092465753
4.0,4.0,1.0,3.0,10.0,8.0,289.0,768.0,0,0.7546875,64.0,4.0,6400000.0,0.758226822407045
1.0,4.0,2.0,1.0,1.0,1.0,39.0,32.0,0,0.5015625,32768.0,128.0,6400000.0,0.5273919092465753
4.0,4.0,2.0,4.0,16.0,13.0,480.0,1568.0,0,0.9078125,64.0,2.0,6400000.0,0.9033657962328766
4.0,4.0,4.0,9.0,32.0,33.0,1010.0,4768.0,0,0.940625,0.0078125,0.000976562,6400000.0,0.9409246575342465
4.0,4.0,4.0,9.0,32.0,33.0,1010.0,4768.0,0,0.940625,0.0078125,1.0,6400000.0,0.9409246575342465
4.0,4.0,2.0,4.0,15.0,12.0,447.0,1408.0,0,0.75,128.0,16.0,6400000.0,0.7844231592465754
1.0,4.0,2.0,1.0,1.0,1.0,39.0,32.0,0,0.5015625,32768.0,0.125,6400000.0,0.5273919092465753
1.0,4.0,2.0,1.0,1.0,1.0,39.0,32.0,0,0.5015625,64.0,2048.0,6400000.0,0.5273919092465753
1.0,4.0,1.0,1.0,1.0,1.0,35.0,32.0,0,0.5015625,8.0,16384.0,6400000.0,0.5273919092465753
1.0,4.0,2.0,1.0,1.0,1.0,39.0,32.0,0,0.5015625,128.0,16384.0,6400000.0,0.5273919092465753
1.0,4.0,1.0,1.0,1.0,1.0,35.0,32.0,0,0.5015625,4096.0,0.5,6400000.0,0.5273919092465753
1.0,4.0,1.0,1.0,1.0,1.0,35.0,32.0,0,0.5015625,64.0,4096.0,6400000.0,0.5273919092465753
4.0,4.0,2.0,3.0,14.0,12.0,433.0,1408.0,0,0.75,256.0,128.0,6400000.0,0.7844231592465754
1.0,4.0,1.0,1.0,1.0,1.0,35.0,32.0,0,0.5015625,4096.0,0.0,6400000.0,0.5273919092465753
4.0,4.0,2.0,3.0,14.0,12.0,433.0,1408.0,0,0.75,256.0,0.125,6400000.0,0.7844231592465754
4.0,4.0,2.0,4.0,16.0,13.0,480.0,1568.0,0,0.9078125,128.0,0.015625,6400000.0,0.8079065251956947
1.0,4.0,2.0,1.0,1.0,1.0,39.0,32.0,0,0.5015625,16384.0,16384.0,6400000.0,0.5273919092465753
1.0,4.0,1.0,1.0,1.0,1.0,35.0,32.0,0,0.5015625,8192.0,4.0,6400000.0,0.5273919092465753
4.0,4.0,1.0,2.0,9.0,8.0,278.0,768.0,0,0.6890625,128.0,0.03125,6400000.0,0.6533696183953033
1.0,4.0,2.0,1.0,1.0,1.0,39.0,32.0,0,0.5015625,512.0,0.000976562,6400000.0,0.5273919092465753
1.0,4.0,1.0,1.0,1.0,1.0,35.0,32.0,0,0.5015625,4096.0,512.0,6400000.0,0.5273919092465753
4.0,4.0,1.0,4.0,11.0,8.0,301.0,768.0,0,0.9078125,2.0,0.0,6400000.0,0.8404186032289628
1.0,4.0,4.0,1.0,1.0,1.0,63.0,32.0,0,0.5015625,0.0078125,1024.0,6400000.0,0.5273919092465753
1.0,4.0,2.0,1.0,1.0,1.0,39.0,32.0,0,0.5015625,512.0,1024.0,6400000.0,0.5273919092465753
4.0,4.0,1.0,2.0,9.0,8.0,278.0,768.0,0,0.6890625,128.0,32.0,6400000.0,0.6533696183953033
1.0,4.0,2.0,1.0,1.0,1.0,39.0,32.0,0,0.5015625,512.0,1.0,6400000.0,0.5273919092465753
4.0,4.0,1.0,4.0,11.0,8.0,301.0,768.0,0,0.9078125,0.00195312,2.0,6400000.0,0.8404186032289628
4.0,4.0,4.0,5.0,27.0,23.0,909.0,3168.0,0,0.940625,0.00195312,32.0,6400000.0,0.9409246575342465
4.0,4.0,4.0,9.0,32.0,33.0,1010.0,4768.0,0,0.940625,0.0,0.000976562,6400000.0,0.9409246575342465
1.0,4.0,2.0,1.0,1.0,1.0,39.0,32.0,0,0.5015625,1024.0,0.0078125,6400000.0,0.5273919092465753
1.0,4.0,1.0,1.0,1.0,1.0,35.0,32.0,0,0.5015625,8192.0,0.00390625,6400000.0,0.5273919092465753
1.0,4.0,2.0,1.0,1.0,1.0,39.0,32.0,0,0.5015625,1024.0,8192.0,6400000.0,0.5273919092465753
1.0,4.0,1.0,1.0,1.0,1.0,35.0,32.0,0,0.5015625,2.0,512.0,6400000.0,0.5273919092465753
1.0,4.0,1.0,1.0,1.0,1.0,35.0,32.0,0,0.5015625,16384.0,0.03125,6400000.0,0.5273919092465753
1.0,4.0,1.0,1.0,1.0,1.0,35.0,32.0,0,0.5015625,8192.0,4096.0,6400000.0,0.5273919092465753
1.0,4.0,2.0,1.0,1.0,1.0,39.0,32.0,0,0.5015625,1024.0,8.0,6400000.0,0.5273919092465753
4.0,4.0,1.0,4.0,11.0,8.0,301.0,768.0,0,0.9078125,2.0,0.5,6400000.0,0.8404186032289628
1.0,4.0,2.0,1.0,1.0,1.0,39.0,32.0,0,0.5015625,4096.0,0.0,6400000.0,0.5273919092465753
4.0,4.0,1.0,2.0,9.0,8.0,278.0,768.0,0,0.6890625,256.0,0.25,6400000.0,0.6533696183953033
1.0,4.0,1.0,1.0,1.0,1.0,35.0,32.0,0,0.5015625,32768.0,0.25,6400000.0,0.5273919092465753
1.0,4.0,2.0,1.0,1.0,1.0,39.0,32.0,0,0.5015625,2048.0,0.0625,6400000.0,0.5273919092465753
1.0,4.0,1.0,1.0,1.0,1.0,35.0,32.0,0,0.5015625,16384.0,32768.0,6400000.0,0.5273919092465753
4.0,4.0,1.0,4.0,11.0,8.0,301.0,768.0,0,0.9078125,16.0,0.125,6400000.0,0.7824929672211349
1.0,4.0,1.0,1.0,1.0,1.0,35.0,32.0,0,0.5015625,16384.0,32.0,6400000.0,0.5273919092465753
1.0,4.0,2.0,1.0,1.0,1.0,39.0,32.0,0,0.5015625,2048.0,64.0,6400000.0,0.5273919092465753
1.0,4.0,1.0,1.0,1.0,1.0,35.0,32.0,0,0.5015625,128.0,32768.0,6400000.0,0.5273919092465753
4.0,4.0,2.0,4.0,16.0,13.0,480.0,1568.0,0,0.9078125,0.0,0.00195312,6400000.0,0.9033657962328766
4.0,4.0,2.0,4.0,16.0,13.0,480.0,1568.0,0,0.9078125,0.0,2.0,6400000.0,0.9033657962328766
1.0,4.0,1.0,1.0,1.0,1.0,35.0,32.0,0,0.5015625,32768.0,256.0,6400000.0,0.5273919092465753
1.0,4.0,2.0,1.0,1.0,1.0,39.0,32.0,0,0.5015625,4096.0,0.5,6400000.0,0.5273919092465753
4.0,4.0,4.0,9.0,32.0,33.0,1010.0,4768.0,0,0.940625,0.015625,0.0078125,6400000.0,0.9409246575342465
4.0,4.0,1.0,2.0,9.0,8.0,278.0,768.0,0,0.6890625,16.0,128.0,6400000.0,0.6533696183953033
1.0,4.0,1.0,1.0,1.0,1.0,35.0,32.0,0,0.5015625,0.00195312,2048.0,6400000.0,0.5273919092465753
1.0,4.0,4.0,1.0,1.0,1.0,63.0,32.0,0,0.5015625,0.00195312,32768.0,6400000.0,0.5273919092465753
4.0,4.0,2.0,4.0,16.0,13.0,480.0,1568.0,0,0.9078125,0.00195312,0.125,6400000.0,0.9033657962328766
1.0,4.0,2.0,1.0,1.0,1.0,39.0,32.0,0,0.5015625,0.000976562,16384.0,6400000.0,0.5273919092465753
4.0,4.0,4.0,7.0,31.0,32.0,1019.0,4608.0,0,0.940625,0.015625,8.0,6400000.0,0.9409246575342465
1.0,4.0,4.0,1.0,1.0,1.0,63.0,32.0,0,0.5015625,0.015625,8192.0,6400000.0,0.5273919092465753
4.0,4.0,2.0,4.0,16.0,13.0,480.0,1568.0,0,0.9078125,0.00195312,128.0,6400000.0,0.8079065251956947
1.0,4.0,1.0,1.0,1.0,1.0,35.0,32.0,0,0.5015625,256.0,256.0,6400000.0,0.5273919092465753
4.0,4.0,1.0,4.0,11.0,8.0,301.0,768.0,0,0.9078125,0.00390625,0.015625,6400000.0,0.8404186032289628
1.0,4.0,2.0,1.0,1.0,1.0,39.0,32.0,0,0.5015625,0.00390625,1024.0,6400000.0,0.5273919092465753
4.0,4.0,2.0,4.0,16.0,13.0,480.0,1568.0,0,0.9078125,0.000976562,16.0,6400000.0,0.9033657962328766
1.0,4.0,1.0,1.0,1.0,1.0,35.0,32.0,0,0.5015625,0.25,2048.0,6400000.0,0.5273919092465753
1.0,4.0,2.0,1.0,1.0,1.0,39.0,32.0,0,0.5015625,0.0,2048.0,6400000.0,0.5273919092465753
4.0,4.0,1.0,4.0,11.0,8.0,301.0,768.0,0,0.9078125,0.00390625,16.0,6400000.0,0.7824929672211349
4.0,4.0,2.0,4.0,16.0,13.0,480.0,1568.0,0,0.9078125,0.00390625,0.000976562,6400000.0,0.9033657962328766
4.0,4.0,2.0,4.0,16.0,13.0,480.0,1568.0,0,0.9078125,0.000976562,0.015625,6400000.0,0.9033657962328766
1.0,4.0,2.0,1.0,1.0,1.0,39.0,32.0,0,0.5015625,4096.0,512.0,6400000.0,0.5273919092465753
4.0,4.0,4.0,9.0,32.0,33.0,1010.0,4768.0,0,0.940625,0.03125,0.0625,6400000.0,0.9409246575342465
1.0,4.0,1.0,1.0,1.0,1.0,35.0,32.0,0,0.5015625,512.0,2.0,6400000.0,0.5273919092465753
1.0,4.0,1.0,1.0,1.0,1.0,35.0,32.0,0,0.5015625,0.00390625,16384.0,6400000.0,0.5273919092465753
4.0,4.0,1.0,4.0,11.0,8.0,301.0,768.0,0,0.9078125,4.0,0.00390625,6400000.0,0.8404186032289628
4.0,4.0,2.0,4.0,16.0,13.0,480.0,1568.0,0,0.9078125,0.0078125,8.0,6400000.0,0.9033657962328766
4.0,4.0,2.0,4.0,16.0,13.0,480.0,1568.0,0,0.9078125,0.00390625,1.0,6400000.0,0.9033657962328766
4.0,4.0,4.0,9.0,32.0,33.0,1010.0,4768.0,0,0.940625,0.00390625,0.25,6400000.0,0.9409246575342465
1.0,4.0,1.0,1.0,1.0,1.0,35.0,32.0,0,0.5015625,512.0,0.00195312,6400000.0,0.5273919092465753
4.0,4.0,2.0,4.0,16.0,13.0,480.0,1568.0,0,0.9078125,0.0078125,0.0078125,6400000.0,0.9033657962328766
1.0,4.0,2.0,1.0,1.0,1.0,39.0,32.0,0,0.5015625,8192.0,0.00390625,6400000.0,0.5273919092465753
4.0,4.0,1.0,2.0,9.0,8.0,278.0,768.0,0,0.6890625,0.0078125,128.0,6400000.0,0.6533696183953033
4.0,4.0,1.0,4.0,11.0,8.0,301.0,768.0,0,0.9078125,0.0078125,0.125,6400000.0,0.8404186032289628
4.0,4.0,1.0,4.0,11.0,8.0,301.0,768.0,0,0.9078125,0.5,0.015625,6400000.0,0.8404186032289628
4.0,4.0,4.0,9.0,32.0,33.0,1010.0,4768.0,0,0.940625,0.0625,0.0,6400000.0,0.9409246575342465
4.0,4.0,4.0,5.0,27.0,23.0,909.0,3168.0,0,0.940625,0.03125,64.0,6400000.0,0.9409246575342465
4.0,4.0,2.0,4.0,16.0,13.0,480.0,1568.0,0,0.9078125,0.015625,64.0,6400000.0,0.9033657962328766
4.0,4.0,4.0,9.0,32.0,33.0,1010.0,4768.0,0,0.940625,0.0625,0.5,6400000.0,0.9409246575342465
4.0,4.0,2.0,4.0,16.0,13.0,480.0,1568.0,0,0.9078125,0.03125,0.5,6400000.0,0.9033657962328766
1.0,4.0,1.0,1.0,1.0,1.0,35.0,32.0,0,0.5015625,512.0,2048.0,6400000.0,0.5273919092465753
4.0,4.0,2.0,4.0,16.0,13.0,480.0,1568.0,0,0.9078125,0.03125,0.0,6400000.0,0.9033657962328766
4.0,4.0,2.0,4.0,16.0,13.0,480.0,1568.0,0,0.9078125,0.015625,0.0625,6400000.0,0.9033657962328766
1.0,4.0,4.0,1.0,1.0,1.0,63.0,32.0,0,0.5015625,0.0625,512.0,6400000.0,0.5273919092465753
4.0,4.0,4.0,9.0,32.0,33.0,1010.0,4768.0,0,0.940625,0.0,1.0,6400000.0,0.9409246575342465
1.0,4.0,2.0,1.0,1.0,1.0,39.0,32.0,0,0.5015625,0.03125,512.0,6400000.0,0.5273919092465753
4.0,4.0,1.0,4.0,11.0,8.0,301.0,768.0,0,0.9078125,0.03125,0.0078125,6400000.0,0.8404186032289628
1.0,4.0,1.0,1.0,1.0,1.0,35.0,32.0,0,0.5015625,1024.0,0.015625,6400000.0,0.5273919092465753
4.0,4.0,1.0,4.0,11.0,8.0,301.0,768.0,0,0.9078125,0.015625,0.000976562,6400000.0,0.8404186032289628
4.0,4.0,1.0,3.0,10.0,8.0,289.0,768.0,0,0.7546875,32.0,0.000976562,6400000.0,0.758226822407045
1.0,4.0,4.0,1.0,1.0,1.0,63.0,32.0,0,0.5015625,0.0,1024.0,6400000.0,0.5273919092465753
4.0,4.0,1.0,4.0,11.0,8.0,301.0,768.0,0,0.9078125,0.03125,8.0,6400000.0,0.8118471746575342
1.0,4.0,1.0,1.0,1.0,1.0,35.0,32.0,0,0.5015625,0.015625,1024.0,6400000.0,0.5273919092465753
1.0,4.0,2.0,1.0,1.0,1.0,39.0,32.0,0,0.5015625,0.0625,4096.0,6400000.0,0.5273919092465753
4.0,4.0,4.0,9.0,32.0,33.0,1010.0,4768.0,0,0.940625,0.000976562,0.0078125,6400000.0,0.9409246575342465
1.0,4.0,2.0,1.0,1.0,1.0,39.0,32.0,0,0.5015625,0.0078125,8192.0,6400000.0,0.5273919092465753
4.0,4.0,4.0,9.0,32.0,33.0,1010.0,4768.0,0,0.940625,0.125,0.00390625,6400000.0,0.9409246575342465
1.0,4.0,1.0,1.0,1.0,1.0,35.0,32.0,0,0.5015625,32.0,1024.0,6400000.0,0.5273919092465753
1.0,4.0,1.0,1.0,1.0,1.0,35.0,32.0,0,0.5015625,1024.0,16384.0,6400000.0,0.5273919092465753
4.0,4.0,1.0,4.0,11.0,8.0,301.0,768.0,0,0.9078125,0.015625,1.0,6400000.0,0.8404186032289628
4.0,4.0,2.0,4.0,16.0,13.0,480.0,1568.0,0,0.9078125,0.0625,4.0,6400000.0,0.9033657962328766
4.0,4.0,2.0,4.0,16.0,13.0,480.0,1568.0,0,0.9078125,0.125,32.0,6400000.0,0.9033657962328766
1.0,4.0,1.0,1.0,1.0,1.0,35.0,32.0,0,0.5015625,1024.0,16.0,6400000.0,0.5273919092465753
1.0,4.0,2.0,1.0,1.0,1.0,39.0,32.0,0,0.5015625,8192.0,4.0,6400000.0,0.5273919092465753
4.0,4.0,2.0,4.0,16.0,13.0,480.0,1568.0,0,0.9078125,0.0625,0.00390625,6400000.0,0.9033657962328766
4.0,4.0,1.0,3.0,10.0,8.0,289.0,768.0,0,0.7546875,32.0,1.0,6400000.0,0.758226822407045
4.0,4.0,1.0,4.0,11.0,8.0,301.0,768.0,0,0.9078125,0.0625,0.0625,6400000.0,0.8404186032289628
4.0,4.0,2.0,3.0,14.0,12.0,433.0,1408.0,0,0.75,0.25,256.0,6400000.0,0.7844231592465754
4.0,4.0,4.0,7.0,33.0,33.0,1084.0,4768.0,0,0.940625,0.125,4.0,6400000.0,0.9409246575342465
1.0,4.0,2.0,1.0,1.0,1.0,39.0,32.0,0,0.5015625,8192.0,4096.0,6400000.0,0.5273919092465753
1.0,4.0,1.0,1.0,1.0,1.0,35.0,32.0,0,0.5015625,4.0,4096.0,6400000.0,0.5273919092465753
4.0,4.0,1.0,4.0,11.0,8.0,301.0,768.0,0,0.9078125,4.0,4.0,6400000.0,0.8118471746575342
4.0,4.0,2.0,4.0,16.0,13.0,480.0,1568.0,0,0.9078125,0.125,0.03125,6400000.0,0.9033657962328766
4.0,4.0,2.0,4.0,16.0,13.0,480.0,1568.0,0,0.9078125,0.25,0.25,6400000.0,0.9033657962328766
4.0,4.0,2.0,4.0,16.0,13.0,480.0,1568.0,0,0.9078125,0.5,0.00195312,6400000.0,0.9033657962328766
1.0,4.0,2.0,1.0,1.0,1.0,39.0,32.0,0,0.5015625,0.125,32768.0,6400000.0,0.5273919092465753
4.0,4.0,1.0,4.0,11.0,8.0,301.0,768.0,0,0.9078125,0.125,0.0,6400000.0,0.8404186032289628
1.0,4.0,2.0,1.0,1.0,1.0,39.0,32.0,0,0.5015625,0.5,2048.0,6400000.0,0.5273919092465753
1.0,4.0,1.0,1.0,1.0,1.0,35.0,32.0,0,0.5015625,2048.0,0.125,6400000.0,0.5273919092465753
1.0,4.0,1.0,1.0,1.0,1.0,35.0,32.0,0,0.5015625,0.03125,8192.0,6400000.0,0.5273919092465753
4.0,4.0,1.0,3.0,10.0,8.0,289.0,768.0,0,0.7546875,0.0625,64.0,6400000.0,0.758226822407045
4.0,4.0,2.0,4.0,16.0,13.0,480.0,1568.0,0,0.9078125,0.5,2.0,6400000.0,0.9033657962328766
4.0,4.0,1.0,3.0,10.0,8.0,289.0,768.0,0,0.7546875,64.0,0.0078125,6400000.0,0.758226822407045
4.0,4.0,4.0,7.0,31.0,32.0,1019.0,4608.0,0,0.940625,0.000976562,8.0,6400000.0,0.9409246575342465
4.0,4.0,2.0,4.0,16.0,13.0,480.0,1568.0,0,0.9078125,1.0,0.015625,6400000.0,0.9033657962328766
1.0,4.0,4.0,1.0,1.0,1.0,63.0,32.0,0,0.5015625,0.125,4096.0,6400000.0,0.5273919092465753
4.0,4.0,1.0,4.0,11.0,8.0,301.0,768.0,0,0.9078125,0.125,0.5,6400000.0,0.8404186032289628
4.0,4.0,2.0,4.0,16.0,13.0,480.0,1568.0,0,0.9078125,1.0,16.0,6400000.0,0.9033657962328766
1.0,4.0,2.0,1.0,1.0,1.0,39.0,32.0,0,0.5015625,1.0,16384.0,6400000.0,0.5273919092465753
1.0,4.0,2.0,1.0,1.0,1.0,39.0,32.0,0,0.5015625,16384.0,0.03125,6400000.0,0.5273919092465753
1.0,4.0,1.0,1.0,1.0,1.0,35.0,32.0,0,0.5015625,0.5,16384.0,6400000.0,0.5273919092465753
4.0,4.0,2.0,4.0,15.0,12.0,447.0,1408.0,0,0.75,2.0,128.0,6400000.0,0.8079065251956947
4.0,4.0,4.0,9.0,32.0,33.0,1010.0,4768.0,0,0.940625,0.25,0.03125,6400000.0,0.9409246575342465
4.0,4.0,4.0,9.0,32.0,33.0,1010.0,4768.0,0,0.940625,0.00195312,0.0625,6400000.0,0.9409246575342465
4.0,4.0,1.0,4.0,11.0,8.0,301.0,768.0,0,0.9078125,0.5,16.0,6400000.0,0.7824929672211349
4.0,4.0,2.0,4.0,16.0,13.0,480.0,1568.0,0,0.9078125,2.0,0.125,6400000.0,0.9033657962328766
4.0,4.0,4.0,5.0,27.0,23.0,909.0,3168.0,0,0.940625,0.00390625,256.0,6400000.0,0.9033657962328766
4.0,4.0,2.0,4.0,16.0,13.0,480.0,1568.0,0,0.9078125,8.0,0.0078125,6400000.0,0.9033657962328766
1.0,4.0,4.0,1.0,1.0,1.0,63.0,32.0,0,0.5015625,0.000976562,8192.0,6400000.0,0.5273919092465753
1.0,4.0,2.0,1.0,1.0,1.0,39.0,32.0,0,0.5015625,4.0,1024.0,6400000.0,0.5273919092465753
4.0,4.0,2.0,4.0,16.0,13.0,480.0,1568.0,0,0.9078125,16.0,0.0625,6400000.0,0.9033657962328766
4.0,4.0,1.0,4.0,11.0,8.0,301.0,768.0,0,0.9078125,0.25,0.00390625,6400000.0,0.8404186032289628
4.0,4.0,2.0,4.0,16.0,13.0,480.0,1568.0,0,0.9078125,8.0,8.0,6400000.0,0.9033657962328766
4.0,4.0,4.0,5.0,27.0,23.0,909.0,3168.0,0,0.940625,0.25,32.0,6400000.0,0.9409246575342465
1.0,4.0,4.0,1.0,1.0,1.0,63.0,32.0,0,0.5015625,0.25,32768.0,6400000.0,0.5273919092465753
1.0,4.0,2.0,1.0,1.0,1.0,39.0,32.0,0,0.5015625,16384.0,32.0,6400000.0,0.5273919092465753
4.0,4.0,2.0,4.0,16.0,13.0,480.0,1568.0,0,0.9078125,4.0,0.000976562,6400000.0,0.9033657962328766
1.0,4.0,2.0,1.0,1.0,1.0,39.0,32.0,0,0.5015625,8.0,8192.0,6400000.0,0.5273919092465753
4.0,4.0,1.0,2.0,9.0,8.0,278.0,768.0,0,0.6890625,1.0,128.0,6400000.0,0.6533696183953033
4.0,4.0,1.0,4.0,11.0,8.0,301.0,768.0,0,0.9078125,0.25,4.0,6400000.0,0.8404186032289628
1.0,4.0,1.0,1.0,1.0,1.0,35.0,32.0,0,0.5015625,0.125,512.0,6400000.0,0.5273919092465753
4.0,4.0,2.0,4.0,16.0,13.0,480.0,1568.0,0,0.9078125,16.0,64.0,6400000.0,0.9033657962328766
4.0,4.0,2.0,4.0,16.0,13.0,480.0,1568.0,0,0.9078125,4.0,1.0,6400000.0,0.9033657962328766
4.0,4.0,1.0,4.0,11.0,8.0,301.0,768.0,0,0.9078125,8.0,0.03125,6400000.0,0.8118471746575342
1.0,4.0,2.0,1.0,1.0,1.0,39.0,32.0,0,0.5015625,32.0,512.0,6400000.0,0.5273919092465753
4.0,4.0,1.0,4.0,11.0,8.0,301.0,768.0,0,0.9078125,1.0,0.125,6400000.0,0.8404186032289628
4.0,4.0,2.0,4.0,16.0,13.0,480.0,1568.0,0,0.9078125,64.0,4.0,6400000.0,0.9033657962328766
4.0,4.0,2.0,4.0,16.0,13.0,480.0,1568.0,0,0.9078125,32.0,0.0,6400000.0,0.9033657962328766
4.0,4.0,2.0,4.0,16.0,13.0,480.0,1568.0,0,0.9078125,32.0,0.5,6400000.0,0.9033657962328766
4.0,4.0,1.0,3.0,10.0,8.0,289.0,768.0,0,0.7546875,64.0,8.0,6400000.0,0.758226822407045
4.0,4.0,2.0,4.0,16.0,13.0,480.0,1568.0,0,0.9078125,64.0,0.00390625,6400000.0,0.9033657962328766
4.0,4.0,4.0,8.0,34.0,33.0,1095.0,4768.0,0,0.940625,0.0078125,2.0,6400000.0,0.9409246575342465
1.0,4.0,1.0,1.0,1.0,1.0,35.0,32.0,0,0.5015625,2048.0,128.0,6400000.0,0.5273919092465753
1.0,4.0,2.0,1.0,1.0,1.0,39.0,32.0,0,0.5015625,32768.0,256.0,6400000.0,0.5273919092465753
4.0,4.0,4.0,9.0,32.0,33.0,1010.0,4768.0,0,0.940625,0.5,0.25,6400000.0,0.9409246575342465
4.0,4.0,1.0,3.0,10.0,8.0,289.0,768.0,0,0.7546875,8.0,32.0,6400000.0,0.758226822407045
1.0,4.0,1.0,1.0,1.0,1.0,35.0,32.0,0,0.5015625,8.0,32768.0,6400000.0,0.5273919092465753
1.0,4.0,2.0,1.0,1.0,1.0,39.0,32.0,0,0.5015625,64.0,4096.0,6400000.0,0.5273919092465753
1.0,4.0,1.0,1.0,1.0,1.0,35.0,32.0,0,0.5015625,4096.0,1.0,6400000.0,0.5273919092465753
4.0,4.0,2.0,4.0,15.0,12.0,447.0,1408.0,0,0.75,128.0,32.0,6400000.0,0.7844231592465754
1.0,4.0,2.0,1.0,1.0,1.0,39.0,32.0,0,0.5015625,256.0,256.0,6400000.0,0.5273919092465753
4.0,4.0,4.0,9.0,32.0,33.0,1010.0,4768.0,0,0.940625,0.0078125,0.00195312,6400000.0,0.9409246575342465
1.0,4.0,2.0,1.0,1.0,1.0,39.0,32.0,0,0.5015625,32768.0,0.25,6400000.0,0.5273919092465753
4.0,4.0,2.0,4.0,16.0,13.0,480.0,1568.0,0,0.9078125,128.0,0.03125,6400000.0,0.8079065251956947
1.0,4.0,2.0,1.0,1.0,1.0,39.0,32.0,0,0.5015625,128.0,32768.0,6400000.0,0.5273919092465753
1.0,4.0,1.0,1.0,1.0,1.0,35.0,32.0,0,0.5015625,4096.0,0.000976562,6400000.0,0.5273919092465753
1.0,4.0,1.0,1.0,1.0,1.0,35.0,32.0,0,0.5015625,64.0,8192.0,6400000.0,0.5273919092465753
1.0,4.0,2.0,1.0,1.0,1.0,39.0,32.0,0,0.5015625,16384.0,32768.0,6400000.0,0.5273919092465753
1.0,4.0,1.0,1.0,1.0,1.0,35.0,32.0,0,0.5015625,8192.0,8.0,6400000.0,0.5273919092465753
4.0,4.0,1.0,2.0,9.0,8.0,278.0,768.0,0,0.6890625,128.0,0.0625,6400000.0,0.6533696183953033
4.0,4.0,2.0,3.0,14.0,12.0,433.0,1408.0,0,0.75,256.0,0.25,6400000.0,0.7844231592465754
1.0,4.0,2.0,1.0,1.0,1.0,39.0,32.0,0,0.5015625,512.0,0.00195312,6400000.0,0.5273919092465753
1.0,4.0,1.0,1.0,1.0,1.0,35.0,32.0,0,0.5015625,4096.0,1024.0,6400000.0,0.5273919092465753
1.0,4.0,2.0,1.0,1.0,1.0,39.0,32.0,0,0.5015625,512.0,2048.0,6400000.0,0.5273919092465753
4.0,4.0,1.0,4.0,11.0,8.0,301.0,768.0,0,0.9078125,2.0,0.000976562,6400000.0,0.8404186032289628
1.0,4.0,4.0,1.0,1.0,1.0,63.0,32.0,0,0.5015625,0.0078125,2048.0,6400000.0,0.5273919092465753
4.0,4.0,4.0,5.0,27.0,23.0,909.0,3168.0,0,0.940625,0.00195312,64.0,6400000.0,0.9409246575342465
4.0,4.0,4.0,9.0,32.0,33.0,1010.0,4768.0,0,0.940625,0.0,0.00195312,6400000.0,0.9409246575342465
1.0,4.0,2.0,1.0,1.0,1.0,39.0,32.0,0,0.5015625,512.0,2.0,6400000.0,0.5273919092465753
1.0,4.0,2.0,1.0,1.0,1.0,39.0,32.0,0,0.5015625,1024.0,0.015625,6400000.0,0.5273919092465753
1.0,4.0,2.0,1.0,1.0,1.0,39.0,32.0,0,0.5015625,1024.0,16.0,6400000.0,0.5273919092465753
4.0,4.0,1.0,2.0,9.0,8.0,278.0,768.0,0,0.6890625,128.0,64.0,6400000.0,0.6533696183953033
1.0,4.0,1.0,1.0,1.0,1.0,35.0,32.0,0,0.5015625,16384.0,0.0625,6400000.0,0.5273919092465753
1.0,4.0,2.0,1.0,1.0,1.0,39.0,32.0,0,0.5015625,1024.0,16384.0,6400000.0,0.5273919092465753
4.0,4.0,4.0,5.0,27.0,23.0,909.0,3168.0,0,0.940625,0.5,256.0,6400000.0,0.9033657962328766
1.0,4.0,1.0,1.0,1.0,1.0,35.0,32.0,0,0.5015625,8192.0,8192.0,6400000.0,0.5273919092465753
1.0,4.0,1.0,1.0,1.0,1.0,35.0,32.0,0,0.5015625,2.0,1024.0,6400000.0,0.5273919092465753
1.0,4.0,2.0,1.0,1.0,1.0,39.0,32.0,0,0.5015625,2048.0,0.125,6400000.0,0.5273919092465753
1.0,4.0,1.0,1.0,1.0,1.0,35.0,32.0,0,0.5015625,8192.0,0.0078125,6400000.0,0.5273919092465753
4.0,4.0,1.0,2.0,9.0,8.0,278.0,768.0,0,0.6890625,256.0,0.5,6400000.0,0.6533696183953033
4.0,4.0,1.0,4.0,11.0,8.0,301.0,768.0,0,0.9078125,2.0,1.0,6400000.0,0.8404186032289628
1.0,4.0,2.0,1.0,1.0,1.0,39.0,32.0,0,0.5015625,4096.0,0.000976562,6400000.0,0.5273919092465753
1.0,4.0,1.0,1.0,1.0,1.0,35.0,32.0,0,0.5015625,32768.0,0.5,6400000.0,0.5273919092465753
1.0,4.0,2.0,1.0,1.0,1.0,39.0,32.0,0,0.5015625,2048.0,128.0,6400000.0,0.5273919092465753
1.0,4.0,1.0,1.0,1.0,1.0,35.0,32.0,0,0.5015625,16384.0,64.0,6400000.0,0.5273919092465753
1.0,4.0,1.0,1.0,1.0,1.0,35.0,32.0,0,0.5015625,32768.0,0.0,6400000.0,0.5273919092465753
4.0,4.0,1.0,2.0,9.0,8.0,278.0,768.0,0,0.6890625,256.0,0.0,6400000.0,0.6533696183953033
4.0,4.0,1.0,4.0,11.0,8.0,301.0,768.0,0,0.9078125,16.0,0.25,6400000.0,0.7824929672211349
4.0,4.0,2.0,4.0,16.0,13.0,480.0,1568.0,0,0.9078125,0.0,0.00390625,6400000.0,0.9033657962328766
4.0,4.0,2.0,4.0,16.0,13.0,480.0,1568.0,0,0.9078125,0.0,4.0,6400000.0,0.9033657962328766
1.0,4.0,2.0,1.0,1.0,1.0,39.0,32.0,0,0.5015625,4096.0,1.0,6400000.0,0.5273919092465753
4.0,4.0,4.0,9.0,32.0,33.0,1010.0,4768.0,0,0.940625,0.015625,0.015625,6400000.0,0.9409246575342465
4.0,4.0,1.0,2.0,9.0,8.0,278.0,768.0,0,0.6890625,16.0,256.0,6400000.0,0.6533696183953033
4.0,4.0,4.0,9.0,32.0,33.0,1010.0,4768.0,0,0.940625,0.00390625,0.0,6400000.0,0.9409246575342465
1.0,4.0,1.0,1.0,1.0,1.0,35.0,32.0,0,0.5015625,32768.0,512.0,6400000.0,0.5273919092465753
1.0,4.0,2.0,1.0,1.0,1.0,39.0,32.0,0,0.5015625,0.000976562,32768.0,6400000.0,0.5273919092465753
4.0,4.0,2.0,4.0,16.0,13.0,480.0,1568.0,0,0.9078125,0.00195312,0.25,6400000.0,0.9033657962328766
1.0,4.0,4.0,1.0,1.0,1.0,63.0,32.0,0,0.5015625,0.015625,16384.0,6400000.0,0.5273919092465753
4.0,4.0,4.0,5.0,27.0,23.0,909.0,3168.0,0,0.940625,0.015625,16.0,6400000.0,0.9409246575342465
4.0,4.0,4.0,9.0,32.0,33.0,1010.0,4768.0,0,0.940625,1.0,0.00195312,6400000.0,0.9409246575342465
1.0,4.0,1.0,1.0,1.0,1.0,35.0,32.0,0,0.5015625,256.0,512.0,6400000.0,0.5273919092465753
4.0,4.0,2.0,3.0,14.0,12.0,433.0,1408.0,0,0.75,0.00195312,256.0,6400000.0,0.7844231592465754
1.0,4.0,2.0,1.0,1.0,1.0,39.0,32.0,0,0.5015625,0.00390625,2048.0,6400000.0,0.5273919092465753
1.0,4.0,4.0,1.0,1.0,1.0,63.0,32.0,0,0.5015625,1.0,2048.0,6400000.0,0.5273919092465753
1.0,4.0,1.0,1.0,1.0,1.0,35.0,32.0,0,0.5015625,0.25,4096.0,6400000.0,0.5273919092465753
1.0,4.0,2.0,1.0,1.0,1.0,39.0,32.0,0,0.5015625,0.0,4096.0,6400000.0,0.5273919092465753
4.0,4.0,4.0,7.0,33.0,33.0,1084.0,4768.0,0,0.940625,1.0,2.0,6400000.0,0.9409246575342465
4.0,4.0,2.0,4.0,16.0,13.0,480.0,1568.0,0,0.9078125,0.000976562,32.0,6400000.0,0.9033657962328766
4.0,4.0,4.0,9.0,32.0,33.0,1010.0,4768.0,0,0.940625,0.03125,0.125,6400000.0,0.9409246575342465
1.0,4.0,2.0,1.0,1.0,1.0,39.0,32.0,0,0.5015625,4096.0,1024.0,6400000.0,0.5273919092465753
4.0,4.0,1.0,4.0,11.0,8.0,301.0,768.0,0,0.9078125,4.0,0.0078125,6400000.0,0.8404186032289628
4.0,4.0,2.0,4.0,16.0,13.0,480.0,1568.0,0,0.9078125,0.00390625,0.00195312,6400000.0,0.9033657962328766
1.0,4.0,1.0,1.0,1.0,1.0,35.0,32.0,0,0.5015625,512.0,4.0,6400000.0,0.5273919092465753
4.0,4.0,2.0,4.0,16.0,13.0,480.0,1568.0,0,0.9078125,0.000976562,0.03125,6400000.0,0.9033657962328766
4.0,4.0,2.0,4.0,16.0,13.0,480.0,1568.0,0,0.9078125,0.0078125,16.0,6400000.0,0.9033657962328766
4.0,4.0,2.0,4.0,16.0,13.0,480.0,1568.0,0,0.9078125,0.00390625,2.0,6400000.0,0.9033657962328766
1.0,4.0,2.0,1.0,1.0,1.0,39.0,32.0,0,0.5015625,8192.0,0.0078125,6400000.0,0.5273919092465753
4.0,4.0,4.0,9.0,32.0,33.0,1010.0,4768.0,0,0.940625,0.00390625,0.5,6400000.0,0.9409246575342465
1.0,4.0,1.0,1.0,1.0,1.0,35.0,32.0,0,0.5015625,512.0,0.00390625,6400000.0,0.5273919092465753
4.0,4.0,4.0,8.0,34.0,33.0,1095.0,4768.0,0,0.940625,2.0,0.015625,6400000.0,0.9409246575342465
4.0,4.0,1.0,4.0,11.0,8.0,301.0,768.0,0,0.9078125,0.5,0.03125,6400000.0,0.8404186032289628
4.0,4.0,2.0,4.0,16.0,13.0,480.0,1568.0,0,0.9078125,0.0078125,0.015625,6400000.0,0.9033657962328766
4.0,4.0,4.0,5.0,27.0,23.0,909.0,3168.0,0,0.940625,2.0,16.0,6400000.0,0.9409246575342465
4.0,4.0,2.0,4.0,16.0,13.0,480.0,1568.0,0,0.9078125,0.015625,128.0,6400000.0,0.8079065251956947
4.0,4.0,4.0,5.0,27.0,23.0,909.0,3168.0,0,0.940625,0.03125,128.0,6400000.0,0.9409246575342465
4.0,4.0,4.0,9.0,35.0,33.0,1106.0,4768.0,0,0.940625,0.0625,1.0,6400000.0,0.9409246575342465
4.0,4.0,4.0,9.0,32.0,33.0,1010.0,4768.0,0,0.940625,0.0625,0.000976562,6400000.0,0.9409246575342465
4.0,4.0,2.0,4.0,16.0,13.0,480.0,1568.0,0,0.9078125,0.03125,1.0,6400000.0,0.9033657962328766
4.0,4.0,2.0,4.0,16.0,13.0,480.0,1568.0,0,0.9078125,0.015625,0.125,6400000.0,0.9033657962328766
1.0,4.0,1.0,1.0,1.0,1.0,35.0,32.0,0,0.5015625,512.0,4096.0,6400000.0,0.5273919092465753
4.0,4.0,2.0,4.0,16.0,13.0,480.0,1568.0,0,0.9078125,0.03125,0.000976562,6400000.0,0.9033657962328766
1.0,4.0,4.0,1.0,1.0,1.0,63.0,32.0,0,0.5015625,0.0625,1024.0,6400000.0,0.5273919092465753
1.0,4.0,2.0,1.0,1.0,1.0,39.0,32.0,0,0.5015625,0.03125,1024.0,6400000.0,0.5273919092465753
1.0,4.0,4.0,1.0,1.0,1.0,63.0,32.0,0,0.5015625,2.0,16384.0,6400000.0,0.5273919092465753
1.0,4.0,1.0,1.0,1.0,1.0,35.0,32.0,0,0.5015625,1024.0,0.03125,6400000.0,0.5273919092465753
4.0,4.0,4.0,8.0,34.0,33.0,1095.0,4768.0,0,0.940625,0.0,2.0,6400000.0,0.9409246575342465
4.0,4.0,1.0,3.0,10.0,8.0,289.0,768.0,0,0.7546875,32.0,0.00195312,6400000.0,0.758226822407045
4.0,4.0,4.0,5.0,27.0,23.0,909.0,3168.0,0,0.940625,4.0,128.0,6400000.0,0.9409246575342465
1.0,4.0,2.0,1.0,1.0,1.0,39.0,32.0,0,0.5015625,0.0078125,16384.0,6400000.0,0.5273919092465753
4.0,4.0,4.0,7.0,31.0,32.0,1019.0,4608.0,0,0.940625,8.0,0.000976562,6400000.0,0.9409246575342465
4.0,4.0,4.0,7.0,33.0,33.0,1084.0,4768.0,0,0.940625,4.0,0.125,6400000.0,0.9409246575342465
1.0,4.0,4.0,1.0,1.0,1.0,63.0,32.0,0,0.5015625,0.0,2048.0,6400000.0,0.5273919092465753
4.0,4.0,4.0,9.0,32.0,33.0,1010.0,4768.0,0,0.940625,0.125,0.0078125,6400000.0,0.9409246575342465
1.0,4.0,2.0,1.0,1.0,1.0,39.0,32.0,0,0.5015625,0.0625,8192.0,6400000.0,0.5273919092465753
4.0,4.0,4.0,9.0,32.0,33.0,1010.0,4768.0,0,0.940625,0.000976562,0.015625,6400000.0,0.9409246575342465
1.0,4.0,1.0,1.0,1.0,1.0,35.0,32.0,0,0.5015625,32.0,2048.0,6400000.0,0.5273919092465753
1.0,4.0,1.0,1.0,1.0,1.0,35.0,32.0,0,0.5015625,1024.0,32768.0,6400000.0,0.5273919092465753
4.0,4.0,2.0,4.0,16.0,13.0,480.0,1568.0,0,0.9078125,0.0625,8.0,6400000.0,0.9033657962328766
4.0,4.0,2.0,4.0,16.0,13.0,480.0,1568.0,0,0.9078125,0.125,64.0,6400000.0,0.9033657962328766
4.0,4.0,4.0,6.0,29.0,32.0,976.0,4608.0,0,0.940625,8.0,1.0,6400000.0,0.9409246575342465
4.0,4.0,2.0,4.0,16.0,13.0,480.0,1568.0,0,0.9078125,0.0625,0.0078125,6400000.0,0.9033657962328766
4.0,4.0,1.0,3.0,10.0,8.0,289.0,768.0,0,0.7546875,32.0,2.0,6400000.0,0.758226822407045
4.0,4.0,1.0,4.0,11.0,8.0,301.0,768.0,0,0.9078125,4.0,8.0,6400000.0,0.8118471746575342
4.0,4.0,2.0,4.0,16.0,13.0,480.0,1568.0,0,0.9078125,0.5,0.00390625,6400000.0,0.9033657962328766
1.0,4.0,2.0,1.0,1.0,1.0,39.0,32.0,0,0.5015625,8192.0,8.0,6400000.0,0.5273919092465753
1.0,4.0,4.0,1.0,1.0,1.0,63.0,32.0,0,0.5015625,8.0,1024.0,6400000.0,0.5273919092465753
1.0,4.0,2.0,1.0,1.0,1.0,39.0,32.0,0,0.5015625,8192.0,8192.0,6400000.0,0.5273919092465753
1.0,4.0,1.0,1.0,1.0,1.0,35.0,32.0,0,0.5015625,4.0,8192.0,6400000.0,0.5273919092465753
1.0,4.0,1.0,1.0,1.0,1.0,35.0,32.0,0,0.5015625,1024.0,32.0,6400000.0,0.5273919092465753
4.0,4.0,2.0,4.0,16.0,13.0,480.0,1568.0,0,0.9078125,0.125,0.0625,6400000.0,0.9033657962328766
4.0,4.0,4.0,7.0,31.0,32.0,1019.0,4608.0,0,0.940625,0.125,8.0,6400000.0,0.9409246575342465
1.0,4.0,2.0,1.0,1.0,1.0,39.0,32.0,0,0.5015625,0.25,512.0,6400000.0,0.5273919092465753
4.0,4.0,2.0,4.0,16.0,13.0,480.0,1568.0,0,0.9078125,0.25,0.5,6400000.0,0.9033657962328766
1.0,4.0,4.0,1.0,1.0,1.0,63.0,32.0,0,0.5015625,16.0,8192.0,6400000.0,0.5273919092465753
4.0,4.0,4.0,5.0,27.0,23.0,909.0,3168.0,0,0.940625,0.000976562,16.0,6400000.0,0.9409246575342465
4.0,4.0,4.0,5.0,27.0,23.0,909.0,3168.0,0,0.940625,16.0,8.0,6400000.0,0.9409246575342465
4.0,4.0,4.0,5.0,27.0,23.0,909.0,3168.0,0,0.940625,16.0,0.0078125,6400000.0,0.9409246575342465
1.0,4.0,2.0,1.0,1.0,1.0,39.0,32.0,0,0.5015625,0.5,4096.0,6400000.0,0.5273919092465753
1.0,4.0,1.0,1.0,1.0,1.0,35.0,32.0,0,0.5015625,2048.0,0.25,6400000.0,0.5273919092465753
4.0,4.0,2.0,4.0,16.0,13.0,480.0,1568.0,0,0.9078125,0.5,4.0,6400000.0,0.9033657962328766
4.0,4.0,2.0,4.0,16.0,13.0,480.0,1568.0,0,0.9078125,0.25,0.0,6400000.0,0.9033657962328766
4.0,4.0,2.0,4.0,16.0,13.0,480.0,1568.0,0,0.9078125,1.0,0.03125,6400000.0,0.9033657962328766
4.0,4.0,1.0,3.0,10.0,8.0,289.0,768.0,0,0.7546875,64.0,0.015625,6400000.0,0.758226822407045
1.0,4.0,4.0,1.0,1.0,1.0,63.0,32.0,0,0.5015625,0.125,8192.0,6400000.0,0.5273919092465753
4.0,4.0,4.0,5.0,27.0,23.0,909.0,3168.0,0,0.940625,32.0,0.0625,6400000.0,0.9409246575342465
4.0,4.0,2.0,4.0,16.0,13.0,480.0,1568.0,0,0.9078125,1.0,32.0,6400000.0,0.9033657962328766
1.0,4.0,2.0,1.0,1.0,1.0,39.0,32.0,0,0.5015625,1.0,32768.0,6400000.0,0.5273919092465753
1.0,4.0,2.0,1.0,1.0,1.0,39.0,32.0,0,0.5015625,16384.0,0.0625,6400000.0,0.5273919092465753
1.0,4.0,1.0,1.0,1.0,1.0,35.0,32.0,0,0.5015625,0.5,32768.0,6400000.0,0.5273919092465753
4.0,4.0,1.0,3.0,10.0,8.0,289.0,768.0,0,0.7546875,0.5,32.0,6400000.0,0.758226822407045
4.0,4.0,4.0,9.0,32.0,33.0,1010.0,4768.0,0,0.940625,0.25,0.0625,6400000.0,0.9409246575342465
4.0,4.0,4.0,9.0,32.0,33.0,1010.0,4768.0,0,0.940625,0.00195312,0.125,6400000.0,0.9409246575342465
4.0,4.0,2.0,3.0,14.0,12.0,433.0,1408.0,0,0.75,2.0,256.0,6400000.0,0.7844231592465754
4.0,4.0,2.0,4.0,16.0,13.0,480.0,1568.0,0,0.9078125,2.0,0.25,6400000.0,0.9033657962328766
1.0,4.0,2.0,1.0,1.0,1.0,39.0,32.0,0,0.5015625,4.0,2048.0,6400000.0,0.5273919092465753
1.0,4.0,4.0,1.0,1.0,1.0,63.0,32.0,0,0.5015625,0.00390625,512.0,6400000.0,0.5273919092465753
1.0,4.0,4.0,1.0,1.0,1.0,63.0,32.0,0,0.5015625,0.000976562,16384.0,6400000.0,0.5273919092465753
4.0,4.0,2.0,4.0,16.0,13.0,480.0,1568.0,0,0.9078125,8.0,0.015625,6400000.0,0.9033657962328766
4.0,4.0,2.0,4.0,16.0,13.0,480.0,1568.0,0,0.9078125,16.0,0.125,6400000.0,0.9033657962328766
4.0,4.0,4.0,5.0,27.0,23.0,909.0,3168.0,0,0.940625,32.0,64.0,6400000.0,0.9409246575342465
4.0,4.0,2.0,4.0,16.0,13.0,480.0,1568.0,0,0.9078125,8.0,16.0,6400000.0,0.9033657962328766
4.0,4.0,4.0,5.0,27.0,23.0,909.0,3168.0,0,0.940625,0.25,64.0,6400000.0,0.9409246575342465
1.0,4.0,2.0,1.0,1.0,1.0,39.0,32.0,0,0.5015625,8.0,16384.0,6400000.0,0.5273919092465753
4.0,4.0,4.0,9.0,32.0,33.0,1010.0,4768.0,0,0.940625,0.5,0.0,6400000.0,0.9409246575342465
1.0,4.0,2.0,1.0,1.0,1.0,39.0,32.0,0,0.5015625,16384.0,64.0,6400000.0,0.5273919092465753
4.0,4.0,2.0,4.0,16.0,13.0,480.0,1568.0,0,0.9078125,4.0,0.00195312,6400000.0,0.9033657962328766
4.0,4.0,1.0,2.0,9.0,8.0,278.0,768.0,0,0.6890625,1.0,256.0,6400000.0,0.6533696183953033
4.0,4.0,2.0,4.0,16.0,13.0,480.0,1568.0,0,0.9078125,4.0,2.0,6400000.0,0.9033657962328766
4.0,4.0,1.0,4.0,11.0,8.0,301.0,768.0,0,0.9078125,1.0,0.25,6400000.0,0.8404186032289628
4.0,4.0,4.0,5.0,27.0,23.0,909.0,3168.0,0,0.940625,64.0,0.5,6400000.0,0.9409246575342465
1.0,4.0,2.0,1.0,1.0,1.0,39.0,32.0,0,0.5015625,32.0,1024.0,6400000.0,0.5273919092465753
4.0,4.0,4.0,5.0,27.0,23.0,909.0,3168.0,0,0.940625,64.0,0.0,6400000.0,0.9409246575342465
4.0,4.0,2.0,4.0,15.0,12.0,447.0,1408.0,0,0.75,16.0,128.0,6400000.0,0.7844231592465754
4.0,4.0,1.0,4.0,11.0,8.0,301.0,768.0,0,0.9078125,8.0,0.0625,6400000.0,0.8118471746575342
4.0,4.0,2.0,4.0,16.0,13.0,480.0,1568.0,0,0.9078125,32.0,0.000976562,6400000.0,0.9033657962328766
4.0,4.0,2.0,4.0,16.0,13.0,480.0,1568.0,0,0.9078125,64.0,8.0,6400000.0,0.9033657962328766
4.0,4.0,2.0,4.0,16.0,13.0,480.0,1568.0,0,0.9078125,32.0,1.0,6400000.0,0.9033657962328766
4.0,4.0,2.0,4.0,16.0,13.0,480.0,1568.0,0,0.9078125,64.0,0.0078125,6400000.0,0.9033657962328766
4.0,4.0,4.0,7.0,33.0,33.0,1084.0,4768.0,0,0.940625,0.0078125,4.0,6400000.0,0.9409246575342465
4.0,4.0,1.0,3.0,10.0,8.0,289.0,768.0,0,0.7546875,64.0,16.0,6400000.0,0.758226822407045
1.0,4.0,1.0,1.0,1.0,1.0,35.0,32.0,0,0.5015625,2048.0,256.0,6400000.0,0.5273919092465753
4.0,4.0,1.0,3.0,10.0,8.0,289.0,768.0,0,0.7546875,8.0,64.0,6400000.0,0.758226822407045
4.0,4.0,1.0,4.0,11.0,8.0,301.0,768.0,0,0.9078125,16.0,0.0,6400000.0,0.7824929672211349
4.0,4.0,4.0,9.0,32.0,33.0,1010.0,4768.0,0,0.940625,0.5,0.5,6400000.0,0.9409246575342465
1.0,4.0,1.0,1.0,1.0,1.0,35.0,32.0,0,0.5015625,4096.0,2.0,6400000.0,0.5273919092465753
1.0,4.0,2.0,1.0,1.0,1.0,39.0,32.0,0,0.5015625,64.0,8192.0,6400000.0,0.5273919092465753
4.0,4.0,2.0,3.0,14.0,12.0,433.0,1408.0,0,0.75,256.0,0.0,6400000.0,0.7844231592465754
4.0,4.0,2.0,4.0,16.0,13.0,480.0,1568.0,0,0.9078125,128.0,0.0625,6400000.0,0.8079065251956947
1.0,4.0,2.0,1.0,1.0,1.0,39.0,32.0,0,0.5015625,32768.0,0.5,6400000.0,0.5273919092465753
4.0,4.0,2.0,3.0,14.0,12.0,433.0,1408.0,0,0.75,128.0,64.0,6400000.0,0.7844231592465754
1.0,4.0,2.0,1.0,1.0,1.0,39.0,32.0,0,0.5015625,256.0,512.0,6400000.0,0.5273919092465753
1.0,4.0,1.0,1.0,1.0,1.0,35.0,32.0,0,0.5015625,4096.0,0.00195312,6400000.0,0.5273919092465753
1.0,4.0,1.0,1.0,1.0,1.0,35.0,32.0,0,0.5015625,64.0,16384.0,6400000.0,0.5273919092465753
1.0,4.0,1.0,1.0,1.0,1.0,35.0,32.0,0,0.5015625,8192.0,16.0,6400000.0,0.5273919092465753
1.0,4.0,2.0,1.0,1.0,1.0,39.0,32.0,0,0.5015625,32768.0,512.0,6400000.0,0.5273919092465753
4.0,4.0,2.0,3.0,14.0,12.0,433.0,1408.0,0,0.75,256.0,0.5,6400000.0,0.7844231592465754
1.0,4.0,2.0,1.0,1.0,1.0,39.0,32.0,0,0.5015625,32768.0,0.0,6400000.0,0.5273919092465753
1.0,4.0,2.0,1.0,1.0,1.0,39.0,32.0,0,0.5015625,512.0,0.00390625,6400000.0,0.5273919092465753
4.0,4.0,1.0,2.0,9.0,8.0,278.0,768.0,0,0.6890625,128.0,0.125,6400000.0,0.6533696183953033
4.0,4.0,4.0,9.0,32.0,33.0,1010.0,4768.0,0,0.940625,0.0078125,0.00390625,6400000.0,0.9409246575342465
1.0,4.0,4.0,1.0,1.0,1.0,63.0,32.0,0,0.5015625,0.0078125,4096.0,6400000.0,0.5273919092465753
1.0,4.0,1.0,1.0,1.0,1.0,35.0,32.0,0,0.5015625,4096.0,2048.0,6400000.0,0.5273919092465753
1.0,4.0,2.0,1.0,1.0,1.0,39.0,32.0,0,0.5015625,512.0,4096.0,6400000.0,0.5273919092465753
4.0,4.0,4.0,9.0,32.0,33.0,1010.0,4768.0,0,0.940625,0.0,0.00390625,6400000.0,0.9409246575342465
4.0,4.0,1.0,4.0,11.0,8.0,301.0,768.0,0,0.9078125,2.0,0.00195312,6400000.0,0.8404186032289628
1.0,4.0,2.0,1.0,1.0,1.0,39.0,32.0,0,0.5015625,512.0,4.0,6400000.0,0.5273919092465753
1.0,4.0,2.0,1.0,1.0,1.0,39.0,32.0,0,0.5015625,1024.0,32.0,6400000.0,0.5273919092465753
4.0,4.0,1.0,2.0,9.0,8.0,278.0,768.0,0,0.6890625,128.0,128.0,6400000.0,0.6533696183953033
4.0,4.0,4.0,5.0,27.0,23.0,909.0,3168.0,0,0.940625,0.00195312,128.0,6400000.0,0.9409246575342465
1.0,4.0,2.0,1.0,1.0,1.0,39.0,32.0,0,0.5015625,1024.0,0.03125,6400000.0,0.5273919092465753
1.0,4.0,1.0,1.0,1.0,1.0,35.0,32.0,0,0.5015625,16384.0,0.125,6400000.0,0.5273919092465753
1.0,4.0,2.0,1.0,1.0,1.0,39.0,32.0,0,0.5015625,1024.0,32768.0,6400000.0,0.5273919092465753
1.0,4.0,4.0,1.0,1.0,1.0,63.0,32.0,0,0.5015625,0.5,512.0,6400000.0,0.5273919092465753
1.0,4.0,1.0,1.0,1.0,1.0,35.0,32.0,0,0.5015625,8192.0,16384.0,6400000.0,0.5273919092465753
1.0,4.0,1.0,1.0,1.0,1.0,35.0,32.0,0,0.5015625,2.0,2048.0,6400000.0,0.5273919092465753
1.0,4.0,2.0,1.0,1.0,1.0,39.0,32.0,0,0.5015625,2048.0,0.25,6400000.0,0.5273919092465753
1.0,4.0,1.0,1.0,1.0,1.0,35.0,32.0,0,0.5015625,8192.0,0.015625,6400000.0,0.5273919092465753
4.0,4.0,1.0,2.0,9.0,8.0,278.0,768.0,0,0.6890625,256.0,1.0,6400000.0,0.6533696183953033
1.0,4.0,2.0,1.0,1.0,1.0,39.0,32.0,0,0.5015625,4096.0,0.00195312,6400000.0,0.5273919092465753
1.0,4.0,1.0,1.0,1.0,1.0,35.0,32.0,0,0.5015625,32768.0,1.0,6400000.0,0.5273919092465753
4.0,4.0,1.0,4.0,11.0,8.0,301.0,768.0,0,0.9078125,2.0,2.0,6400000.0,0.8404186032289628
1.0,4.0,1.0,1.0,1.0,1.0,35.0,32.0,0,0.5015625,16384.0,128.0,6400000.0,0.5273919092465753
4.0,4.0,1.0,4.0,11.0,8.0,301.0,768.0,0,0.9078125,16.0,0.5,6400000.0,0.7824929672211349
1.0,4.0,4.0,1.0,1.0,1.0,63.0,32.0,0,0.5015625,64.0,512.0,6400000.0,0.5273919092465753
1.0,4.0,1.0,1.0,1.0,1.0,35.0,32.0,0,0.5015625,32768.0,0.000976562,6400000.0,0.5273919092465753
1.0,4.0,2.0,1.0,1.0,1.0,39.0,32.0,0,0.5015625,2048.0,256.0,6400000.0,0.5273919092465753
4.0,4.0,1.0,2.0,9.0,8.0,278.0,768.0,0,0.6890625,256.0,0.000976562,6400000.0,0.6533696183953033
4.0,4.0,2.0,4.0,16.0,13.0,480.0,1568.0,0,0.9078125,0.0,0.0078125,6400000.0,0.9033657962328766
4.0,4.0,2.0,4.0,16.0,13.0,480.0,1568.0,0,0.9078125,0.0,8.0,6400000.0,0.9033657962328766
1.0,4.0,1.0,1.0,1.0,1.0,35.0,32.0,0,0.5015625,16.0,512.0,6400000.0,0.5273919092465753
1.0,4.0,1.0,1.0,1.0,1.0,35.0,32.0,0,0.5015625,32768.0,1024.0,6400000.0,0.5273919092465753
4.0,4.0,4.0,9.0,32.0,33.0,1010.0,4768.0,0,0.940625,0.015625,0.03125,6400000.0,0.9409246575342465
1.0,4.0,2.0,1.0,1.0,1.0,39.0,32.0,0,0.5015625,4096.0,2.0,6400000.0,0.5273919092465753
4.0,4.0,4.0,9.0,32.0,33.0,1010.0,4768.0,0,0.940625,0.00390625,0.000976562,6400000.0,0.9409246575342465
4.0,4.0,2.0,4.0,16.0,13.0,480.0,1568.0,0,0.9078125,0.00195312,0.5,6400000.0,0.9033657962328766
4.0,4.0,2.0,4.0,16.0,13.0,480.0,1568.0,0,0.9078125,0.00195312,0.0,6400000.0,0.9033657962328766
1.0,4.0,4.0,1.0,1.0,1.0,63.0,32.0,0,0.5015625,0.015625,32768.0,6400000.0,0.5273919092465753
1.0,4.0,1.0,1.0,1.0,1.0,35.0,32.0,0,0.5015625,256.0,1024.0,6400000.0,0.5273919092465753
4.0,4.0,4.0,9.0,32.0,33.0,1010.0,4768.0,0,0.940625,1.0,0.00390625,6400000.0,0.9409246575342465
1.0,4.0,4.0,1.0,1.0,1.0,63.0,32.0,0,0.5015625,1.0,4096.0,6400000.0,0.5273919092465753
4.0,4.0,4.0,5.0,27.0,23.0,909.0,3168.0,0,0.940625,128.0,0.00390625,6400000.0,0.9409246575342465
1.0,4.0,2.0,1.0,1.0,1.0,39.0,32.0,0,0.5015625,0.00195312,512.0,6400000.0,0.5273919092465753
4.0,4.0,4.0,5.0,27.0,23.0,909.0,3168.0,0,0.940625,0.015625,32.0,6400000.0,0.9409246575342465
1.0,4.0,2.0,1.0,1.0,1.0,39.0,32.0,0,0.5015625,0.0,8192.0,6400000.0,0.5273919092465753
4.0,4.0,1.0,4.0,11.0,8.0,301.0,768.0,0,0.9078125,4.0,0.015625,6400000.0,0.8404186032289628
1.0,4.0,2.0,1.0,1.0,1.0,39.0,32.0,0,0.5015625,0.00390625,4096.0,6400000.0,0.5273919092465753
4.0,4.0,2.0,4.0,16.0,13.0,480.0,1568.0,0,0.9078125,0.000976562,0.0625,6400000.0,0.9033657962328766
1.0,4.0,1.0,1.0,1.0,1.0,35.0,32.0,0,0.5015625,512.0,8.0,6400000.0,0.5273919092465753
4.0,4.0,2.0,4.0,16.0,13.0,480.0,1568.0,0,0.9078125,0.0078125,32.0,6400000.0,0.9033657962328766
1.0,4.0,2.0,1.0,1.0,1.0,39.0,32.0,0,0.5015625,4096.0,2048.0,6400000.0,0.5273919092465753
4.0,4.0,4.0,7.0,33.0,33.0,1084.0,4768.0,0,0.940625,1.0,4.0,6400000.0,0.9409246575342465
4.0,4.0,2.0,4.0,16.0,13.0,480.0,1568.0,0,0.9078125,0.000976562,64.0,6400000.0,0.9033657962328766
4.0,4.0,4.0,9.0,32.0,33.0,1010.0,4768.0,0,0.940625,0.03125,0.25,6400000.0,0.9409246575342465
4.0,4.0,2.0,4.0,16.0,13.0,480.0,1568.0,0,0.9078125,0.00390625,0.00390625,6400000.0,0.9033657962328766
1.0,4.0,1.0,1.0,1.0,1.0,35.0,32.0,0,0.5015625,512.0,0.0078125,6400000.0,0.5273919092465753
4.0,4.0,4.0,9.0,32.0,33.0,1010.0,4768.0,0,0.940625,0.00390625,1.0,6400000.0,0.9409246575342465
4.0,4.0,4.0,8.0,34.0,33.0,1095.0,4768.0,0,0.940625,2.0,0.03125,6400000.0,0.9409246575342465
4.0,4.0,2.0,3.0,14.0,12.0,433.0,1408.0,0,0.75,0.015625,256.0,6400000.0,0.7844231592465754
1.0,4.0,2.0,1.0,1.0,1.0,39.0,32.0,0,0.5015625,8192.0,0.015625,6400000.0,0.5273919092465753
4.0,4.0,2.0,4.0,16.0,13.0,480.0,1568.0,0,0.9078125,0.00390625,4.0,6400000.0,0.9033657962328766
4.0,4.0,2.0,4.0,16.0,13.0,480.0,1568.0,0,0.9078125,0.0078125,0.03125,6400000.0,0.9033657962328766
1.0,4.0,1.0,1.0,1.0,1.0,35.0,32.0,0,0.5015625,512.0,8192.0,6400000.0,0.5273919092465753
4.0,4.0,4.0,5.0,27.0,23.0,909.0,3168.0,0,0.940625,0.03125,256.0,6400000.0,0.9033657962328766
4.0,4.0,4.0,5.0,27.0,23.0,909.0,3168.0,0,0.940625,2.0,32.0,6400000.0,0.9409246575342465
1.0,4.0,4.0,1.0,1.0,1.0,63.0,32.0,0,0.5015625,0.0625,2048.0,6400000.0,0.5273919092465753
4.0,4.0,2.0,4.0,16.0,13.0,480.0,1568.0,0,0.9078125,0.03125,0.00195312,6400000.0,0.9033657962328766
4.0,4.0,4.0,9.0,32.0,33.0,1010.0,4768.0,0,0.940625,0.0625,0.00195312,6400000.0,0.9409246575342465
4.0,4.0,2.0,4.0,16.0,13.0,480.0,1568.0,0,0.9078125,0.03125,2.0,6400000.0,0.9033657962328766
4.0,4.0,4.0,8.0,34.0,33.0,1095.0,4768.0,0,0.940625,0.0625,2.0,6400000.0,0.9409246575342465
4.0,4.0,2.0,4.0,16.0,13.0,480.0,1568.0,0,0.9078125,0.015625,0.25,6400000.0,0.9033657962328766
1.0,4.0,2.0,1.0,1.0,1.0,39.0,32.0,0,0.5015625,0.03125,2048.0,6400000.0,0.5273919092465753
1.0,4.0,4.0,1.0,1.0,1.0,63.0,32.0,0,0.5015625,2.0,32768.0,6400000.0,0.5273919092465753
1.0,4.0,1.0,1.0,1.0,1.0,35.0,32.0,0,0.5015625,1024.0,0.0625,6400000.0,0.5273919092465753
1.0,4.0,2.0,1.0,1.0,1.0,39.0,32.0,0,0.5015625,0.0078125,32768.0,6400000.0,0.5273919092465753
4.0,4.0,4.0,7.0,31.0,32.0,1019.0,4608.0,0,0.940625,8.0,0.00195312,6400000.0,0.9409246575342465
1.0,4.0,2.0,1.0,1.0,1.0,39.0,32.0,0,0.5015625,0.0625,16384.0,6400000.0,0.5273919092465753
4.0,4.0,4.0,7.0,33.0,33.0,1084.0,4768.0,0,0.940625,0.0,4.0,6400000.0,0.9409246575342465
4.0,4.0,4.0,9.0,32.0,33.0,1010.0,4768.0,0,0.940625,0.000976562,0.03125,6400000.0,0.9409246575342465
4.0,4.0,4.0,9.0,32.0,33.0,1010.0,4768.0,0,0.940625,0.125,0.015625,6400000.0,0.9409246575342465
4.0,4.0,4.0,7.0,33.0,33.0,1084.0,4768.0,0,0.940625,4.0,0.25,6400000.0,0.9409246575342465
4.0,4.0,1.0,3.0,10.0,8.0,289.0,768.0,0,0.7546875,32.0,0.00390625,6400000.0,0.758226822407045
1.0,4.0,4.0,1.0,1.0,1.0,63.0,32.0,0,0.5015625,0.0,4096.0,6400000.0,0.5273919092465753
4.0,4.0,4.0,5.0,27.0,23.0,909.0,3168.0,0,0.940625,4.0,256.0,6400000.0,0.9033657962328766
1.0,4.0,1.0,1.0,1.0,1.0,35.0,32.0,0,0.5015625,2048.0,0.0,6400000.0,0.5273919092465753
1.0,4.0,1.0,1.0,1.0,1.0,35.0,32.0,0,0.5015625,32.0,4096.0,6400000.0,0.5273919092465753
4.0,4.0,2.0,4.0,16.0,13.0,480.0,1568.0,0,0.9078125,0.0625,16.0,6400000.0,0.9033657962328766
4.0,4.0,2.0,4.0,16.0,13.0,480.0,1568.0,0,0.9078125,0.125,128.0,6400000.0,0.8079065251956947
4.0,4.0,4.0,6.0,31.0,28.0,1036.0,3968.0,0,0.940625,8.0,2.0,6400000.0,0.9409246575342465
4.0,4.0,1.0,3.0,10.0,8.0,289.0,768.0,0,0.7546875,32.0,4.0,6400000.0,0.758226822407045
1.0,4.0,1.0,1.0,1.0,1.0,35.0,32.0,0,0.5015625,4.0,16384.0,6400000.0,0.5273919092465753
4.0,4.0,2.0,4.0,16.0,13.0,480.0,1568.0,0,0.9078125,0.0625,0.015625,6400000.0,0.9033657962328766
1.0,4.0,4.0,1.0,1.0,1.0,63.0,32.0,0,0.5015625,8.0,2048.0,6400000.0,0.5273919092465753
1.0,4.0,2.0,1.0,1.0,1.0,39.0,32.0,0,0.5015625,8192.0,16.0,6400000.0,0.5273919092465753
1.0,4.0,1.0,1.0,1.0,1.0,35.0,32.0,0,0.5015625,1024.0,64.0,6400000.0,0.5273919092465753
1.0,4.0,2.0,1.0,1.0,1.0,39.0,32.0,0,0.5015625,8192.0,16384.0,6400000.0,0.5273919092465753
4.0,4.0,2.0,4.0,16.0,13.0,480.0,1568.0,0,0.9078125,0.5,0.0078125,6400000.0,0.9033657962328766
4.0,4.0,1.0,4.0,11.0,8.0,301.0,768.0,0,0.9078125,4.0,16.0,6400000.0,0.7824929672211349
1.0,4.0,2.0,1.0,1.0,1.0,39.0,32.0,0,0.5015625,0.25,1024.0,6400000.0,0.5273919092465753
4.0,4.0,4.0,5.0,27.0,23.0,909.0,3168.0,0,0.940625,0.125,16.0,6400000.0,0.9409246575342465
4.0,4.0,2.0,4.0,16.0,13.0,480.0,1568.0,0,0.9078125,0.25,1.0,6400000.0,0.9033657962328766
4.0,4.0,4.0,5.0,27.0,23.0,909.0,3168.0,0,0.940625,16.0,16.0,6400000.0,0.9409246575342465
4.0,4.0,2.0,4.0,16.0,13.0,480.0,1568.0,0,0.9078125,0.125,0.125,6400000.0,0.9033657962328766
4.0,4.0,4.0,5.0,27.0,23.0,909.0,3168.0,0,0.940625,16.0,0.015625,6400000.0,0.9409246575342465
4.0,4.0,2.0,4.0,16.0,13.0,480.0,1568.0,0,0.9078125,0.25,0.000976562,6400000.0,0.9033657962328766
1.0,4.0,2.0,1.0,1.0,1.0,39.0,32.0,0,0.5015625,0.5,8192.0,6400000.0,0.5273919092465753
4.0,4.0,2.0,4.0,16.0,13.0,480.0,1568.0,0,0.9078125,0.5,8.0,6400000.0,0.9033657962328766
4.0,4.0,4.0,5.0,27.0,23.0,909.0,3168.0,0,0.940625,0.000976562,32.0,6400000.0,0.9409246575342465
1.0,4.0,4.0,1.0,1.0,1.0,63.0,32.0,0,0.5015625,16.0,16384.0,6400000.0,0.5273919092465753
1.0,4.0,1.0,1.0,1.0,1.0,35.0,32.0,0,0.5015625,2048.0,0.5,6400000.0,0.5273919092465753
4.0,4.0,1.0,3.0,10.0,8.0,289.0,768.0,0,0.7546875,64.0,0.03125,6400000.0,0.758226822407045
4.0,4.0,2.0,4.0,16.0,13.0,480.0,1568.0,0,0.9078125,1.0,0.0625,6400000.0,0.9033657962328766
1.0,4.0,4.0,1.0,1.0,1.0,63.0,32.0,0,0.5015625,0.125,16384.0,6400000.0,0.5273919092465753
4.0,4.0,2.0,4.0,16.0,13.0,480.0,1568.0,0,0.9078125,2.0,0.0,6400000.0,0.9033657962328766
4.0,4.0,4.0,5.0,27.0,23.0,909.0,3168.0,0,0.940625,32.0,0.125,6400000.0,0.9409246575342465
4.0,4.0,4.0,9.0,32.0,33.0,1010.0,4768.0,0,0.940625,0.00195312,0.25,6400000.0,0.9409246575342465
4.0,4.0,2.0,4.0,16.0,13.0,480.0,1568.0,0,0.9078125,1.0,64.0,6400000.0,0.9033657962328766
4.0,4.0,4.0,5.0,27.0,23.0,909.0,3168.0,0,0.940625,128.0,4.0,6400000.0,0.9409246575342465
4.0,4.0,4.0,9.0,32.0,33.0,1010.0,4768.0,0,0.940625,0.25,0.125,6400000.0,0.9409246575342465
1.0,4.0,4.0,1.0,1.0,1.0,63.0,32.0,0,0.5015625,128.0,4096.0,6400000.0,0.5273919092465753
1.0,4.0,4.0,1.0,1.0,1.0,63.0,32.0,0,0.5015625,0.000976562,32768.0,6400000.0,0.5273919092465753
4.0,4.0,2.0,4.0,16.0,13.0,480.0,1568.0,0,0.9078125,2.0,0.5,6400000.0,0.9033657962328766
1.0,4.0,2.0,1.0,1.0,1.0,39.0,32.0,0,0.5015625,2.0,512.0,6400000.0,0.5273919092465753
4.0,4.0,2.0,4.0,16.0,13.0,480.0,1568.0,0,0.9078125,16.0,0.25,6400000.0,0.9033657962328766
1.0,4.0,2.0,1.0,1.0,1.0,39.0,32.0,0,0.5015625,16384.0,0.125,6400000.0,0.5273919092465753
1.0,4.0,4.0,1.0,1.0,1.0,63.0,32.0,0,0.5015625,0.00390625,1024.0,6400000.0,0.5273919092465753
4.0,4.0,2.0,4.0,16.0,13.0,480.0,1568.0,0,0.9078125,8.0,0.03125,6400000.0,0.9033657962328766
4.0,4.0,2.0,4.0,16.0,13.0,480.0,1568.0,0,0.9078125,8.0,32.0,6400000.0,0.9033657962328766
4.0,4.0,4.0,5.0,27.0,23.0,909.0,3168.0,0,0.940625,0.25,128.0,6400000.0,0.9409246575342465
4.0,4.0,4.0,5.0,27.0,23.0,909.0,3168.0,0,0.940625,32.0,128.0,6400000.0,0.9409246575342465
1.0,4.0,2.0,1.0,1.0,1.0,39.0,32.0,0,0.5015625,8.0,32768.0,6400000.0,0.5273919092465753
1.0,4.0,2.0,1.0,1.0,1.0,39.0,32.0,0,0.5015625,16384.0,128.0,6400000.0,0.5273919092465753
4.0,4.0,2.0,4.0,16.0,13.0,480.0,1568.0,0,0.9078125,4.0,4.0,6400000.0,0.9033657962328766
1.0,4.0,2.0,1.0,1.0,1.0,39.0,32.0,0,0.5015625,4.0,4096.0,6400000.0,0.5273919092465753
1.0,4.0,2.0,1.0,1.0,1.0,39.0,32.0,0,0.5015625,32.0,2048.0,6400000.0,0.5273919092465753
4.0,4.0,2.0,4.0,16.0,13.0,480.0,1568.0,0,0.9078125,4.0,0.00390625,6400000.0,0.9033657962328766
4.0,4.0,4.0,5.0,27.0,23.0,909.0,3168.0,0,0.940625,256.0,0.03125,6400000.0,0.9033657962328766
4.0,4.0,4.0,9.0,32.0,33.0,1010.0,4768.0,0,0.940625,0.5,0.000976562,6400000.0,0.9409246575342465
4.0,4.0,2.0,3.0,14.0,12.0,433.0,1408.0,0,0.75,16.0,256.0,6400000.0,0.7844231592465754
4.0,4.0,4.0,5.0,27.0,23.0,909.0,3168.0,0,0.940625,64.0,1.0,6400000.0,0.9409246575342465
4.0,4.0,4.0,5.0,27.0,23.0,909.0,3168.0,0,0.940625,64.0,0.000976562,6400000.0,0.9409246575342465
4.0,4.0,1.0,4.0,11.0,8.0,301.0,768.0,0,0.9078125,8.0,0.125,6400000.0,0.8118471746575342
4.0,4.0,2.0,4.0,16.0,13.0,480.0,1568.0,0,0.9078125,32.0,2.0,6400000.0,0.9033657962328766
4.0,4.0,2.0,4.0,16.0,13.0,480.0,1568.0,0,0.9078125,32.0,0.00195312,6400000.0,0.9033657962328766
4.0,4.0,4.0,4.0,22.0,19.0,766.0,2528.0,0,0.9078125,256.0,32.0,6400000.0,0.9033657962328766
4.0,4.0,2.0,4.0,16.0,13.0,480.0,1568.0,0,0.9078125,64.0,16.0,6400000.0,0.9033657962328766
4.0,4.0,2.0,4.0,16.0,13.0,480.0,1568.0,0,0.9078125,64.0,0.015625,6400000.0,0.9033657962328766
4.0,4.0,1.0,3.0,10.0,8.0,289.0,768.0,0,0.7546875,64.0,32.0,6400000.0,0.6991621819960862
1.0,4.0,2.0,1.0,1.0,1.0,39.0,32.0,0,0.5015625,32768.0,1.0,6400000.0,0.5273919092465753
4.0,4.0,4.0,8.0,34.0,33.0,1095.0,4768.0,0,0.940625,0.5,1.0,6400000.0,0.9409246575342465
4.0,4.0,1.0,4.0,11.0,8.0,301.0,768.0,0,0.9078125,16.0,0.000976562,6400000.0,0.7824929672211349
4.0,4.0,1.0,2.0,9.0,8.0,278.0,768.0,0,0.6890625,8.0,128.0,6400000.0,0.6533696183953033
1.0,4.0,1.0,1.0,1.0,1.0,35.0,32.0,0,0.5015625,2048.0,512.0,6400000.0,0.5273919092465753
1.0,4.0,2.0,1.0,1.0,1.0,39.0,32.0,0,0.5015625,64.0,16384.0,6400000.0,0.5273919092465753
4.0,4.0,4.0,7.0,31.0,32.0,1019.0,4608.0,0,0.940625,0.0078125,8.0,6400000.0,0.9409246575342465
1.0,4.0,1.0,1.0,1.0,1.0,35.0,32.0,0,0.5015625,4096.0,0.00390625,6400000.0,0.5273919092465753
1.0,4.0,1.0,1.0,1.0,1.0,35.0,32.0,0,0.5015625,4096.0,4.0,6400000.0,0.5273919092465753
4.0,4.0,2.0,4.0,16.0,13.0,480.0,1568.0,0,0.9078125,128.0,0.125,6400000.0,0.8079065251956947
4.0,4.0,2.0,3.0,14.0,12.0,433.0,1408.0,0,0.75,256.0,0.000976562,6400000.0,0.7844231592465754
4.0,4.0,4.0,9.0,32.0,33.0,1010.0,4768.0,0,0.940625,0.0078125,0.0078125,6400000.0,0.9409246575342465
1.0,4.0,1.0,1.0,1.0,1.0,35.0,32.0,0,0.5015625,64.0,32768.0,6400000.0,0.5273919092465753
4.0,4.0,2.0,3.0,14.0,12.0,433.0,1408.0,0,0.75,128.0,128.0,6400000.0,0.7844231592465754
1.0,4.0,2.0,1.0,1.0,1.0,39.0,32.0,0,0.5015625,256.0,1024.0,6400000.0,0.5273919092465753
4.0,4.0,2.0,3.0,14.0,12.0,433.0,1408.0,0,0.75,256.0,1.0,6400000.0,0.7844231592465754
1.0,4.0,1.0,1.0,1.0,1.0,35.0,32.0,0,0.5015625,8192.0,32.0,6400000.0,0.5273919092465753
1.0,4.0,2.0,1.0,1.0,1.0,39.0,32.0,0,0.5015625,32768.0,0.000976562,6400000.0,0.5273919092465753
4.0,4.0,1.0,2.0,9.0,8.0,278.0,768.0,0,0.6890625,128.0,0.25,6400000.0,0.6533696183953033
1.0,4.0,2.0,1.0,1.0,1.0,39.0,32.0,0,0.5015625,512.0,0.0078125,6400000.0,0.5273919092465753
1.0,4.0,2.0,1.0,1.0,1.0,39.0,32.0,0,0.5015625,32768.0,1024.0,6400000.0,0.5273919092465753
1.0,4.0,4.0,1.0,1.0,1.0,63.0,32.0,0,0.5015625,0.0078125,8192.0,6400000.0,0.5273919092465753
1.0,4.0,2.0,1.0,1.0,1.0,39.0,32.0,0,0.5015625,512.0,8192.0,6400000.0,0.5273919092465753
1.0,4.0,4.0,1.0,1.0,1.0,63.0,32.0,0,0.5015625,256.0,32768.0,6400000.0,0.5273919092465753
4.0,4.0,4.0,9.0,32.0,33.0,1010.0,4768.0,0,0.940625,0.0,0.0078125,6400000.0,0.9409246575342465
1.0,4.0,1.0,1.0,1.0,1.0,35.0,32.0,0,0.5015625,4096.0,4096.0,6400000.0,0.5273919092465753
1.0,4.0,2.0,1.0,1.0,1.0,39.0,32.0,0,0.5015625,1024.0,0.0625,6400000.0,0.5273919092465753
1.0,4.0,2.0,1.0,1.0,1.0,39.0,32.0,0,0.5015625,1024.0,64.0,6400000.0,0.5273919092465753
1.0,4.0,1.0,1.0,1.0,1.0,35.0,32.0,0,0.5015625,16384.0,0.25,6400000.0,0.5273919092465753
1.0,4.0,2.0,1.0,1.0,1.0,39.0,32.0,0,0.5015625,512.0,8.0,6400000.0,0.5273919092465753
4.0,4.0,1.0,2.0,9.0,8.0,278.0,768.0,0,0.6890625,128.0,256.0,6400000.0,0.6533696183953033
1.0,4.0,2.0,1.0,1.0,1.0,39.0,32.0,0,0.5015625,2048.0,0.0,6400000.0,0.5273919092465753
1.0,4.0,2.0,1.0,1.0,1.0,39.0,32.0,0,0.5015625,4096.0,0.00390625,6400000.0,0.5273919092465753
1.0,4.0,1.0,1.0,1.0,1.0,35.0,32.0,0,0.5015625,8192.0,32768.0,6400000.0,0.5273919092465753
4.0,4.0,4.0,5.0,27.0,23.0,909.0,3168.0,0,0.940625,0.00195312,256.0,6400000.0,0.9033657962328766
1.0,4.0,2.0,1.0,1.0,1.0,39.0,32.0,0,0.5015625,2048.0,0.5,6400000.0,0.5273919092465753
1.0,4.0,4.0,1.0,1.0,1.0,63.0,32.0,0,0.5015625,512.0,0.25,6400000.0,0.5273919092465753
1.0,4.0,4.0,1.0,1.0,1.0,63.0,32.0,0,0.5015625,512.0,256.0,6400000.0,0.5273919092465753
4.0,4.0,1.0,2.0,9.0,8.0,278.0,768.0,0,0.6890625,256.0,2.0,6400000.0,0.6533696183953033
4.0,4.0,1.0,4.0,11.0,8.0,301.0,768.0,0,0.9078125,16.0,1.0,6400000.0,0.7824929672211349
1.0,4.0,1.0,1.0,1.0,1.0,35.0,32.0,0,0.5015625,8192.0,0.03125,6400000.0,0.5273919092465753
1.0,4.0,1.0,1.0,1.0,1.0,35.0,32.0,0,0.5015625,32768.0,0.00195312,6400000.0,0.5273919092465753
1.0,4.0,4.0,1.0,1.0,1.0,63.0,32.0,0,0.5015625,0.5,1024.0,6400000.0,0.5273919092465753
1.0,4.0,1.0,1.0,1.0,1.0,35.0,32.0,0,0.5015625,16384.0,256.0,6400000.0,0.5273919092465753
1.0,4.0,1.0,1.0,1.0,1.0,35.0,32.0,0,0.5015625,32768.0,2.0,6400000.0,0.5273919092465753
1.0,4.0,4.0,1.0,1.0,1.0,63.0,32.0,0,0.5015625,64.0,1024.0,6400000.0,0.5273919092465753
1.0,4.0,2.0,1.0,1.0,1.0,39.0,32.0,0,0.5015625,2048.0,512.0,6400000.0,0.5273919092465753
4.0,4.0,2.0,4.0,16.0,13.0,480.0,1568.0,0,0.9078125,0.0,0.015625,6400000.0,0.9033657962328766
4.0,4.0,2.0,4.0,16.0,13.0,480.0,1568.0,0,0.9078125,0.0,16.0,6400000.0,0.9033657962328766
4.0,4.0,1.0,2.0,9.0,8.0,278.0,768.0,0,0.6890625,256.0,0.00195312,6400000.0,0.6533696183953033
4.0,4.0,4.0,9.0,32.0,33.0,1010.0,4768.0,0,0.940625,0.00390625,0.00195312,6400000.0,0.9409246575342465
1.0,4.0,1.0,1.0,1.0,1.0,35.0,32.0,0,0.5015625,16.0,1024.0,6400000.0,0.5273919092465753
1.0,4.0,2.0,1.0,1.0,1.0,39.0,32.0,0,0.5015625,4096.0,4.0,6400000.0,0.5273919092465753
4.0,4.0,4.0,9.0,32.0,33.0,1010.0,4768.0,0,0.940625,0.015625,0.0625,6400000.0,0.9409246575342465
4.0,4.0,2.0,4.0,16.0,13.0,480.0,1568.0,0,0.9078125,0.00195312,1.0,6400000.0,0.9033657962328766
1.0,4.0,4.0,1.0,1.0,1.0,63.0,32.0,0,0.5015625,1.0,8192.0,6400000.0,0.5273919092465753
1.0,4.0,1.0,1.0,1.0,1.0,35.0,32.0,0,0.5015625,32768.0,2048.0,6400000.0,0.5273919092465753
4.0,4.0,2.0,4.0,16.0,13.0,480.0,1568.0,0,0.9078125,0.00195312,0.000976562,6400000.0,0.9033657962328766
4.0,4.0,4.0,9.0,32.0,33.0,1010.0,4768.0,0,0.940625,0.03125,0.0,6400000.0,0.9409246575342465
1.0,4.0,2.0,1.0,1.0,1.0,39.0,32.0,0,0.5015625,0.00195312,1024.0,6400000.0,0.5273919092465753
4.0,4.0,4.0,9.0,32.0,33.0,1010.0,4768.0,0,0.940625,1.0,0.0078125,6400000.0,0.9409246575342465
1.0,4.0,1.0,1.0,1.0,1.0,35.0,32.0,0,0.5015625,256.0,2048.0,6400000.0,0.5273919092465753
1.0,4.0,2.0,1.0,1.0,1.0,39.0,32.0,0,0.5015625,0.0,16384.0,6400000.0,0.5273919092465753
4.0,4.0,4.0,5.0,27.0,23.0,909.0,3168.0,0,0.940625,128.0,0.0078125,6400000.0,0.9409246575342465
4.0,4.0,4.0,5.0,27.0,23.0,909.0,3168.0,0,0.940625,0.015625,64.0,6400000.0,0.9409246575342465
1.0,4.0,4.0,1.0,1.0,1.0,63.0,32.0,0,0.5015625,1024.0,0.00195312,6400000.0,0.5273919092465753
1.0,4.0,1.0,1.0,1.0,1.0,35.0,32.0,0,0.5015625,512.0,16.0,6400000.0,0.5273919092465753
1.0,4.0,2.0,1.0,1.0,1.0,39.0,32.0,0,0.5015625,0.00390625,8192.0,6400000.0,0.5273919092465753
4.0,4.0,2.0,4.0,16.0,13.0,480.0,1568.0,0,0.9078125,0.000976562,0.125,6400000.0,0.9033657962328766
4.0,4.0,2.0,4.0,16.0,13.0,480.0,1568.0,0,0.9078125,0.000976562,128.0,6400000.0,0.8079065251956947
4.0,4.0,2.0,4.0,16.0,13.0,480.0,1568.0,0,0.9078125,0.0078125,64.0,6400000.0,0.9033657962328766
4.0,4.0,2.0,4.0,16.0,13.0,480.0,1568.0,0,0.9078125,0.00390625,0.0078125,6400000.0,0.9033657962328766
1.0,4.0,2.0,1.0,1.0,1.0,39.0,32.0,0,0.5015625,4096.0,4096.0,6400000.0,0.5273919092465753
4.0,4.0,4.0,9.0,32.0,33.0,1010.0,4768.0,0,0.940625,0.03125,0.5,6400000.0,0.9409246575342465
4.0,4.0,4.0,6.0,29.0,32.0,976.0,4608.0,0,0.940625,1.0,8.0,6400000.0,0.9409246575342465
1.0,4.0,1.0,1.0,1.0,1.0,35.0,32.0,0,0.5015625,512.0,0.015625,6400000.0,0.5273919092465753
4.0,4.0,4.0,8.0,34.0,33.0,1095.0,4768.0,0,0.940625,0.00390625,2.0,6400000.0,0.9409246575342465
4.0,4.0,2.0,4.0,16.0,13.0,480.0,1568.0,0,0.9078125,0.0078125,0.0625,6400000.0,0.9033657962328766
4.0,4.0,4.0,8.0,34.0,33.0,1095.0,4768.0,0,0.940625,2.0,0.0625,6400000.0,0.9409246575342465
4.0,4.0,2.0,4.0,16.0,13.0,480.0,1568.0,0,0.9078125,0.00390625,8.0,6400000.0,0.9033657962328766
1.0,4.0,2.0,1.0,1.0,1.0,39.0,32.0,0,0.5015625,0.015625,512.0,6400000.0,0.5273919092465753
1.0,4.0,4.0,1.0,1.0,1.0,63.0,32.0,0,0.5015625,0.0625,4096.0,6400000.0,0.5273919092465753
4.0,4.0,4.0,5.0,27.0,23.0,909.0,3168.0,0,0.940625,2.0,64.0,6400000.0,0.9409246575342465
1.0,4.0,2.0,1.0,1.0,1.0,39.0,32.0,0,0.5015625,8192.0,0.03125,6400000.0,0.5273919092465753
1.0,4.0,1.0,1.0,1.0,1.0,35.0,32.0,0,0.5015625,512.0,16384.0,6400000.0,0.5273919092465753
4.0,4.0,2.0,4.0,16.0,13.0,480.0,1568.0,0,0.9078125,0.03125,0.00390625,6400000.0,0.9033657962328766
4.0,4.0,4.0,7.0,33.0,33.0,1084.0,4768.0,0,0.940625,0.0625,4.0,6400000.0,0.9409246575342465
1.0,4.0,4.0,1.0,1.0,1.0,63.0,32.0,0,0.5015625,0.03125,512.0,6400000.0,0.5273919092465753
4.0,4.0,4.0,9.0,32.0,33.0,1010.0,4768.0,0,0.940625,0.0625,0.00390625,6400000.0,0.9409246575342465
4.0,4.0,2.0,4.0,16.0,13.0,480.0,1568.0,0,0.9078125,0.015625,0.5,6400000.0,0.9033657962328766
4.0,4.0,2.0,4.0,16.0,13.0,480.0,1568.0,0,0.9078125,0.03125,4.0,6400000.0,0.9033657962328766
1.0,4.0,2.0,1.0,1.0,1.0,39.0,32.0,0,0.5015625,0.03125,4096.0,6400000.0,0.5273919092465753
1.0,4.0,1.0,1.0,1.0,1.0,35.0,32.0,0,0.5015625,1024.0,0.125,6400000.0,0.5273919092465753
1.0,4.0,2.0,1.0,1.0,1.0,39.0,32.0,0,0.5015625,0.0625,32768.0,6400000.0,0.5273919092465753
4.0,4.0,4.0,7.0,33.0,33.0,1084.0,4768.0,0,0.940625,4.0,0.0,6400000.0,0.9409246575342465
4.0,4.0,4.0,7.0,31.0,32.0,1019.0,4608.0,0,0.940625,8.0,0.00390625,6400000.0,0.9409246575342465
4.0,4.0,2.0,4.0,16.0,13.0,480.0,1568.0,0,0.9078125,0.015625,0.0,6400000.0,0.9033657962328766
4.0,4.0,4.0,9.0,32.0,33.0,1010.0,4768.0,0,0.940625,0.125,0.03125,6400000.0,0.9409246575342465
4.0,4.0,1.0,3.0,10.0,8.0,289.0,768.0,0,0.7546875,32.0,0.0078125,6400000.0,0.758226822407045
4.0,4.0,4.0,7.0,31.0,32.0,1019.0,4608.0,0,0.940625,0.0,8.0,6400000.0,0.9409246575342465
4.0,4.0,4.0,7.0,33.0,33.0,1084.0,4768.0,0,0.940625,4.0,0.5,6400000.0,0.9409246575342465
4.0,4.0,4.0,9.0,32.0,33.0,1010.0,4768.0,0,0.940625,0.000976562,0.0625,6400000.0,0.9409246575342465
1.0,4.0,4.0,1.0,1.0,1.0,63.0,32.0,0,0.5015625,0.0,8192.0,6400000.0,0.5273919092465753
1.0,4.0,1.0,1.0,1.0,1.0,35.0,32.0,0,0.5015625,2048.0,0.000976562,6400000.0,0.5273919092465753
1.0,4.0,1.0,1.0,1.0,1.0,35.0,32.0,0,0.5015625,32.0,8192.0,6400000.0,0.5273919092465753
1.0,4.0,4.0,1.0,1.0,1.0,63.0,32.0,0,0.5015625,1024.0,2048.0,6400000.0,0.5273919092465753
1.0,4.0,4.0,1.0,1.0,1.0,63.0,32.0,0,0.5015625,4.0,512.0,6400000.0,0.5273919092465753
4.0,4.0,2.0,4.0,16.0,13.0,480.0,1568.0,0,0.9078125,0.0625,32.0,6400000.0,0.9033657962328766
1.0,4.0,4.0,1.0,1.0,1.0,63.0,32.0,0,0.5015625,1024.0,2.0,6400000.0,0.5273919092465753
4.0,4.0,1.0,3.0,10.0,8.0,289.0,768.0,0,0.7546875,32.0,8.0,6400000.0,0.758226822407045
4.0,4.0,2.0,3.0,14.0,12.0,433.0,1408.0,0,0.75,0.125,256.0,6400000.0,0.7844231592465754
1.0,4.0,2.0,1.0,1.0,1.0,39.0,32.0,0,0.5015625,8192.0,32.0,6400000.0,0.5273919092465753
4.0,4.0,4.0,5.0,27.0,23.0,909.0,3168.0,0,0.940625,8.0,4.0,6400000.0,0.9409246575342465
1.0,4.0,2.0,1.0,1.0,1.0,39.0,32.0,0,0.5015625,8192.0,32768.0,6400000.0,0.5273919092465753
1.0,4.0,1.0,1.0,1.0,1.0,35.0,32.0,0,0.5015625,1024.0,128.0,6400000.0,0.5273919092465753
1.0,4.0,4.0,1.0,1.0,1.0,63.0,32.0,0,0.5015625,8.0,4096.0,6400000.0,0.5273919092465753
4.0,4.0,2.0,4.0,16.0,13.0,480.0,1568.0,0,0.9078125,0.0625,0.03125,6400000.0,0.9033657962328766
1.0,4.0,2.0,1.0,1.0,1.0,39.0,32.0,0,0.5015625,0.25,2048.0,6400000.0,0.5273919092465753
1.0,4.0,4.0,1.0,1.0,1.0,63.0,32.0,0,0.5015625,2048.0,0.015625,6400000.0,0.5273919092465753
4.0,4.0,2.0,4.0,16.0,13.0,480.0,1568.0,0,0.9078125,0.5,0.015625,6400000.0,0.9033657962328766
4.0,4.0,4.0,5.0,27.0,23.0,909.0,3168.0,0,0.940625,0.125,32.0,6400000.0,0.9409246575342465
4.0,4.0,4.0,5.0,27.0,23.0,909.0,3168.0,0,0.940625,16.0,32.0,6400000.0,0.9409246575342465
4.0,4.0,2.0,4.0,16.0,13.0,480.0,1568.0,0,0.9078125,0.25,0.00195312,6400000.0,0.9033657962328766
4.0,4.0,4.0,5.0,27.0,23.0,909.0,3168.0,0,0.940625,16.0,0.03125,6400000.0,0.9409246575342465
4.0,4.0,2.0,4.0,16.0,13.0,480.0,1568.0,0,0.9078125,0.25,2.0,6400000.0,0.9033657962328766
4.0,4.0,2.0,4.0,16.0,13.0,480.0,1568.0,0,0.9078125,0.125,0.25,6400000.0,0.9033657962328766
4.0,4.0,2.0,4.0,16.0,13.0,480.0,1568.0,0,0.9078125,0.5,16.0,6400000.0,0.9033657962328766
1.0,4.0,2.0,1.0,1.0,1.0,39.0,32.0,0,0.5015625,0.5,16384.0,6400000.0,0.5273919092465753
1.0,4.0,4.0,1.0,1.0,1.0,63.0,32.0,0,0.5015625,16.0,32768.0,6400000.0,0.5273919092465753
1.0,4.0,1.0,1.0,1.0,1.0,35.0,32.0,0,0.5015625,2048.0,1.0,6400000.0,0.5273919092465753
4.0,4.0,2.0,4.0,16.0,13.0,480.0,1568.0,0,0.9078125,1.0,0.125,6400000.0,0.9033657962328766
4.0,4.0,1.0,3.0,10.0,8.0,289.0,768.0,0,0.7546875,64.0,0.0625,6400000.0,0.758226822407045
4.0,4.0,4.0,5.0,27.0,23.0,909.0,3168.0,0,0.940625,0.000976562,64.0,6400000.0,0.9409246575342465
1.0,4.0,4.0,1.0,1.0,1.0,63.0,32.0,0,0.5015625,0.125,32768.0,6400000.0,0.5273919092465753
4.0,4.0,2.0,4.0,16.0,13.0,480.0,1568.0,0,0.9078125,2.0,0.000976562,6400000.0,0.9033657962328766
4.0,4.0,4.0,9.0,32.0,33.0,1010.0,4768.0,0,0.940625,0.25,0.25,6400000.0,0.9409246575342465
4.0,4.0,4.0,5.0,27.0,23.0,909.0,3168.0,0,0.940625,32.0,0.25,6400000.0,0.9409246575342465
4.0,4.0,4.0,9.0,32.0,33.0,1010.0,4768.0,0,0.940625,0.00195312,0.5,6400000.0,0.9409246575342465
4.0,4.0,2.0,4.0,16.0,13.0,480.0,1568.0,0,0.9078125,1.0,128.0,6400000.0,0.8079065251956947
4.0,4.0,4.0,5.0,27.0,23.0,909.0,3168.0,0,0.940625,128.0,8.0,6400000.0,0.9409246575342465
1.0,4.0,4.0,1.0,1.0,1.0,63.0,32.0,0,0.5015625,128.0,8192.0,6400000.0,0.5273919092465753
1.0,4.0,2.0,1.0,1.0,1.0,39.0,32.0,0,0.5015625,16384.0,0.25,6400000.0,0.5273919092465753
4.0,4.0,2.0,4.0,16.0,13.0,480.0,1568.0,0,0.9078125,2.0,1.0,6400000.0,0.9033657962328766
4.0,4.0,4.0,9.0,32.0,33.0,1010.0,4768.0,0,0.940625,0.00195312,0.0,6400000.0,0.9409246575342465
4.0,4.0,2.0,4.0,16.0,13.0,480.0,1568.0,0,0.9078125,16.0,0.5,6400000.0,0.9033657962328766
1.0,4.0,2.0,1.0,1.0,1.0,39.0,32.0,0,0.5015625,2.0,1024.0,6400000.0,0.5273919092465753
4.0,4.0,2.0,4.0,16.0,13.0,480.0,1568.0,0,0.9078125,8.0,0.0625,6400000.0,0.9033657962328766
4.0,4.0,2.0,4.0,16.0,13.0,480.0,1568.0,0,0.9078125,8.0,64.0,6400000.0,0.9033657962328766
4.0,4.0,4.0,4.0,22.0,19.0,766.0,2528.0,0,0.9078125,32.0,256.0,6400000.0,0.9033657962328766
1.0,4.0,4.0,1.0,1.0,1.0,63.0,32.0,0,0.5015625,0.00390625,2048.0,6400000.0,0.5273919092465753
4.0,4.0,4.0,5.0,27.0,23.0,909.0,3168.0,0,0.940625,0.25,256.0,6400000.0,0.9033657962328766
1.0,4.0,2.0,1.0,1.0,1.0,39.0,32.0,0,0.5015625,32.0,4096.0,6400000.0,0.5273919092465753
4.0,4.0,2.0,4.0,16.0,13.0,480.0,1568.0,0,0.9078125,16.0,0.0,6400000.0,0.9033657962328766
4.0,4.0,2.0,4.0,16.0,13.0,480.0,1568.0,0,0.9078125,4.0,8.0,6400000.0,0.9033657962328766
1.0,4.0,2.0,1.0,1.0,1.0,39.0,32.0,0,0.5015625,16384.0,256.0,6400000.0,0.5273919092465753
4.0,4.0,4.0,9.0,32.0,33.0,1010.0,4768.0,0,0.940625,0.5,0.00195312,6400000.0,0.9409246575342465
4.0,4.0,4.0,5.0,27.0,23.0,909.0,3168.0,0,0.940625,256.0,0.0625,6400000.0,0.9033657962328766
1.0,4.0,2.0,1.0,1.0,1.0,39.0,32.0,0,0.5015625,4.0,8192.0,6400000.0,0.5273919092465753
4.0,4.0,4.0,5.0,27.0,23.0,909.0,3168.0,0,0.940625,64.0,0.00195312,6400000.0,0.9409246575342465
4.0,4.0,4.0,5.0,27.0,23.0,909.0,3168.0,0,0.940625,64.0,2.0,6400000.0,0.9409246575342465
1.0,4.0,2.0,1.0,1.0,1.0,39.0,32.0,0,0.5015625,16.0,512.0,6400000.0,0.5273919092465753
4.0,4.0,2.0,4.0,16.0,13.0,480.0,1568.0,0,0.9078125,4.0,0.0078125,6400000.0,0.9033657962328766
4.0,4.0,2.0,4.0,16.0,13.0,480.0,1568.0,0,0.9078125,32.0,4.0,6400000.0,0.9033657962328766
1.0,4.0,4.0,1.0,1.0,1.0,63.0,32.0,0,0.5015625,2048.0,16.0,6400000.0,0.5273919092465753
4.0,4.0,4.0,4.0,22.0,19.0,766.0,2528.0,0,0.9078125,256.0,64.0,6400000.0,0.9033657962328766
4.0,4.0,2.0,4.0,16.0,13.0,480.0,1568.0,0,0.9078125,32.0,0.00390625,6400000.0,0.9033657962328766
4.0,4.0,2.0,4.0,16.0,13.0,480.0,1568.0,0,0.9078125,64.0,32.0,6400000.0,0.8740115887964773
1.0,4.0,1.0,1.0,1.0,1.0,35.0,32.0,0,0.5015625,2048.0,1024.0,6400000.0,0.5273919092465753
4.0,4.0,2.0,4.0,16.0,13.0,480.0,1568.0,0,0.9078125,64.0,0.03125,6400000.0,0.9033657962328766
1.0,4.0,4.0,1.0,1.0,1.0,63.0,32.0,0,0.5015625,2048.0,16384.0,6400000.0,0.5273919092465753
4.0,4.0,4.0,7.0,33.0,33.0,1084.0,4768.0,0,0.940625,0.5,2.0,6400000.0,0.9409246575342465
1.0,4.0,2.0,1.0,1.0,1.0,39.0,32.0,0,0.5015625,32768.0,2.0,6400000.0,0.5273919092465753
1.0,4.0,4.0,1.0,1.0,1.0,63.0,32.0,0,0.5015625,4096.0,0.125,6400000.0,0.5273919092465753
4.0,4.0,4.0,5.0,27.0,23.0,909.0,3168.0,0,0.940625,0.0078125,16.0,6400000.0,0.9409246575342465
1.0,4.0,1.0,1.0,1.0,1.0,35.0,32.0,0,0.5015625,4096.0,0.0078125,6400000.0,0.5273919092465753
4.0,4.0,1.0,2.0,9.0,8.0,278.0,768.0,0,0.6890625,64.0,64.0,6400000.0,0.6533696183953033
1.0,4.0,2.0,1.0,1.0,1.0,39.0,32.0,0,0.5015625,64.0,32768.0,6400000.0,0.5273919092465753
1.0,4.0,1.0,1.0,1.0,1.0,35.0,32.0,0,0.5015625,4096.0,8.0,6400000.0,0.5273919092465753
4.0,4.0,1.0,2.0,9.0,8.0,278.0,768.0,0,0.6890625,128.0,0.0,6400000.0,0.6533696183953033
4.0,4.0,2.0,4.0,16.0,13.0,480.0,1568.0,0,0.9078125,128.0,0.25,6400000.0,0.8079065251956947
1.0,4.0,2.0,1.0,1.0,1.0,39.0,32.0,0,0.5015625,32768.0,0.00195312,6400000.0,0.5273919092465753
4.0,4.0,2.0,3.0,14.0,12.0,433.0,1408.0,0,0.75,256.0,0.00195312,6400000.0,0.7844231592465754
4.0,4.0,2.0,3.0,14.0,12.0,433.0,1408.0,0,0.75,256.0,2.0,6400000.0,0.7844231592465754
1.0,4.0,2.0,1.0,1.0,1.0,39.0,32.0,0,0.5015625,256.0,2048.0,6400000.0,0.5273919092465753
4.0,4.0,4.0,9.0,32.0,33.0,1010.0,4768.0,0,0.940625,0.0078125,0.015625,6400000.0,0.9409246575342465
4.0,4.0,2.0,3.0,14.0,12.0,433.0,1408.0,0,0.75,128.0,256.0,6400000.0,0.7844231592465754
1.0,4.0,1.0,1.0,1.0,1.0,35.0,32.0,0,0.5015625,8192.0,64.0,6400000.0,0.5273919092465753
1.0,4.0,2.0,1.0,1.0,1.0,39.0,32.0,0,0.5015625,512.0,0.015625,6400000.0,0.5273919092465753
4.0,4.0,1.0,2.0,9.0,8.0,278.0,768.0,0,0.6890625,128.0,0.5,6400000.0,0.6533696183953033
1.0,4.0,2.0,1.0,1.0,1.0,39.0,32.0,0,0.5015625,32768.0,2048.0,6400000.0,0.5273919092465753
4.0,4.0,4.0,9.0,32.0,33.0,1010.0,4768.0,0,0.940625,0.0,0.015625,6400000.0,0.9409246575342465
1.0,4.0,2.0,1.0,1.0,1.0,39.0,32.0,0,0.5015625,512.0,16384.0,6400000.0,0.5273919092465753
1.0,4.0,4.0,1.0,1.0,1.0,63.0,32.0,0,0.5015625,0.0078125,16384.0,6400000.0,0.5273919092465753
1.0,4.0,4.0,1.0,1.0,1.0,63.0,32.0,0,0.5015625,512.0,0.0,6400000.0,0.5273919092465753
1.0,4.0,1.0,1.0,1.0,1.0,35.0,32.0,0,0.5015625,4096.0,8192.0,6400000.0,0.5273919092465753
1.0,4.0,2.0,1.0,1.0,1.0,39.0,32.0,0,0.5015625,1024.0,128.0,6400000.0,0.5273919092465753
1.0,4.0,2.0,1.0,1.0,1.0,39.0,32.0,0,0.5015625,1024.0,0.125,6400000.0,0.5273919092465753
1.0,4.0,2.0,1.0,1.0,1.0,39.0,32.0,0,0.5015625,2048.0,0.000976562,6400000.0,0.5273919092465753
1.0,4.0,1.0,1.0,1.0,1.0,35.0,32.0,0,0.5015625,128.0,512.0,6400000.0,0.5273919092465753
1.0,4.0,2.0,1.0,1.0,1.0,39.0,32.0,0,0.5015625,512.0,16.0,6400000.0,0.5273919092465753
1.0,4.0,1.0,1.0,1.0,1.0,35.0,32.0,0,0.5015625,16384.0,0.5,6400000.0,0.5273919092465753
1.0,4.0,2.0,1.0,1.0,1.0,39.0,32.0,0,0.5015625,4096.0,0.0078125,6400000.0,0.5273919092465753
1.0,4.0,1.0,1.0,1.0,1.0,35.0,32.0,0,0.5015625,16384.0,0.0,6400000.0,0.5273919092465753
1.0,4.0,4.0,1.0,1.0,1.0,63.0,32.0,0,0.5015625,0.00195312,512.0,6400000.0,0.5273919092465753
1.0,4.0,4.0,1.0,1.0,1.0,63.0,32.0,0,0.5015625,512.0,0.5,6400000.0,0.5273919092465753
1.0,4.0,4.0,1.0,1.0,1.0,63.0,32.0,0,0.5015625,4096.0,128.0,6400000.0,0.5273919092465753
1.0,4.0,1.0,1.0,1.0,1.0,35.0,32.0,0,0.5015625,8192.0,0.0625,6400000.0,0.5273919092465753
1.0,4.0,4.0,1.0,1.0,1.0,63.0,32.0,0,0.5015625,512.0,512.0,6400000.0,0.5273919092465753
1.0,4.0,2.0,1.0,1.0,1.0,39.0,32.0,0,0.5015625,2048.0,1.0,6400000.0,0.5273919092465753
1.0,4.0,1.0,1.0,1.0,1.0,35.0,32.0,0,0.5015625,32768.0,0.00390625,6400000.0,0.5273919092465753
1.0,4.0,1.0,1.0,1.0,1.0,35.0,32.0,0,0.5015625,16384.0,512.0,6400000.0,0.5273919092465753
4.0,4.0,1.0,2.0,9.0,8.0,278.0,768.0,0,0.6890625,256.0,4.0,6400000.0,0.6533696183953033
1.0,4.0,4.0,1.0,1.0,1.0,63.0,32.0,0,0.5015625,0.5,2048.0,6400000.0,0.5273919092465753
1.0,4.0,1.0,1.0,1.0,1.0,35.0,32.0,0,0.5015625,32768.0,4.0,6400000.0,0.5273919092465753
1.0,4.0,4.0,1.0,1.0,1.0,63.0,32.0,0,0.5015625,64.0,2048.0,6400000.0,0.5273919092465753
4.0,4.0,2.0,4.0,16.0,13.0,480.0,1568.0,0,0.9078125,0.0,32.0,6400000.0,0.9033657962328766
1.0,4.0,2.0,1.0,1.0,1.0,39.0,32.0,0,0.5015625,2048.0,1024.0,6400000.0,0.5273919092465753
4.0,4.0,2.0,4.0,16.0,13.0,480.0,1568.0,0,0.9078125,0.0,0.03125,6400000.0,0.9033657962328766
4.0,4.0,4.0,9.0,32.0,33.0,1010.0,4768.0,0,0.940625,0.00390625,0.00390625,6400000.0,0.9409246575342465
4.0,4.0,1.0,2.0,9.0,8.0,278.0,768.0,0,0.6890625,256.0,0.00390625,6400000.0,0.6533696183953033
1.0,4.0,4.0,1.0,1.0,1.0,63.0,32.0,0,0.5015625,8192.0,0.000976562,6400000.0,0.5273919092465753
4.0,4.0,2.0,4.0,16.0,13.0,480.0,1568.0,0,0.9078125,0.00195312,0.00195312,6400000.0,0.9033657962328766
1.0,4.0,2.0,1.0,1.0,1.0,39.0,32.0,0,0.5015625,4096.0,8.0,6400000.0,0.5273919092465753
4.0,4.0,2.0,4.0,16.0,13.0,480.0,1568.0,0,0.9078125,0.00195312,2.0,6400000.0,0.9033657962328766
1.0,4.0,1.0,1.0,1.0,1.0,35.0,32.0,0,0.5015625,256.0,4096.0,6400000.0,0.5273919092465753
1.0,4.0,2.0,1.0,1.0,1.0,39.0,32.0,0,0.5015625,0.00195312,2048.0,6400000.0,0.5273919092465753
4.0,4.0,4.0,9.0,32.0,33.0,1010.0,4768.0,0,0.940625,0.015625,0.125,6400000.0,0.9409246575342465
4.0,4.0,4.0,9.0,32.0,33.0,1010.0,4768.0,0,0.940625,0.03125,0.000976562,6400000.0,0.9409246575342465
1.0,4.0,1.0,1.0,1.0,1.0,35.0,32.0,0,0.5015625,32768.0,4096.0,6400000.0,0.5273919092465753
4.0,4.0,4.0,5.0,27.0,23.0,909.0,3168.0,0,0.940625,0.015625,128.0,6400000.0,0.9409246575342465
1.0,4.0,2.0,1.0,1.0,1.0,39.0,32.0,0,0.5015625,0.0,32768.0,6400000.0,0.5273919092465753
4.0,4.0,4.0,9.0,32.0,33.0,1010.0,4768.0,0,0.940625,1.0,0.015625,6400000.0,0.9409246575342465
1.0,4.0,4.0,1.0,1.0,1.0,63.0,32.0,0,0.5015625,1.0,16384.0,6400000.0,0.5273919092465753
1.0,4.0,1.0,1.0,1.0,1.0,35.0,32.0,0,0.5015625,512.0,32.0,6400000.0,0.5273919092465753
4.0,4.0,4.0,5.0,27.0,23.0,909.0,3168.0,0,0.940625,128.0,0.015625,6400000.0,0.9409246575342465
1.0,4.0,2.0,1.0,1.0,1.0,39.0,32.0,0,0.5015625,0.00390625,16384.0,6400000.0,0.5273919092465753
4.0,4.0,2.0,4.0,16.0,13.0,480.0,1568.0,0,0.9078125,0.000976562,0.25,6400000.0,0.9033657962328766
4.0,4.0,2.0,4.0,16.0,13.0,480.0,1568.0,0,0.9078125,0.0078125,128.0,6400000.0,0.8079065251956947
1.0,4.0,4.0,1.0,1.0,1.0,63.0,32.0,0,0.5015625,1024.0,0.00390625,6400000.0,0.5273919092465753
1.0,4.0,2.0,1.0,1.0,1.0,39.0,32.0,0,0.5015625,4096.0,8192.0,6400000.0,0.5273919092465753
4.0,4.0,2.0,3.0,14.0,12.0,433.0,1408.0,0,0.75,0.000976562,256.0,6400000.0,0.7844231592465754
4.0,4.0,2.0,4.0,16.0,13.0,480.0,1568.0,0,0.9078125,0.00390625,0.015625,6400000.0,0.9033657962328766
4.0,4.0,4.0,9.0,32.0,33.0,1010.0,4768.0,0,0.940625,0.03125,1.0,6400000.0,0.9409246575342465
1.0,4.0,1.0,1.0,1.0,1.0,35.0,32.0,0,0.5015625,512.0,0.03125,6400000.0,0.5273919092465753
4.0,4.0,4.0,5.0,27.0,23.0,909.0,3168.0,0,0.940625,1.0,16.0,6400000.0,0.9409246575342465
4.0,4.0,4.0,7.0,33.0,33.0,1084.0,4768.0,0,0.940625,0.00390625,4.0,6400000.0,0.9409246575342465
4.0,4.0,4.0,8.0,34.0,33.0,1095.0,4768.0,0,0.940625,2.0,0.125,6400000.0,0.9409246575342465
4.0,4.0,2.0,4.0,16.0,13.0,480.0,1568.0,0,0.9078125,0.00390625,16.0,6400000.0,0.9033657962328766
4.0,4.0,2.0,4.0,16.0,13.0,480.0,1568.0,0,0.9078125,0.0078125,0.125,6400000.0,0.9033657962328766
1.0,4.0,2.0,1.0,1.0,1.0,39.0,32.0,0,0.5015625,0.015625,1024.0,6400000.0,0.5273919092465753
1.0,4.0,4.0,1.0,1.0,1.0,63.0,32.0,0,0.5015625,0.0625,8192.0,6400000.0,0.5273919092465753
1.0,4.0,1.0,1.0,1.0,1.0,35.0,32.0,0,0.5015625,512.0,32768.0,6400000.0,0.5273919092465753
1.0,4.0,2.0,1.0,1.0,1.0,39.0,32.0,0,0.5015625,8192.0,0.0625,6400000.0,0.5273919092465753
4.0,4.0,4.0,5.0,27.0,23.0,909.0,3168.0,0,0.940625,2.0,128.0,6400000.0,0.9409246575342465
4.0,4.0,4.0,7.0,31.0,32.0,1019.0,4608.0,0,0.940625,0.0625,8.0,6400000.0,0.9409246575342465
4.0,4.0,4.0,9.0,32.0,33.0,1010.0,4768.0,0,0.940625,0.0625,0.0078125,6400000.0,0.9409246575342465
4.0,4.0,2.0,4.0,16.0,13.0,480.0,1568.0,0,0.9078125,0.03125,0.0078125,6400000.0,0.9033657962328766
1.0,4.0,4.0,1.0,1.0,1.0,63.0,32.0,0,0.5015625,0.03125,1024.0,6400000.0,0.5273919092465753
4.0,4.0,2.0,4.0,16.0,13.0,480.0,1568.0,0,0.9078125,0.015625,1.0,6400000.0,0.9033657962328766
4.0,4.0,4.0,7.0,33.0,33.0,1084.0,4768.0,0,0.940625,4.0,0.000976562,6400000.0,0.9409246575342465
1.0,4.0,2.0,1.0,1.0,1.0,39.0,32.0,0,0.5015625,0.03125,8192.0,6400000.0,0.5273919092465753
4.0,4.0,2.0,4.0,16.0,13.0,480.0,1568.0,0,0.9078125,0.03125,8.0,6400000.0,0.9033657962328766
1.0,4.0,1.0,1.0,1.0,1.0,35.0,32.0,0,0.5015625,1024.0,0.25,6400000.0,0.5273919092465753
4.0,4.0,2.0,4.0,16.0,13.0,480.0,1568.0,0,0.9078125,0.015625,0.000976562,6400000.0,0.9033657962328766
4.0,4.0,4.0,7.0,31.0,32.0,1019.0,4608.0,0,0.940625,8.0,0.0078125,6400000.0,0.9409246575342465
4.0,4.0,4.0,9.0,32.0,33.0,1010.0,4768.0,0,0.940625,0.125,0.0625,6400000.0,0.9409246575342465
4.0,4.0,4.0,9.0,32.0,33.0,1010.0,4768.0,0,0.940625,0.000976562,0.125,6400000.0,0.9409246575342465
4.0,4.0,4.0,5.0,27.0,23.0,909.0,3168.0,0,0.940625,0.0,16.0,6400000.0,0.9409246575342465
4.0,4.0,2.0,4.0,16.0,13.0,480.0,1568.0,0,0.9078125,0.125,0.0,6400000.0,0.9033657962328766
1.0,4.0,4.0,1.0,1.0,1.0,63.0,32.0,0,0.5015625,8192.0,1.0,6400000.0,0.5273919092465753
1.0,4.0,4.0,1.0,1.0,1.0,63.0,32.0,0,0.5015625,8192.0,1024.0,6400000.0,0.5273919092465753
1.0,4.0,4.0,1.0,1.0,1.0,63.0,32.0,0,0.5015625,1024.0,4096.0,6400000.0,0.5273919092465753
1.0,4.0,1.0,1.0,1.0,1.0,35.0,32.0,0,0.5015625,2048.0,0.00195312,6400000.0,0.5273919092465753
4.0,4.0,4.0,7.0,33.0,33.0,1084.0,4768.0,0,0.940625,4.0,1.0,6400000.0,0.9409246575342465
1.0,4.0,4.0,1.0,1.0,1.0,63.0,32.0,0,0.5015625,0.0,16384.0,6400000.0,0.5273919092465753
4.0,4.0,2.0,4.0,16.0,13.0,480.0,1568.0,0,0.9078125,0.0625,64.0,6400000.0,0.9033657962328766
1.0,4.0,2.0,1.0,1.0,1.0,39.0,32.0,0,0.5015625,0.125,512.0,6400000.0,0.5273919092465753
1.0,4.0,4.0,1.0,1.0,1.0,63.0,32.0,0,0.5015625,4.0,1024.0,6400000.0,0.5273919092465753
1.0,4.0,4.0,1.0,1.0,1.0,63.0,32.0,0,0.5015625,1024.0,4.0,6400000.0,0.5273919092465753
4.0,4.0,4.0,5.0,27.0,23.0,909.0,3168.0,0,0.940625,8.0,8.0,6400000.0,0.9409246575342465
1.0,4.0,2.0,1.0,1.0,1.0,39.0,32.0,0,0.5015625,8192.0,64.0,6400000.0,0.5273919092465753
1.0,4.0,4.0,1.0,1.0,1.0,63.0,32.0,0,0.5015625,16384.0,0.0078125,6400000.0,0.5273919092465753
4.0,4.0,2.0,4.0,16.0,13.0,480.0,1568.0,0,0.9078125,0.0625,0.0625,6400000.0,0.9033657962328766
1.0,4.0,1.0,1.0,1.0,1.0,35.0,32.0,0,0.5015625,1024.0,256.0,6400000.0,0.5273919092465753
1.0,4.0,2.0,1.0,1.0,1.0,39.0,32.0,0,0.5015625,16384.0,0.0,6400000.0,0.5273919092465753
1.0,4.0,4.0,1.0,1.0,1.0,63.0,32.0,0,0.5015625,8.0,8192.0,6400000.0,0.5273919092465753
1.0,4.0,2.0,1.0,1.0,1.0,39.0,32.0,0,0.5015625,0.25,4096.0,6400000.0,0.5273919092465753
4.0,4.0,4.0,5.0,27.0,23.0,909.0,3168.0,0,0.940625,0.125,64.0,6400000.0,0.9409246575342465
1.0,4.0,4.0,1.0,1.0,1.0,63.0,32.0,0,0.5015625,2048.0,0.03125,6400000.0,0.5273919092465753
4.0,4.0,2.0,4.0,16.0,13.0,480.0,1568.0,0,0.9078125,0.5,0.03125,6400000.0,0.9033657962328766
4.0,4.0,4.0,5.0,27.0,23.0,909.0,3168.0,0,0.940625,16.0,0.0625,6400000.0,0.9409246575342465
4.0,4.0,4.0,5.0,27.0,23.0,909.0,3168.0,0,0.940625,16.0,64.0,6400000.0,0.9409246575342465
4.0,4.0,2.0,4.0,16.0,13.0,480.0,1568.0,0,0.9078125,0.25,0.00390625,6400000.0,0.9033657962328766
4.0,4.0,2.0,4.0,16.0,13.0,480.0,1568.0,0,0.9078125,0.125,0.5,6400000.0,0.9033657962328766
4.0,4.0,2.0,4.0,16.0,13.0,480.0,1568.0,0,0.9078125,0.5,32.0,6400000.0,0.9033657962328766
1.0,4.0,2.0,1.0,1.0,1.0,39.0,32.0,0,0.5015625,0.5,32768.0,6400000.0,0.5273919092465753
4.0,4.0,2.0,4.0,16.0,13.0,480.0,1568.0,0,0.9078125,0.25,4.0,6400000.0,0.9033657962328766
1.0,4.0,1.0,1.0,1.0,1.0,35.0,32.0,0,0.5015625,2048.0,2.0,6400000.0,0.5273919092465753
1.0,4.0,4.0,1.0,1.0,1.0,63.0,32.0,0,0.5015625,16384.0,8.0,6400000.0,0.5273919092465753
4.0,4.0,4.0,9.0,32.0,33.0,1010.0,4768.0,0,0.940625,0.25,0.0,6400000.0,0.9409246575342465
4.0,4.0,2.0,4.0,16.0,13.0,480.0,1568.0,0,0.9078125,1.0,0.25,6400000.0,0.9033657962328766
4.0,4.0,4.0,5.0,27.0,23.0,909.0,3168.0,0,0.940625,0.000976562,128.0,6400000.0,0.9409246575342465
4.0,4.0,4.0,5.0,27.0,23.0,909.0,3168.0,0,0.940625,32.0,0.0,6400000.0,0.9409246575342465
4.0,4.0,2.0,4.0,16.0,13.0,480.0,1568.0,0,0.9078125,2.0,0.00195312,6400000.0,0.9033657962328766
4.0,4.0,4.0,9.0,32.0,33.0,1010.0,4768.0,0,0.940625,0.25,0.5,6400000.0,0.9409246575342465
4.0,4.0,2.0,3.0,14.0,12.0,433.0,1408.0,0,0.75,1.0,256.0,6400000.0,0.7844231592465754
4.0,4.0,4.0,5.0,27.0,23.0,909.0,3168.0,0,0.940625,32.0,0.5,6400000.0,0.9409246575342465
4.0,4.0,4.0,9.0,32.0,33.0,1010.0,4768.0,0,0.940625,0.00195312,1.0,6400000.0,0.9409246575342465
4.0,4.0,4.0,5.0,27.0,23.0,909.0,3168.0,0,0.940625,128.0,16.0,6400000.0,0.9409246575342465
1.0,4.0,4.0,1.0,1.0,1.0,63.0,32.0,0,0.5015625,128.0,16384.0,6400000.0,0.5273919092465753
1.0,4.0,2.0,1.0,1.0,1.0,39.0,32.0,0,0.5015625,16384.0,0.5,6400000.0,0.5273919092465753
4.0,4.0,2.0,4.0,16.0,13.0,480.0,1568.0,0,0.9078125,2.0,2.0,6400000.0,0.9033657962328766
4.0,4.0,2.0,4.0,15.0,12.0,447.0,1408.0,0,0.75,8.0,128.0,6400000.0,0.8079065251956947
1.0,4.0,2.0,1.0,1.0,1.0,39.0,32.0,0,0.5015625,2.0,2048.0,6400000.0,0.5273919092465753
1.0,4.0,4.0,1.0,1.0,1.0,63.0,32.0,0,0.5015625,32.0,512.0,6400000.0,0.5273919092465753
1.0,4.0,4.0,1.0,1.0,1.0,63.0,32.0,0,0.5015625,0.00390625,4096.0,6400000.0,0.5273919092465753
4.0,4.0,2.0,4.0,16.0,13.0,480.0,1568.0,0,0.9078125,16.0,1.0,6400000.0,0.9033657962328766
4.0,4.0,2.0,4.0,16.0,13.0,480.0,1568.0,0,0.9078125,8.0,0.125,6400000.0,0.9033657962328766
4.0,4.0,4.0,9.0,32.0,33.0,1010.0,4768.0,0,0.940625,0.00195312,0.000976562,6400000.0,0.9409246575342465
1.0,4.0,4.0,1.0,1.0,1.0,63.0,32.0,0,0.5015625,0.25,512.0,6400000.0,0.5273919092465753
4.0,4.0,2.0,4.0,16.0,13.0,480.0,1568.0,0,0.9078125,16.0,0.000976562,6400000.0,0.9033657962328766
4.0,4.0,2.0,4.0,16.0,13.0,480.0,1568.0,0,0.9078125,4.0,16.0,6400000.0,0.9033657962328766
1.0,4.0,2.0,1.0,1.0,1.0,39.0,32.0,0,0.5015625,16384.0,512.0,6400000.0,0.5273919092465753
1.0,4.0,2.0,1.0,1.0,1.0,39.0,32.0,0,0.5015625,32.0,8192.0,6400000.0,0.5273919092465753
4.0,4.0,4.0,5.0,27.0,23.0,909.0,3168.0,0,0.940625,256.0,0.125,6400000.0,0.9033657962328766
1.0,4.0,2.0,1.0,1.0,1.0,39.0,32.0,0,0.5015625,4.0,16384.0,6400000.0,0.5273919092465753
4.0,4.0,4.0,9.0,32.0,33.0,1010.0,4768.0,0,0.940625,0.5,0.00390625,6400000.0,0.9409246575342465
4.0,4.0,4.0,5.0,27.0,23.0,909.0,3168.0,0,0.940625,64.0,4.0,6400000.0,0.9409246575342465
4.0,4.0,2.0,4.0,16.0,13.0,480.0,1568.0,0,0.9078125,4.0,0.015625,6400000.0,0.9033657962328766
1.0,4.0,2.0,1.0,1.0,1.0,39.0,32.0,0,0.5015625,16.0,1024.0,6400000.0,0.5273919092465753
4.0,4.0,4.0,5.0,27.0,23.0,909.0,3168.0,0,0.940625,64.0,0.00390625,6400000.0,0.9409246575342465
4.0,4.0,2.0,4.0,16.0,13.0,480.0,1568.0,0,0.9078125,32.0,8.0,6400000.0,0.9033657962328766
1.0,4.0,4.0,1.0,1.0,1.0,63.0,32.0,0,0.5015625,2048.0,32.0,6400000.0,0.5273919092465753
4.0,4.0,2.0,4.0,16.0,13.0,480.0,1568.0,0,0.9078125,32.0,0.0078125,6400000.0,0.9033657962328766
4.0,4.0,2.0,4.0,16.0,13.0,480.0,1568.0,0,0.9078125,64.0,64.0,6400000.0,0.8079065251956947
4.0,4.0,4.0,4.0,22.0,19.0,766.0,2528.0,0,0.9078125,256.0,128.0,6400000.0,0.9033657962328766
1.0,4.0,2.0,1.0,1.0,1.0,39.0,32.0,0,0.5015625,32768.0,4.0,6400000.0,0.5273919092465753
1.0,4.0,1.0,1.0,1.0,1.0,35.0,32.0,0,0.5015625,2048.0,2048.0,6400000.0,0.5273919092465753
1.0,4.0,1.0,1.0,1.0,1.0,35.0,32.0,0,0.5015625,4096.0,0.015625,6400000.0,0.5273919092465753
4.0,4.0,4.0,5.0,27.0,23.0,909.0,3168.0,0,0.940625,0.0078125,32.0,6400000.0,0.9409246575342465
4.0,4.0,2.0,4.0,16.0,13.0,480.0,1568.0,0,0.9078125,64.0,0.0625,6400000.0,0.9033657962328766
4.0,4.0,4.0,7.0,33.0,33.0,1084.0,4768.0,0,0.940625,0.5,4.0,6400000.0,0.9409246575342465
1.0,4.0,4.0,1.0,1.0,1.0,63.0,32.0,0,0.5015625,4096.0,0.25,6400000.0,0.5273919092465753
1.0,4.0,4.0,1.0,1.0,1.0,63.0,32.0,0,0.5015625,2048.0,32768.0,6400000.0,0.5273919092465753
4.0,4.0,2.0,4.0,16.0,13.0,480.0,1568.0,0,0.9078125,128.0,0.0,6400000.0,0.8079065251956947
4.0,4.0,2.0,4.0,16.0,13.0,480.0,1568.0,0,0.9078125,128.0,0.5,6400000.0,0.8079065251956947
1.0,4.0,4.0,1.0,1.0,1.0,63.0,32.0,0,0.5015625,32768.0,0.0625,6400000.0,0.5273919092465753
1.0,4.0,4.0,1.0,1.0,1.0,63.0,32.0,0,0.5015625,16384.0,8192.0,6400000.0,0.5273919092465753
4.0,4.0,2.0,3.0,14.0,12.0,433.0,1408.0,0,0.75,256.0,4.0,6400000.0,0.7844231592465754
4.0,4.0,2.0,3.0,14.0,12.0,433.0,1408.0,0,0.75,256.0,0.00390625,6400000.0,0.7844231592465754
1.0,4.0,2.0,1.0,1.0,1.0,39.0,32.0,0,0.5015625,32768.0,0.00390625,6400000.0,0.5273919092465753
1.0,4.0,2.0,1.0,1.0,1.0,39.0,32.0,0,0.5015625,256.0,4096.0,6400000.0,0.5273919092465753
4.0,4.0,4.0,9.0,32.0,33.0,1010.0,4768.0,0,0.940625,0.0078125,0.03125,6400000.0,0.9409246575342465
1.0,4.0,1.0,1.0,1.0,1.0,35.0,32.0,0,0.5015625,4096.0,16.0,6400000.0,0.5273919092465753
1.0,4.0,1.0,1.0,1.0,1.0,35.0,32.0,0,0.5015625,8192.0,128.0,6400000.0,0.5273919092465753
1.0,4.0,2.0,1.0,1.0,1.0,39.0,32.0,0,0.5015625,128.0,512.0,6400000.0,0.5273919092465753
1.0,4.0,2.0,1.0,1.0,1.0,39.0,32.0,0,0.5015625,512.0,0.03125,6400000.0,0.5273919092465753
1.0,4.0,2.0,1.0,1.0,1.0,39.0,32.0,0,0.5015625,512.0,32768.0,6400000.0,0.5273919092465753
4.0,4.0,4.0,9.0,32.0,33.0,1010.0,4768.0,0,0.940625,0.0,0.03125,6400000.0,0.9409246575342465
1.0,4.0,4.0,1.0,1.0,1.0,63.0,32.0,0,0.5015625,0.0078125,32768.0,6400000.0,0.5273919092465753
1.0,4.0,4.0,1.0,1.0,1.0,63.0,32.0,0,0.5015625,32768.0,64.0,6400000.0,0.5273919092465753
1.0,4.0,4.0,1.0,1.0,1.0,63.0,32.0,0,0.5015625,512.0,0.000976562,6400000.0,0.5273919092465753
1.0,4.0,1.0,1.0,1.0,1.0,35.0,32.0,0,0.5015625,4096.0,16384.0,6400000.0,0.5273919092465753
1.0,4.0,2.0,1.0,1.0,1.0,39.0,32.0,0,0.5015625,1024.0,0.25,6400000.0,0.5273919092465753
1.0,4.0,2.0,1.0,1.0,1.0,39.0,32.0,0,0.5015625,32768.0,4096.0,6400000.0,0.5273919092465753
1.0,4.0,2.0,1.0,1.0,1.0,39.0,32.0,0,0.5015625,1024.0,256.0,6400000.0,0.5273919092465753
1.0,4.0,2.0,1.0,1.0,1.0,39.0,32.0,0,0.5015625,2048.0,0.00195312,6400000.0,0.5273919092465753
1.0,4.0,1.0,1.0,1.0,1.0,35.0,32.0,0,0.5015625,16384.0,0.000976562,6400000.0,0.5273919092465753
1.0,4.0,1.0,1.0,1.0,1.0,35.0,32.0,0,0.5015625,16384.0,1.0,6400000.0,0.5273919092465753
1.0,4.0,4.0,1.0,1.0,1.0,63.0,32.0,0,0.5015625,0.00195312,1024.0,6400000.0,0.5273919092465753
1.0,4.0,2.0,1.0,1.0,1.0,39.0,32.0,0,0.5015625,512.0,32.0,6400000.0,0.5273919092465753
1.0,4.0,4.0,1.0,1.0,1.0,63.0,32.0,0,0.5015625,512.0,1.0,6400000.0,0.5273919092465753
4.0,4.0,8.0,24.0,84.0,95.0,5107.0,14688.0,0,0.9640625,0.0,0.0,6400000.0,0.9620535714285714
1.0,4.0,4.0,1.0,1.0,1.0,63.0,32.0,0,0.5015625,4096.0,256.0,6400000.0,0.5273919092465753
1.0,4.0,2.0,1.0,1.0,1.0,39.0,32.0,0,0.5015625,4096.0,0.015625,6400000.0,0.5273919092465753
1.0,4.0,4.0,1.0,1.0,1.0,63.0,32.0,0,0.5015625,0.5,4096.0,6400000.0,0.5273919092465753
1.0,4.0,1.0,1.0,1.0,1.0,35.0,32.0,0,0.5015625,32768.0,0.0078125,6400000.0,0.5273919092465753
1.0,4.0,1.0,1.0,1.0,1.0,35.0,32.0,0,0.5015625,32768.0,8.0,6400000.0,0.5273919092465753
1.0,4.0,2.0,1.0,1.0,1.0,39.0,32.0,0,0.5015625,2048.0,2.0,6400000.0,0.5273919092465753
1.0,4.0,1.0,1.0,1.0,1.0,35.0,32.0,0,0.5015625,8192.0,0.125,6400000.0,0.5273919092465753
1.0,4.0,1.0,1.0,1.0,1.0,35.0,32.0,0,0.5015625,16384.0,1024.0,6400000.0,0.5273919092465753
1.0,4.0,4.0,1.0,1.0,1.0,63.0,32.0,0,0.5015625,512.0,1024.0,6400000.0,0.5273919092465753
4.0,4.0,8.0,16.0,73.0,90.0,4663.0,13888.0,0,0.9640625,0.0,0.5,6400000.0,0.9620543358610567
4.0,4.0,2.0,4.0,16.0,13.0,480.0,1568.0,0,0.9078125,0.0,64.0,6400000.0,0.9033657962328766
4.0,4.0,2.0,4.0,16.0,13.0,480.0,1568.0,0,0.9078125,0.0,0.0625,6400000.0,0.9033657962328766
1.0,4.0,4.0,1.0,1.0,1.0,63.0,32.0,0,0.5015625,64.0,4096.0,6400000.0,0.5273919092465753
1.0,4.0,8.0,1.0,1.0,1.0,543.0,32.0,0,0.5015625,0.0,512.0,6400000.0,0.5273919092465753
4.0,4.0,4.0,9.0,32.0,33.0,1010.0,4768.0,0,0.940625,0.00390625,0.0078125,6400000.0,0.9409246575342465
1.0,4.0,2.0,1.0,1.0,1.0,39.0,32.0,0,0.5015625,2048.0,2048.0,6400000.0,0.5273919092465753
1.0,4.0,2.0,1.0,1.0,1.0,39.0,32.0,0,0.5015625,4096.0,16.0,6400000.0,0.5273919092465753
4.0,4.0,8.0,17.0,74.0,90.0,4674.0,13888.0,0,0.9640625,0.000976562,0.00390625,6400000.0,0.9620535714285714
4.0,4.0,2.0,4.0,16.0,13.0,480.0,1568.0,0,0.9078125,0.00195312,0.00390625,6400000.0,0.9033657962328766
4.0,4.0,4.0,9.0,32.0,33.0,1010.0,4768.0,0,0.940625,0.015625,0.25,6400000.0,0.9409246575342465
4.0,4.0,4.0,9.0,32.0,33.0,1010.0,4768.0,0,0.940625,0.03125,0.00195312,6400000.0,0.9409246575342465
1.0,4.0,1.0,1.0,1.0,1.0,35.0,32.0,0,0.5015625,32768.0,8192.0,6400000.0,0.5273919092465753
1.0,4.0,4.0,1.0,1.0,1.0,63.0,32.0,0,0.5015625,8192.0,0.00195312,6400000.0,0.5273919092465753
4.0,4.0,2.0,4.0,16.0,13.0,480.0,1568.0,0,0.9078125,0.00195312,4.0,6400000.0,0.9033657962328766
1.0,4.0,2.0,1.0,1.0,1.0,39.0,32.0,0,0.5015625,0.00195312,4096.0,6400000.0,0.5273919092465753
4.0,4.0,4.0,9.0,32.0,33.0,1010.0,4768.0,0,0.940625,1.0,0.03125,6400000.0,0.9409246575342465
4.0,4.0,2.0,4.0,16.0,13.0,480.0,1568.0,0,0.9078125,0.000976562,0.0,6400000.0,0.9033657962328766
4.0,4.0,4.0,5.0,27.0,23.0,909.0,3168.0,0,0.940625,0.015625,256.0,6400000.0,0.9033657962328766
1.0,4.0,4.0,1.0,1.0,1.0,63.0,32.0,0,0.5015625,1.0,32768.0,6400000.0,0.5273919092465753
1.0,4.0,2.0,1.0,1.0,1.0,39.0,32.0,0,0.5015625,0.00390625,32768.0,6400000.0,0.5273919092465753
1.0,4.0,4.0,1.0,1.0,1.0,63.0,32.0,0,0.5015625,1024.0,0.0078125,6400000.0,0.5273919092465753
4.0,4.0,2.0,4.0,16.0,13.0,480.0,1568.0,0,0.9078125,0.000976562,0.5,6400000.0,0.9033657962328766
4.0,4.0,8.0,14.0,67.0,88.0,4511.0,13568.0,0,0.9640625,0.000976562,4.0,6400000.0,0.9616629464285715
4.0,4.0,2.0,3.0,14.0,12.0,433.0,1408.0,0,0.75,0.0078125,256.0,6400000.0,0.7844231592465754
4.0,4.0,4.0,8.0,34.0,33.0,1095.0,4768.0,0,0.940625,0.03125,2.0,6400000.0,0.9409246575342465
1.0,4.0,2.0,1.0,1.0,1.0,39.0,32.0,0,0.5015625,4096.0,16384.0,6400000.0,0.5273919092465753
4.0,4.0,2.0,4.0,16.0,13.0,480.0,1568.0,0,0.9078125,0.00390625,0.03125,6400000.0,0.9033657962328766
4.0,4.0,4.0,5.0,27.0,23.0,909.0,3168.0,0,0.940625,1.0,32.0,6400000.0,0.9409246575342465
4.0,4.0,4.0,5.0,27.0,23.0,909.0,3168.0,0,0.940625,128.0,0.03125,6400000.0,0.9409246575342465
1.0,4.0,8.0,1.0,1.0,1.0,543.0,32.0,0,0.5015625,0.000976562,4096.0,6400000.0,0.5273919092465753
4.0,4.0,8.0,17.0,74.0,90.0,4674.0,13888.0,0,0.9640625,0.00195312,0.03125,6400000.0,0.9620535714285714
1.0,4.0,2.0,1.0,1.0,1.0,39.0,32.0,0,0.5015625,0.000976562,512.0,6400000.0,0.5273919092465753
4.0,4.0,4.0,8.0,34.0,33.0,1095.0,4768.0,0,0.940625,2.0,0.25,6400000.0,0.9409246575342465
4.0,4.0,2.0,4.0,16.0,13.0,480.0,1568.0,0,0.9078125,0.00390625,32.0,6400000.0,0.9033657962328766
1.0,4.0,2.0,1.0,1.0,1.0,39.0,32.0,0,0.5015625,0.015625,2048.0,6400000.0,0.5273919092465753
4.0,4.0,4.0,7.0,31.0,32.0,1019.0,4608.0,0,0.940625,0.00390625,8.0,6400000.0,0.9409246575342465
4.0,4.0,2.0,4.0,16.0,13.0,480.0,1568.0,0,0.9078125,0.0078125,0.25,6400000.0,0.9033657962328766
1.0,4.0,4.0,1.0,1.0,1.0,63.0,32.0,0,0.5015625,0.0625,16384.0,6400000.0,0.5273919092465753
4.0,4.0,4.0,5.0,27.0,23.0,909.0,3168.0,0,0.940625,0.0625,16.0,6400000.0,0.9409246575342465
4.0,4.0,4.0,5.0,27.0,23.0,909.0,3168.0,0,0.940625,2.0,256.0,6400000.0,0.9033657962328766
4.0,4.0,2.0,4.0,16.0,13.0,480.0,1568.0,0,0.9078125,0.03125,0.015625,6400000.0,0.9033657962328766
4.0,4.0,2.0,4.0,16.0,13.0,480.0,1568.0,0,0.9078125,0.015625,0.00195312,6400000.0,0.9033657962328766
4.0,4.0,4.0,9.0,32.0,33.0,1010.0,4768.0,0,0.940625,0.0625,0.015625,6400000.0,0.9409246575342465
1.0,4.0,2.0,1.0,1.0,1.0,39.0,32.0,0,0.5015625,8192.0,0.125,6400000.0,0.5273919092465753
1.0,4.0,4.0,1.0,1.0,1.0,63.0,32.0,0,0.5015625,0.03125,2048.0,6400000.0,0.5273919092465753
1.0,4.0,2.0,1.0,1.0,1.0,39.0,32.0,0,0.5015625,0.03125,16384.0,6400000.0,0.5273919092465753
4.0,4.0,2.0,4.0,16.0,13.0,480.0,1568.0,0,0.9078125,0.03125,16.0,6400000.0,0.9033657962328766
4.0,4.0,2.0,4.0,16.0,13.0,480.0,1568.0,0,0.9078125,0.015625,2.0,6400000.0,0.9033657962328766
4.0,4.0,4.0,7.0,33.0,33.0,1084.0,4768.0,0,0.940625,4.0,0.00195312,6400000.0,0.9409246575342465
4.0,4.0,4.0,9.0,32.0,33.0,1010.0,4768.0,0,0.940625,0.125,0.125,6400000.0,0.9409246575342465
4.0,4.0,8.0,8.0,51.0,62.0,3844.0,9408.0,0,0.959375,0.00195312,32.0,6400000.0,0.9585318309686889
4.0,4.0,4.0,5.0,27.0,23.0,909.0,3168.0,0,0.940625,0.0,32.0,6400000.0,0.9409246575342465
1.0,4.0,4.0,1.0,1.0,1.0,63.0,32.0,0,0.5015625,8192.0,2.0,6400000.0,0.5273919092465753
4.0,4.0,4.0,7.0,31.0,32.0,1019.0,4608.0,0,0.940625,8.0,0.015625,6400000.0,0.9409246575342465
4.0,4.0,4.0,9.0,32.0,33.0,1010.0,4768.0,0,0.940625,0.000976562,0.25,6400000.0,0.9409246575342465
1.0,4.0,4.0,1.0,1.0,1.0,63.0,32.0,0,0.5015625,8192.0,2048.0,6400000.0,0.5273919092465753
1.0,4.0,4.0,1.0,1.0,1.0,63.0,32.0,0,0.5015625,0.0,32768.0,6400000.0,0.5273919092465753
4.0,4.0,2.0,4.0,16.0,13.0,480.0,1568.0,0,0.9078125,0.125,0.000976562,6400000.0,0.9033657962328766
1.0,4.0,8.0,1.0,1.0,1.0,543.0,32.0,0,0.5015625,0.00195312,32768.0,6400000.0,0.5273919092465753
1.0,4.0,4.0,1.0,1.0,1.0,63.0,32.0,0,0.5015625,1024.0,8192.0,6400000.0,0.5273919092465753
4.0,4.0,4.0,7.0,33.0,33.0,1084.0,4768.0,0,0.940625,4.0,2.0,6400000.0,0.9409246575342465
1.0,4.0,4.0,1.0,1.0,1.0,63.0,32.0,0,0.5015625,1024.0,8.0,6400000.0,0.5273919092465753
4.0,4.0,2.0,4.0,16.0,13.0,480.0,1568.0,0,0.9078125,0.0625,128.0,6400000.0,0.8079065251956947
1.0,4.0,2.0,1.0,1.0,1.0,39.0,32.0,0,0.5015625,8192.0,128.0,6400000.0,0.5273919092465753
1.0,4.0,2.0,1.0,1.0,1.0,39.0,32.0,0,0.5015625,0.125,1024.0,6400000.0,0.5273919092465753
1.0,4.0,4.0,1.0,1.0,1.0,63.0,32.0,0,0.5015625,16384.0,0.015625,6400000.0,0.5273919092465753
1.0,4.0,4.0,1.0,1.0,1.0,63.0,32.0,0,0.5015625,4.0,2048.0,6400000.0,0.5273919092465753
1.0,4.0,2.0,1.0,1.0,1.0,39.0,32.0,0,0.5015625,0.25,8192.0,6400000.0,0.5273919092465753
4.0,4.0,4.0,5.0,27.0,23.0,909.0,3168.0,0,0.940625,8.0,16.0,6400000.0,0.9409246575342465
4.0,4.0,8.0,16.0,73.0,90.0,4663.0,13888.0,0,0.9640625,0.00390625,0.25,6400000.0,0.962445725293542
1.0,4.0,4.0,1.0,1.0,1.0,63.0,32.0,0,0.5015625,8.0,16384.0,6400000.0,0.5273919092465753
4.0,4.0,2.0,4.0,16.0,13.0,480.0,1568.0,0,0.9078125,0.0625,0.125,6400000.0,0.9033657962328766
1.0,4.0,2.0,1.0,1.0,1.0,39.0,32.0,0,0.5015625,16384.0,0.000976562,6400000.0,0.5273919092465753
4.0,4.0,2.0,4.0,16.0,13.0,480.0,1568.0,0,0.9078125,0.5,0.0625,6400000.0,0.9033657962328766
4.0,4.0,2.0,4.0,16.0,13.0,480.0,1568.0,0,0.9078125,0.25,0.0078125,6400000.0,0.9033657962328766
4.0,4.0,4.0,5.0,27.0,23.0,909.0,3168.0,0,0.940625,0.125,128.0,6400000.0,0.9409246575342465
4.0,4.0,4.0,5.0,27.0,23.0,909.0,3168.0,0,0.940625,16.0,0.125,6400000.0,0.9409246575342465
4.0,4.0,2.0,4.0,16.0,13.0,480.0,1568.0,0,0.9078125,0.5,64.0,6400000.0,0.9033657962328766
4.0,4.0,2.0,4.0,16.0,13.0,480.0,1568.0,0,0.9078125,0.125,1.0,6400000.0,0.9033657962328766
4.0,4.0,4.0,5.0,27.0,23.0,909.0,3168.0,0,0.940625,16.0,128.0,6400000.0,0.9409246575342465
1.0,4.0,4.0,1.0,1.0,1.0,63.0,32.0,0,0.5015625,2048.0,0.0625,6400000.0,0.5273919092465753
4.0,4.0,8.0,5.0,27.0,23.0,2589.0,3168.0,0,0.940625,0.00390625,256.0,6400000.0,0.9033657962328766
4.0,4.0,4.0,9.0,32.0,33.0,1010.0,4768.0,0,0.940625,0.25,0.000976562,6400000.0,0.9409246575342465
1.0,4.0,4.0,1.0,1.0,1.0,63.0,32.0,0,0.5015625,16384.0,16.0,6400000.0,0.5273919092465753
4.0,4.0,2.0,4.0,16.0,13.0,480.0,1568.0,0,0.9078125,0.25,8.0,6400000.0,0.9033657962328766
4.0,4.0,2.0,4.0,16.0,13.0,480.0,1568.0,0,0.9078125,1.0,0.0,6400000.0,0.9033657962328766
4.0,4.0,4.0,5.0,27.0,23.0,909.0,3168.0,0,0.940625,32.0,0.000976562,6400000.0,0.9409246575342465
4.0,4.0,4.0,5.0,27.0,23.0,909.0,3168.0,0,0.940625,0.000976562,256.0,6400000.0,0.9033657962328766
4.0,4.0,2.0,4.0,16.0,13.0,480.0,1568.0,0,0.9078125,1.0,0.5,6400000.0,0.9033657962328766
4.0,4.0,2.0,4.0,16.0,13.0,480.0,1568.0,0,0.9078125,2.0,0.00390625,6400000.0,0.9033657962328766
4.0,4.0,4.0,8.0,34.0,33.0,1095.0,4768.0,0,0.940625,0.25,1.0,6400000.0,0.9409246575342465
1.0,4.0,2.0,1.0,1.0,1.0,39.0,32.0,0,0.5015625,1.0,512.0,6400000.0,0.5273919092465753
4.0,4.0,2.0,3.0,14.0,12.0,433.0,1408.0,0,0.75,8.0,256.0,6400000.0,0.7844231592465754
4.0,4.0,4.0,5.0,27.0,23.0,909.0,3168.0,0,0.940625,32.0,1.0,6400000.0,0.9409246575342465
1.0,4.0,4.0,1.0,1.0,1.0,63.0,32.0,0,0.5015625,128.0,32768.0,6400000.0,0.5273919092465753
4.0,4.0,4.0,8.0,34.0,33.0,1095.0,4768.0,0,0.940625,0.00195312,2.0,6400000.0,0.9409246575342465
1.0,4.0,2.0,1.0,1.0,1.0,39.0,32.0,0,0.5015625,16384.0,1.0,6400000.0,0.5273919092465753
4.0,4.0,4.0,5.0,27.0,23.0,909.0,3168.0,0,0.940625,128.0,32.0,6400000.0,0.9409246575342465
1.0,4.0,2.0,1.0,1.0,1.0,39.0,32.0,0,0.5015625,2.0,4096.0,6400000.0,0.5273919092465753
4.0,4.0,2.0,4.0,16.0,13.0,480.0,1568.0,0,0.9078125,16.0,2.0,6400000.0,0.9033657962328766
1.0,4.0,4.0,1.0,1.0,1.0,63.0,32.0,0,0.5015625,32.0,1024.0,6400000.0,0.5273919092465753
4.0,4.0,8.0,17.0,74.0,90.0,4674.0,13888.0,0,0.9640625,0.0078125,0.00195312,6400000.0,0.9620535714285714
1.0,4.0,4.0,1.0,1.0,1.0,63.0,32.0,0,0.5015625,0.00390625,8192.0,6400000.0,0.5273919092465753
4.0,4.0,2.0,4.0,16.0,13.0,480.0,1568.0,0,0.9078125,8.0,0.25,6400000.0,0.9033657962328766
4.0,4.0,4.0,9.0,32.0,33.0,1010.0,4768.0,0,0.940625,0.00195312,0.00195312,6400000.0,0.9409246575342465
4.0,4.0,2.0,4.0,16.0,13.0,480.0,1568.0,0,0.9078125,2.0,4.0,6400000.0,0.9033657962328766
1.0,4.0,4.0,1.0,1.0,1.0,63.0,32.0,0,0.5015625,0.25,1024.0,6400000.0,0.5273919092465753
4.0,4.0,2.0,4.0,16.0,13.0,480.0,1568.0,0,0.9078125,4.0,32.0,6400000.0,0.9033657962328766
1.0,4.0,2.0,1.0,1.0,1.0,39.0,32.0,0,0.5015625,32.0,16384.0,6400000.0,0.5273919092465753
1.0,4.0,2.0,1.0,1.0,1.0,39.0,32.0,0,0.5015625,16384.0,1024.0,6400000.0,0.5273919092465753
4.0,4.0,2.0,4.0,16.0,13.0,480.0,1568.0,0,0.9078125,16.0,0.00195312,6400000.0,0.9033657962328766
1.0,4.0,2.0,1.0,1.0,1.0,39.0,32.0,0,0.5015625,4.0,32768.0,6400000.0,0.5273919092465753
4.0,4.0,4.0,9.0,32.0,33.0,1010.0,4768.0,0,0.940625,0.5,0.0078125,6400000.0,0.9409246575342465
4.0,4.0,4.0,5.0,27.0,23.0,909.0,3168.0,0,0.940625,256.0,0.25,6400000.0,0.9033657962328766
4.0,4.0,4.0,5.0,27.0,23.0,909.0,3168.0,0,0.940625,64.0,0.0078125,6400000.0,0.9409246575342465
1.0,4.0,2.0,1.0,1.0,1.0,39.0,32.0,0,0.5015625,16.0,2048.0,6400000.0,0.5273919092465753
4.0,4.0,2.0,4.0,16.0,13.0,480.0,1568.0,0,0.9078125,4.0,0.03125,6400000.0,0.9033657962328766
4.0,4.0,4.0,5.0,27.0,23.0,909.0,3168.0,0,0.940625,64.0,8.0,6400000.0,0.9409246575342465
4.0,4.0,2.0,4.0,16.0,13.0,480.0,1568.0,0,0.9078125,32.0,0.015625,6400000.0,0.9033657962328766
4.0,4.0,2.0,4.0,16.0,13.0,480.0,1568.0,0,0.9078125,32.0,16.0,6400000.0,0.9033657962328766
1.0,4.0,4.0,1.0,1.0,1.0,63.0,32.0,0,0.5015625,2048.0,64.0,6400000.0,0.5273919092465753
4.0,4.0,2.0,3.0,14.0,12.0,433.0,1408.0,0,0.75,64.0,128.0,6400000.0,0.7844231592465754
1.0,4.0,4.0,1.0,1.0,1.0,63.0,32.0,0,0.5015625,256.0,256.0,6400000.0,0.5273919092465753
1.0,4.0,8.0,1.0,1.0,1.0,543.0,32.0,0,0.5015625,0.0078125,2048.0,6400000.0,0.5273919092465753
4.0,4.0,8.0,14.0,66.0,86.0,4477.0,13248.0,0,0.9640625,0.0078125,2.0,6400000.0,0.9616629464285715
1.0,4.0,2.0,1.0,1.0,1.0,39.0,32.0,0,0.5015625,32768.0,8.0,6400000.0,0.5273919092465753
1.0,4.0,4.0,1.0,1.0,1.0,63.0,32.0,0,0.5015625,4096.0,0.5,6400000.0,0.5273919092465753
4.0,4.0,2.0,4.0,16.0,13.0,480.0,1568.0,0,0.9078125,128.0,0.000976562,6400000.0,0.8079065251956947
4.0,4.0,4.0,6.0,29.0,32.0,976.0,4608.0,0,0.940625,0.5,8.0,6400000.0,0.9409246575342465
4.0,4.0,2.0,4.0,16.0,13.0,480.0,1568.0,0,0.9078125,64.0,0.125,6400000.0,0.9033657962328766
1.0,4.0,4.0,1.0,1.0,1.0,63.0,32.0,0,0.5015625,4096.0,0.0,6400000.0,0.5273919092465753
4.0,4.0,4.0,5.0,27.0,23.0,909.0,3168.0,0,0.940625,0.0078125,64.0,6400000.0,0.9409246575342465
1.0,4.0,4.0,1.0,1.0,1.0,63.0,32.0,0,0.5015625,16384.0,16384.0,6400000.0,0.5273919092465753
4.0,4.0,2.0,4.0,16.0,13.0,480.0,1568.0,0,0.9078125,128.0,1.0,6400000.0,0.8079065251956947
1.0,4.0,2.0,1.0,1.0,1.0,39.0,32.0,0,0.5015625,256.0,8192.0,6400000.0,0.5273919092465753
1.0,4.0,4.0,1.0,1.0,1.0,63.0,32.0,0,0.5015625,32768.0,0.125,6400000.0,0.5273919092465753
1.0,4.0,2.0,1.0,1.0,1.0,39.0,32.0,0,0.5015625,32768.0,0.0078125,6400000.0,0.5273919092465753
4.0,4.0,2.0,3.0,14.0,12.0,433.0,1408.0,0,0.75,256.0,8.0,6400000.0,0.7844231592465754
4.0,4.0,8.0,17.0,74.0,90.0,4674.0,13888.0,0,0.9640625,0.015625,0.015625,6400000.0,0.9620535714285714
4.0,4.0,4.0,9.0,32.0,33.0,1010.0,4768.0,0,0.940625,0.0078125,0.0625,6400000.0,0.9409246575342465
1.0,4.0,2.0,1.0,1.0,1.0,39.0,32.0,0,0.5015625,512.0,0.0625,6400000.0,0.5273919092465753
4.0,4.0,4.0,9.0,32.0,33.0,1010.0,4768.0,0,0.940625,0.015625,0.0,6400000.0,0.9409246575342465
1.0,4.0,4.0,1.0,1.0,1.0,63.0,32.0,0,0.5015625,32768.0,128.0,6400000.0,0.5273919092465753
1.0,4.0,2.0,1.0,1.0,1.0,39.0,32.0,0,0.5015625,128.0,1024.0,6400000.0,0.5273919092465753
4.0,4.0,8.0,8.0,51.0,62.0,3844.0,9408.0,0,0.959375,0.015625,16.0,6400000.0,0.9585318309686889
1.0,4.0,2.0,1.0,1.0,1.0,39.0,32.0,0,0.5015625,1024.0,0.0,6400000.0,0.5273919092465753
4.0,4.0,4.0,9.0,32.0,33.0,1010.0,4768.0,0,0.940625,0.0,0.0625,6400000.0,0.9409246575342465
4.0,4.0,2.0,3.0,14.0,12.0,433.0,1408.0,0,0.75,256.0,0.0078125,6400000.0,0.7844231592465754
1.0,4.0,4.0,1.0,1.0,1.0,63.0,32.0,0,0.5015625,512.0,0.00195312,6400000.0,0.5273919092465753
1.0,4.0,2.0,1.0,1.0,1.0,39.0,32.0,0,0.5015625,1024.0,512.0,6400000.0,0.5273919092465753
1.0,4.0,8.0,1.0,1.0,1.0,543.0,32.0,0,0.5015625,0.015625,16384.0,6400000.0,0.5273919092465753
1.0,4.0,2.0,1.0,1.0,1.0,39.0,32.0,0,0.5015625,2048.0,0.00390625,6400000.0,0.5273919092465753
1.0,4.0,4.0,1.0,1.0,1.0,63.0,32.0,0,0.5015625,512.0,2.0,6400000.0,0.5273919092465753
1.0,4.0,2.0,1.0,1.0,1.0,39.0,32.0,0,0.5015625,1024.0,0.5,6400000.0,0.5273919092465753
1.0,4.0,2.0,1.0,1.0,1.0,39.0,32.0,0,0.5015625,32768.0,8192.0,6400000.0,0.5273919092465753
1.0,4.0,4.0,1.0,1.0,1.0,63.0,32.0,0,0.5015625,0.00195312,2048.0,6400000.0,0.5273919092465753
1.0,4.0,4.0,1.0,1.0,1.0,63.0,32.0,0,0.5015625,4096.0,512.0,6400000.0,0.5273919092465753
4.0,4.0,8.0,17.0,74.0,90.0,4674.0,13888.0,0,0.9640625,0.0,0.000976562,6400000.0,0.9620535714285714
4.0,4.0,8.0,17.0,74.0,90.0,4674.0,13888.0,0,0.9625,0.03125,0.125,6400000.0,0.962445725293542
1.0,4.0,4.0,1.0,1.0,1.0,63.0,32.0,0,0.5015625,0.5,8192.0,6400000.0,0.5273919092465753
1.0,4.0,2.0,1.0,1.0,1.0,39.0,32.0,0,0.5015625,512.0,64.0,6400000.0,0.5273919092465753
1.0,4.0,2.0,1.0,1.0,1.0,39.0,32.0,0,0.5015625,4096.0,0.03125,6400000.0,0.5273919092465753
1.0,4.0,4.0,1.0,1.0,1.0,63.0,32.0,0,0.5015625,512.0,2048.0,6400000.0,0.5273919092465753
4.0,4.0,8.0,17.0,74.0,90.0,4674.0,13888.0,0,0.9640625,0.0625,0.000976562,6400000.0,0.9620535714285714
1.0,4.0,2.0,1.0,1.0,1.0,39.0,32.0,0,0.5015625,2048.0,4.0,6400000.0,0.5273919092465753
4.0,4.0,8.0,14.0,66.0,85.0,4476.0,13088.0,0,0.9640625,0.0,1.0,6400000.0,0.9620543358610567
1.0,4.0,8.0,1.0,1.0,1.0,543.0,32.0,0,0.5015625,0.0625,1024.0,6400000.0,0.5273919092465753
4.0,4.0,8.0,14.0,66.0,85.0,4476.0,13088.0,0,0.9640625,0.0625,1.0,6400000.0,0.9620543358610567
4.0,4.0,8.0,5.0,27.0,23.0,2589.0,3168.0,0,0.940625,0.03125,128.0,6400000.0,0.9409246575342465
1.0,4.0,4.0,1.0,1.0,1.0,63.0,32.0,0,0.5015625,64.0,8192.0,6400000.0,0.5273919092465753
1.0,4.0,8.0,1.0,1.0,1.0,543.0,32.0,0,0.5015625,0.0,1024.0,6400000.0,0.5273919092465753
4.0,4.0,8.0,17.0,74.0,90.0,4674.0,13888.0,0,0.9625,0.125,0.0078125,6400000.0,0.962445725293542
1.0,4.0,2.0,1.0,1.0,1.0,39.0,32.0,0,0.5015625,4096.0,32.0,6400000.0,0.5273919092465753
4.0,4.0,8.0,12.0,64.0,93.0,4462.0,14368.0,0,0.9640625,0.125,8.0,6400000.0,0.9581404415362034
1.0,4.0,2.0,1.0,1.0,1.0,39.0,32.0,0,0.5015625,2048.0,4096.0,6400000.0,0.5273919092465753
4.0,4.0,4.0,9.0,32.0,33.0,1010.0,4768.0,0,0.940625,0.03125,0.00390625,6400000.0,0.9409246575342465
4.0,4.0,8.0,16.0,73.0,90.0,4663.0,13888.0,0,0.9640625,0.25,0.0625,6400000.0,0.962445725293542
4.0,4.0,4.0,9.0,32.0,33.0,1010.0,4768.0,0,0.940625,0.00390625,0.015625,6400000.0,0.9409246575342465
1.0,4.0,8.0,1.0,1.0,1.0,543.0,32.0,0,0.5015625,0.125,8192.0,6400000.0,0.5273919092465753
4.0,4.0,8.0,17.0,74.0,90.0,4674.0,13888.0,0,0.9640625,0.000976562,0.0078125,6400000.0,0.9620535714285714
4.0,4.0,8.0,5.0,27.0,23.0,2589.0,3168.0,0,0.940625,0.25,64.0,6400000.0,0.9409246575342465
4.0,4.0,4.0,9.0,35.0,33.0,1106.0,4768.0,0,0.940625,1.0,0.0625,6400000.0,0.9409246575342465
1.0,4.0,4.0,1.0,1.0,1.0,63.0,32.0,0,0.5015625,8192.0,0.00390625,6400000.0,0.5273919092465753
4.0,4.0,8.0,16.0,73.0,90.0,4663.0,13888.0,0,0.9640625,0.5,0.0,6400000.0,0.9620543358610567
4.0,4.0,8.0,14.0,66.0,85.0,4476.0,13088.0,0,0.9640625,0.5,0.5,6400000.0,0.9620543358610567
1.0,4.0,4.0,1.0,1.0,1.0,63.0,32.0,0,0.5015625,0.015625,512.0,6400000.0,0.5273919092465753
4.0,4.0,4.0,8.0,34.0,33.0,1095.0,4768.0,0,0.940625,2.0,0.0,6400000.0,0.9409246575342465
4.0,4.0,4.0,9.0,32.0,33.0,1010.0,4768.0,0,0.940625,0.015625,0.5,6400000.0,0.9409246575342465
1.0,4.0,8.0,1.0,1.0,1.0,543.0,32.0,0,0.5015625,0.5,512.0,6400000.0,0.5273919092465753
1.0,4.0,4.0,1.0,1.0,1.0,63.0,32.0,0,0.5015625,1024.0,0.015625,6400000.0,0.5273919092465753
4.0,4.0,8.0,14.0,66.0,85.0,4476.0,13088.0,0,0.9640625,1.0,0.00390625,6400000.0,0.9620543358610567
4.0,4.0,8.0,12.0,64.0,93.0,4462.0,14368.0,0,0.9640625,0.000976562,8.0,6400000.0,0.9581404415362034
4.0,4.0,4.0,7.0,33.0,33.0,1084.0,4768.0,0,0.940625,0.03125,4.0,6400000.0,0.9409246575342465
1.0,4.0,8.0,1.0,1.0,1.0,543.0,32.0,0,0.5015625,0.000976562,8192.0,6400000.0,0.5273919092465753
4.0,4.0,4.0,5.0,27.0,23.0,909.0,3168.0,0,0.940625,1.0,64.0,6400000.0,0.9409246575342465
4.0,4.0,8.0,14.0,67.0,88.0,4511.0,13568.0,0,0.9640625,1.0,4.0,6400000.0,0.9577490521037182
4.0,4.0,4.0,5.0,27.0,23.0,909.0,3168.0,0,0.940625,128.0,0.0625,6400000.0,0.9409246575342465
1.0,4.0,2.0,1.0,1.0,1.0,39.0,32.0,0,0.5015625,4096.0,32768.0,6400000.0,0.5273919092465753
4.0,4.0,8.0,17.0,74.0,90.0,4674.0,13888.0,0,0.9640625,0.00195312,0.0625,6400000.0,0.9620535714285714
1.0,4.0,8.0,1.0,1.0,1.0,543.0,32.0,0,0.5015625,1.0,4096.0,6400000.0,0.5273919092465753
4.0,4.0,8.0,14.0,66.0,86.0,4477.0,13248.0,0,0.9640625,2.0,0.03125,6400000.0,0.9616629464285715
4.0,4.0,8.0,8.0,51.0,62.0,3844.0,9408.0,0,0.959375,2.0,32.0,6400000.0,0.9577505809686888
4.0,4.0,4.0,5.0,27.0,23.0,909.0,3168.0,0,0.940625,0.00390625,16.0,6400000.0,0.9409246575342465
4.0,4.0,4.0,7.0,33.0,33.0,1084.0,4768.0,0,0.940625,2.0,0.5,6400000.0,0.9409246575342465
1.0,4.0,8.0,1.0,1.0,1.0,543.0,32.0,0,0.5015625,2.0,32768.0,6400000.0,0.5273919092465753
4.0,4.0,8.0,14.0,67.0,88.0,4511.0,13568.0,0,0.9640625,4.0,0.25,6400000.0,0.9597059992661447
1.0,4.0,4.0,1.0,1.0,1.0,63.0,32.0,0,0.5015625,0.0625,32768.0,6400000.0,0.5273919092465753
4.0,4.0,4.0,5.0,27.0,23.0,909.0,3168.0,0,0.940625,0.0625,32.0,6400000.0,0.9409246575342465
4.0,4.0,4.0,9.0,32.0,33.0,1010.0,4768.0,0,0.940625,0.0625,0.03125,6400000.0,0.9409246575342465
1.0,4.0,4.0,1.0,1.0,1.0,63.0,32.0,0,0.5015625,2.0,512.0,6400000.0,0.5273919092465753
1.0,4.0,2.0,1.0,1.0,1.0,39.0,32.0,0,0.5015625,8192.0,0.25,6400000.0,0.5273919092465753
4.0,4.0,8.0,5.0,27.0,23.0,2589.0,3168.0,0,0.940625,4.0,256.0,6400000.0,0.9033657962328766
4.0,4.0,4.0,7.0,33.0,33.0,1084.0,4768.0,0,0.940625,4.0,0.00390625,6400000.0,0.9409246575342465
1.0,4.0,4.0,1.0,1.0,1.0,63.0,32.0,0,0.5015625,0.03125,4096.0,6400000.0,0.5273919092465753
1.0,4.0,8.0,1.0,1.0,1.0,543.0,32.0,0,0.5015625,8.0,2048.0,6400000.0,0.5273919092465753
4.0,4.0,8.0,12.0,64.0,93.0,4462.0,14368.0,0,0.9640625,8.0,0.00195312,6400000.0,0.9597059992661447
4.0,4.0,8.0,12.0,65.0,83.0,4484.0,12768.0,0,0.959375,8.0,2.0,6400000.0,0.9608801675636007
1.0,4.0,4.0,1.0,1.0,1.0,63.0,32.0,0,0.5015625,8192.0,4.0,6400000.0,0.5273919092465753
4.0,4.0,8.0,17.0,74.0,90.0,4674.0,13888.0,0,0.9640625,0.00390625,0.0,6400000.0,0.9620535714285714
4.0,4.0,4.0,5.0,27.0,23.0,909.0,3168.0,0,0.940625,0.0,64.0,6400000.0,0.9409246575342465
4.0,4.0,4.0,9.0,32.0,33.0,1010.0,4768.0,0,0.940625,0.125,0.25,6400000.0,0.9409246575342465
4.0,4.0,4.0,9.0,32.0,33.0,1010.0,4768.0,0,0.940625,0.000976562,0.0,6400000.0,0.9409246575342465
4.0,4.0,8.0,8.0,51.0,62.0,3844.0,9408.0,0,0.959375,16.0,16.0,6400000.0,0.9585318309686889
4.0,4.0,8.0,5.0,27.0,23.0,2589.0,3168.0,0,0.940625,0.00195312,64.0,6400000.0,0.9409246575342465
4.0,4.0,4.0,7.0,31.0,32.0,1019.0,4608.0,0,0.940625,8.0,0.03125,6400000.0,0.9409246575342465
1.0,4.0,4.0,1.0,1.0,1.0,63.0,32.0,0,0.5015625,8192.0,4096.0,6400000.0,0.5273919092465753
4.0,4.0,4.0,9.0,32.0,33.0,1010.0,4768.0,0,0.940625,0.000976562,0.5,6400000.0,0.9409246575342465
4.0,4.0,8.0,8.0,52.0,63.0,3877.0,9568.0,0,0.959375,16.0,0.015625,6400000.0,0.9597059992661447
1.0,4.0,2.0,1.0,1.0,1.0,39.0,32.0,0,0.5015625,8192.0,256.0,6400000.0,0.5273919092465753
1.0,4.0,8.0,1.0,1.0,1.0,543.0,32.0,0,0.5015625,16.0,16384.0,6400000.0,0.5273919092465753
1.0,4.0,4.0,1.0,1.0,1.0,63.0,32.0,0,0.5015625,1024.0,16384.0,6400000.0,0.5273919092465753
4.0,4.0,4.0,7.0,31.0,32.0,1019.0,4608.0,0,0.940625,4.0,4.0,6400000.0,0.9409246575342465
4.0,4.0,8.0,8.0,52.0,63.0,3877.0,9568.0,0,0.959375,32.0,0.125,6400000.0,0.9597059992661447
1.0,4.0,4.0,1.0,1.0,1.0,63.0,32.0,0,0.5015625,1024.0,16.0,6400000.0,0.5273919092465753
4.0,4.0,8.0,5.0,27.0,23.0,2589.0,3168.0,0,0.940625,32.0,128.0,6400000.0,0.9409246575342465
4.0,4.0,4.0,5.0,27.0,23.0,909.0,3168.0,0,0.940625,8.0,32.0,6400000.0,0.9409246575342465
1.0,4.0,4.0,1.0,1.0,1.0,63.0,32.0,0,0.5015625,4.0,4096.0,6400000.0,0.5273919092465753
1.0,4.0,2.0,1.0,1.0,1.0,39.0,32.0,0,0.5015625,16384.0,0.00195312,6400000.0,0.5273919092465753
1.0,4.0,4.0,1.0,1.0,1.0,63.0,32.0,0,0.5015625,8.0,32768.0,6400000.0,0.5273919092465753
1.0,4.0,4.0,1.0,1.0,1.0,63.0,32.0,0,0.5015625,16384.0,0.03125,6400000.0,0.5273919092465753
4.0,4.0,8.0,5.0,27.0,23.0,2589.0,3168.0,0,0.940625,64.0,0.000976562,6400000.0,0.9409246575342465
4.0,4.0,8.0,16.0,73.0,90.0,4663.0,13888.0,0,0.9640625,0.00390625,0.5,6400000.0,0.9620543358610567
4.0,4.0,8.0,5.0,27.0,23.0,2589.0,3168.0,0,0.940625,64.0,1.0,6400000.0,0.9409246575342465
4.0,4.0,4.0,5.0,27.0,23.0,909.0,3168.0,0,0.940625,0.125,256.0,6400000.0,0.9033657962328766
1.0,4.0,4.0,1.0,1.0,1.0,63.0,32.0,0,0.5015625,2048.0,0.125,6400000.0,0.5273919092465753
4.0,4.0,8.0,5.0,27.0,23.0,2589.0,3168.0,0,0.940625,128.0,0.0078125,6400000.0,0.9409246575342465
1.0,4.0,8.0,1.0,1.0,1.0,543.0,32.0,0,0.5015625,0.00390625,512.0,6400000.0,0.5273919092465753
1.0,4.0,8.0,1.0,1.0,1.0,543.0,32.0,0,0.5015625,64.0,1024.0,6400000.0,0.5273919092465753
4.0,4.0,4.0,5.0,26.0,22.0,876.0,3008.0,0,0.940625,16.0,256.0,6400000.0,0.9033657962328766
1.0,4.0,8.0,1.0,1.0,1.0,543.0,32.0,0,0.5015625,128.0,8192.0,6400000.0,0.5273919092465753
4.0,4.0,4.0,9.0,32.0,33.0,1010.0,4768.0,0,0.940625,0.25,0.00195312,6400000.0,0.9409246575342465
4.0,4.0,4.0,5.0,27.0,23.0,909.0,3168.0,0,0.940625,16.0,0.25,6400000.0,0.9409246575342465
4.0,4.0,8.0,5.0,27.0,23.0,2589.0,3168.0,0,0.940625,128.0,8.0,6400000.0,0.9409246575342465
1.0,4.0,4.0,1.0,1.0,1.0,63.0,32.0,0,0.5015625,16384.0,32.0,6400000.0,0.5273919092465753
4.0,4.0,8.0,5.0,27.0,23.0,2589.0,3168.0,0,0.940625,256.0,0.0625,6400000.0,0.9033657962328766
4.0,4.0,4.0,5.0,27.0,23.0,909.0,3168.0,0,0.940625,32.0,0.00195312,6400000.0,0.9409246575342465
4.0,4.0,8.0,4.0,22.0,19.0,2446.0,2528.0,0,0.9078125,256.0,64.0,6400000.0,0.9033657962328766
1.0,4.0,8.0,1.0,1.0,1.0,543.0,32.0,0,0.5015625,512.0,0.0,6400000.0,0.5273919092465753
1.0,4.0,4.0,1.0,1.0,1.0,63.0,32.0,0,0.5015625,0.000976562,512.0,6400000.0,0.5273919092465753
1.0,4.0,8.0,1.0,1.0,1.0,543.0,32.0,0,0.5015625,512.0,512.0,6400000.0,0.5273919092465753
4.0,4.0,4.0,8.0,34.0,33.0,1095.0,4768.0,0,0.940625,0.25,2.0,6400000.0,0.9409246575342465
4.0,4.0,4.0,5.0,27.0,23.0,909.0,3168.0,0,0.940625,128.0,64.0,6400000.0,0.9409246575342465
4.0,4.0,4.0,5.0,27.0,23.0,909.0,3168.0,0,0.940625,32.0,2.0,6400000.0,0.9409246575342465
1.0,4.0,8.0,1.0,1.0,1.0,543.0,32.0,0,0.5015625,512.0,0.5,6400000.0,0.5273919092465753
1.0,4.0,2.0,1.0,1.0,1.0,39.0,32.0,0,0.5015625,16384.0,2.0,6400000.0,0.5273919092465753
4.0,4.0,4.0,7.0,33.0,33.0,1084.0,4768.0,0,0.940625,0.00195312,4.0,6400000.0,0.9409246575342465
4.0,4.0,4.0,5.0,27.0,23.0,909.0,3168.0,0,0.940625,256.0,0.0,6400000.0,0.9033657962328766
4.0,4.0,8.0,17.0,74.0,90.0,4674.0,13888.0,0,0.9640625,0.0078125,0.00390625,6400000.0,0.9620535714285714
1.0,4.0,8.0,1.0,1.0,1.0,543.0,32.0,0,0.5015625,1024.0,4.0,6400000.0,0.5273919092465753
4.0,4.0,4.0,9.0,32.0,33.0,1010.0,4768.0,0,0.940625,0.00195312,0.00390625,6400000.0,0.9409246575342465
1.0,4.0,8.0,1.0,1.0,1.0,543.0,32.0,0,0.5015625,1024.0,0.00390625,6400000.0,0.5273919092465753
1.0,4.0,4.0,1.0,1.0,1.0,63.0,32.0,0,0.5015625,0.00390625,16384.0,6400000.0,0.5273919092465753
1.0,4.0,8.0,1.0,1.0,1.0,543.0,32.0,0,0.5015625,1024.0,4096.0,6400000.0,0.5273919092465753
1.0,4.0,4.0,1.0,1.0,1.0,63.0,32.0,0,0.5015625,32.0,2048.0,6400000.0,0.5273919092465753
1.0,4.0,8.0,1.0,1.0,1.0,543.0,32.0,0,0.5015625,2048.0,32.0,6400000.0,0.5273919092465753
1.0,4.0,8.0,1.0,1.0,1.0,543.0,32.0,0,0.5015625,2048.0,32768.0,6400000.0,0.5273919092465753
1.0,4.0,8.0,1.0,1.0,1.0,543.0,32.0,0,0.5015625,2048.0,0.03125,6400000.0,0.5273919092465753
1.0,4.0,2.0,1.0,1.0,1.0,39.0,32.0,0,0.5015625,16384.0,2048.0,6400000.0,0.5273919092465753
1.0,4.0,4.0,1.0,1.0,1.0,63.0,32.0,0,0.5015625,0.25,2048.0,6400000.0,0.5273919092465753
1.0,4.0,8.0,1.0,1.0,1.0,543.0,32.0,0,0.5015625,4096.0,256.0,6400000.0,0.5273919092465753
1.0,4.0,8.0,1.0,1.0,1.0,543.0,32.0,0,0.5015625,4096.0,0.25,6400000.0,0.5273919092465753
4.0,4.0,4.0,5.0,27.0,23.0,909.0,3168.0,0,0.940625,256.0,0.5,6400000.0,0.9033657962328766
4.0,4.0,4.0,9.0,32.0,33.0,1010.0,4768.0,0,0.940625,0.5,0.015625,6400000.0,0.9409246575342465
1.0,4.0,4.0,1.0,1.0,1.0,63.0,32.0,0,0.5015625,2048.0,128.0,6400000.0,0.5273919092465753
1.0,4.0,8.0,1.0,1.0,1.0,543.0,32.0,0,0.5015625,8192.0,2.0,6400000.0,0.5273919092465753
4.0,4.0,4.0,5.0,27.0,23.0,909.0,3168.0,0,0.940625,64.0,16.0,6400000.0,0.9409246575342465
4.0,4.0,4.0,5.0,27.0,23.0,909.0,3168.0,0,0.940625,64.0,0.015625,6400000.0,0.9409246575342465
1.0,4.0,8.0,1.0,1.0,1.0,543.0,32.0,0,0.5015625,8192.0,0.00195312,6400000.0,0.5273919092465753
1.0,4.0,8.0,1.0,1.0,1.0,543.0,32.0,0,0.5015625,8192.0,2048.0,6400000.0,0.5273919092465753
1.0,4.0,8.0,1.0,1.0,1.0,543.0,32.0,0,0.5015625,16384.0,16.0,6400000.0,0.5273919092465753
1.0,4.0,8.0,1.0,1.0,1.0,543.0,32.0,0,0.5015625,16384.0,0.015625,6400000.0,0.5273919092465753
1.0,4.0,2.0,1.0,1.0,1.0,39.0,32.0,0,0.5015625,32768.0,16.0,6400000.0,0.5273919092465753
1.0,4.0,4.0,1.0,1.0,1.0,63.0,32.0,0,0.5015625,256.0,512.0,6400000.0,0.5273919092465753
1.0,4.0,4.0,1.0,1.0,1.0,63.0,32.0,0,0.5015625,4096.0,0.000976562,6400000.0,0.5273919092465753
4.0,4.0,8.0,14.0,67.0,88.0,4511.0,13568.0,0,0.9640625,0.0078125,4.0,6400000.0,0.9616629464285715
1.0,4.0,4.0,1.0,1.0,1.0,63.0,32.0,0,0.5015625,4096.0,1.0,6400000.0,0.5273919092465753
4.0,4.0,4.0,5.0,27.0,23.0,909.0,3168.0,0,0.940625,0.5,16.0,6400000.0,0.9409246575342465
1.0,4.0,8.0,1.0,1.0,1.0,543.0,32.0,0,0.5015625,0.0078125,4096.0,6400000.0,0.5273919092465753
1.0,4.0,8.0,1.0,1.0,1.0,543.0,32.0,0,0.5015625,16384.0,16384.0,6400000.0,0.5273919092465753
1.0,4.0,8.0,1.0,1.0,1.0,543.0,32.0,0,0.5015625,32768.0,128.0,6400000.0,0.5273919092465753
1.0,4.0,2.0,1.0,1.0,1.0,39.0,32.0,0,0.5015625,32768.0,0.015625,6400000.0,0.5273919092465753
1.0,4.0,8.0,1.0,1.0,1.0,543.0,32.0,0,0.5015625,32768.0,0.125,6400000.0,0.5273919092465753
1.0,4.0,4.0,1.0,1.0,1.0,63.0,32.0,0,0.5015625,16384.0,32768.0,6400000.0,0.5273919092465753
4.0,4.0,4.0,5.0,27.0,23.0,909.0,3168.0,0,0.940625,0.0078125,128.0,6400000.0,0.9409246575342465
8.0,8.0,1.0,4.0,19.0,16.0,563.0,1536.0,0,0.9078125,0.000976562,0.0078125,6400000.0,0.9033657962328766
8.0,8.0,1.0,4.0,19.0,16.0,563.0,1536.0,0,0.9078125,0.0,1.0,6400000.0,0.9033657962328766
8.0,8.0,1.0,4.0,19.0,16.0,563.0,1536.0,0,0.9078125,0.0,0.000976562,6400000.0,0.9033657962328766
1.0,4.0,4.0,1.0,1.0,1.0,63.0,32.0,0,0.5015625,32768.0,0.25,6400000.0,0.5273919092465753
1.0,4.0,4.0,1.0,1.0,1.0,63.0,32.0,0,0.5015625,32768.0,256.0,6400000.0,0.5273919092465753
4.0,4.0,8.0,17.0,74.0,90.0,4674.0,13888.0,0,0.9640625,0.015625,0.03125,6400000.0,0.9620535714285714
1.0,8.0,1.0,1.0,1.0,1.0,35.0,32.0,0,0.5015625,0.0,1024.0,6400000.0,0.5273919092465753
4.0,4.0,4.0,9.0,32.0,33.0,1010.0,4768.0,0,0.940625,0.0078125,0.125,6400000.0,0.9409246575342465
4.0,4.0,8.0,8.0,51.0,62.0,3844.0,9408.0,0,0.959375,0.015625,32.0,6400000.0,0.9585318309686889
4.0,4.0,4.0,9.0,32.0,33.0,1010.0,4768.0,0,0.940625,0.015625,0.000976562,6400000.0,0.9409246575342465
4.0,4.0,4.0,9.0,32.0,33.0,1010.0,4768.0,0,0.940625,0.0,0.125,6400000.0,0.9409246575342465
8.0,8.0,1.0,4.0,19.0,16.0,563.0,1536.0,0,0.9078125,0.000976562,8.0,6400000.0,0.9033657962328766
1.0,4.0,4.0,1.0,1.0,1.0,63.0,32.0,0,0.5015625,512.0,0.00390625,6400000.0,0.5273919092465753
1.0,4.0,8.0,1.0,1.0,1.0,543.0,32.0,0,0.5015625,0.015625,32768.0,6400000.0,0.5273919092465753
8.0,8.0,1.0,4.0,19.0,16.0,563.0,1536.0,0,0.9078125,0.00195312,64.0,6400000.0,0.9033657962328766
1.0,8.0,1.0,1.0,1.0,1.0,35.0,32.0,0,0.5015625,0.000976562,8192.0,6400000.0,0.5273919092465753
8.0,8.0,1.0,4.0,19.0,16.0,563.0,1536.0,0,0.9078125,0.00195312,0.0625,6400000.0,0.9033657962328766
8.0,8.0,1.0,4.0,19.0,16.0,563.0,1536.0,0,0.9078125,0.00390625,0.0,6400000.0,0.9033657962328766
1.0,4.0,4.0,1.0,1.0,1.0,63.0,32.0,0,0.5015625,512.0,4.0,6400000.0,0.5273919092465753
1.0,4.0,2.0,1.0,1.0,1.0,39.0,32.0,0,0.5015625,32768.0,16384.0,6400000.0,0.5273919092465753
1.0,4.0,4.0,1.0,1.0,1.0,63.0,32.0,0,0.5015625,4096.0,1024.0,6400000.0,0.5273919092465753
1.0,4.0,4.0,1.0,1.0,1.0,63.0,32.0,0,0.5015625,0.00195312,4096.0,6400000.0,0.5273919092465753
1.0,8.0,1.0,1.0,1.0,1.0,35.0,32.0,0,0.5015625,0.00390625,512.0,6400000.0,0.5273919092465753
8.0,8.0,1.0,4.0,19.0,16.0,563.0,1536.0,0,0.9078125,0.00390625,0.5,6400000.0,0.9033657962328766
4.0,4.0,8.0,17.0,74.0,90.0,4674.0,13888.0,0,0.9640625,0.0,0.00195312,6400000.0,0.9620535714285714
4.0,4.0,8.0,16.0,73.0,90.0,4663.0,13888.0,0,0.9640625,0.03125,0.25,6400000.0,0.962445725293542
1.0,4.0,4.0,1.0,1.0,1.0,63.0,32.0,0,0.5015625,0.5,16384.0,6400000.0,0.5273919092465753
8.0,8.0,1.0,4.0,19.0,16.0,563.0,1536.0,0,0.9078125,0.0078125,0.00390625,6400000.0,0.9033657962328766
1.0,4.0,4.0,1.0,1.0,1.0,63.0,32.0,0,0.5015625,512.0,4096.0,6400000.0,0.5273919092465753
1.0,8.0,1.0,1.0,1.0,1.0,35.0,32.0,0,0.5015625,0.0078125,4096.0,6400000.0,0.5273919092465753
8.0,8.0,1.0,4.0,19.0,16.0,563.0,1536.0,0,0.9078125,0.0078125,4.0,6400000.0,0.9033657962328766
4.0,4.0,8.0,17.0,74.0,90.0,4674.0,13888.0,0,0.9640625,0.0625,0.00195312,6400000.0,0.9620535714285714
1.0,4.0,4.0,1.0,1.0,1.0,63.0,32.0,0,0.5015625,64.0,16384.0,6400000.0,0.5273919092465753
4.0,4.0,8.0,14.0,66.0,86.0,4477.0,13248.0,0,0.9640625,0.0,2.0,6400000.0,0.9616629464285715
4.0,4.0,8.0,5.0,27.0,23.0,2589.0,3168.0,0,0.940625,0.03125,256.0,6400000.0,0.9033657962328766
1.0,4.0,8.0,1.0,1.0,1.0,543.0,32.0,0,0.5015625,0.0625,2048.0,6400000.0,0.5273919092465753
4.0,4.0,8.0,14.0,66.0,86.0,4477.0,13248.0,0,0.9640625,0.0625,2.0,6400000.0,0.9616629464285715
8.0,8.0,1.0,4.0,19.0,16.0,563.0,1536.0,0,0.9078125,0.015625,0.03125,6400000.0,0.9033657962328766
1.0,4.0,8.0,1.0,1.0,1.0,543.0,32.0,0,0.5015625,0.0,2048.0,6400000.0,0.5273919092465753
4.0,4.0,4.0,9.0,32.0,33.0,1010.0,4768.0,0,0.940625,0.03125,0.0078125,6400000.0,0.9409246575342465
4.0,4.0,8.0,17.0,74.0,90.0,4674.0,13888.0,0,0.9625,0.125,0.015625,6400000.0,0.962445725293542
4.0,4.0,4.0,9.0,32.0,33.0,1010.0,4768.0,0,0.940625,0.00390625,0.03125,6400000.0,0.9409246575342465
4.0,4.0,8.0,8.0,51.0,62.0,3844.0,9408.0,0,0.959375,0.125,16.0,6400000.0,0.9585318309686889
8.0,8.0,1.0,4.0,19.0,16.0,563.0,1536.0,0,0.9078125,0.015625,32.0,6400000.0,0.9033657962328766
4.0,4.0,8.0,5.0,27.0,23.0,2589.0,3168.0,0,0.940625,0.25,128.0,6400000.0,0.9409246575342465
1.0,4.0,4.0,1.0,1.0,1.0,63.0,32.0,0,0.5015625,8192.0,0.0078125,6400000.0,0.5273919092465753
4.0,4.0,8.0,17.0,74.0,90.0,4674.0,13888.0,0,0.9640625,0.000976562,0.015625,6400000.0,0.9620535714285714
4.0,4.0,8.0,16.0,73.0,90.0,4663.0,13888.0,0,0.9640625,0.25,0.125,6400000.0,0.962445725293542
1.0,4.0,8.0,1.0,1.0,1.0,543.0,32.0,0,0.5015625,0.125,16384.0,6400000.0,0.5273919092465753
4.0,4.0,8.0,16.0,73.0,90.0,4663.0,13888.0,0,0.9640625,0.5,0.000976562,6400000.0,0.9620543358610567
4.0,4.0,4.0,9.0,35.0,33.0,1106.0,4768.0,0,0.940625,1.0,0.125,6400000.0,0.9409246575342465
1.0,4.0,4.0,1.0,1.0,1.0,63.0,32.0,0,0.5015625,0.015625,1024.0,6400000.0,0.5273919092465753
1.0,4.0,8.0,1.0,1.0,1.0,543.0,32.0,0,0.5015625,0.5,1024.0,6400000.0,0.5273919092465753
4.0,4.0,4.0,8.0,34.0,33.0,1095.0,4768.0,0,0.940625,2.0,0.000976562,6400000.0,0.9409246575342465
4.0,4.0,4.0,9.0,32.0,33.0,1010.0,4768.0,0,0.940625,0.015625,1.0,6400000.0,0.9409246575342465
4.0,4.0,8.0,14.0,66.0,86.0,4477.0,13248.0,0,0.9640625,0.5,1.0,6400000.0,0.9616629464285715
4.0,4.0,8.0,14.0,66.0,85.0,4476.0,13088.0,0,0.9640625,1.0,0.0078125,6400000.0,0.9620543358610567
4.0,4.0,4.0,7.0,31.0,32.0,1019.0,4608.0,0,0.940625,0.03125,8.0,6400000.0,0.9409246575342465
1.0,4.0,4.0,1.0,1.0,1.0,63.0,32.0,0,0.5015625,1024.0,0.03125,6400000.0,0.5273919092465753
1.0,4.0,8.0,1.0,1.0,1.0,543.0,32.0,0,0.5015625,0.000976562,16384.0,6400000.0,0.5273919092465753
4.0,4.0,4.0,5.0,27.0,23.0,909.0,3168.0,0,0.940625,1.0,128.0,6400000.0,0.9409246575342465
4.0,4.0,4.0,5.0,27.0,23.0,909.0,3168.0,0,0.940625,128.0,0.125,6400000.0,0.9409246575342465
4.0,4.0,8.0,17.0,74.0,90.0,4674.0,13888.0,0,0.9625,0.00195312,0.125,6400000.0,0.962445725293542
4.0,4.0,8.0,12.0,64.0,93.0,4462.0,14368.0,0,0.9640625,1.0,8.0,6400000.0,0.9600973886986301
1.0,4.0,8.0,1.0,1.0,1.0,543.0,32.0,0,0.5015625,1.0,8192.0,6400000.0,0.5273919092465753
1.0,8.0,1.0,1.0,1.0,1.0,35.0,32.0,0,0.5015625,0.015625,32768.0,6400000.0,0.5273919092465753
4.0,4.0,8.0,14.0,66.0,86.0,4477.0,13248.0,0,0.9640625,2.0,0.0625,6400000.0,0.9616629464285715
4.0,4.0,8.0,8.0,51.0,62.0,3844.0,9408.0,0,0.959375,0.000976562,16.0,6400000.0,0.9585318309686889
4.0,4.0,8.0,5.0,27.0,23.0,2589.0,3168.0,0,0.940625,2.0,64.0,6400000.0,0.9409246575342465
4.0,4.0,4.0,5.0,27.0,23.0,909.0,3168.0,0,0.940625,0.00390625,32.0,6400000.0,0.9409246575342465
4.0,4.0,4.0,7.0,33.0,33.0,1084.0,4768.0,0,0.940625,2.0,1.0,6400000.0,0.9409246575342465
4.0,4.0,4.0,9.0,32.0,33.0,1010.0,4768.0,0,0.940625,0.0625,0.0625,6400000.0,0.9409246575342465
4.0,4.0,4.0,9.0,32.0,33.0,1010.0,4768.0,0,0.940625,0.125,0.0,6400000.0,0.9409246575342465
4.0,4.0,8.0,14.0,67.0,88.0,4511.0,13568.0,0,0.9640625,4.0,0.0,6400000.0,0.9616629464285715
8.0,8.0,1.0,4.0,19.0,16.0,563.0,1536.0,0,0.9078125,0.03125,0.25,6400000.0,0.9033657962328766
4.0,4.0,8.0,14.0,67.0,88.0,4511.0,13568.0,0,0.9640625,4.0,0.5,6400000.0,0.9577490521037182
1.0,4.0,8.0,1.0,1.0,1.0,543.0,32.0,0,0.5015625,8.0,4096.0,6400000.0,0.5273919092465753
1.0,4.0,4.0,1.0,1.0,1.0,63.0,32.0,0,0.5015625,2.0,1024.0,6400000.0,0.5273919092465753
1.0,4.0,8.0,1.0,1.0,1.0,543.0,32.0,0,0.5015625,4.0,512.0,6400000.0,0.5273919092465753
4.0,4.0,4.0,5.0,27.0,23.0,909.0,3168.0,0,0.940625,0.0625,64.0,6400000.0,0.9409246575342465
4.0,4.0,4.0,7.0,33.0,33.0,1084.0,4768.0,0,0.940625,4.0,0.0078125,6400000.0,0.9409246575342465
4.0,4.0,8.0,12.0,64.0,93.0,4462.0,14368.0,0,0.9640625,8.0,0.00390625,6400000.0,0.9597059992661447
1.0,4.0,4.0,1.0,1.0,1.0,63.0,32.0,0,0.5015625,0.03125,8192.0,6400000.0,0.5273919092465753
4.0,4.0,8.0,9.0,58.0,64.0,4049.0,9728.0,0,0.959375,8.0,4.0,6400000.0,0.9597059992661447
4.0,4.0,4.0,9.0,32.0,33.0,1010.0,4768.0,0,0.940625,0.000976562,0.000976562,6400000.0,0.9409246575342465
4.0,4.0,8.0,17.0,74.0,90.0,4674.0,13888.0,0,0.9640625,0.00390625,0.000976562,6400000.0,0.9620535714285714
1.0,4.0,4.0,1.0,1.0,1.0,63.0,32.0,0,0.5015625,8192.0,8.0,6400000.0,0.5273919092465753
1.0,4.0,4.0,1.0,1.0,1.0,63.0,32.0,0,0.5015625,8192.0,8192.0,6400000.0,0.5273919092465753
4.0,4.0,4.0,5.0,27.0,23.0,909.0,3168.0,0,0.940625,0.0,128.0,6400000.0,0.9409246575342465
4.0,4.0,4.0,7.0,31.0,32.0,1019.0,4608.0,0,0.940625,8.0,0.0625,6400000.0,0.9409246575342465
4.0,4.0,8.0,5.0,27.0,23.0,2589.0,3168.0,0,0.940625,0.00195312,128.0,6400000.0,0.9409246575342465
4.0,4.0,8.0,8.0,52.0,63.0,3877.0,9568.0,0,0.959375,16.0,0.03125,6400000.0,0.9597059992661447
4.0,4.0,4.0,9.0,32.0,33.0,1010.0,4768.0,0,0.940625,0.125,0.5,6400000.0,0.9409246575342465
4.0,4.0,4.0,9.0,32.0,33.0,1010.0,4768.0,0,0.940625,0.000976562,1.0,6400000.0,0.9409246575342465
4.0,4.0,8.0,8.0,51.0,58.0,3840.0,8768.0,0,0.9625,16.0,32.0,6400000.0,0.9417074363992171
1.0,4.0,8.0,1.0,1.0,1.0,543.0,32.0,0,0.5015625,16.0,32768.0,6400000.0,0.5273919092465753
4.0,4.0,8.0,8.0,52.0,63.0,3877.0,9568.0,0,0.959375,32.0,0.25,6400000.0,0.9597059992661447
1.0,4.0,4.0,1.0,1.0,1.0,63.0,32.0,0,0.5015625,1024.0,32768.0,6400000.0,0.5273919092465753
1.0,4.0,4.0,1.0,1.0,1.0,63.0,32.0,0,0.5015625,1024.0,32.0,6400000.0,0.5273919092465753
4.0,4.0,8.0,4.0,22.0,19.0,2446.0,2528.0,0,0.9078125,32.0,256.0,6400000.0,0.9033657962328766
8.0,8.0,1.0,3.0,18.0,16.0,551.0,1536.0,0,0.6890625,0.03125,256.0,6400000.0,0.6533696183953033
4.0,4.0,4.0,5.0,27.0,23.0,909.0,3168.0,0,0.940625,4.0,8.0,6400000.0,0.9409246575342465
4.0,4.0,8.0,5.0,27.0,23.0,2589.0,3168.0,0,0.940625,64.0,0.00195312,6400000.0,0.9409246575342465
4.0,4.0,4.0,5.0,27.0,23.0,909.0,3168.0,0,0.940625,8.0,64.0,6400000.0,0.9409246575342465
4.0,4.0,8.0,14.0,66.0,85.0,4476.0,13088.0,0,0.9640625,0.00390625,1.0,6400000.0,0.9620543358610567
1.0,4.0,4.0,1.0,1.0,1.0,63.0,32.0,0,0.5015625,16384.0,0.0625,6400000.0,0.5273919092465753
1.0,4.0,4.0,1.0,1.0,1.0,63.0,32.0,0,0.5015625,4.0,8192.0,6400000.0,0.5273919092465753
4.0,4.0,4.0,5.0,27.0,23.0,909.0,3168.0,0,0.940625,16.0,0.0,6400000.0,0.9409246575342465
8.0,8.0,1.0,4.0,19.0,16.0,563.0,1536.0,0,0.9078125,0.0625,0.00195312,6400000.0,0.9033657962328766
4.0,4.0,8.0,5.0,27.0,23.0,2589.0,3168.0,0,0.940625,64.0,2.0,6400000.0,0.9409246575342465
1.0,4.0,4.0,1.0,1.0,1.0,63.0,32.0,0,0.5015625,0.125,512.0,6400000.0,0.5273919092465753
1.0,4.0,4.0,1.0,1.0,1.0,63.0,32.0,0,0.5015625,2048.0,0.25,6400000.0,0.5273919092465753
1.0,4.0,8.0,1.0,1.0,1.0,543.0,32.0,0,0.5015625,64.0,2048.0,6400000.0,0.5273919092465753
1.0,4.0,8.0,1.0,1.0,1.0,543.0,32.0,0,0.5015625,0.00390625,1024.0,6400000.0,0.5273919092465753
4.0,4.0,8.0,5.0,27.0,23.0,2589.0,3168.0,0,0.940625,128.0,0.015625,6400000.0,0.9409246575342465
1.0,4.0,4.0,1.0,1.0,1.0,63.0,32.0,0,0.5015625,16.0,512.0,6400000.0,0.5273919092465753
1.0,4.0,8.0,1.0,1.0,1.0,543.0,32.0,0,0.5015625,128.0,16384.0,6400000.0,0.5273919092465753
4.0,4.0,4.0,9.0,32.0,33.0,1010.0,4768.0,0,0.940625,0.25,0.00390625,6400000.0,0.9409246575342465
4.0,4.0,8.0,5.0,27.0,23.0,2589.0,3168.0,0,0.940625,128.0,16.0,6400000.0,0.9409246575342465
4.0,4.0,8.0,5.0,27.0,23.0,2589.0,3168.0,0,0.940625,256.0,0.125,6400000.0,0.9033657962328766
4.0,4.0,4.0,5.0,27.0,23.0,909.0,3168.0,0,0.940625,16.0,0.5,6400000.0,0.9409246575342465
4.0,4.0,4.0,5.0,27.0,23.0,909.0,3168.0,0,0.940625,32.0,0.00390625,6400000.0,0.9409246575342465
1.0,4.0,4.0,1.0,1.0,1.0,63.0,32.0,0,0.5015625,16384.0,64.0,6400000.0,0.5273919092465753
1.0,4.0,8.0,1.0,1.0,1.0,543.0,32.0,0,0.5015625,512.0,0.000976562,6400000.0,0.5273919092465753
1.0,4.0,8.0,1.0,1.0,1.0,543.0,32.0,0,0.5015625,512.0,1.0,6400000.0,0.5273919092465753
4.0,4.0,8.0,4.0,22.0,19.0,2446.0,2528.0,0,0.9078125,256.0,128.0,6400000.0,0.9033657962328766
4.0,4.0,4.0,7.0,33.0,33.0,1084.0,4768.0,0,0.940625,0.25,4.0,6400000.0,0.9409246575342465
1.0,4.0,4.0,1.0,1.0,1.0,63.0,32.0,0,0.5015625,0.000976562,1024.0,6400000.0,0.5273919092465753
1.0,4.0,8.0,1.0,1.0,1.0,543.0,32.0,0,0.5015625,512.0,1024.0,6400000.0,0.5273919092465753
4.0,4.0,4.0,5.0,27.0,23.0,909.0,3168.0,0,0.940625,32.0,4.0,6400000.0,0.9409246575342465
4.0,4.0,4.0,7.0,31.0,32.0,1019.0,4608.0,0,0.940625,0.00195312,8.0,6400000.0,0.9409246575342465
4.0,4.0,4.0,5.0,27.0,23.0,909.0,3168.0,0,0.940625,128.0,128.0,6400000.0,0.9033657962328766
8.0,8.0,1.0,4.0,19.0,16.0,563.0,1536.0,0,0.9078125,0.0625,2.0,6400000.0,0.9033657962328766
4.0,4.0,4.0,5.0,27.0,23.0,909.0,3168.0,0,0.940625,256.0,0.000976562,6400000.0,0.9033657962328766
4.0,4.0,4.0,9.0,32.0,33.0,1010.0,4768.0,0,0.940625,0.00195312,0.0078125,6400000.0,0.9409246575342465
4.0,4.0,8.0,17.0,74.0,90.0,4674.0,13888.0,0,0.9640625,0.0078125,0.0078125,6400000.0,0.9620535714285714
1.0,4.0,8.0,1.0,1.0,1.0,543.0,32.0,0,0.5015625,1024.0,8.0,6400000.0,0.5273919092465753
1.0,4.0,8.0,1.0,1.0,1.0,543.0,32.0,0,0.5015625,1024.0,0.0078125,6400000.0,0.5273919092465753
1.0,4.0,4.0,1.0,1.0,1.0,63.0,32.0,0,0.5015625,0.00390625,32768.0,6400000.0,0.5273919092465753
1.0,4.0,4.0,1.0,1.0,1.0,63.0,32.0,0,0.5015625,32.0,4096.0,6400000.0,0.5273919092465753
1.0,4.0,8.0,1.0,1.0,1.0,543.0,32.0,0,0.5015625,1024.0,8192.0,6400000.0,0.5273919092465753
1.0,4.0,8.0,1.0,1.0,1.0,543.0,32.0,0,0.5015625,2048.0,0.0625,6400000.0,0.5273919092465753
1.0,4.0,8.0,1.0,1.0,1.0,543.0,32.0,0,0.5015625,2048.0,64.0,6400000.0,0.5273919092465753
1.0,4.0,8.0,1.0,1.0,1.0,543.0,32.0,0,0.5015625,4096.0,0.0,6400000.0,0.5273919092465753
1.0,8.0,1.0,1.0,1.0,1.0,35.0,32.0,0,0.5015625,0.0625,2048.0,6400000.0,0.5273919092465753
1.0,4.0,4.0,1.0,1.0,1.0,63.0,32.0,0,0.5015625,0.25,4096.0,6400000.0,0.5273919092465753
1.0,4.0,8.0,1.0,1.0,1.0,543.0,32.0,0,0.5015625,4096.0,0.5,6400000.0,0.5273919092465753
1.0,4.0,4.0,1.0,1.0,1.0,63.0,32.0,0,0.5015625,2048.0,256.0,6400000.0,0.5273919092465753
1.0,4.0,8.0,1.0,1.0,1.0,543.0,32.0,0,0.5015625,4096.0,512.0,6400000.0,0.5273919092465753
1.0,4.0,8.0,1.0,1.0,1.0,543.0,32.0,0,0.5015625,8192.0,4.0,6400000.0,0.5273919092465753
4.0,4.0,4.0,5.0,27.0,23.0,909.0,3168.0,0,0.940625,256.0,1.0,6400000.0,0.9033657962328766
4.0,4.0,4.0,9.0,32.0,33.0,1010.0,4768.0,0,0.940625,0.5,0.03125,6400000.0,0.9409246575342465
1.0,4.0,8.0,1.0,1.0,1.0,543.0,32.0,0,0.5015625,16384.0,32.0,6400000.0,0.5273919092465753
4.0,4.0,4.0,5.0,27.0,23.0,909.0,3168.0,0,0.940625,64.0,0.03125,6400000.0,0.9409246575342465
1.0,4.0,8.0,1.0,1.0,1.0,543.0,32.0,0,0.5015625,8192.0,0.00390625,6400000.0,0.5273919092465753
4.0,4.0,4.0,5.0,27.0,23.0,909.0,3168.0,0,0.940625,64.0,32.0,6400000.0,0.9409246575342465
1.0,4.0,8.0,1.0,1.0,1.0,543.0,32.0,0,0.5015625,8192.0,4096.0,6400000.0,0.5273919092465753
8.0,8.0,1.0,4.0,19.0,16.0,563.0,1536.0,0,0.9078125,0.125,0.015625,6400000.0,0.9033657962328766
1.0,4.0,8.0,1.0,1.0,1.0,543.0,32.0,0,0.5015625,16384.0,0.03125,6400000.0,0.5273919092465753
1.0,4.0,4.0,1.0,1.0,1.0,63.0,32.0,0,0.5015625,256.0,1024.0,6400000.0,0.5273919092465753
4.0,4.0,8.0,12.0,64.0,93.0,4462.0,14368.0,0,0.9640625,0.0078125,8.0,6400000.0,0.9581404415362034
1.0,4.0,4.0,1.0,1.0,1.0,63.0,32.0,0,0.5015625,4096.0,2.0,6400000.0,0.5273919092465753
1.0,4.0,8.0,1.0,1.0,1.0,543.0,32.0,0,0.5015625,16384.0,32768.0,6400000.0,0.5273919092465753
1.0,4.0,4.0,1.0,1.0,1.0,63.0,32.0,0,0.5015625,4096.0,0.00195312,6400000.0,0.5273919092465753
4.0,4.0,4.0,5.0,27.0,23.0,909.0,3168.0,0,0.940625,0.5,32.0,6400000.0,0.9409246575342465
1.0,4.0,8.0,1.0,1.0,1.0,543.0,32.0,0,0.5015625,0.0078125,8192.0,6400000.0,0.5273919092465753
1.0,4.0,8.0,1.0,1.0,1.0,543.0,32.0,0,0.5015625,32768.0,0.25,6400000.0,0.5273919092465753
1.0,4.0,8.0,1.0,1.0,1.0,543.0,32.0,0,0.5015625,32768.0,256.0,6400000.0,0.5273919092465753
1.0,4.0,4.0,1.0,1.0,1.0,63.0,32.0,0,0.5015625,32768.0,0.0,6400000.0,0.5273919092465753
1.0,4.0,4.0,1.0,1.0,1.0,63.0,32.0,0,0.5015625,32768.0,0.5,6400000.0,0.5273919092465753
8.0,8.0,1.0,4.0,19.0,16.0,563.0,1536.0,0,0.9078125,0.0,0.00195312,6400000.0,0.9033657962328766
4.0,4.0,4.0,5.0,27.0,23.0,909.0,3168.0,0,0.940625,0.0078125,256.0,6400000.0,0.9033657962328766
8.0,8.0,1.0,4.0,19.0,16.0,563.0,1536.0,0,0.9078125,0.125,16.0,6400000.0,0.9033657962328766
1.0,4.0,4.0,1.0,1.0,1.0,63.0,32.0,0,0.5015625,32768.0,512.0,6400000.0,0.5273919092465753
8.0,8.0,1.0,4.0,19.0,16.0,563.0,1536.0,0,0.9078125,0.000976562,0.015625,6400000.0,0.9033657962328766
8.0,8.0,1.0,4.0,19.0,16.0,563.0,1536.0,0,0.9078125,0.0,2.0,6400000.0,0.9033657962328766
4.0,4.0,4.0,9.0,32.0,33.0,1010.0,4768.0,0,0.940625,0.0078125,0.25,6400000.0,0.9409246575342465
4.0,4.0,4.0,9.0,32.0,33.0,1010.0,4768.0,0,0.940625,0.015625,0.00195312,6400000.0,0.9409246575342465
4.0,4.0,8.0,5.0,27.0,23.0,2589.0,3168.0,0,0.940625,0.015625,64.0,6400000.0,0.9409246575342465
8.0,8.0,1.0,4.0,19.0,16.0,563.0,1536.0,0,0.9078125,0.000976562,16.0,6400000.0,0.9033657962328766
4.0,4.0,8.0,17.0,74.0,90.0,4674.0,13888.0,0,0.9640625,0.015625,0.0625,6400000.0,0.962836350293542
1.0,4.0,4.0,1.0,1.0,1.0,63.0,32.0,0,0.5015625,512.0,0.0078125,6400000.0,0.5273919092465753
1.0,8.0,1.0,1.0,1.0,1.0,35.0,32.0,0,0.5015625,0.0,2048.0,6400000.0,0.5273919092465753
1.0,8.0,1.0,1.0,1.0,1.0,35.0,32.0,0,0.5015625,0.125,16384.0,6400000.0,0.5273919092465753
1.0,8.0,1.0,1.0,1.0,1.0,35.0,32.0,0,0.5015625,0.000976562,16384.0,6400000.0,0.5273919092465753
8.0,8.0,1.0,3.0,18.0,16.0,551.0,1536.0,0,0.75,0.00195312,128.0,6400000.0,0.758226822407045
4.0,4.0,8.0,17.0,74.0,90.0,4674.0,13888.0,0,0.9640625,0.03125,0.0,6400000.0,0.9620535714285714
8.0,8.0,1.0,4.0,19.0,16.0,563.0,1536.0,0,0.9078125,0.00195312,0.125,6400000.0,0.9033657962328766
1.0,4.0,4.0,1.0,1.0,1.0,63.0,32.0,0,0.5015625,4096.0,2048.0,6400000.0,0.5273919092465753
8.0,8.0,1.0,4.0,19.0,16.0,563.0,1536.0,0,0.9078125,0.00390625,1.0,6400000.0,0.9033657962328766
8.0,8.0,1.0,4.0,19.0,16.0,563.0,1536.0,0,0.9078125,0.00390625,0.000976562,6400000.0,0.9033657962328766
8.0,8.0,1.0,4.0,19.0,16.0,563.0,1536.0,0,0.9078125,0.25,0.125,6400000.0,0.9033657962328766
1.0,8.0,1.0,1.0,1.0,1.0,35.0,32.0,0,0.5015625,0.00390625,1024.0,6400000.0,0.5273919092465753
1.0,4.0,4.0,1.0,1.0,1.0,63.0,32.0,0,0.5015625,0.00195312,8192.0,6400000.0,0.5273919092465753
1.0,4.0,4.0,1.0,1.0,1.0,63.0,32.0,0,0.5015625,512.0,8.0,6400000.0,0.5273919092465753
4.0,4.0,8.0,17.0,74.0,90.0,4674.0,13888.0,0,0.9640625,0.0,0.00390625,6400000.0,0.9620535714285714
8.0,8.0,1.0,4.0,19.0,16.0,563.0,1536.0,0,0.9078125,0.0078125,0.0078125,6400000.0,0.9033657962328766
1.0,4.0,4.0,1.0,1.0,1.0,63.0,32.0,0,0.5015625,0.5,32768.0,6400000.0,0.5273919092465753
4.0,4.0,8.0,16.0,73.0,90.0,4663.0,13888.0,0,0.9640625,0.03125,0.5,6400000.0,0.9620543358610567
4.0,4.0,8.0,17.0,74.0,90.0,4674.0,13888.0,0,0.9640625,0.0625,0.00390625,6400000.0,0.962836350293542
1.0,4.0,4.0,1.0,1.0,1.0,63.0,32.0,0,0.5015625,512.0,8192.0,6400000.0,0.5273919092465753
8.0,8.0,1.0,4.0,19.0,16.0,563.0,1536.0,0,0.9078125,0.0078125,8.0,6400000.0,0.9033657962328766
1.0,8.0,1.0,1.0,1.0,1.0,35.0,32.0,0,0.5015625,0.0078125,8192.0,6400000.0,0.5273919092465753
1.0,4.0,4.0,1.0,1.0,1.0,63.0,32.0,0,0.5015625,64.0,32768.0,6400000.0,0.5273919092465753
4.0,4.0,8.0,14.0,67.0,88.0,4511.0,13568.0,0,0.9640625,0.0,4.0,6400000.0,0.9616629464285715
1.0,4.0,8.0,1.0,1.0,1.0,543.0,32.0,0,0.5015625,0.0625,4096.0,6400000.0,0.5273919092465753
1.0,4.0,8.0,1.0,1.0,1.0,543.0,32.0,0,0.5015625,0.0,4096.0,6400000.0,0.5273919092465753
1.0,4.0,8.0,1.0,1.0,1.0,543.0,32.0,0,0.5015625,0.03125,512.0,6400000.0,0.5273919092465753
4.0,4.0,8.0,14.0,67.0,88.0,4511.0,13568.0,0,0.9640625,0.0625,4.0,6400000.0,0.9612715569960862
4.0,4.0,8.0,8.0,51.0,62.0,3844.0,9408.0,0,0.959375,0.125,32.0,6400000.0,0.9585318309686889
8.0,8.0,1.0,4.0,19.0,16.0,563.0,1536.0,0,0.9078125,0.015625,0.0625,6400000.0,0.9033657962328766
4.0,4.0,4.0,9.0,32.0,33.0,1010.0,4768.0,0,0.940625,0.00390625,0.0625,6400000.0,0.9409246575342465
1.0,4.0,4.0,1.0,1.0,1.0,63.0,32.0,0,0.5015625,8192.0,0.015625,6400000.0,0.5273919092465753
4.0,4.0,8.0,17.0,74.0,90.0,4674.0,13888.0,0,0.9640625,0.000976562,0.03125,6400000.0,0.9620535714285714
4.0,4.0,8.0,17.0,74.0,90.0,4674.0,13888.0,0,0.9625,0.125,0.03125,6400000.0,0.962445725293542
4.0,4.0,4.0,9.0,32.0,33.0,1010.0,4768.0,0,0.940625,0.03125,0.015625,6400000.0,0.9409246575342465
8.0,8.0,1.0,4.0,19.0,16.0,563.0,1536.0,0,0.9078125,0.015625,64.0,6400000.0,0.9033657962328766
4.0,4.0,8.0,5.0,27.0,23.0,2589.0,3168.0,0,0.940625,0.25,256.0,6400000.0,0.9033657962328766
4.0,4.0,8.0,16.0,73.0,90.0,4663.0,13888.0,0,0.9640625,0.5,0.00195312,6400000.0,0.9620543358610567
4.0,4.0,8.0,16.0,73.0,90.0,4663.0,13888.0,0,0.9640625,0.25,0.25,6400000.0,0.9620543358610567
1.0,4.0,4.0,1.0,1.0,1.0,63.0,32.0,0,0.5015625,0.015625,2048.0,6400000.0,0.5273919092465753
1.0,4.0,8.0,1.0,1.0,1.0,543.0,32.0,0,0.5015625,0.125,32768.0,6400000.0,0.5273919092465753
4.0,4.0,4.0,5.0,27.0,23.0,909.0,3168.0,0,0.940625,0.03125,16.0,6400000.0,0.9409246575342465
1.0,4.0,8.0,1.0,1.0,1.0,543.0,32.0,0,0.5015625,0.5,2048.0,6400000.0,0.5273919092465753
4.0,4.0,4.0,8.0,34.0,33.0,1095.0,4768.0,0,0.940625,0.015625,2.0,6400000.0,0.9409246575342465
4.0,4.0,4.0,8.0,34.0,33.0,1095.0,4768.0,0,0.940625,1.0,0.25,6400000.0,0.9409246575342465
4.0,4.0,4.0,8.0,34.0,33.0,1095.0,4768.0,0,0.940625,2.0,0.00195312,6400000.0,0.9409246575342465
1.0,4.0,4.0,1.0,1.0,1.0,63.0,32.0,0,0.5015625,1024.0,0.0625,6400000.0,0.5273919092465753
4.0,4.0,4.0,5.0,27.0,23.0,909.0,3168.0,0,0.940625,1.0,256.0,6400000.0,0.9033657962328766
4.0,4.0,4.0,5.0,27.0,23.0,909.0,3168.0,0,0.940625,128.0,0.25,6400000.0,0.9409246575342465
4.0,4.0,8.0,14.0,66.0,86.0,4477.0,13248.0,0,0.9640625,0.5,2.0,6400000.0,0.9616629464285715
4.0,4.0,8.0,14.0,66.0,85.0,4476.0,13088.0,0,0.9640625,1.0,0.015625,6400000.0,0.9620543358610567
4.0,4.0,4.0,5.0,27.0,23.0,909.0,3168.0,0,0.940625,0.00390625,64.0,6400000.0,0.9409246575342465
4.0,4.0,8.0,8.0,51.0,62.0,3844.0,9408.0,0,0.959375,1.0,16.0,6400000.0,0.9585318309686889
1.0,4.0,8.0,1.0,1.0,1.0,543.0,32.0,0,0.5015625,0.000976562,32768.0,6400000.0,0.5273919092465753
4.0,4.0,8.0,16.0,73.0,90.0,4663.0,13888.0,0,0.9640625,0.00195312,0.25,6400000.0,0.962445725293542
4.0,4.0,8.0,14.0,66.0,86.0,4477.0,13248.0,0,0.9640625,2.0,0.125,6400000.0,0.9616629464285715
8.0,8.0,1.0,4.0,19.0,16.0,563.0,1536.0,0,0.9078125,0.03125,0.0,6400000.0,0.9033657962328766
4.0,4.0,8.0,5.0,27.0,23.0,2589.0,3168.0,0,0.940625,2.0,128.0,6400000.0,0.9409246575342465
1.0,4.0,8.0,1.0,1.0,1.0,543.0,32.0,0,0.5015625,1.0,16384.0,6400000.0,0.5273919092465753
4.0,4.0,8.0,8.0,51.0,62.0,3844.0,9408.0,0,0.959375,0.000976562,32.0,6400000.0,0.9585318309686889
4.0,4.0,4.0,9.0,32.0,33.0,1010.0,4768.0,0,0.940625,0.0625,0.125,6400000.0,0.9409246575342465
4.0,4.0,4.0,7.0,33.0,33.0,1084.0,4768.0,0,0.940625,2.0,2.0,6400000.0,0.9409246575342465
4.0,4.0,8.0,14.0,67.0,88.0,4511.0,13568.0,0,0.9640625,4.0,0.000976562,6400000.0,0.9616629464285715
4.0,4.0,8.0,14.0,67.0,88.0,4511.0,13568.0,0,0.9640625,4.0,1.0,6400000.0,0.9577490521037182
1.0,4.0,4.0,1.0,1.0,1.0,63.0,32.0,0,0.5015625,2.0,2048.0,6400000.0,0.5273919092465753
8.0,8.0,1.0,4.0,19.0,16.0,563.0,1536.0,0,0.9078125,0.03125,0.5,6400000.0,0.9033657962328766
1.0,4.0,8.0,1.0,1.0,1.0,543.0,32.0,0,0.5015625,8.0,8192.0,6400000.0,0.5273919092465753
4.0,4.0,4.0,9.0,32.0,33.0,1010.0,4768.0,0,0.940625,0.125,0.000976562,6400000.0,0.9409246575342465
4.0,4.0,8.0,12.0,64.0,93.0,4462.0,14368.0,0,0.9640625,8.0,0.0078125,6400000.0,0.9597059992661447
1.0,4.0,8.0,1.0,1.0,1.0,543.0,32.0,0,0.5015625,4.0,1024.0,6400000.0,0.5273919092465753
4.0,4.0,4.0,7.0,33.0,33.0,1084.0,4768.0,0,0.940625,4.0,0.015625,6400000.0,0.9409246575342465
4.0,4.0,4.0,5.0,27.0,23.0,909.0,3168.0,0,0.940625,0.0625,128.0,6400000.0,0.9409246575342465
4.0,4.0,8.0,8.0,52.0,63.0,3877.0,9568.0,0,0.959375,8.0,8.0,6400000.0,0.9585318309686889
1.0,4.0,4.0,1.0,1.0,1.0,63.0,32.0,0,0.5015625,0.03125,16384.0,6400000.0,0.5273919092465753
8.0,8.0,1.0,3.0,18.0,16.0,551.0,1536.0,0,0.75,0.25,128.0,6400000.0,0.758226822407045
1.0,4.0,4.0,1.0,1.0,1.0,63.0,32.0,0,0.5015625,8192.0,16384.0,6400000.0,0.5273919092465753
8.0,8.0,1.0,4.0,19.0,16.0,563.0,1536.0,0,0.9078125,0.5,0.000976562,6400000.0,0.9033657962328766
4.0,4.0,8.0,17.0,74.0,90.0,4674.0,13888.0,0,0.9640625,0.00390625,0.00195312,6400000.0,0.9620535714285714
1.0,4.0,4.0,1.0,1.0,1.0,63.0,32.0,0,0.5015625,8192.0,16.0,6400000.0,0.5273919092465753
4.0,4.0,8.0,5.0,27.0,23.0,2589.0,3168.0,0,0.940625,0.00195312,256.0,6400000.0,0.9033657962328766
4.0,4.0,4.0,9.0,35.0,33.0,1106.0,4768.0,0,0.940625,0.125,1.0,6400000.0,0.9409246575342465
8.0,8.0,1.0,4.0,19.0,16.0,563.0,1536.0,0,0.9078125,0.5,1.0,6400000.0,0.9033657962328766
4.0,4.0,8.0,8.0,52.0,63.0,3877.0,9568.0,0,0.959375,16.0,0.0625,6400000.0,0.9597059992661447
4.0,4.0,4.0,7.0,31.0,32.0,1019.0,4608.0,0,0.940625,8.0,0.125,6400000.0,0.9409246575342465
4.0,4.0,8.0,8.0,52.0,63.0,3877.0,9568.0,0,0.959375,32.0,0.0,6400000.0,0.9597059992661447
1.0,4.0,4.0,1.0,1.0,1.0,63.0,32.0,0,0.5015625,2048.0,0.0,6400000.0,0.5273919092465753
1.0,4.0,4.0,1.0,1.0,1.0,63.0,32.0,0,0.5015625,1024.0,64.0,6400000.0,0.5273919092465753
4.0,4.0,8.0,5.0,27.0,23.0,2589.0,3168.0,0,0.940625,16.0,64.0,6400000.0,0.9409246575342465
4.0,4.0,8.0,8.0,52.0,63.0,3877.0,9568.0,0,0.959375,32.0,0.5,6400000.0,0.9597059992661447
1.0,8.0,1.0,1.0,1.0,1.0,35.0,32.0,0,0.5015625,0.03125,512.0,6400000.0,0.5273919092465753
4.0,4.0,8.0,14.0,66.0,86.0,4477.0,13248.0,0,0.9640625,0.00390625,2.0,6400000.0,0.9616629464285715
4.0,4.0,4.0,5.0,27.0,23.0,909.0,3168.0,0,0.940625,4.0,16.0,6400000.0,0.9409246575342465
1.0,4.0,4.0,1.0,1.0,1.0,63.0,32.0,0,0.5015625,4.0,16384.0,6400000.0,0.5273919092465753
1.0,4.0,4.0,1.0,1.0,1.0,63.0,32.0,0,0.5015625,16384.0,0.125,6400000.0,0.5273919092465753
4.0,4.0,4.0,5.0,27.0,23.0,909.0,3168.0,0,0.940625,16.0,0.000976562,6400000.0,0.9409246575342465
4.0,4.0,8.0,5.0,27.0,23.0,2589.0,3168.0,0,0.940625,64.0,0.00390625,6400000.0,0.9409246575342465
1.0,4.0,8.0,1.0,1.0,1.0,543.0,32.0,0,0.5015625,32.0,512.0,6400000.0,0.5273919092465753
4.0,4.0,4.0,5.0,27.0,23.0,909.0,3168.0,0,0.940625,8.0,128.0,6400000.0,0.9409246575342465
8.0,8.0,1.0,4.0,19.0,16.0,563.0,1536.0,0,0.9078125,0.0625,0.00390625,6400000.0,0.9033657962328766
4.0,4.0,8.0,5.0,27.0,23.0,2589.0,3168.0,0,0.940625,64.0,4.0,6400000.0,0.9409246575342465
1.0,4.0,4.0,1.0,1.0,1.0,63.0,32.0,0,0.5015625,2048.0,0.5,6400000.0,0.5273919092465753
4.0,4.0,4.0,9.0,32.0,33.0,1010.0,4768.0,0,0.940625,0.25,0.0078125,6400000.0,0.9409246575342465
1.0,4.0,4.0,1.0,1.0,1.0,63.0,32.0,0,0.5015625,0.125,1024.0,6400000.0,0.5273919092465753
1.0,4.0,8.0,1.0,1.0,1.0,543.0,32.0,0,0.5015625,64.0,4096.0,6400000.0,0.5273919092465753
4.0,4.0,8.0,5.0,27.0,23.0,2589.0,3168.0,0,0.940625,128.0,32.0,6400000.0,0.9409246575342465
1.0,4.0,8.0,1.0,1.0,1.0,543.0,32.0,0,0.5015625,0.00390625,2048.0,6400000.0,0.5273919092465753
4.0,4.0,8.0,5.0,27.0,23.0,2589.0,3168.0,0,0.940625,128.0,0.03125,6400000.0,0.9409246575342465
1.0,4.0,4.0,1.0,1.0,1.0,63.0,32.0,0,0.5015625,16.0,1024.0,6400000.0,0.5273919092465753
1.0,4.0,8.0,1.0,1.0,1.0,543.0,32.0,0,0.5015625,128.0,32768.0,6400000.0,0.5273919092465753
4.0,4.0,4.0,5.0,27.0,23.0,909.0,3168.0,0,0.940625,32.0,0.0078125,6400000.0,0.9409246575342465
4.0,4.0,8.0,5.0,27.0,23.0,2589.0,3168.0,0,0.940625,256.0,0.25,6400000.0,0.9033657962328766
4.0,4.0,4.0,5.0,27.0,23.0,909.0,3168.0,0,0.940625,16.0,1.0,6400000.0,0.9409246575342465
1.0,4.0,4.0,1.0,1.0,1.0,63.0,32.0,0,0.5015625,16384.0,128.0,6400000.0,0.5273919092465753
1.0,4.0,8.0,1.0,1.0,1.0,543.0,32.0,0,0.5015625,256.0,256.0,6400000.0,0.5273919092465753
1.0,8.0,1.0,1.0,1.0,1.0,35.0,32.0,0,0.5015625,0.5,1024.0,6400000.0,0.5273919092465753
1.0,4.0,8.0,1.0,1.0,1.0,543.0,32.0,0,0.5015625,512.0,0.00195312,6400000.0,0.5273919092465753
4.0,4.0,4.0,6.0,29.0,32.0,976.0,4608.0,0,0.940625,0.25,8.0,6400000.0,0.9409246575342465
1.0,4.0,8.0,1.0,1.0,1.0,543.0,32.0,0,0.5015625,512.0,2.0,6400000.0,0.5273919092465753
4.0,4.0,4.0,5.0,27.0,23.0,909.0,3168.0,0,0.940625,256.0,0.00195312,6400000.0,0.9033657962328766
4.0,4.0,4.0,4.0,22.0,19.0,766.0,2528.0,0,0.9078125,128.0,256.0,6400000.0,0.9033657962328766
8.0,8.0,1.0,4.0,19.0,16.0,563.0,1536.0,0,0.9078125,1.0,0.0078125,6400000.0,0.9033657962328766
4.0,4.0,4.0,5.0,27.0,23.0,909.0,3168.0,0,0.940625,32.0,8.0,6400000.0,0.9409246575342465
8.0,8.0,1.0,4.0,19.0,16.0,563.0,1536.0,0,0.9078125,0.0625,4.0,6400000.0,0.9033657962328766
1.0,4.0,8.0,1.0,1.0,1.0,543.0,32.0,0,0.5015625,2048.0,0.125,6400000.0,0.5273919092465753
1.0,4.0,8.0,1.0,1.0,1.0,543.0,32.0,0,0.5015625,512.0,2048.0,6400000.0,0.5273919092465753
8.0,8.0,1.0,4.0,19.0,16.0,563.0,1536.0,0,0.9078125,1.0,8.0,6400000.0,0.9033657962328766
4.0,4.0,8.0,17.0,74.0,90.0,4674.0,13888.0,0,0.9640625,0.0078125,0.015625,6400000.0,0.9620535714285714
1.0,4.0,8.0,1.0,1.0,1.0,543.0,32.0,0,0.5015625,1024.0,16.0,6400000.0,0.5273919092465753
1.0,4.0,8.0,1.0,1.0,1.0,543.0,32.0,0,0.5015625,1024.0,0.015625,6400000.0,0.5273919092465753
4.0,4.0,4.0,9.0,32.0,33.0,1010.0,4768.0,0,0.940625,0.0078125,0.0,6400000.0,0.9409246575342465
1.0,4.0,4.0,1.0,1.0,1.0,63.0,32.0,0,0.5015625,32.0,8192.0,6400000.0,0.5273919092465753
1.0,4.0,8.0,1.0,1.0,1.0,543.0,32.0,0,0.5015625,2048.0,128.0,6400000.0,0.5273919092465753
1.0,4.0,8.0,1.0,1.0,1.0,543.0,32.0,0,0.5015625,1024.0,16384.0,6400000.0,0.5273919092465753
1.0,4.0,8.0,1.0,1.0,1.0,543.0,32.0,0,0.5015625,4096.0,0.000976562,6400000.0,0.5273919092465753
1.0,4.0,4.0,1.0,1.0,1.0,63.0,32.0,0,0.5015625,0.25,8192.0,6400000.0,0.5273919092465753
1.0,8.0,1.0,1.0,1.0,1.0,35.0,32.0,0,0.5015625,0.0625,4096.0,6400000.0,0.5273919092465753
1.0,4.0,8.0,1.0,1.0,1.0,543.0,32.0,0,0.5015625,4096.0,1.0,6400000.0,0.5273919092465753
4.0,4.0,4.0,5.0,27.0,23.0,909.0,3168.0,0,0.940625,64.0,64.0,6400000.0,0.9409246575342465
1.0,4.0,8.0,1.0,1.0,1.0,543.0,32.0,0,0.5015625,4096.0,1024.0,6400000.0,0.5273919092465753
1.0,4.0,8.0,1.0,1.0,1.0,543.0,32.0,0,0.5015625,16384.0,0.0625,6400000.0,0.5273919092465753
1.0,4.0,8.0,1.0,1.0,1.0,543.0,32.0,0,0.5015625,8192.0,8.0,6400000.0,0.5273919092465753
1.0,4.0,4.0,1.0,1.0,1.0,63.0,32.0,0,0.5015625,2048.0,512.0,6400000.0,0.5273919092465753
1.0,4.0,8.0,1.0,1.0,1.0,543.0,32.0,0,0.5015625,8192.0,8192.0,6400000.0,0.5273919092465753
1.0,4.0,4.0,1.0,1.0,1.0,63.0,32.0,0,0.5015625,256.0,2048.0,6400000.0,0.5273919092465753
4.0,4.0,4.0,5.0,27.0,23.0,909.0,3168.0,0,0.940625,256.0,2.0,6400000.0,0.9033657962328766
8.0,8.0,1.0,4.0,19.0,16.0,563.0,1536.0,0,0.9078125,0.125,0.03125,6400000.0,0.9033657962328766
4.0,4.0,4.0,9.0,32.0,33.0,1010.0,4768.0,0,0.940625,0.5,0.0625,6400000.0,0.9409246575342465
4.0,4.0,4.0,5.0,27.0,23.0,909.0,3168.0,0,0.940625,64.0,0.0625,6400000.0,0.9409246575342465
1.0,4.0,8.0,1.0,1.0,1.0,543.0,32.0,0,0.5015625,16384.0,64.0,6400000.0,0.5273919092465753
1.0,4.0,8.0,1.0,1.0,1.0,543.0,32.0,0,0.5015625,8192.0,0.0078125,6400000.0,0.5273919092465753
4.0,4.0,4.0,5.0,27.0,23.0,909.0,3168.0,0,0.940625,0.5,64.0,6400000.0,0.9409246575342465
1.0,4.0,4.0,1.0,1.0,1.0,63.0,32.0,0,0.5015625,4096.0,0.00390625,6400000.0,0.5273919092465753
1.0,4.0,4.0,1.0,1.0,1.0,63.0,32.0,0,0.5015625,4096.0,4.0,6400000.0,0.5273919092465753
1.0,4.0,8.0,1.0,1.0,1.0,543.0,32.0,0,0.5015625,32768.0,0.0,6400000.0,0.5273919092465753
1.0,4.0,8.0,1.0,1.0,1.0,543.0,32.0,0,0.5015625,0.0078125,16384.0,6400000.0,0.5273919092465753
4.0,4.0,8.0,8.0,51.0,62.0,3844.0,9408.0,0,0.959375,0.0078125,16.0,6400000.0,0.9585318309686889
1.0,4.0,4.0,1.0,1.0,1.0,63.0,32.0,0,0.5015625,32768.0,0.000976562,6400000.0,0.5273919092465753
1.0,4.0,8.0,1.0,1.0,1.0,543.0,32.0,0,0.5015625,32768.0,512.0,6400000.0,0.5273919092465753
1.0,4.0,8.0,1.0,1.0,1.0,543.0,32.0,0,0.5015625,32768.0,0.5,6400000.0,0.5273919092465753
8.0,8.0,1.0,4.0,19.0,16.0,563.0,1536.0,0,0.9078125,0.0,0.00390625,6400000.0,0.9033657962328766
1.0,4.0,4.0,1.0,1.0,1.0,63.0,32.0,0,0.5015625,0.0078125,512.0,6400000.0,0.5273919092465753
4.0,4.0,4.0,9.0,32.0,33.0,1010.0,4768.0,0,0.940625,0.015625,0.00390625,6400000.0,0.9409246575342465
1.0,4.0,4.0,1.0,1.0,1.0,63.0,32.0,0,0.5015625,32768.0,1024.0,6400000.0,0.5273919092465753
4.0,4.0,4.0,9.0,32.0,33.0,1010.0,4768.0,0,0.940625,0.0078125,0.5,6400000.0,0.9409246575342465
1.0,4.0,4.0,1.0,1.0,1.0,63.0,32.0,0,0.5015625,32768.0,1.0,6400000.0,0.5273919092465753
8.0,8.0,1.0,4.0,19.0,16.0,563.0,1536.0,0,0.9078125,0.125,32.0,6400000.0,0.9033657962328766
8.0,8.0,1.0,4.0,19.0,16.0,563.0,1536.0,0,0.9078125,0.000976562,0.03125,6400000.0,0.9033657962328766
8.0,8.0,1.0,4.0,19.0,16.0,563.0,1536.0,0,0.9078125,0.0,4.0,6400000.0,0.9033657962328766
8.0,8.0,1.0,4.0,19.0,16.0,563.0,1536.0,0,0.9078125,0.000976562,32.0,6400000.0,0.9033657962328766
1.0,4.0,4.0,1.0,1.0,1.0,63.0,32.0,0,0.5015625,512.0,0.015625,6400000.0,0.5273919092465753
4.0,4.0,8.0,17.0,74.0,90.0,4674.0,13888.0,0,0.9625,0.015625,0.125,6400000.0,0.962445725293542
1.0,8.0,1.0,1.0,1.0,1.0,35.0,32.0,0,0.5015625,0.0,4096.0,6400000.0,0.5273919092465753
1.0,8.0,1.0,1.0,1.0,1.0,35.0,32.0,0,0.5015625,0.125,32768.0,6400000.0,0.5273919092465753
1.0,8.0,1.0,1.0,1.0,1.0,35.0,32.0,0,0.5015625,0.000976562,32768.0,6400000.0,0.5273919092465753
4.0,4.0,8.0,17.0,74.0,90.0,4674.0,13888.0,0,0.9640625,0.03125,0.000976562,6400000.0,0.9620535714285714
4.0,4.0,8.0,5.0,27.0,23.0,2589.0,3168.0,0,0.940625,0.015625,128.0,6400000.0,0.9409246575342465
8.0,8.0,1.0,3.0,18.0,16.0,551.0,1536.0,0,0.6890625,0.00195312,256.0,6400000.0,0.6533696183953033
1.0,8.0,1.0,1.0,1.0,1.0,35.0,32.0,0,0.5015625,1.0,8192.0,6400000.0,0.5273919092465753
8.0,8.0,1.0,4.0,19.0,16.0,563.0,1536.0,0,0.9078125,0.25,0.25,6400000.0,0.9033657962328766
8.0,8.0,1.0,4.0,19.0,16.0,563.0,1536.0,0,0.9078125,0.00390625,2.0,6400000.0,0.9033657962328766
1.0,4.0,4.0,1.0,1.0,1.0,63.0,32.0,0,0.5015625,4096.0,4096.0,6400000.0,0.5273919092465753
1.0,8.0,1.0,1.0,1.0,1.0,35.0,32.0,0,0.5015625,0.00390625,2048.0,6400000.0,0.5273919092465753
8.0,8.0,1.0,4.0,19.0,16.0,563.0,1536.0,0,0.9078125,0.00195312,0.25,6400000.0,0.9033657962328766
1.0,4.0,4.0,1.0,1.0,1.0,63.0,32.0,0,0.5015625,512.0,16.0,6400000.0,0.5273919092465753
8.0,8.0,1.0,4.0,19.0,16.0,563.0,1536.0,0,0.9078125,0.0078125,0.015625,6400000.0,0.9033657962328766
8.0,8.0,1.0,4.0,19.0,16.0,563.0,1536.0,0,0.9078125,0.00390625,0.00195312,6400000.0,0.9033657962328766
4.0,4.0,8.0,17.0,74.0,90.0,4674.0,13888.0,0,0.9640625,0.0,0.0078125,6400000.0,0.9620535714285714
1.0,4.0,4.0,1.0,1.0,1.0,63.0,32.0,0,0.5015625,512.0,16384.0,6400000.0,0.5273919092465753
4.0,4.0,8.0,14.0,66.0,85.0,4476.0,13088.0,0,0.9640625,0.03125,1.0,6400000.0,0.9620543358610567
8.0,8.0,1.0,4.0,19.0,16.0,563.0,1536.0,0,0.9078125,0.0078125,16.0,6400000.0,0.9033657962328766
4.0,4.0,4.0,9.0,32.0,33.0,1010.0,4768.0,0,0.940625,1.0,0.0,6400000.0,0.9409246575342465
1.0,4.0,8.0,1.0,1.0,1.0,543.0,32.0,0,0.5015625,0.0625,8192.0,6400000.0,0.5273919092465753
1.0,8.0,1.0,1.0,1.0,1.0,35.0,32.0,0,0.5015625,0.0078125,16384.0,6400000.0,0.5273919092465753
4.0,4.0,4.0,5.0,27.0,23.0,909.0,3168.0,0,0.940625,128.0,0.0,6400000.0,0.9409246575342465
4.0,4.0,8.0,12.0,64.0,93.0,4462.0,14368.0,0,0.9640625,0.0,8.0,6400000.0,0.9581404415362034
4.0,4.0,8.0,17.0,74.0,90.0,4674.0,13888.0,0,0.9640625,0.0625,0.0078125,6400000.0,0.962836350293542
1.0,4.0,8.0,1.0,1.0,1.0,543.0,32.0,0,0.5015625,0.03125,1024.0,6400000.0,0.5273919092465753
1.0,4.0,8.0,1.0,1.0,1.0,543.0,32.0,0,0.5015625,0.0,8192.0,6400000.0,0.5273919092465753
4.0,4.0,8.0,12.0,64.0,93.0,4462.0,14368.0,0,0.9640625,0.0625,8.0,6400000.0,0.9581404415362034
1.0,4.0,4.0,1.0,1.0,1.0,63.0,32.0,0,0.5015625,8192.0,0.03125,6400000.0,0.5273919092465753
4.0,4.0,8.0,5.0,27.0,23.0,2589.0,3168.0,0,0.940625,0.125,64.0,6400000.0,0.9409246575342465
8.0,8.0,1.0,4.0,19.0,16.0,563.0,1536.0,0,0.9078125,0.015625,0.125,6400000.0,0.9033657962328766
4.0,4.0,4.0,9.0,32.0,33.0,1010.0,4768.0,0,0.940625,0.03125,0.03125,6400000.0,0.9409246575342465
8.0,8.0,1.0,3.0,18.0,16.0,551.0,1536.0,0,0.75,0.015625,128.0,6400000.0,0.758226822407045
8.0,8.0,1.0,4.0,19.0,16.0,563.0,1536.0,0,0.9078125,2.0,0.0625,6400000.0,0.9033657962328766
4.0,4.0,8.0,16.0,73.0,90.0,4663.0,13888.0,0,0.9640625,0.125,0.0625,6400000.0,0.962445725293542
1.0,4.0,8.0,1.0,1.0,1.0,543.0,32.0,0,0.5015625,0.25,512.0,6400000.0,0.5273919092465753
4.0,4.0,8.0,16.0,73.0,90.0,4663.0,13888.0,0,0.9640625,0.5,0.00390625,6400000.0,0.9620543358610567
4.0,4.0,8.0,14.0,65.0,85.0,4444.0,13088.0,0,0.9640625,0.25,0.5,6400000.0,0.9620543358610567
1.0,4.0,4.0,1.0,1.0,1.0,63.0,32.0,0,0.5015625,0.015625,4096.0,6400000.0,0.5273919092465753
4.0,4.0,8.0,16.0,73.0,90.0,4663.0,13888.0,0,0.9640625,0.25,0.0,6400000.0,0.962445725293542
4.0,4.0,8.0,17.0,74.0,90.0,4674.0,13888.0,0,0.9640625,0.000976562,0.0625,6400000.0,0.9620535714285714
4.0,4.0,4.0,5.0,27.0,23.0,909.0,3168.0,0,0.940625,0.03125,32.0,6400000.0,0.9409246575342465
4.0,4.0,4.0,8.0,34.0,33.0,1095.0,4768.0,0,0.940625,1.0,0.5,6400000.0,0.9409246575342465
4.0,4.0,4.0,7.0,33.0,33.0,1084.0,4768.0,0,0.940625,0.015625,4.0,6400000.0,0.9409246575342465
1.0,4.0,4.0,1.0,1.0,1.0,63.0,32.0,0,0.5015625,1024.0,0.125,6400000.0,0.5273919092465753
4.0,4.0,4.0,5.0,27.0,23.0,909.0,3168.0,0,0.940625,128.0,0.5,6400000.0,0.9409246575342465
1.0,4.0,8.0,1.0,1.0,1.0,543.0,32.0,0,0.5015625,0.5,4096.0,6400000.0,0.5273919092465753
4.0,4.0,8.0,14.0,66.0,85.0,4476.0,13088.0,0,0.9640625,1.0,0.03125,6400000.0,0.9620543358610567
4.0,4.0,8.0,14.0,67.0,88.0,4511.0,13568.0,0,0.9640625,0.5,4.0,6400000.0,0.9577490521037182
4.0,4.0,4.0,8.0,34.0,33.0,1095.0,4768.0,0,0.940625,2.0,0.00390625,6400000.0,0.9409246575342465
8.0,8.0,1.0,4.0,19.0,16.0,563.0,1536.0,0,0.9078125,0.03125,0.000976562,6400000.0,0.9033657962328766
1.0,4.0,4.0,1.0,1.0,1.0,63.0,32.0,0,0.5015625,1.0,512.0,6400000.0,0.5273919092465753
4.0,4.0,8.0,8.0,51.0,62.0,3844.0,9408.0,0,0.959375,1.0,32.0,6400000.0,0.9577505809686888
4.0,4.0,8.0,16.0,73.0,90.0,4663.0,13888.0,0,0.9640625,0.00195312,0.5,6400000.0,0.9620543358610567
4.0,4.0,8.0,17.0,74.0,90.0,4674.0,13888.0,0,0.9640625,0.00195312,0.0,6400000.0,0.9620535714285714
1.0,4.0,8.0,1.0,1.0,1.0,543.0,32.0,0,0.5015625,1.0,32768.0,6400000.0,0.5273919092465753
4.0,4.0,4.0,9.0,32.0,33.0,1010.0,4768.0,0,0.940625,0.0625,0.25,6400000.0,0.9409246575342465
4.0,4.0,8.0,5.0,27.0,23.0,2589.0,3168.0,0,0.940625,2.0,256.0,6400000.0,0.9033657962328766
4.0,4.0,8.0,5.0,27.0,23.0,2589.0,3168.0,0,0.940625,0.000976562,64.0,6400000.0,0.9409246575342465
8.0,8.0,1.0,4.0,19.0,16.0,563.0,1536.0,0,0.9078125,2.0,64.0,6400000.0,0.9033657962328766
4.0,4.0,8.0,14.0,66.0,86.0,4477.0,13248.0,0,0.9640625,2.0,0.25,6400000.0,0.9616629464285715
1.0,4.0,4.0,1.0,1.0,1.0,63.0,32.0,0,0.5015625,2.0,4096.0,6400000.0,0.5273919092465753
4.0,4.0,4.0,7.0,33.0,33.0,1084.0,4768.0,0,0.940625,2.0,4.0,6400000.0,0.9409246575342465
4.0,4.0,8.0,14.0,67.0,88.0,4511.0,13568.0,0,0.9640625,4.0,0.00195312,6400000.0,0.9616629464285715
4.0,4.0,8.0,14.0,67.0,88.0,4511.0,13568.0,0,0.9640625,4.0,2.0,6400000.0,0.9577490521037182
4.0,4.0,4.0,9.0,32.0,33.0,1010.0,4768.0,0,0.940625,0.125,0.00195312,6400000.0,0.9409246575342465
1.0,4.0,8.0,1.0,1.0,1.0,543.0,32.0,0,0.5015625,8.0,16384.0,6400000.0,0.5273919092465753
1.0,4.0,8.0,1.0,1.0,1.0,543.0,32.0,0,0.5015625,4.0,2048.0,6400000.0,0.5273919092465753
4.0,4.0,4.0,7.0,33.0,33.0,1084.0,4768.0,0,0.940625,4.0,0.03125,6400000.0,0.9409246575342465
4.0,4.0,8.0,12.0,64.0,93.0,4462.0,14368.0,0,0.9640625,8.0,0.015625,6400000.0,0.9597059992661447
8.0,8.0,1.0,4.0,19.0,16.0,563.0,1536.0,0,0.9078125,0.03125,1.0,6400000.0,0.9033657962328766
4.0,4.0,8.0,8.0,51.0,62.0,3844.0,9408.0,0,0.959375,8.0,16.0,6400000.0,0.9585318309686889
1.0,4.0,4.0,1.0,1.0,1.0,63.0,32.0,0,0.5015625,0.03125,32768.0,6400000.0,0.5273919092465753
8.0,8.0,1.0,3.0,18.0,16.0,551.0,1536.0,0,0.6890625,0.25,256.0,6400000.0,0.6533696183953033
4.0,4.0,4.0,5.0,27.0,23.0,909.0,3168.0,0,0.940625,0.0625,256.0,6400000.0,0.9033657962328766
1.0,4.0,4.0,1.0,1.0,1.0,63.0,32.0,0,0.5015625,8192.0,32768.0,6400000.0,0.5273919092465753
8.0,8.0,1.0,4.0,19.0,16.0,563.0,1536.0,0,0.9078125,0.5,0.00195312,6400000.0,0.9033657962328766
1.0,4.0,8.0,1.0,1.0,1.0,543.0,32.0,0,0.5015625,0.00195312,512.0,6400000.0,0.5273919092465753
8.0,8.0,1.0,4.0,19.0,16.0,563.0,1536.0,0,0.9078125,0.5,2.0,6400000.0,0.9033657962328766
4.0,4.0,8.0,17.0,74.0,90.0,4674.0,13888.0,0,0.9640625,0.00390625,0.00390625,6400000.0,0.9620535714285714
1.0,4.0,4.0,1.0,1.0,1.0,63.0,32.0,0,0.5015625,8192.0,32.0,6400000.0,0.5273919092465753
4.0,4.0,4.0,8.0,34.0,33.0,1095.0,4768.0,0,0.940625,0.125,2.0,6400000.0,0.9409246575342465
1.0,4.0,4.0,1.0,1.0,1.0,63.0,32.0,0,0.5015625,1024.0,128.0,6400000.0,0.5273919092465753
4.0,4.0,8.0,8.0,52.0,63.0,3877.0,9568.0,0,0.959375,16.0,0.125,6400000.0,0.9597059992661447
1.0,4.0,4.0,1.0,1.0,1.0,63.0,32.0,0,0.5015625,2048.0,0.000976562,6400000.0,0.5273919092465753
4.0,4.0,4.0,6.0,29.0,32.0,976.0,4608.0,0,0.940625,8.0,0.25,6400000.0,0.9409246575342465
4.0,4.0,8.0,5.0,27.0,23.0,2589.0,3168.0,0,0.940625,16.0,128.0,6400000.0,0.9409246575342465
1.0,8.0,1.0,1.0,1.0,1.0,35.0,32.0,0,0.5015625,0.03125,1024.0,6400000.0,0.5273919092465753
4.0,4.0,8.0,8.0,52.0,63.0,3877.0,9568.0,0,0.959375,32.0,1.0,6400000.0,0.9589247492661448
4.0,4.0,8.0,8.0,52.0,63.0,3877.0,9568.0,0,0.959375,32.0,0.000976562,6400000.0,0.9597059992661447
4.0,4.0,4.0,5.0,27.0,23.0,909.0,3168.0,0,0.940625,16.0,0.00195312,6400000.0,0.9409246575342465
1.0,4.0,4.0,1.0,1.0,1.0,63.0,32.0,0,0.5015625,4.0,32768.0,6400000.0,0.5273919092465753
4.0,4.0,8.0,5.0,27.0,23.0,2589.0,3168.0,0,0.940625,64.0,0.0078125,6400000.0,0.9409246575342465
1.0,4.0,8.0,1.0,1.0,1.0,543.0,32.0,0,0.5015625,32.0,1024.0,6400000.0,0.5273919092465753
4.0,4.0,4.0,5.0,27.0,23.0,909.0,3168.0,0,0.940625,4.0,32.0,6400000.0,0.9409246575342465
4.0,4.0,8.0,14.0,67.0,88.0,4511.0,13568.0,0,0.9640625,0.00390625,4.0,6400000.0,0.9616629464285715
1.0,4.0,4.0,1.0,1.0,1.0,63.0,32.0,0,0.5015625,16384.0,0.25,6400000.0,0.5273919092465753
4.0,4.0,4.0,5.0,27.0,23.0,909.0,3168.0,0,0.940625,8.0,256.0,6400000.0,0.9033657962328766
4.0,4.0,8.0,5.0,27.0,23.0,2589.0,3168.0,0,0.940625,64.0,8.0,6400000.0,0.9409246575342465
1.0,4.0,8.0,1.0,1.0,1.0,543.0,32.0,0,0.5015625,64.0,8192.0,6400000.0,0.5273919092465753
1.0,4.0,4.0,1.0,1.0,1.0,63.0,32.0,0,0.5015625,16.0,2048.0,6400000.0,0.5273919092465753
4.0,4.0,8.0,5.0,27.0,23.0,2589.0,3168.0,0,0.940625,256.0,0.0,6400000.0,0.9033657962328766
1.0,4.0,4.0,1.0,1.0,1.0,63.0,32.0,0,0.5015625,2048.0,1.0,6400000.0,0.5273919092465753
1.0,4.0,8.0,1.0,1.0,1.0,543.0,32.0,0,0.5015625,0.00390625,4096.0,6400000.0,0.5273919092465753
1.0,4.0,4.0,1.0,1.0,1.0,63.0,32.0,0,0.5015625,0.125,2048.0,6400000.0,0.5273919092465753
4.0,4.0,8.0,5.0,27.0,23.0,2589.0,3168.0,0,0.940625,128.0,0.0625,6400000.0,0.9409246575342465
4.0,4.0,4.0,9.0,32.0,33.0,1010.0,4768.0,0,0.940625,0.25,0.015625,6400000.0,0.9409246575342465
8.0,8.0,1.0,4.0,19.0,16.0,563.0,1536.0,0,0.9078125,0.0625,0.0078125,6400000.0,0.9033657962328766
4.0,4.0,8.0,5.0,27.0,23.0,2589.0,3168.0,0,0.940625,128.0,64.0,6400000.0,0.9409246575342465
4.0,4.0,8.0,5.0,27.0,23.0,2589.0,3168.0,0,0.940625,256.0,0.5,6400000.0,0.9033657962328766
4.0,4.0,4.0,5.0,27.0,23.0,909.0,3168.0,0,0.940625,32.0,0.015625,6400000.0,0.9409246575342465
4.0,4.0,4.0,5.0,27.0,23.0,909.0,3168.0,0,0.940625,16.0,2.0,6400000.0,0.9409246575342465
4.0,4.0,4.0,5.0,27.0,23.0,909.0,3168.0,0,0.940625,0.25,16.0,6400000.0,0.9409246575342465
1.0,4.0,4.0,1.0,1.0,1.0,63.0,32.0,0,0.5015625,16384.0,256.0,6400000.0,0.5273919092465753
1.0,4.0,8.0,1.0,1.0,1.0,543.0,32.0,0,0.5015625,256.0,512.0,6400000.0,0.5273919092465753
1.0,4.0,8.0,1.0,1.0,1.0,543.0,32.0,0,0.5015625,512.0,0.00390625,6400000.0,0.5273919092465753
1.0,8.0,1.0,1.0,1.0,1.0,35.0,32.0,0,0.5015625,0.5,2048.0,6400000.0,0.5273919092465753
1.0,4.0,8.0,1.0,1.0,1.0,543.0,32.0,0,0.5015625,512.0,4.0,6400000.0,0.5273919092465753
4.0,4.0,4.0,5.0,27.0,23.0,909.0,3168.0,0,0.940625,256.0,0.00390625,6400000.0,0.9033657962328766
1.0,4.0,4.0,1.0,1.0,1.0,63.0,32.0,0,0.5015625,128.0,512.0,6400000.0,0.5273919092465753
8.0,8.0,1.0,4.0,19.0,16.0,563.0,1536.0,0,0.9078125,1.0,0.015625,6400000.0,0.9033657962328766
1.0,4.0,8.0,1.0,1.0,1.0,543.0,32.0,0,0.5015625,1024.0,32.0,6400000.0,0.5273919092465753
1.0,4.0,8.0,1.0,1.0,1.0,543.0,32.0,0,0.5015625,2048.0,0.25,6400000.0,0.5273919092465753
1.0,4.0,8.0,1.0,1.0,1.0,543.0,32.0,0,0.5015625,2048.0,256.0,6400000.0,0.5273919092465753
1.0,4.0,8.0,1.0,1.0,1.0,543.0,32.0,0,0.5015625,512.0,4096.0,6400000.0,0.5273919092465753
1.0,4.0,8.0,1.0,1.0,1.0,543.0,32.0,0,0.5015625,1024.0,0.03125,6400000.0,0.5273919092465753
4.0,4.0,4.0,5.0,27.0,23.0,909.0,3168.0,0,0.940625,32.0,16.0,6400000.0,0.9409246575342465
8.0,8.0,1.0,4.0,19.0,16.0,563.0,1536.0,0,0.9078125,1.0,16.0,6400000.0,0.9033657962328766
8.0,8.0,1.0,4.0,19.0,16.0,563.0,1536.0,0,0.9078125,0.0625,8.0,6400000.0,0.9033657962328766
4.0,4.0,8.0,17.0,74.0,90.0,4674.0,13888.0,0,0.9640625,0.0078125,0.03125,6400000.0,0.9620535714285714
1.0,4.0,4.0,1.0,1.0,1.0,63.0,32.0,0,0.5015625,32.0,16384.0,6400000.0,0.5273919092465753
8.0,8.0,1.0,4.0,19.0,16.0,563.0,1536.0,0,0.9078125,4.0,0.0,6400000.0,0.9033657962328766
1.0,4.0,8.0,1.0,1.0,1.0,543.0,32.0,0,0.5015625,1024.0,32768.0,6400000.0,0.5273919092465753
1.0,4.0,8.0,1.0,1.0,1.0,543.0,32.0,0,0.5015625,4096.0,0.00195312,6400000.0,0.5273919092465753
1.0,4.0,8.0,1.0,1.0,1.0,543.0,32.0,0,0.5015625,4096.0,2.0,6400000.0,0.5273919092465753
1.0,4.0,4.0,1.0,1.0,1.0,63.0,32.0,0,0.5015625,0.25,16384.0,6400000.0,0.5273919092465753
1.0,8.0,1.0,1.0,1.0,1.0,35.0,32.0,0,0.5015625,0.0625,8192.0,6400000.0,0.5273919092465753
4.0,4.0,4.0,5.0,27.0,23.0,909.0,3168.0,0,0.940625,64.0,128.0,6400000.0,0.9409246575342465
1.0,4.0,8.0,1.0,1.0,1.0,543.0,32.0,0,0.5015625,16384.0,0.125,6400000.0,0.5273919092465753
1.0,4.0,4.0,1.0,1.0,1.0,63.0,32.0,0,0.5015625,2048.0,1024.0,6400000.0,0.5273919092465753
4.0,4.0,4.0,5.0,27.0,23.0,909.0,3168.0,0,0.940625,256.0,4.0,6400000.0,0.9033657962328766
1.0,4.0,8.0,1.0,1.0,1.0,543.0,32.0,0,0.5015625,4096.0,2048.0,6400000.0,0.5273919092465753
1.0,4.0,8.0,1.0,1.0,1.0,543.0,32.0,0,0.5015625,8192.0,16.0,6400000.0,0.5273919092465753
1.0,4.0,4.0,1.0,1.0,1.0,63.0,32.0,0,0.5015625,256.0,4096.0,6400000.0,0.5273919092465753
1.0,4.0,8.0,1.0,1.0,1.0,543.0,32.0,0,0.5015625,8192.0,0.015625,6400000.0,0.5273919092465753
4.0,4.0,4.0,5.0,27.0,23.0,909.0,3168.0,0,0.940625,0.5,128.0,6400000.0,0.9409246575342465
8.0,8.0,1.0,4.0,19.0,16.0,563.0,1536.0,0,0.9078125,0.125,0.0625,6400000.0,0.9033657962328766
4.0,4.0,4.0,5.0,27.0,23.0,909.0,3168.0,0,0.940625,64.0,0.125,6400000.0,0.9409246575342465
1.0,4.0,8.0,1.0,1.0,1.0,543.0,32.0,0,0.5015625,16384.0,128.0,6400000.0,0.5273919092465753
4.0,4.0,4.0,9.0,32.0,33.0,1010.0,4768.0,0,0.940625,0.5,0.125,6400000.0,0.9409246575342465
1.0,4.0,8.0,1.0,1.0,1.0,543.0,32.0,0,0.5015625,8192.0,16384.0,6400000.0,0.5273919092465753
1.0,4.0,8.0,1.0,1.0,1.0,543.0,32.0,0,0.5015625,32768.0,0.000976562,6400000.0,0.5273919092465753
1.0,4.0,4.0,1.0,1.0,1.0,63.0,32.0,0,0.5015625,4096.0,8.0,6400000.0,0.5273919092465753
1.0,4.0,4.0,1.0,1.0,1.0,63.0,32.0,0,0.5015625,4096.0,0.0078125,6400000.0,0.5273919092465753
4.0,4.0,8.0,8.0,51.0,62.0,3844.0,9408.0,0,0.959375,0.0078125,32.0,6400000.0,0.9585318309686889
1.0,4.0,8.0,1.0,1.0,1.0,543.0,32.0,0,0.5015625,0.0078125,32768.0,6400000.0,0.5273919092465753
1.0,4.0,8.0,1.0,1.0,1.0,543.0,32.0,0,0.5015625,32768.0,1024.0,6400000.0,0.5273919092465753
1.0,4.0,4.0,1.0,1.0,1.0,63.0,32.0,0,0.5015625,32768.0,0.00195312,6400000.0,0.5273919092465753
8.0,8.0,1.0,4.0,19.0,16.0,563.0,1536.0,0,0.9078125,0.0,0.0078125,6400000.0,0.9033657962328766
1.0,4.0,8.0,1.0,1.0,1.0,543.0,32.0,0,0.5015625,32768.0,1.0,6400000.0,0.5273919092465753
8.0,8.0,1.0,4.0,19.0,16.0,563.0,1536.0,0,0.9078125,0.125,64.0,6400000.0,0.9033657962328766
8.0,8.0,1.0,4.0,19.0,16.0,563.0,1536.0,0,0.9078125,4.0,0.5,6400000.0,0.9033657962328766
1.0,4.0,4.0,1.0,1.0,1.0,63.0,32.0,0,0.5015625,32768.0,2.0,6400000.0,0.5273919092465753
1.0,4.0,4.0,1.0,1.0,1.0,63.0,32.0,0,0.5015625,32768.0,2048.0,6400000.0,0.5273919092465753
1.0,8.0,1.0,1.0,1.0,1.0,35.0,32.0,0,0.5015625,4.0,512.0,6400000.0,0.5273919092465753
1.0,8.0,1.0,1.0,1.0,1.0,35.0,32.0,0,0.5015625,0.0,8192.0,6400000.0,0.5273919092465753
8.0,8.0,1.0,4.0,19.0,16.0,563.0,1536.0,0,0.9078125,0.0,8.0,6400000.0,0.9033657962328766
1.0,8.0,1.0,1.0,1.0,1.0,35.0,32.0,0,0.5015625,0.00195312,512.0,6400000.0,0.5273919092465753
8.0,8.0,1.0,4.0,19.0,16.0,563.0,1536.0,0,0.9078125,0.000976562,0.0625,6400000.0,0.9033657962328766
8.0,8.0,1.0,4.0,19.0,16.0,563.0,1536.0,0,0.9078125,0.000976562,64.0,6400000.0,0.9033657962328766
8.0,8.0,1.0,4.0,19.0,16.0,563.0,1536.0,0,0.9078125,8.0,0.00390625,6400000.0,0.9033657962328766
1.0,4.0,4.0,1.0,1.0,1.0,63.0,32.0,0,0.5015625,512.0,0.03125,6400000.0,0.5273919092465753
8.0,8.0,1.0,4.0,19.0,16.0,563.0,1536.0,0,0.9078125,0.00195312,0.0,6400000.0,0.9033657962328766
4.0,4.0,8.0,16.0,73.0,90.0,4663.0,13888.0,0,0.9640625,0.015625,0.25,6400000.0,0.962445725293542
8.0,8.0,1.0,4.0,19.0,16.0,563.0,1536.0,0,0.9078125,0.25,0.0,6400000.0,0.9033657962328766
4.0,4.0,8.0,17.0,74.0,90.0,4674.0,13888.0,0,0.9640625,0.03125,0.00195312,6400000.0,0.9620535714285714
4.0,4.0,8.0,5.0,27.0,23.0,2589.0,3168.0,0,0.940625,0.015625,256.0,6400000.0,0.9033657962328766
8.0,8.0,1.0,4.0,19.0,16.0,563.0,1536.0,0,0.9078125,0.25,0.5,6400000.0,0.9033657962328766
1.0,4.0,4.0,1.0,1.0,1.0,63.0,32.0,0,0.5015625,512.0,32.0,6400000.0,0.5273919092465753
1.0,4.0,4.0,1.0,1.0,1.0,63.0,32.0,0,0.5015625,4096.0,8192.0,6400000.0,0.5273919092465753
1.0,8.0,1.0,1.0,1.0,1.0,35.0,32.0,0,0.5015625,1.0,16384.0,6400000.0,0.5273919092465753
8.0,8.0,1.0,4.0,19.0,16.0,563.0,1536.0,0,0.9078125,0.00195312,0.5,6400000.0,0.9033657962328766
8.0,8.0,1.0,4.0,19.0,16.0,563.0,1536.0,0,0.9078125,0.00390625,4.0,6400000.0,0.9033657962328766
1.0,8.0,1.0,1.0,1.0,1.0,35.0,32.0,0,0.5015625,0.00390625,4096.0,6400000.0,0.5273919092465753
8.0,8.0,1.0,4.0,19.0,16.0,563.0,1536.0,0,0.9078125,0.0078125,0.03125,6400000.0,0.9033657962328766
1.0,4.0,4.0,1.0,1.0,1.0,63.0,32.0,0,0.5015625,512.0,32768.0,6400000.0,0.5273919092465753
4.0,4.0,8.0,14.0,66.0,86.0,4477.0,13248.0,0,0.9640625,0.03125,2.0,6400000.0,0.9616629464285715
8.0,8.0,1.0,4.0,19.0,16.0,563.0,1536.0,0,0.9078125,0.00390625,0.00390625,6400000.0,0.9033657962328766
4.0,4.0,8.0,17.0,74.0,90.0,4674.0,13888.0,0,0.9640625,0.0,0.015625,6400000.0,0.9620535714285714
1.0,8.0,1.0,1.0,1.0,1.0,35.0,32.0,0,0.5015625,0.0078125,32768.0,6400000.0,0.5273919092465753
8.0,8.0,1.0,4.0,19.0,16.0,563.0,1536.0,0,0.9078125,0.0078125,32.0,6400000.0,0.9033657962328766
1.0,4.0,8.0,1.0,1.0,1.0,543.0,32.0,0,0.5015625,0.0625,16384.0,6400000.0,0.5273919092465753
4.0,4.0,4.0,5.0,27.0,23.0,909.0,3168.0,0,0.940625,128.0,0.000976562,6400000.0,0.9409246575342465
4.0,4.0,8.0,8.0,51.0,62.0,3844.0,9408.0,0,0.959375,0.0,16.0,6400000.0,0.9585318309686889
1.0,4.0,8.0,1.0,1.0,1.0,543.0,32.0,0,0.5015625,0.03125,2048.0,6400000.0,0.5273919092465753
4.0,4.0,8.0,17.0,74.0,90.0,4674.0,13888.0,0,0.9640625,0.0625,0.015625,6400000.0,0.962836350293542
4.0,4.0,8.0,5.0,27.0,23.0,2589.0,3168.0,0,0.940625,0.125,128.0,6400000.0,0.9409246575342465
1.0,4.0,8.0,1.0,1.0,1.0,543.0,32.0,0,0.5015625,0.0,16384.0,6400000.0,0.5273919092465753
4.0,4.0,4.0,9.0,32.0,33.0,1010.0,4768.0,0,0.940625,1.0,0.000976562,6400000.0,0.9409246575342465
8.0,8.0,1.0,4.0,19.0,16.0,563.0,1536.0,0,0.9078125,0.015625,0.25,6400000.0,0.9033657962328766
1.0,4.0,4.0,1.0,1.0,1.0,63.0,32.0,0,0.5015625,8192.0,0.0625,6400000.0,0.5273919092465753
4.0,4.0,8.0,8.0,51.0,62.0,3844.0,9408.0,0,0.959375,0.0625,16.0,6400000.0,0.9585318309686889
1.0,4.0,8.0,1.0,1.0,1.0,543.0,32.0,0,0.5015625,0.25,1024.0,6400000.0,0.5273919092465753
8.0,8.0,1.0,4.0,19.0,16.0,563.0,1536.0,0,0.9078125,2.0,0.125,6400000.0,0.9033657962328766
8.0,8.0,1.0,3.0,18.0,16.0,551.0,1536.0,0,0.6890625,0.015625,256.0,6400000.0,0.6533696183953033
4.0,4.0,8.0,16.0,73.0,90.0,4663.0,13888.0,0,0.9640625,0.5,0.0078125,6400000.0,0.9620543358610567
8.0,8.0,1.0,4.0,19.0,16.0,563.0,1536.0,0,0.9078125,8.0,4.0,6400000.0,0.9033657962328766
4.0,4.0,8.0,16.0,73.0,90.0,4663.0,13888.0,0,0.9640625,0.25,0.000976562,6400000.0,0.962445725293542
1.0,8.0,1.0,1.0,1.0,1.0,35.0,32.0,0,0.5015625,8.0,4096.0,6400000.0,0.5273919092465753
4.0,4.0,8.0,17.0,74.0,90.0,4674.0,13888.0,0,0.9625,0.000976562,0.125,6400000.0,0.962445725293542
4.0,4.0,8.0,16.0,73.0,90.0,4663.0,13888.0,0,0.9640625,0.125,0.125,6400000.0,0.962445725293542
4.0,4.0,8.0,14.0,66.0,85.0,4476.0,13088.0,0,0.9640625,0.25,1.0,6400000.0,0.9620543358610567
8.0,8.0,1.0,4.0,19.0,16.0,563.0,1536.0,0,0.9078125,16.0,0.03125,6400000.0,0.9033657962328766
1.0,4.0,8.0,1.0,1.0,1.0,543.0,32.0,0,0.5015625,0.5,8192.0,6400000.0,0.5273919092465753
4.0,4.0,4.0,5.0,27.0,23.0,909.0,3168.0,0,0.940625,128.0,1.0,6400000.0,0.9409246575342465
8.0,8.0,1.0,4.0,19.0,16.0,563.0,1536.0,0,0.9078125,16.0,32.0,6400000.0,0.9033657962328766
4.0,4.0,4.0,8.0,34.0,33.0,1095.0,4768.0,0,0.940625,1.0,1.0,6400000.0,0.9409246575342465
4.0,4.0,8.0,14.0,66.0,85.0,4476.0,13088.0,0,0.9640625,1.0,0.0625,6400000.0,0.9620543358610567
1.0,4.0,4.0,1.0,1.0,1.0,63.0,32.0,0,0.5015625,1024.0,0.25,6400000.0,0.5273919092465753
4.0,4.0,8.0,5.0,27.0,23.0,2589.0,3168.0,0,0.940625,1.0,64.0,6400000.0,0.9409246575342465
1.0,4.0,4.0,1.0,1.0,1.0,63.0,32.0,0,0.5015625,1.0,1024.0,6400000.0,0.5273919092465753
4.0,4.0,8.0,14.0,66.0,85.0,4476.0,13088.0,0,0.9640625,0.00195312,1.0,6400000.0,0.9620543358610567
4.0,4.0,8.0,12.0,64.0,93.0,4462.0,14368.0,0,0.9640625,0.5,8.0,6400000.0,0.9581404415362034
4.0,4.0,8.0,14.0,66.0,86.0,4477.0,13248.0,0,0.9640625,2.0,0.0,6400000.0,0.9616629464285715
8.0,8.0,1.0,4.0,19.0,16.0,563.0,1536.0,0,0.9078125,0.03125,0.00195312,6400000.0,0.9033657962328766
4.0,4.0,4.0,8.0,34.0,33.0,1095.0,4768.0,0,0.940625,2.0,0.0078125,6400000.0,0.9409246575342465
1.0,4.0,8.0,1.0,1.0,1.0,543.0,32.0,0,0.5015625,2.0,512.0,6400000.0,0.5273919092465753
4.0,4.0,8.0,17.0,74.0,90.0,4674.0,13888.0,0,0.9640625,0.00195312,0.000976562,6400000.0,0.9620535714285714
1.0,8.0,1.0,1.0,1.0,1.0,35.0,32.0,0,0.5015625,16.0,32768.0,6400000.0,0.5273919092465753
1.0,4.0,4.0,1.0,1.0,1.0,63.0,32.0,0,0.5015625,2.0,8192.0,6400000.0,0.5273919092465753
4.0,4.0,8.0,5.0,27.0,23.0,2589.0,3168.0,0,0.940625,0.000976562,128.0,6400000.0,0.9409246575342465
4.0,4.0,8.0,14.0,67.0,88.0,4511.0,13568.0,0,0.9640625,4.0,0.00390625,6400000.0,0.9616629464285715
4.0,4.0,4.0,6.0,31.0,28.0,1036.0,3968.0,0,0.940625,2.0,8.0,6400000.0,0.9409246575342465
4.0,4.0,8.0,14.0,66.0,86.0,4477.0,13248.0,0,0.9640625,2.0,0.5,6400000.0,0.9616629464285715
8.0,8.0,1.0,3.0,18.0,16.0,551.0,1536.0,0,0.75,2.0,128.0,6400000.0,0.758226822407045
4.0,4.0,8.0,12.0,64.0,93.0,4462.0,14368.0,0,0.9640625,4.0,4.0,6400000.0,0.9597059992661447
8.0,8.0,1.0,4.0,19.0,16.0,563.0,1536.0,0,0.9078125,0.03125,2.0,6400000.0,0.9033657962328766
4.0,4.0,8.0,12.0,64.0,93.0,4462.0,14368.0,0,0.9640625,8.0,0.03125,6400000.0,0.9597059992661447
1.0,4.0,8.0,1.0,1.0,1.0,543.0,32.0,0,0.5015625,4.0,4096.0,6400000.0,0.5273919092465753
1.0,4.0,4.0,1.0,1.0,1.0,63.0,32.0,0,0.5015625,16384.0,0.0,6400000.0,0.5273919092465753
1.0,4.0,8.0,1.0,1.0,1.0,543.0,32.0,0,0.5015625,8.0,32768.0,6400000.0,0.5273919092465753
4.0,4.0,4.0,7.0,33.0,33.0,1084.0,4768.0,0,0.940625,4.0,0.0625,6400000.0,0.9409246575342465
1.0,8.0,1.0,1.0,1.0,1.0,35.0,32.0,0,0.5015625,0.25,512.0,6400000.0,0.5273919092465753
4.0,4.0,8.0,8.0,51.0,58.0,3840.0,8768.0,0,0.9625,8.0,32.0,6400000.0,0.9577505809686888
8.0,8.0,1.0,3.0,18.0,16.0,551.0,1536.0,0,0.6890625,32.0,256.0,6400000.0,0.6533696183953033
8.0,8.0,1.0,4.0,19.0,16.0,563.0,1536.0,0,0.9078125,0.5,0.00390625,6400000.0,0.9033657962328766
8.0,8.0,1.0,4.0,19.0,16.0,563.0,1536.0,0,0.9078125,32.0,0.25,6400000.0,0.9033657962328766
4.0,4.0,8.0,8.0,52.0,63.0,3877.0,9568.0,0,0.959375,16.0,0.25,6400000.0,0.9597059992661447
8.0,8.0,1.0,4.0,19.0,16.0,563.0,1536.0,0,0.9078125,64.0,0.00195312,6400000.0,0.9033657962328766
1.0,4.0,4.0,1.0,1.0,1.0,63.0,32.0,0,0.5015625,8192.0,64.0,6400000.0,0.5273919092465753
1.0,4.0,4.0,1.0,1.0,1.0,63.0,32.0,0,0.5015625,1024.0,256.0,6400000.0,0.5273919092465753
1.0,4.0,8.0,1.0,1.0,1.0,543.0,32.0,0,0.5015625,0.00195312,1024.0,6400000.0,0.5273919092465753
4.0,4.0,8.0,17.0,74.0,90.0,4674.0,13888.0,0,0.9640625,0.00390625,0.0078125,6400000.0,0.9620535714285714
8.0,8.0,1.0,4.0,19.0,16.0,563.0,1536.0,0,0.9078125,0.5,4.0,6400000.0,0.9033657962328766
1.0,8.0,1.0,1.0,1.0,1.0,35.0,32.0,0,0.5015625,0.03125,2048.0,6400000.0,0.5273919092465753
1.0,4.0,4.0,1.0,1.0,1.0,63.0,32.0,0,0.5015625,2048.0,0.00195312,6400000.0,0.5273919092465753
4.0,4.0,4.0,6.0,29.0,32.0,976.0,4608.0,0,0.940625,8.0,0.5,6400000.0,0.9409246575342465
4.0,4.0,8.0,8.0,52.0,63.0,3877.0,9568.0,0,0.959375,32.0,2.0,6400000.0,0.9589247492661448
4.0,4.0,8.0,5.0,26.0,22.0,2556.0,3008.0,0,0.940625,16.0,256.0,6400000.0,0.9033657962328766
4.0,4.0,4.0,7.0,31.0,32.0,1019.0,4608.0,0,0.940625,8.0,0.0,6400000.0,0.9409246575342465
4.0,4.0,4.0,5.0,27.0,23.0,909.0,3168.0,0,0.940625,16.0,0.00390625,6400000.0,0.9409246575342465
4.0,4.0,4.0,5.0,27.0,23.0,909.0,3168.0,0,0.940625,4.0,64.0,6400000.0,0.9409246575342465
4.0,4.0,8.0,8.0,52.0,63.0,3877.0,9568.0,0,0.959375,32.0,0.00195312,6400000.0,0.9597059992661447
1.0,4.0,4.0,1.0,1.0,1.0,63.0,32.0,0,0.5015625,16384.0,0.5,6400000.0,0.5273919092465753
4.0,4.0,8.0,5.0,27.0,23.0,2589.0,3168.0,0,0.940625,64.0,0.015625,6400000.0,0.9409246575342465
1.0,4.0,4.0,1.0,1.0,1.0,63.0,32.0,0,0.5015625,8.0,512.0,6400000.0,0.5273919092465753
1.0,4.0,8.0,1.0,1.0,1.0,543.0,32.0,0,0.5015625,32.0,2048.0,6400000.0,0.5273919092465753
1.0,4.0,8.0,1.0,1.0,1.0,543.0,32.0,0,0.5015625,64.0,16384.0,6400000.0,0.5273919092465753
8.0,8.0,1.0,4.0,19.0,16.0,563.0,1536.0,0,0.9078125,64.0,2.0,6400000.0,0.9033657962328766
4.0,4.0,8.0,5.0,27.0,23.0,2589.0,3168.0,0,0.940625,256.0,0.000976562,6400000.0,0.9033657962328766
1.0,4.0,8.0,1.0,1.0,1.0,543.0,32.0,0,0.5015625,0.00390625,8192.0,6400000.0,0.5273919092465753
1.0,4.0,4.0,1.0,1.0,1.0,63.0,32.0,0,0.5015625,16.0,4096.0,6400000.0,0.5273919092465753
4.0,4.0,8.0,12.0,64.0,93.0,4462.0,14368.0,0,0.9640625,0.00390625,8.0,6400000.0,0.9581404415362034
4.0,4.0,8.0,5.0,27.0,23.0,2589.0,3168.0,0,0.940625,64.0,16.0,6400000.0,0.9409246575342465
1.0,4.0,4.0,1.0,1.0,1.0,63.0,32.0,0,0.5015625,2048.0,2.0,6400000.0,0.5273919092465753
4.0,4.0,8.0,5.0,27.0,23.0,2589.0,3168.0,0,0.940625,128.0,128.0,6400000.0,0.9033657962328766
1.0,8.0,1.0,1.0,1.0,1.0,35.0,32.0,0,0.5015625,64.0,2048.0,6400000.0,0.5273919092465753
8.0,8.0,1.0,4.0,19.0,16.0,563.0,1536.0,0,0.9078125,0.0625,0.015625,6400000.0,0.9033657962328766
4.0,4.0,8.0,5.0,27.0,23.0,2589.0,3168.0,0,0.940625,256.0,1.0,6400000.0,0.9033657962328766
4.0,4.0,4.0,5.0,27.0,23.0,909.0,3168.0,0,0.940625,32.0,0.03125,6400000.0,0.9409246575342465
4.0,4.0,8.0,5.0,27.0,23.0,2589.0,3168.0,0,0.940625,128.0,0.125,6400000.0,0.9409246575342465
4.0,4.0,4.0,5.0,27.0,23.0,909.0,3168.0,0,0.940625,16.0,4.0,6400000.0,0.9409246575342465
1.0,4.0,4.0,1.0,1.0,1.0,63.0,32.0,0,0.5015625,16384.0,512.0,6400000.0,0.5273919092465753
8.0,8.0,1.0,3.0,18.0,16.0,551.0,1536.0,0,0.75,128.0,0.015625,6400000.0,0.758226822407045
1.0,4.0,8.0,1.0,1.0,1.0,543.0,32.0,0,0.5015625,512.0,0.0078125,6400000.0,0.5273919092465753
1.0,4.0,8.0,1.0,1.0,1.0,543.0,32.0,0,0.5015625,256.0,1024.0,6400000.0,0.5273919092465753
1.0,4.0,8.0,1.0,1.0,1.0,543.0,32.0,0,0.5015625,512.0,8.0,6400000.0,0.5273919092465753
1.0,4.0,4.0,1.0,1.0,1.0,63.0,32.0,0,0.5015625,128.0,1024.0,6400000.0,0.5273919092465753
4.0,4.0,4.0,5.0,27.0,23.0,909.0,3168.0,0,0.940625,256.0,0.0078125,6400000.0,0.9033657962328766
1.0,8.0,1.0,1.0,1.0,1.0,35.0,32.0,0,0.5015625,0.5,4096.0,6400000.0,0.5273919092465753
1.0,4.0,8.0,1.0,1.0,1.0,543.0,32.0,0,0.5015625,2048.0,0.5,6400000.0,0.5273919092465753
8.0,8.0,1.0,4.0,19.0,16.0,563.0,1536.0,0,0.9078125,1.0,0.03125,6400000.0,0.9033657962328766
1.0,4.0,8.0,1.0,1.0,1.0,543.0,32.0,0,0.5015625,512.0,8192.0,6400000.0,0.5273919092465753
8.0,8.0,1.0,4.0,19.0,16.0,563.0,1536.0,0,0.9078125,4.0,0.000976562,6400000.0,0.9033657962328766
1.0,4.0,8.0,1.0,1.0,1.0,543.0,32.0,0,0.5015625,1024.0,0.0625,6400000.0,0.5273919092465753
4.0,4.0,8.0,17.0,74.0,90.0,4674.0,13888.0,0,0.9640625,0.0078125,0.0625,6400000.0,0.962836350293542
4.0,4.0,4.0,5.0,27.0,23.0,909.0,3168.0,0,0.940625,32.0,32.0,6400000.0,0.9409246575342465
1.0,4.0,4.0,1.0,1.0,1.0,63.0,32.0,0,0.5015625,32.0,32768.0,6400000.0,0.5273919092465753
8.0,8.0,1.0,4.0,19.0,16.0,563.0,1536.0,0,0.9078125,0.0625,16.0,6400000.0,0.9033657962328766
1.0,4.0,8.0,1.0,1.0,1.0,543.0,32.0,0,0.5015625,2048.0,512.0,6400000.0,0.5273919092465753
1.0,4.0,8.0,1.0,1.0,1.0,543.0,32.0,0,0.5015625,4096.0,0.00390625,6400000.0,0.5273919092465753
8.0,8.0,1.0,4.0,19.0,16.0,563.0,1536.0,0,0.9078125,1.0,32.0,6400000.0,0.9033657962328766
1.0,4.0,8.0,1.0,1.0,1.0,543.0,32.0,0,0.5015625,1024.0,64.0,6400000.0,0.5273919092465753
1.0,4.0,8.0,1.0,1.0,1.0,543.0,32.0,0,0.5015625,2048.0,0.0,6400000.0,0.5273919092465753
8.0,8.0,1.0,3.0,18.0,16.0,551.0,1536.0,0,0.75,128.0,16.0,6400000.0,0.758226822407045
1.0,4.0,8.0,1.0,1.0,1.0,543.0,32.0,0,0.5015625,4096.0,4.0,6400000.0,0.5273919092465753
1.0,8.0,1.0,1.0,1.0,1.0,35.0,32.0,0,0.5015625,0.0625,16384.0,6400000.0,0.5273919092465753
1.0,4.0,8.0,1.0,1.0,1.0,543.0,32.0,0,0.5015625,16384.0,0.25,6400000.0,0.5273919092465753
1.0,4.0,4.0,1.0,1.0,1.0,63.0,32.0,0,0.5015625,2048.0,2048.0,6400000.0,0.5273919092465753
4.0,4.0,4.0,5.0,27.0,23.0,909.0,3168.0,0,0.940625,256.0,8.0,6400000.0,0.9033657962328766
4.0,4.0,4.0,5.0,27.0,23.0,909.0,3168.0,0,0.940625,64.0,0.25,6400000.0,0.9409246575342465
1.0,4.0,4.0,1.0,1.0,1.0,63.0,32.0,0,0.5015625,256.0,8192.0,6400000.0,0.5273919092465753
1.0,4.0,8.0,1.0,1.0,1.0,543.0,32.0,0,0.5015625,8192.0,32.0,6400000.0,0.5273919092465753
1.0,4.0,8.0,1.0,1.0,1.0,543.0,32.0,0,0.5015625,4096.0,4096.0,6400000.0,0.5273919092465753
1.0,4.0,8.0,1.0,1.0,1.0,543.0,32.0,0,0.5015625,8192.0,0.03125,6400000.0,0.5273919092465753
4.0,4.0,4.0,4.0,22.0,19.0,766.0,2528.0,0,0.9078125,64.0,256.0,6400000.0,0.9033657962328766
1.0,4.0,8.0,1.0,1.0,1.0,543.0,32.0,0,0.5015625,16384.0,256.0,6400000.0,0.5273919092465753
8.0,8.0,1.0,4.0,19.0,16.0,563.0,1536.0,0,0.9078125,0.125,0.125,6400000.0,0.9033657962328766
1.0,4.0,8.0,1.0,1.0,1.0,543.0,32.0,0,0.5015625,32768.0,0.00195312,6400000.0,0.5273919092465753
1.0,8.0,1.0,1.0,1.0,1.0,35.0,32.0,0,0.5015625,128.0,16384.0,6400000.0,0.5273919092465753
1.0,4.0,4.0,1.0,1.0,1.0,63.0,32.0,0,0.5015625,4096.0,16.0,6400000.0,0.5273919092465753
1.0,4.0,4.0,1.0,1.0,1.0,63.0,32.0,0,0.5015625,4096.0,0.015625,6400000.0,0.5273919092465753
8.0,8.0,1.0,3.0,18.0,16.0,551.0,1536.0,0,0.6890625,256.0,0.125,6400000.0,0.6533696183953033
4.0,4.0,8.0,5.0,27.0,23.0,2589.0,3168.0,0,0.940625,0.0078125,64.0,6400000.0,0.9409246575342465
1.0,4.0,8.0,1.0,1.0,1.0,543.0,32.0,0,0.5015625,8192.0,32768.0,6400000.0,0.5273919092465753
1.0,4.0,8.0,1.0,1.0,1.0,543.0,32.0,0,0.5015625,32768.0,2048.0,6400000.0,0.5273919092465753
4.0,4.0,8.0,17.0,74.0,90.0,4674.0,13888.0,0,0.9640625,0.015625,0.0,6400000.0,0.9620535714285714
1.0,4.0,4.0,1.0,1.0,1.0,63.0,32.0,0,0.5015625,32768.0,0.00390625,6400000.0,0.5273919092465753
1.0,4.0,8.0,1.0,1.0,1.0,543.0,32.0,0,0.5015625,32768.0,2.0,6400000.0,0.5273919092465753
8.0,8.0,1.0,4.0,19.0,16.0,563.0,1536.0,0,0.9078125,4.0,1.0,6400000.0,0.9033657962328766
1.0,4.0,4.0,1.0,1.0,1.0,63.0,32.0,0,0.5015625,32768.0,4.0,6400000.0,0.5273919092465753
8.0,8.0,1.0,4.0,19.0,16.0,563.0,1536.0,0,0.9078125,0.0,0.015625,6400000.0,0.9033657962328766
8.0,8.0,1.0,4.0,19.0,16.0,563.0,1536.0,0,0.9078125,0.000976562,0.125,6400000.0,0.9033657962328766
8.0,8.0,1.0,3.0,18.0,16.0,551.0,1536.0,0,0.75,0.125,128.0,6400000.0,0.758226822407045
8.0,8.0,1.0,3.0,18.0,16.0,551.0,1536.0,0,0.75,0.000976562,128.0,6400000.0,0.758226822407045
1.0,8.0,1.0,1.0,1.0,1.0,35.0,32.0,0,0.5015625,0.0,16384.0,6400000.0,0.5273919092465753
8.0,8.0,1.0,4.0,19.0,16.0,563.0,1536.0,0,0.9078125,8.0,0.0078125,6400000.0,0.9033657962328766
1.0,8.0,1.0,1.0,1.0,1.0,35.0,32.0,0,0.5015625,4.0,1024.0,6400000.0,0.5273919092465753
8.0,8.0,1.0,4.0,19.0,16.0,563.0,1536.0,0,0.9078125,0.00195312,0.000976562,6400000.0,0.9033657962328766
1.0,8.0,1.0,1.0,1.0,1.0,35.0,32.0,0,0.5015625,0.00195312,1024.0,6400000.0,0.5273919092465753
8.0,8.0,1.0,4.0,19.0,16.0,563.0,1536.0,0,0.9078125,0.0,16.0,6400000.0,0.9033657962328766
1.0,4.0,4.0,1.0,1.0,1.0,63.0,32.0,0,0.5015625,512.0,0.0625,6400000.0,0.5273919092465753
1.0,4.0,4.0,1.0,1.0,1.0,63.0,32.0,0,0.5015625,32768.0,4096.0,6400000.0,0.5273919092465753
4.0,4.0,8.0,16.0,73.0,90.0,4663.0,13888.0,0,0.9640625,0.015625,0.5,6400000.0,0.9620543358610567
8.0,8.0,1.0,4.0,19.0,16.0,563.0,1536.0,0,0.9078125,0.25,0.000976562,6400000.0,0.9033657962328766
1.0,4.0,8.0,1.0,1.0,1.0,543.0,32.0,0,0.5015625,0.015625,512.0,6400000.0,0.5273919092465753
4.0,4.0,8.0,17.0,74.0,90.0,4674.0,13888.0,0,0.9640625,0.03125,0.00390625,6400000.0,0.9620535714285714
8.0,8.0,1.0,4.0,19.0,16.0,563.0,1536.0,0,0.9078125,0.00195312,1.0,6400000.0,0.9033657962328766
8.0,8.0,1.0,4.0,19.0,16.0,563.0,1536.0,0,0.9078125,0.00390625,8.0,6400000.0,0.9033657962328766
1.0,8.0,1.0,1.0,1.0,1.0,35.0,32.0,0,0.5015625,0.00390625,8192.0,6400000.0,0.5273919092465753
8.0,8.0,1.0,4.0,19.0,16.0,563.0,1536.0,0,0.9078125,0.25,1.0,6400000.0,0.9033657962328766
1.0,8.0,1.0,1.0,1.0,1.0,35.0,32.0,0,0.5015625,1.0,32768.0,6400000.0,0.5273919092465753
1.0,4.0,4.0,1.0,1.0,1.0,63.0,32.0,0,0.5015625,512.0,64.0,6400000.0,0.5273919092465753
1.0,4.0,4.0,1.0,1.0,1.0,63.0,32.0,0,0.5015625,4096.0,16384.0,6400000.0,0.5273919092465753
8.0,8.0,1.0,4.0,19.0,16.0,563.0,1536.0,0,0.9078125,0.0078125,0.0625,6400000.0,0.9033657962328766
1.0,4.0,4.0,1.0,1.0,1.0,63.0,32.0,0,0.5015625,1024.0,0.0,6400000.0,0.5273919092465753
8.0,8.0,1.0,4.0,19.0,16.0,563.0,1536.0,0,0.9078125,0.00390625,0.0078125,6400000.0,0.9033657962328766
8.0,8.0,1.0,4.0,19.0,16.0,563.0,1536.0,0,0.9078125,0.015625,0.0,6400000.0,0.9033657962328766
4.0,4.0,8.0,17.0,74.0,90.0,4674.0,13888.0,0,0.9640625,0.0,0.03125,6400000.0,0.9620535714285714
4.0,4.0,8.0,14.0,67.0,88.0,4511.0,13568.0,0,0.9640625,0.03125,4.0,6400000.0,0.9612715569960862
1.0,4.0,8.0,1.0,1.0,1.0,543.0,32.0,0,0.5015625,0.0625,32768.0,6400000.0,0.5273919092465753
1.0,4.0,8.0,1.0,1.0,1.0,543.0,32.0,0,0.5015625,0.03125,4096.0,6400000.0,0.5273919092465753
4.0,4.0,4.0,5.0,27.0,23.0,909.0,3168.0,0,0.940625,128.0,0.00195312,6400000.0,0.9409246575342465
4.0,4.0,8.0,8.0,51.0,62.0,3844.0,9408.0,0,0.959375,0.0,32.0,6400000.0,0.9585318309686889
4.0,4.0,8.0,17.0,74.0,90.0,4674.0,13888.0,0,0.9640625,0.0625,0.03125,6400000.0,0.962836350293542
1.0,4.0,8.0,1.0,1.0,1.0,543.0,32.0,0,0.5015625,0.0,32768.0,6400000.0,0.5273919092465753
8.0,8.0,1.0,4.0,19.0,16.0,563.0,1536.0,0,0.9078125,0.0078125,64.0,6400000.0,0.9033657962328766
1.0,4.0,4.0,1.0,1.0,1.0,63.0,32.0,0,0.5015625,8192.0,0.125,6400000.0,0.5273919092465753
8.0,8.0,1.0,2.0,17.0,16.0,540.0,1536.0,0,0.6890625,256.0,128.0,6400000.0,0.6533696183953033
8.0,8.0,1.0,4.0,19.0,16.0,563.0,1536.0,0,0.9078125,0.015625,0.5,6400000.0,0.9033657962328766
1.0,4.0,8.0,1.0,1.0,1.0,543.0,32.0,0,0.5015625,0.25,2048.0,6400000.0,0.5273919092465753
4.0,4.0,8.0,5.0,27.0,23.0,2589.0,3168.0,0,0.940625,0.125,256.0,6400000.0,0.9033657962328766
1.0,8.0,1.0,1.0,1.0,1.0,35.0,32.0,0,0.5015625,0.015625,512.0,6400000.0,0.5273919092465753
8.0,8.0,1.0,4.0,19.0,16.0,563.0,1536.0,0,0.9078125,2.0,0.25,6400000.0,0.9033657962328766
4.0,4.0,8.0,16.0,73.0,90.0,4663.0,13888.0,0,0.9640625,0.5,0.015625,6400000.0,0.9620543358610567
4.0,4.0,8.0,8.0,51.0,62.0,3844.0,9408.0,0,0.959375,0.0625,32.0,6400000.0,0.9585318309686889
1.0,8.0,1.0,1.0,1.0,1.0,35.0,32.0,0,0.5015625,8.0,8192.0,6400000.0,0.5273919092465753
8.0,8.0,1.0,4.0,19.0,16.0,563.0,1536.0,0,0.9078125,8.0,8.0,6400000.0,0.9033657962328766
4.0,4.0,8.0,16.0,73.0,90.0,4663.0,13888.0,0,0.9640625,0.125,0.25,6400000.0,0.962445725293542
4.0,4.0,8.0,16.0,73.0,90.0,4663.0,13888.0,0,0.9640625,0.25,0.00195312,6400000.0,0.962445725293542
1.0,4.0,8.0,1.0,1.0,1.0,543.0,32.0,0,0.5015625,0.5,16384.0,6400000.0,0.5273919092465753
8.0,8.0,1.0,4.0,19.0,16.0,563.0,1536.0,0,0.9078125,16.0,0.0625,6400000.0,0.9033657962328766
4.0,4.0,8.0,16.0,73.0,90.0,4663.0,13888.0,0,0.9640625,0.000976562,0.25,6400000.0,0.962445725293542
4.0,4.0,4.0,5.0,27.0,23.0,909.0,3168.0,0,0.940625,128.0,2.0,6400000.0,0.9409246575342465
4.0,4.0,8.0,14.0,66.0,85.0,4476.0,13088.0,0,0.9640625,1.0,0.125,6400000.0,0.9620543358610567
1.0,8.0,1.0,1.0,1.0,1.0,35.0,32.0,0,0.5015625,512.0,1.0,6400000.0,0.5273919092465753
8.0,8.0,1.0,4.0,19.0,16.0,563.0,1536.0,0,0.9078125,16.0,64.0,6400000.0,0.8400272137964773
4.0,4.0,8.0,14.0,66.0,86.0,4477.0,13248.0,0,0.9640625,0.25,2.0,6400000.0,0.9616629464285715
1.0,8.0,1.0,1.0,1.0,1.0,35.0,32.0,0,0.5015625,512.0,0.000976562,6400000.0,0.5273919092465753
4.0,4.0,8.0,8.0,51.0,62.0,3844.0,9408.0,0,0.959375,0.5,16.0,6400000.0,0.9585318309686889
1.0,4.0,4.0,1.0,1.0,1.0,63.0,32.0,0,0.5015625,1024.0,0.5,6400000.0,0.5273919092465753
4.0,4.0,8.0,5.0,27.0,23.0,2589.0,3168.0,0,0.940625,1.0,128.0,6400000.0,0.9409246575342465
1.0,8.0,1.0,1.0,1.0,1.0,35.0,32.0,0,0.5015625,512.0,1024.0,6400000.0,0.5273919092465753
4.0,4.0,8.0,14.0,66.0,86.0,4477.0,13248.0,0,0.9640625,2.0,0.000976562,6400000.0,0.9616629464285715
8.0,8.0,1.0,4.0,19.0,16.0,563.0,1536.0,0,0.9078125,32.0,0.0,6400000.0,0.9033657962328766
1.0,4.0,8.0,1.0,1.0,1.0,543.0,32.0,0,0.5015625,2.0,1024.0,6400000.0,0.5273919092465753
1.0,8.0,1.0,1.0,1.0,1.0,35.0,32.0,0,0.5015625,1024.0,0.0078125,6400000.0,0.5273919092465753
4.0,4.0,8.0,17.0,74.0,90.0,4674.0,13888.0,0,0.9640625,0.00195312,0.00195312,6400000.0,0.9620535714285714
4.0,4.0,8.0,5.0,27.0,23.0,2589.0,3168.0,0,0.940625,0.000976562,256.0,6400000.0,0.9033657962328766
4.0,4.0,8.0,14.0,66.0,86.0,4477.0,13248.0,0,0.9640625,0.00195312,2.0,6400000.0,0.9616629464285715
8.0,8.0,1.0,4.0,19.0,16.0,563.0,1536.0,0,0.9078125,0.03125,0.00390625,6400000.0,0.9033657962328766
1.0,8.0,1.0,1.0,1.0,1.0,35.0,32.0,0,0.5015625,1024.0,8.0,6400000.0,0.5273919092465753
4.0,4.0,8.0,14.0,66.0,86.0,4477.0,13248.0,0,0.9640625,2.0,1.0,6400000.0,0.9616629464285715
8.0,8.0,1.0,3.0,18.0,16.0,551.0,1536.0,0,0.6890625,2.0,256.0,6400000.0,0.6533696183953033
4.0,4.0,8.0,9.0,58.0,64.0,4049.0,9728.0,0,0.959375,4.0,8.0,6400000.0,0.9589232204011742
1.0,4.0,8.0,1.0,1.0,1.0,543.0,32.0,0,0.5015625,4.0,8192.0,6400000.0,0.5273919092465753
4.0,4.0,8.0,14.0,67.0,88.0,4511.0,13568.0,0,0.9640625,4.0,0.0078125,6400000.0,0.9616629464285715
4.0,4.0,8.0,12.0,64.0,93.0,4462.0,14368.0,0,0.9640625,8.0,0.0625,6400000.0,0.9597059992661447
8.0,8.0,1.0,4.0,19.0,16.0,563.0,1536.0,0,0.9078125,0.03125,4.0,6400000.0,0.9033657962328766
4.0,4.0,8.0,8.0,52.0,63.0,3877.0,9568.0,0,0.959375,16.0,0.0,6400000.0,0.9597059992661447
1.0,8.0,1.0,1.0,1.0,1.0,35.0,32.0,0,0.5015625,1024.0,8192.0,6400000.0,0.5273919092465753
1.0,4.0,4.0,1.0,1.0,1.0,63.0,32.0,0,0.5015625,16384.0,0.000976562,6400000.0,0.5273919092465753
4.0,4.0,8.0,5.0,27.0,23.0,2589.0,3168.0,0,0.940625,8.0,64.0,6400000.0,0.9409246575342465
1.0,8.0,1.0,1.0,1.0,1.0,35.0,32.0,0,0.5015625,0.25,1024.0,6400000.0,0.5273919092465753
8.0,8.0,1.0,4.0,19.0,16.0,563.0,1536.0,0,0.9078125,32.0,0.5,6400000.0,0.9033657962328766
1.0,8.0,1.0,1.0,1.0,1.0,35.0,32.0,0,0.5015625,32.0,512.0,6400000.0,0.5273919092465753
8.0,8.0,1.0,4.0,19.0,16.0,563.0,1536.0,0,0.9078125,0.5,0.0078125,6400000.0,0.9033657962328766
4.0,4.0,8.0,8.0,52.0,63.0,3877.0,9568.0,0,0.959375,16.0,0.5,6400000.0,0.9597059992661447
1.0,4.0,4.0,1.0,1.0,1.0,63.0,32.0,0,0.5015625,1024.0,512.0,6400000.0,0.5273919092465753
1.0,4.0,4.0,1.0,1.0,1.0,63.0,32.0,0,0.5015625,2048.0,0.00390625,6400000.0,0.5273919092465753
1.0,4.0,4.0,1.0,1.0,1.0,63.0,32.0,0,0.5015625,8192.0,128.0,6400000.0,0.5273919092465753
1.0,4.0,8.0,1.0,1.0,1.0,543.0,32.0,0,0.5015625,0.00195312,2048.0,6400000.0,0.5273919092465753
4.0,4.0,8.0,17.0,74.0,90.0,4674.0,13888.0,0,0.9640625,0.00390625,0.015625,6400000.0,0.9620535714285714
1.0,8.0,1.0,1.0,1.0,1.0,35.0,32.0,0,0.5015625,0.03125,4096.0,6400000.0,0.5273919092465753
8.0,8.0,1.0,4.0,19.0,16.0,563.0,1536.0,0,0.9078125,0.5,8.0,6400000.0,0.9033657962328766
8.0,8.0,1.0,4.0,19.0,16.0,563.0,1536.0,0,0.9078125,64.0,0.00390625,6400000.0,0.9033657962328766
1.0,8.0,1.0,1.0,1.0,1.0,35.0,32.0,0,0.5015625,2048.0,0.0625,6400000.0,0.5273919092465753
1.0,8.0,1.0,1.0,1.0,1.0,35.0,32.0,0,0.5015625,4096.0,0.0,6400000.0,0.5273919092465753
1.0,8.0,1.0,1.0,1.0,1.0,35.0,32.0,0,0.5015625,2048.0,64.0,6400000.0,0.5273919092465753
4.0,4.0,8.0,8.0,52.0,63.0,3877.0,9568.0,0,0.959375,32.0,4.0,6400000.0,0.9589247492661448
1.0,4.0,8.0,1.0,1.0,1.0,543.0,32.0,0,0.5015625,16.0,512.0,6400000.0,0.5273919092465753
1.0,4.0,8.0,1.0,1.0,1.0,543.0,32.0,0,0.5015625,32.0,4096.0,6400000.0,0.5273919092465753
4.0,4.0,8.0,8.0,52.0,63.0,3877.0,9568.0,0,0.959375,32.0,0.00390625,6400000.0,0.9597059992661447
1.0,4.0,4.0,1.0,1.0,1.0,63.0,32.0,0,0.5015625,16384.0,1.0,6400000.0,0.5273919092465753
1.0,8.0,1.0,1.0,1.0,1.0,35.0,32.0,0,0.5015625,4096.0,0.5,6400000.0,0.5273919092465753
4.0,4.0,8.0,5.0,27.0,23.0,2589.0,3168.0,0,0.940625,64.0,0.03125,6400000.0,0.9409246575342465
8.0,8.0,1.0,4.0,19.0,16.0,563.0,1536.0,0,0.9078125,64.0,4.0,6400000.0,0.9033657962328766
4.0,4.0,8.0,5.0,27.0,23.0,2589.0,3168.0,0,0.940625,64.0,32.0,6400000.0,0.9409246575342465
1.0,4.0,8.0,1.0,1.0,1.0,543.0,32.0,0,0.5015625,0.00390625,16384.0,6400000.0,0.5273919092465753
4.0,4.0,8.0,5.0,27.0,23.0,2589.0,3168.0,0,0.940625,256.0,0.00195312,6400000.0,0.9033657962328766
1.0,4.0,4.0,1.0,1.0,1.0,63.0,32.0,0,0.5015625,2048.0,4.0,6400000.0,0.5273919092465753
1.0,4.0,8.0,1.0,1.0,1.0,543.0,32.0,0,0.5015625,64.0,32768.0,6400000.0,0.5273919092465753
4.0,4.0,8.0,4.0,22.0,19.0,2446.0,2528.0,0,0.9078125,128.0,256.0,6400000.0,0.9033657962328766
4.0,4.0,8.0,8.0,51.0,62.0,3844.0,9408.0,0,0.959375,0.00390625,16.0,6400000.0,0.9585318309686889
8.0,8.0,1.0,4.0,19.0,16.0,563.0,1536.0,0,0.9078125,0.0625,0.03125,6400000.0,0.9033657962328766
1.0,8.0,1.0,1.0,1.0,1.0,35.0,32.0,0,0.5015625,64.0,4096.0,6400000.0,0.5273919092465753
4.0,4.0,8.0,5.0,27.0,23.0,2589.0,3168.0,0,0.940625,256.0,2.0,6400000.0,0.9033657962328766
1.0,8.0,1.0,1.0,1.0,1.0,35.0,32.0,0,0.5015625,4096.0,512.0,6400000.0,0.5273919092465753
1.0,8.0,1.0,1.0,1.0,1.0,35.0,32.0,0,0.5015625,8192.0,0.00390625,6400000.0,0.5273919092465753
1.0,8.0,1.0,1.0,1.0,1.0,35.0,32.0,0,0.5015625,8192.0,4.0,6400000.0,0.5273919092465753
4.0,4.0,8.0,5.0,27.0,23.0,2589.0,3168.0,0,0.940625,128.0,0.25,6400000.0,0.9409246575342465
8.0,8.0,1.0,3.0,18.0,16.0,551.0,1536.0,0,0.75,128.0,0.03125,6400000.0,0.758226822407045
1.0,4.0,4.0,1.0,1.0,1.0,63.0,32.0,0,0.5015625,16384.0,1024.0,6400000.0,0.5273919092465753
1.0,4.0,8.0,1.0,1.0,1.0,543.0,32.0,0,0.5015625,256.0,2048.0,6400000.0,0.5273919092465753
1.0,4.0,8.0,1.0,1.0,1.0,543.0,32.0,0,0.5015625,512.0,0.015625,6400000.0,0.5273919092465753
1.0,4.0,4.0,1.0,1.0,1.0,63.0,32.0,0,0.5015625,128.0,2048.0,6400000.0,0.5273919092465753
1.0,8.0,1.0,1.0,1.0,1.0,35.0,32.0,0,0.5015625,8192.0,4096.0,6400000.0,0.5273919092465753
4.0,4.0,4.0,5.0,27.0,23.0,909.0,3168.0,0,0.940625,256.0,0.015625,6400000.0,0.9033657962328766
1.0,4.0,8.0,1.0,1.0,1.0,543.0,32.0,0,0.5015625,512.0,16.0,6400000.0,0.5273919092465753
1.0,8.0,1.0,1.0,1.0,1.0,35.0,32.0,0,0.5015625,0.5,8192.0,6400000.0,0.5273919092465753
8.0,8.0,1.0,4.0,19.0,16.0,563.0,1536.0,0,0.9078125,1.0,0.0625,6400000.0,0.9033657962328766
1.0,4.0,8.0,1.0,1.0,1.0,543.0,32.0,0,0.5015625,2048.0,1.0,6400000.0,0.5273919092465753
4.0,4.0,8.0,17.0,74.0,90.0,4674.0,13888.0,0,0.9625,0.0078125,0.125,6400000.0,0.962445725293542
1.0,4.0,8.0,1.0,1.0,1.0,543.0,32.0,0,0.5015625,1024.0,0.125,6400000.0,0.5273919092465753
1.0,4.0,8.0,1.0,1.0,1.0,543.0,32.0,0,0.5015625,512.0,16384.0,6400000.0,0.5273919092465753
8.0,8.0,1.0,4.0,19.0,16.0,563.0,1536.0,0,0.9078125,0.0625,32.0,6400000.0,0.9033657962328766
8.0,8.0,1.0,4.0,19.0,16.0,563.0,1536.0,0,0.9078125,4.0,0.00195312,6400000.0,0.9033657962328766
8.0,8.0,1.0,4.0,19.0,16.0,563.0,1536.0,0,0.9078125,1.0,64.0,6400000.0,0.9033657962328766
1.0,4.0,8.0,1.0,1.0,1.0,543.0,32.0,0,0.5015625,2048.0,0.000976562,6400000.0,0.5273919092465753
1.0,4.0,8.0,1.0,1.0,1.0,543.0,32.0,0,0.5015625,4096.0,0.0078125,6400000.0,0.5273919092465753
1.0,8.0,1.0,1.0,1.0,1.0,35.0,32.0,0,0.5015625,16384.0,32.0,6400000.0,0.5273919092465753
1.0,4.0,8.0,1.0,1.0,1.0,543.0,32.0,0,0.5015625,1024.0,128.0,6400000.0,0.5273919092465753
1.0,8.0,1.0,1.0,1.0,1.0,35.0,32.0,0,0.5015625,16384.0,0.03125,6400000.0,0.5273919092465753
1.0,4.0,8.0,1.0,1.0,1.0,543.0,32.0,0,0.5015625,2048.0,1024.0,6400000.0,0.5273919092465753
8.0,8.0,1.0,3.0,18.0,16.0,551.0,1536.0,0,0.75,128.0,32.0,6400000.0,0.758226822407045
1.0,8.0,1.0,1.0,1.0,1.0,35.0,32.0,0,0.5015625,0.0625,32768.0,6400000.0,0.5273919092465753
1.0,4.0,8.0,1.0,1.0,1.0,543.0,32.0,0,0.5015625,4096.0,8.0,6400000.0,0.5273919092465753
1.0,4.0,8.0,1.0,1.0,1.0,543.0,32.0,0,0.5015625,16384.0,0.5,6400000.0,0.5273919092465753
1.0,4.0,8.0,1.0,1.0,1.0,543.0,32.0,0,0.5015625,8192.0,0.0625,6400000.0,0.5273919092465753
1.0,4.0,4.0,1.0,1.0,1.0,63.0,32.0,0,0.5015625,2048.0,4096.0,6400000.0,0.5273919092465753
4.0,4.0,4.0,5.0,26.0,22.0,876.0,3008.0,0,0.940625,256.0,16.0,6400000.0,0.9033657962328766
1.0,4.0,8.0,1.0,1.0,1.0,543.0,32.0,0,0.5015625,4096.0,8192.0,6400000.0,0.5273919092465753
1.0,4.0,4.0,1.0,1.0,1.0,63.0,32.0,0,0.5015625,256.0,16384.0,6400000.0,0.5273919092465753
1.0,8.0,1.0,1.0,1.0,1.0,35.0,32.0,0,0.5015625,16384.0,32768.0,6400000.0,0.5273919092465753
1.0,4.0,8.0,1.0,1.0,1.0,543.0,32.0,0,0.5015625,8192.0,64.0,6400000.0,0.5273919092465753
1.0,4.0,8.0,1.0,1.0,1.0,543.0,32.0,0,0.5015625,16384.0,512.0,6400000.0,0.5273919092465753
1.0,4.0,8.0,1.0,1.0,1.0,543.0,32.0,0,0.5015625,32768.0,0.00390625,6400000.0,0.5273919092465753
1.0,4.0,4.0,1.0,1.0,1.0,63.0,32.0,0,0.5015625,4096.0,0.03125,6400000.0,0.5273919092465753
1.0,8.0,1.0,1.0,1.0,1.0,35.0,32.0,0,0.5015625,32768.0,0.25,6400000.0,0.5273919092465753
8.0,8.0,1.0,3.0,18.0,16.0,551.0,1536.0,0,0.6890625,256.0,0.25,6400000.0,0.6533696183953033
1.0,8.0,1.0,1.0,1.0,1.0,35.0,32.0,0,0.5015625,128.0,32768.0,6400000.0,0.5273919092465753
4.0,4.0,8.0,5.0,27.0,23.0,2589.0,3168.0,0,0.940625,0.0078125,128.0,6400000.0,0.9409246575342465
8.0,8.0,1.0,4.0,19.0,16.0,563.0,1536.0,0,0.9078125,0.125,0.25,6400000.0,0.9033657962328766
1.0,4.0,4.0,1.0,1.0,1.0,63.0,32.0,0,0.5015625,4096.0,32.0,6400000.0,0.5273919092465753
1.0,4.0,8.0,1.0,1.0,1.0,543.0,32.0,0,0.5015625,16384.0,0.0,6400000.0,0.5273919092465753
1.0,4.0,8.0,1.0,1.0,1.0,543.0,32.0,0,0.5015625,32768.0,4096.0,6400000.0,0.5273919092465753
4.0,4.0,8.0,17.0,74.0,90.0,4674.0,13888.0,0,0.9640625,0.015625,0.000976562,6400000.0,0.9620535714285714
8.0,8.0,1.0,4.0,19.0,16.0,563.0,1536.0,0,0.9078125,4.0,2.0,6400000.0,0.9033657962328766
1.0,4.0,8.0,1.0,1.0,1.0,543.0,32.0,0,0.5015625,32768.0,4.0,6400000.0,0.5273919092465753
8.0,8.0,1.0,4.0,19.0,16.0,563.0,1536.0,0,0.9078125,0.0,0.03125,6400000.0,0.9033657962328766
1.0,4.0,4.0,1.0,1.0,1.0,63.0,32.0,0,0.5015625,32768.0,0.0078125,6400000.0,0.5273919092465753
1.0,4.0,4.0,1.0,1.0,1.0,63.0,32.0,0,0.5015625,32768.0,8.0,6400000.0,0.5273919092465753
8.0,8.0,1.0,3.0,18.0,16.0,551.0,1536.0,0,0.6890625,0.000976562,256.0,6400000.0,0.6533696183953033
8.0,8.0,1.0,3.0,18.0,16.0,551.0,1536.0,0,0.6890625,0.125,256.0,6400000.0,0.6533696183953033
8.0,8.0,1.0,4.0,19.0,16.0,563.0,1536.0,0,0.9078125,0.000976562,0.25,6400000.0,0.9033657962328766
1.0,8.0,1.0,1.0,1.0,1.0,35.0,32.0,0,0.5015625,4.0,2048.0,6400000.0,0.5273919092465753
1.0,8.0,1.0,1.0,1.0,1.0,35.0,32.0,0,0.5015625,0.00195312,2048.0,6400000.0,0.5273919092465753
8.0,8.0,1.0,4.0,19.0,16.0,563.0,1536.0,0,0.9078125,8.0,0.015625,6400000.0,0.9033657962328766
8.0,8.0,1.0,4.0,19.0,16.0,563.0,1536.0,0,0.9078125,0.00195312,0.00195312,6400000.0,0.9033657962328766
1.0,8.0,1.0,1.0,1.0,1.0,35.0,32.0,0,0.5015625,0.0,32768.0,6400000.0,0.5273919092465753
8.0,8.0,1.0,4.0,19.0,16.0,563.0,1536.0,0,0.9078125,0.25,0.00195312,6400000.0,0.9033657962328766
8.0,8.0,1.0,4.0,19.0,16.0,563.0,1536.0,0,0.9078125,0.0,32.0,6400000.0,0.9033657962328766
1.0,4.0,4.0,1.0,1.0,1.0,63.0,32.0,0,0.5015625,512.0,0.125,6400000.0,0.5273919092465753
1.0,4.0,4.0,1.0,1.0,1.0,63.0,32.0,0,0.5015625,32768.0,8192.0,6400000.0,0.5273919092465753
1.0,4.0,8.0,1.0,1.0,1.0,543.0,32.0,0,0.5015625,0.015625,1024.0,6400000.0,0.5273919092465753
4.0,4.0,8.0,17.0,74.0,90.0,4674.0,13888.0,0,0.9640625,0.03125,0.0078125,6400000.0,0.9620535714285714
8.0,8.0,1.0,4.0,19.0,16.0,563.0,1536.0,0,0.9078125,0.00195312,2.0,6400000.0,0.9033657962328766
8.0,8.0,1.0,4.0,19.0,16.0,563.0,1536.0,0,0.9078125,0.25,2.0,6400000.0,0.9033657962328766
1.0,8.0,1.0,1.0,1.0,1.0,35.0,32.0,0,0.5015625,0.00390625,16384.0,6400000.0,0.5273919092465753
8.0,8.0,1.0,4.0,19.0,16.0,563.0,1536.0,0,0.9078125,2.0,0.0,6400000.0,0.9033657962328766
8.0,8.0,1.0,4.0,19.0,16.0,563.0,1536.0,0,0.9078125,0.00390625,16.0,6400000.0,0.9033657962328766
4.0,4.0,8.0,14.0,66.0,85.0,4476.0,13088.0,0,0.9640625,0.015625,1.0,6400000.0,0.9620543358610567
1.0,4.0,4.0,1.0,1.0,1.0,63.0,32.0,0,0.5015625,4096.0,32768.0,6400000.0,0.5273919092465753
1.0,4.0,4.0,1.0,1.0,1.0,63.0,32.0,0,0.5015625,512.0,128.0,6400000.0,0.5273919092465753
8.0,8.0,1.0,4.0,19.0,16.0,563.0,1536.0,0,0.9078125,0.015625,0.000976562,6400000.0,0.9033657962328766
1.0,4.0,4.0,1.0,1.0,1.0,63.0,32.0,0,0.5015625,1024.0,0.000976562,6400000.0,0.5273919092465753
8.0,8.0,1.0,4.0,19.0,16.0,563.0,1536.0,0,0.9078125,0.0078125,0.125,6400000.0,0.9033657962328766
8.0,8.0,1.0,4.0,19.0,16.0,563.0,1536.0,0,0.9078125,0.00390625,0.015625,6400000.0,0.9033657962328766
4.0,4.0,8.0,17.0,74.0,90.0,4674.0,13888.0,0,0.9640625,0.0,0.0625,6400000.0,0.9620535714285714
4.0,4.0,8.0,12.0,64.0,93.0,4462.0,14368.0,0,0.9640625,0.03125,8.0,6400000.0,0.9581404415362034
1.0,8.0,1.0,1.0,1.0,1.0,35.0,32.0,0,0.5015625,32768.0,256.0,6400000.0,0.5273919092465753
1.0,4.0,8.0,1.0,1.0,1.0,543.0,32.0,0,0.5015625,0.03125,8192.0,6400000.0,0.5273919092465753
4.0,4.0,8.0,17.0,74.0,90.0,4674.0,13888.0,0,0.9625,0.125,0.0,6400000.0,0.962445725293542
4.0,4.0,8.0,17.0,74.0,90.0,4674.0,13888.0,0,0.9625,0.0625,0.0625,6400000.0,0.962445725293542
8.0,8.0,1.0,3.0,18.0,16.0,551.0,1536.0,0,0.75,0.0078125,128.0,6400000.0,0.758226822407045
1.0,4.0,4.0,1.0,1.0,1.0,63.0,32.0,0,0.5015625,8192.0,0.25,6400000.0,0.5273919092465753
4.0,4.0,8.0,17.0,74.0,90.0,4674.0,13888.0,0,0.9640625,0.000976562,0.0,6400000.0,0.9620535714285714
4.0,4.0,8.0,5.0,27.0,23.0,2589.0,3168.0,0,0.940625,0.0,64.0,6400000.0,0.9409246575342465
8.0,8.0,1.0,4.0,19.0,16.0,563.0,1536.0,0,0.9078125,0.015625,1.0,6400000.0,0.9033657962328766
1.0,8.0,1.0,1.0,1.0,1.0,35.0,32.0,0,0.5015625,0.015625,1024.0,6400000.0,0.5273919092465753
1.0,8.0,1.0,1.0,1.0,1.0,35.0,32.0,0,0.5015625,256.0,256.0,6400000.0,0.5273919092465753
1.0,4.0,8.0,1.0,1.0,1.0,543.0,32.0,0,0.5015625,0.25,4096.0,6400000.0,0.5273919092465753
4.0,4.0,8.0,16.0,73.0,90.0,4663.0,13888.0,0,0.9640625,0.5,0.03125,6400000.0,0.9620543358610567
1.0,4.0,8.0,1.0,1.0,1.0,543.0,32.0,0,0.5015625,0.125,512.0,6400000.0,0.5273919092465753
1.0,8.0,1.0,1.0,1.0,1.0,35.0,32.0,0,0.5015625,8.0,16384.0,6400000.0,0.5273919092465753
4.0,4.0,8.0,5.0,27.0,23.0,2589.0,3168.0,0,0.940625,0.0625,64.0,6400000.0,0.9409246575342465
1.0,4.0,8.0,1.0,1.0,1.0,543.0,32.0,0,0.5015625,0.5,32768.0,6400000.0,0.5273919092465753
4.0,4.0,8.0,15.0,67.0,86.0,4488.0,13248.0,0,0.9640625,0.125,0.5,6400000.0,0.9620543358610567
8.0,8.0,1.0,4.0,19.0,16.0,563.0,1536.0,0,0.9078125,2.0,0.5,6400000.0,0.9033657962328766
4.0,4.0,8.0,16.0,73.0,90.0,4663.0,13888.0,0,0.9640625,0.25,0.00390625,6400000.0,0.962445725293542
4.0,4.0,8.0,16.0,73.0,90.0,4663.0,13888.0,0,0.9640625,0.000976562,0.5,6400000.0,0.9620543358610567
8.0,8.0,1.0,4.0,19.0,16.0,563.0,1536.0,0,0.9078125,8.0,16.0,6400000.0,0.9033657962328766
1.0,8.0,1.0,1.0,1.0,1.0,35.0,32.0,0,0.5015625,512.0,2.0,6400000.0,0.5273919092465753
8.0,8.0,2.0,4.0,32.0,29.0,1008.0,3616.0,0,0.9078125,0.0,0.00195312,6400000.0,0.9033657962328766
8.0,8.0,1.0,4.0,19.0,16.0,563.0,1536.0,0,0.9078125,16.0,0.125,6400000.0,0.9033657962328766
4.0,4.0,8.0,8.0,51.0,62.0,3844.0,9408.0,0,0.959375,0.5,32.0,6400000.0,0.9585318309686889
4.0,4.0,8.0,14.0,66.0,85.0,4476.0,13088.0,0,0.9640625,1.0,0.25,6400000.0,0.9620543358610567
4.0,4.0,8.0,14.0,66.0,86.0,4477.0,13248.0,0,0.9640625,2.0,0.00195312,6400000.0,0.9616629464285715
4.0,4.0,8.0,14.0,67.0,88.0,4511.0,13568.0,0,0.9640625,0.25,4.0,6400000.0,0.9597059992661447
8.0,8.0,1.0,3.0,18.0,16.0,551.0,1536.0,0,0.75,16.0,128.0,6400000.0,0.758226822407045
1.0,8.0,1.0,1.0,1.0,1.0,35.0,32.0,0,0.5015625,512.0,2048.0,6400000.0,0.5273919092465753
4.0,4.0,8.0,5.0,27.0,23.0,2589.0,3168.0,0,0.940625,1.0,256.0,6400000.0,0.9033657962328766
1.0,8.0,1.0,1.0,1.0,1.0,35.0,32.0,0,0.5015625,512.0,0.00195312,6400000.0,0.5273919092465753
1.0,4.0,4.0,1.0,1.0,1.0,63.0,32.0,0,0.5015625,1024.0,1.0,6400000.0,0.5273919092465753
1.0,8.0,1.0,1.0,1.0,1.0,35.0,32.0,0,0.5015625,1024.0,0.015625,6400000.0,0.5273919092465753
8.0,8.0,1.0,4.0,19.0,16.0,563.0,1536.0,0,0.9078125,32.0,0.000976562,6400000.0,0.9033657962328766
1.0,4.0,8.0,1.0,1.0,1.0,543.0,32.0,0,0.5015625,2.0,2048.0,6400000.0,0.5273919092465753
4.0,4.0,8.0,17.0,74.0,90.0,4674.0,13888.0,0,0.9640625,0.00195312,0.00390625,6400000.0,0.9620535714285714
4.0,4.0,8.0,14.0,67.0,88.0,4511.0,13568.0,0,0.9640625,2.0,2.0,6400000.0,0.9616629464285715
8.0,8.0,1.0,4.0,19.0,16.0,563.0,1536.0,0,0.9078125,0.03125,0.0078125,6400000.0,0.9033657962328766
1.0,8.0,1.0,1.0,1.0,1.0,35.0,32.0,0,0.5015625,1024.0,16.0,6400000.0,0.5273919092465753
1.0,8.0,1.0,1.0,1.0,1.0,35.0,32.0,0,0.5015625,2.0,512.0,6400000.0,0.5273919092465753
4.0,4.0,8.0,8.0,51.0,62.0,3844.0,9408.0,0,0.959375,4.0,16.0,6400000.0,0.9585318309686889
1.0,4.0,8.0,1.0,1.0,1.0,543.0,32.0,0,0.5015625,0.000976562,512.0,6400000.0,0.5273919092465753
4.0,4.0,8.0,14.0,67.0,88.0,4511.0,13568.0,0,0.9640625,0.00195312,4.0,6400000.0,0.9616629464285715
4.0,4.0,8.0,14.0,67.0,88.0,4511.0,13568.0,0,0.9640625,4.0,0.015625,6400000.0,0.9616629464285715
4.0,4.0,8.0,12.0,64.0,93.0,4462.0,14368.0,0,0.9640625,8.0,0.125,6400000.0,0.9597059992661447
1.0,8.0,1.0,1.0,1.0,1.0,35.0,32.0,0,0.5015625,1024.0,16384.0,6400000.0,0.5273919092465753
1.0,4.0,8.0,1.0,1.0,1.0,543.0,32.0,0,0.5015625,4.0,16384.0,6400000.0,0.5273919092465753
1.0,8.0,1.0,1.0,1.0,1.0,35.0,32.0,0,0.5015625,0.25,2048.0,6400000.0,0.5273919092465753
8.0,8.0,1.0,4.0,19.0,16.0,563.0,1536.0,0,0.9078125,0.03125,8.0,6400000.0,0.9033657962328766
1.0,4.0,4.0,1.0,1.0,1.0,63.0,32.0,0,0.5015625,16384.0,0.00195312,6400000.0,0.5273919092465753
4.0,4.0,8.0,8.0,52.0,63.0,3877.0,9568.0,0,0.959375,16.0,0.000976562,6400000.0,0.9597059992661447
1.0,8.0,1.0,1.0,1.0,1.0,35.0,32.0,0,0.5015625,32.0,1024.0,6400000.0,0.5273919092465753
4.0,4.0,8.0,5.0,27.0,23.0,2589.0,3168.0,0,0.940625,8.0,128.0,6400000.0,0.9409246575342465
8.0,8.0,1.0,4.0,19.0,16.0,563.0,1536.0,0,0.9078125,32.0,1.0,6400000.0,0.9033657962328766
1.0,4.0,8.0,1.0,1.0,1.0,543.0,32.0,0,0.5015625,0.00195312,4096.0,6400000.0,0.5273919092465753
4.0,4.0,8.0,8.0,52.0,63.0,3877.0,9568.0,0,0.959375,16.0,1.0,6400000.0,0.9597059992661447
8.0,8.0,1.0,4.0,19.0,16.0,563.0,1536.0,0,0.9078125,0.5,0.015625,6400000.0,0.9033657962328766
1.0,4.0,4.0,1.0,1.0,1.0,63.0,32.0,0,0.5015625,1024.0,1024.0,6400000.0,0.5273919092465753
8.0,8.0,1.0,4.0,19.0,16.0,563.0,1536.0,0,0.9078125,0.5,16.0,6400000.0,0.9033657962328766
4.0,4.0,8.0,17.0,74.0,90.0,4674.0,13888.0,0,0.9640625,0.00390625,0.03125,6400000.0,0.9620535714285714
1.0,8.0,1.0,1.0,1.0,1.0,35.0,32.0,0,0.5015625,0.03125,8192.0,6400000.0,0.5273919092465753
1.0,4.0,4.0,1.0,1.0,1.0,63.0,32.0,0,0.5015625,8192.0,256.0,6400000.0,0.5273919092465753
1.0,4.0,4.0,1.0,1.0,1.0,63.0,32.0,0,0.5015625,2048.0,0.0078125,6400000.0,0.5273919092465753
8.0,8.0,1.0,4.0,19.0,16.0,563.0,1536.0,0,0.9078125,64.0,0.0078125,6400000.0,0.9033657962328766
1.0,4.0,8.0,1.0,1.0,1.0,543.0,32.0,0,0.5015625,16.0,1024.0,6400000.0,0.5273919092465753
4.0,4.0,8.0,8.0,54.0,61.0,3939.0,9248.0,0,0.959375,32.0,8.0,6400000.0,0.9577505809686888
1.0,8.0,1.0,1.0,1.0,1.0,35.0,32.0,0,0.5015625,2048.0,128.0,6400000.0,0.5273919092465753
4.0,4.0,8.0,8.0,52.0,63.0,3877.0,9568.0,0,0.959375,32.0,0.0078125,6400000.0,0.9597059992661447
1.0,8.0,1.0,1.0,1.0,1.0,35.0,32.0,0,0.5015625,2048.0,0.125,6400000.0,0.5273919092465753
1.0,8.0,1.0,1.0,1.0,1.0,35.0,32.0,0,0.5015625,4096.0,0.000976562,6400000.0,0.5273919092465753
1.0,4.0,4.0,1.0,1.0,1.0,63.0,32.0,0,0.5015625,16384.0,2.0,6400000.0,0.5273919092465753
1.0,4.0,8.0,1.0,1.0,1.0,543.0,32.0,0,0.5015625,32.0,8192.0,6400000.0,0.5273919092465753
4.0,4.0,8.0,5.0,27.0,23.0,2589.0,3168.0,0,0.940625,64.0,0.0625,6400000.0,0.9409246575342465
8.0,8.0,1.0,4.0,19.0,16.0,563.0,1536.0,0,0.9078125,64.0,8.0,6400000.0,0.9033657962328766
4.0,4.0,8.0,5.0,27.0,23.0,2589.0,3168.0,0,0.940625,64.0,64.0,6400000.0,0.9409246575342465
1.0,8.0,1.0,1.0,1.0,1.0,35.0,32.0,0,0.5015625,4096.0,1.0,6400000.0,0.5273919092465753
4.0,4.0,8.0,5.0,27.0,23.0,2589.0,3168.0,0,0.940625,256.0,0.00390625,6400000.0,0.9033657962328766
4.0,4.0,8.0,5.0,27.0,23.0,2589.0,3168.0,0,0.940625,128.0,0.0,6400000.0,0.9409246575342465
1.0,4.0,8.0,1.0,1.0,1.0,543.0,32.0,0,0.5015625,0.00390625,32768.0,6400000.0,0.5273919092465753
1.0,8.0,1.0,1.0,1.0,1.0,35.0,32.0,0,0.5015625,64.0,8192.0,6400000.0,0.5273919092465753
4.0,4.0,8.0,5.0,27.0,23.0,2589.0,3168.0,0,0.940625,256.0,4.0,6400000.0,0.9033657962328766
1.0,4.0,4.0,1.0,1.0,1.0,63.0,32.0,0,0.5015625,2048.0,8.0,6400000.0,0.5273919092465753
8.0,8.0,1.0,4.0,19.0,16.0,563.0,1536.0,0,0.9078125,0.0625,0.0625,6400000.0,0.9033657962328766
1.0,4.0,8.0,1.0,1.0,1.0,543.0,32.0,0,0.5015625,128.0,512.0,6400000.0,0.5273919092465753
4.0,4.0,8.0,8.0,51.0,62.0,3844.0,9408.0,0,0.959375,0.00390625,32.0,6400000.0,0.9585318309686889
1.0,8.0,1.0,1.0,1.0,1.0,35.0,32.0,0,0.5015625,4096.0,1024.0,6400000.0,0.5273919092465753
1.0,8.0,1.0,1.0,1.0,1.0,35.0,32.0,0,0.5015625,8192.0,0.0078125,6400000.0,0.5273919092465753
1.0,8.0,1.0,1.0,1.0,1.0,35.0,32.0,0,0.5015625,8192.0,8.0,6400000.0,0.5273919092465753
1.0,4.0,4.0,1.0,1.0,1.0,63.0,32.0,0,0.5015625,16384.0,2048.0,6400000.0,0.5273919092465753
8.0,8.0,1.0,3.0,18.0,16.0,551.0,1536.0,0,0.75,128.0,0.0625,6400000.0,0.758226822407045
4.0,4.0,8.0,5.0,27.0,23.0,2589.0,3168.0,0,0.940625,128.0,0.5,6400000.0,0.9409246575342465
8.0,8.0,2.0,4.0,32.0,29.0,1008.0,3616.0,0,0.9078125,0.0,2.0,6400000.0,0.9033657962328766
1.0,4.0,8.0,1.0,1.0,1.0,543.0,32.0,0,0.5015625,256.0,4096.0,6400000.0,0.5273919092465753
1.0,4.0,8.0,1.0,1.0,1.0,543.0,32.0,0,0.5015625,512.0,0.03125,6400000.0,0.5273919092465753
1.0,8.0,1.0,1.0,1.0,1.0,35.0,32.0,0,0.5015625,8192.0,8192.0,6400000.0,0.5273919092465753
1.0,8.0,2.0,1.0,1.0,1.0,39.0,32.0,0,0.5015625,0.0,2048.0,6400000.0,0.5273919092465753
8.0,8.0,1.0,4.0,19.0,16.0,563.0,1536.0,0,0.9078125,1.0,0.125,6400000.0,0.9033657962328766
4.0,4.0,8.0,16.0,73.0,90.0,4663.0,13888.0,0,0.9640625,0.0078125,0.25,6400000.0,0.962445725293542
1.0,8.0,1.0,1.0,1.0,1.0,35.0,32.0,0,0.5015625,0.5,16384.0,6400000.0,0.5273919092465753
8.0,8.0,1.0,4.0,19.0,16.0,563.0,1536.0,0,0.9078125,0.0625,64.0,6400000.0,0.9033657962328766
1.0,4.0,8.0,1.0,1.0,1.0,543.0,32.0,0,0.5015625,1024.0,0.25,6400000.0,0.5273919092465753
1.0,4.0,8.0,1.0,1.0,1.0,543.0,32.0,0,0.5015625,512.0,32768.0,6400000.0,0.5273919092465753
1.0,4.0,8.0,1.0,1.0,1.0,543.0,32.0,0,0.5015625,512.0,32.0,6400000.0,0.5273919092465753
8.0,8.0,1.0,3.0,18.0,16.0,551.0,1536.0,0,0.75,1.0,128.0,6400000.0,0.758226822407045
1.0,4.0,8.0,1.0,1.0,1.0,543.0,32.0,0,0.5015625,2048.0,2.0,6400000.0,0.5273919092465753
8.0,8.0,1.0,4.0,19.0,16.0,563.0,1536.0,0,0.9078125,4.0,0.00390625,6400000.0,0.9033657962328766
1.0,4.0,8.0,1.0,1.0,1.0,543.0,32.0,0,0.5015625,4096.0,0.015625,6400000.0,0.5273919092465753
1.0,8.0,1.0,1.0,1.0,1.0,35.0,32.0,0,0.5015625,16384.0,0.0625,6400000.0,0.5273919092465753
1.0,4.0,8.0,1.0,1.0,1.0,543.0,32.0,0,0.5015625,1024.0,256.0,6400000.0,0.5273919092465753
1.0,4.0,8.0,1.0,1.0,1.0,543.0,32.0,0,0.5015625,2048.0,0.00195312,6400000.0,0.5273919092465753
8.0,8.0,1.0,3.0,18.0,16.0,551.0,1536.0,0,0.75,128.0,64.0,6400000.0,0.7312209515655577
1.0,8.0,1.0,1.0,1.0,1.0,35.0,32.0,0,0.5015625,16384.0,64.0,6400000.0,0.5273919092465753
1.0,4.0,8.0,1.0,1.0,1.0,543.0,32.0,0,0.5015625,2048.0,2048.0,6400000.0,0.5273919092465753
8.0,8.0,1.0,4.0,19.0,16.0,563.0,1536.0,0,0.9078125,0.125,0.0,6400000.0,0.9033657962328766
1.0,4.0,8.0,1.0,1.0,1.0,543.0,32.0,0,0.5015625,4096.0,16.0,6400000.0,0.5273919092465753
1.0,4.0,8.0,1.0,1.0,1.0,543.0,32.0,0,0.5015625,16384.0,1.0,6400000.0,0.5273919092465753
1.0,4.0,8.0,1.0,1.0,1.0,543.0,32.0,0,0.5015625,8192.0,0.125,6400000.0,0.5273919092465753
1.0,8.0,1.0,1.0,1.0,1.0,35.0,32.0,0,0.5015625,32768.0,0.0,6400000.0,0.5273919092465753
1.0,4.0,8.0,1.0,1.0,1.0,543.0,32.0,0,0.5015625,4096.0,16384.0,6400000.0,0.5273919092465753
1.0,4.0,8.0,1.0,1.0,1.0,543.0,32.0,0,0.5015625,8192.0,128.0,6400000.0,0.5273919092465753
8.0,8.0,2.0,4.0,32.0,29.0,1008.0,3616.0,0,0.9078125,0.000976562,0.015625,6400000.0,0.9033657962328766
1.0,4.0,4.0,1.0,1.0,1.0,63.0,32.0,0,0.5015625,2048.0,8192.0,6400000.0,0.5273919092465753
8.0,8.0,2.0,4.0,32.0,29.0,1008.0,3616.0,0,0.9078125,0.000976562,16.0,6400000.0,0.9033657962328766
1.0,4.0,8.0,1.0,1.0,1.0,543.0,32.0,0,0.5015625,32768.0,0.0078125,6400000.0,0.5273919092465753
1.0,4.0,8.0,1.0,1.0,1.0,543.0,32.0,0,0.5015625,16384.0,1024.0,6400000.0,0.5273919092465753
4.0,4.0,8.0,5.0,27.0,23.0,2589.0,3168.0,0,0.940625,0.0078125,256.0,6400000.0,0.9033657962328766
1.0,4.0,4.0,1.0,1.0,1.0,63.0,32.0,0,0.5015625,4096.0,0.0625,6400000.0,0.5273919092465753
1.0,8.0,1.0,1.0,1.0,1.0,35.0,32.0,0,0.5015625,32768.0,0.5,6400000.0,0.5273919092465753
8.0,8.0,1.0,3.0,18.0,16.0,551.0,1536.0,0,0.6890625,256.0,0.5,6400000.0,0.6533696183953033
8.0,8.0,1.0,3.0,18.0,16.0,551.0,1536.0,0,0.6890625,256.0,0.0,6400000.0,0.6533696183953033
8.0,8.0,1.0,4.0,19.0,16.0,563.0,1536.0,0,0.9078125,0.125,0.5,6400000.0,0.9033657962328766
1.0,4.0,4.0,1.0,1.0,1.0,63.0,32.0,0,0.5015625,4096.0,64.0,6400000.0,0.5273919092465753
1.0,4.0,8.0,1.0,1.0,1.0,543.0,32.0,0,0.5015625,32768.0,8192.0,6400000.0,0.5273919092465753
8.0,8.0,1.0,4.0,19.0,16.0,563.0,1536.0,0,0.9078125,4.0,4.0,6400000.0,0.9033657962328766
4.0,4.0,8.0,17.0,74.0,90.0,4674.0,13888.0,0,0.9640625,0.015625,0.00195312,6400000.0,0.9620535714285714
1.0,4.0,8.0,1.0,1.0,1.0,543.0,32.0,0,0.5015625,16384.0,0.000976562,6400000.0,0.5273919092465753
1.0,4.0,4.0,1.0,1.0,1.0,63.0,32.0,0,0.5015625,32768.0,0.015625,6400000.0,0.5273919092465753
1.0,4.0,8.0,1.0,1.0,1.0,543.0,32.0,0,0.5015625,32768.0,8.0,6400000.0,0.5273919092465753
1.0,4.0,4.0,1.0,1.0,1.0,63.0,32.0,0,0.5015625,32768.0,16.0,6400000.0,0.5273919092465753
1.0,8.0,1.0,1.0,1.0,1.0,35.0,32.0,0,0.5015625,4.0,4096.0,6400000.0,0.5273919092465753
1.0,8.0,1.0,1.0,1.0,1.0,35.0,32.0,0,0.5015625,0.000976562,512.0,6400000.0,0.5273919092465753
1.0,8.0,1.0,1.0,1.0,1.0,35.0,32.0,0,0.5015625,0.00195312,4096.0,6400000.0,0.5273919092465753
8.0,8.0,1.0,4.0,19.0,16.0,563.0,1536.0,0,0.9078125,0.000976562,0.5,6400000.0,0.9033657962328766
1.0,8.0,1.0,1.0,1.0,1.0,35.0,32.0,0,0.5015625,0.125,512.0,6400000.0,0.5273919092465753
8.0,8.0,1.0,4.0,19.0,16.0,563.0,1536.0,0,0.9078125,0.0,64.0,6400000.0,0.9033657962328766
8.0,8.0,1.0,4.0,19.0,16.0,563.0,1536.0,0,0.9078125,8.0,0.03125,6400000.0,0.9033657962328766
8.0,8.0,1.0,4.0,19.0,16.0,563.0,1536.0,0,0.9078125,0.0,0.0625,6400000.0,0.9033657962328766
8.0,8.0,1.0,4.0,19.0,16.0,563.0,1536.0,0,0.9078125,0.00195312,0.00390625,6400000.0,0.9033657962328766
8.0,8.0,1.0,4.0,19.0,16.0,563.0,1536.0,0,0.9078125,0.25,0.00390625,6400000.0,0.9033657962328766
8.0,8.0,1.0,4.0,19.0,16.0,563.0,1536.0,0,0.9078125,0.000976562,0.0,6400000.0,0.9033657962328766
4.0,4.0,8.0,17.0,74.0,90.0,4674.0,13888.0,0,0.9640625,0.03125,0.015625,6400000.0,0.9620535714285714
1.0,8.0,2.0,1.0,1.0,1.0,39.0,32.0,0,0.5015625,0.000976562,16384.0,6400000.0,0.5273919092465753
1.0,8.0,1.0,1.0,1.0,1.0,35.0,32.0,0,0.5015625,0.00390625,32768.0,6400000.0,0.5273919092465753
1.0,4.0,4.0,1.0,1.0,1.0,63.0,32.0,0,0.5015625,32768.0,16384.0,6400000.0,0.5273919092465753
8.0,8.0,1.0,4.0,19.0,16.0,563.0,1536.0,0,0.9078125,0.00195312,4.0,6400000.0,0.9033657962328766
1.0,4.0,8.0,1.0,1.0,1.0,543.0,32.0,0,0.5015625,0.015625,2048.0,6400000.0,0.5273919092465753
1.0,4.0,4.0,1.0,1.0,1.0,63.0,32.0,0,0.5015625,8192.0,0.0,6400000.0,0.5273919092465753
8.0,8.0,1.0,4.0,19.0,16.0,563.0,1536.0,0,0.9078125,2.0,0.000976562,6400000.0,0.9033657962328766
8.0,8.0,1.0,4.0,19.0,16.0,563.0,1536.0,0,0.9078125,0.25,4.0,6400000.0,0.9033657962328766
8.0,8.0,1.0,4.0,19.0,16.0,563.0,1536.0,0,0.9078125,0.00390625,32.0,6400000.0,0.9033657962328766
4.0,4.0,8.0,14.0,66.0,86.0,4477.0,13248.0,0,0.9640625,0.015625,2.0,6400000.0,0.9616629464285715
8.0,8.0,1.0,4.0,19.0,16.0,563.0,1536.0,0,0.9078125,0.0078125,0.25,6400000.0,0.9033657962328766
8.0,8.0,2.0,4.0,32.0,29.0,1008.0,3616.0,0,0.9078125,0.00195312,0.125,6400000.0,0.9033657962328766
8.0,8.0,2.0,4.0,32.0,29.0,1008.0,3616.0,0,0.9078125,0.00195312,128.0,6400000.0,0.9033657962328766
8.0,8.0,1.0,4.0,19.0,16.0,563.0,1536.0,0,0.9078125,0.015625,0.00195312,6400000.0,0.9033657962328766
1.0,8.0,1.0,1.0,1.0,1.0,35.0,32.0,0,0.5015625,32768.0,512.0,6400000.0,0.5273919092465753
8.0,8.0,1.0,4.0,19.0,16.0,563.0,1536.0,0,0.9078125,0.00390625,0.03125,6400000.0,0.9033657962328766
1.0,4.0,4.0,1.0,1.0,1.0,63.0,32.0,0,0.5015625,8192.0,0.5,6400000.0,0.5273919092465753
4.0,4.0,8.0,17.0,74.0,90.0,4674.0,13888.0,0,0.9625,0.0,0.125,6400000.0,0.962445725293542
4.0,4.0,8.0,5.0,27.0,23.0,2589.0,3168.0,0,0.940625,0.0,128.0,6400000.0,0.9409246575342465
8.0,8.0,1.0,3.0,18.0,16.0,551.0,1536.0,0,0.6890625,0.0078125,256.0,6400000.0,0.6533696183953033
4.0,4.0,8.0,17.0,74.0,90.0,4674.0,13888.0,0,0.9640625,0.000976562,0.000976562,6400000.0,0.9620535714285714
4.0,4.0,8.0,17.0,74.0,90.0,4674.0,13888.0,0,0.9625,0.125,0.000976562,6400000.0,0.962445725293542
4.0,4.0,8.0,8.0,51.0,62.0,3844.0,9408.0,0,0.959375,0.03125,16.0,6400000.0,0.9585318309686889
1.0,4.0,8.0,1.0,1.0,1.0,543.0,32.0,0,0.5015625,0.03125,16384.0,6400000.0,0.5273919092465753
4.0,4.0,8.0,16.0,73.0,90.0,4663.0,13888.0,0,0.9640625,0.0625,0.125,6400000.0,0.962445725293542
1.0,8.0,1.0,1.0,1.0,1.0,35.0,32.0,0,0.5015625,0.015625,2048.0,6400000.0,0.5273919092465753
1.0,4.0,8.0,1.0,1.0,1.0,543.0,32.0,0,0.5015625,0.125,1024.0,6400000.0,0.5273919092465753
1.0,4.0,8.0,1.0,1.0,1.0,543.0,32.0,0,0.5015625,0.25,8192.0,6400000.0,0.5273919092465753
1.0,8.0,1.0,1.0,1.0,1.0,35.0,32.0,0,0.5015625,8.0,32768.0,6400000.0,0.5273919092465753
4.0,4.0,8.0,5.0,27.0,23.0,2589.0,3168.0,0,0.940625,0.0625,128.0,6400000.0,0.9409246575342465
8.0,8.0,1.0,4.0,19.0,16.0,563.0,1536.0,0,0.9078125,0.015625,2.0,6400000.0,0.9033657962328766
4.0,4.0,8.0,16.0,73.0,90.0,4663.0,13888.0,0,0.9640625,0.5,0.0625,6400000.0,0.9620543358610567
1.0,8.0,1.0,1.0,1.0,1.0,35.0,32.0,0,0.5015625,256.0,512.0,6400000.0,0.5273919092465753
4.0,4.0,8.0,14.0,66.0,85.0,4476.0,13088.0,0,0.9640625,1.0,0.0,6400000.0,0.9620543358610567
8.0,8.0,1.0,4.0,19.0,16.0,563.0,1536.0,0,0.9078125,2.0,1.0,6400000.0,0.9033657962328766
4.0,4.0,8.0,16.0,73.0,90.0,4663.0,13888.0,0,0.9640625,0.25,0.0078125,6400000.0,0.962445725293542
4.0,4.0,8.0,14.0,66.0,85.0,4476.0,13088.0,0,0.9640625,0.125,1.0,6400000.0,0.9620543358610567
4.0,4.0,8.0,14.0,66.0,85.0,4476.0,13088.0,0,0.9640625,0.000976562,1.0,6400000.0,0.9620543358610567
8.0,8.0,1.0,4.0,19.0,16.0,563.0,1536.0,0,0.9078125,8.0,32.0,6400000.0,0.9033657962328766
4.0,4.0,8.0,12.0,64.0,93.0,4462.0,14368.0,0,0.9640625,0.25,8.0,6400000.0,0.9581404415362034
4.0,4.0,8.0,14.0,66.0,86.0,4477.0,13248.0,0,0.9640625,1.0,0.5,6400000.0,0.9616629464285715
1.0,8.0,1.0,1.0,1.0,1.0,35.0,32.0,0,0.5015625,512.0,4.0,6400000.0,0.5273919092465753
8.0,8.0,2.0,4.0,32.0,29.0,1008.0,3616.0,0,0.9078125,0.0,0.00390625,6400000.0,0.9033657962328766
8.0,8.0,1.0,4.0,19.0,16.0,563.0,1536.0,0,0.9078125,16.0,0.25,6400000.0,0.9033657962328766
4.0,4.0,8.0,5.0,27.0,23.0,2589.0,3168.0,0,0.940625,0.5,64.0,6400000.0,0.9409246575342465
4.0,4.0,8.0,14.0,66.0,86.0,4477.0,13248.0,0,0.9640625,2.0,0.00390625,6400000.0,0.9616629464285715
1.0,8.0,1.0,1.0,1.0,1.0,35.0,32.0,0,0.5015625,512.0,0.00390625,6400000.0,0.5273919092465753
1.0,8.0,1.0,1.0,1.0,1.0,35.0,32.0,0,0.5015625,1024.0,0.03125,6400000.0,0.5273919092465753
1.0,4.0,8.0,1.0,1.0,1.0,543.0,32.0,0,0.5015625,1.0,512.0,6400000.0,0.5273919092465753
8.0,8.0,1.0,3.0,18.0,16.0,551.0,1536.0,0,0.6890625,16.0,256.0,6400000.0,0.6533696183953033
1.0,8.0,1.0,1.0,1.0,1.0,35.0,32.0,0,0.5015625,512.0,4096.0,6400000.0,0.5273919092465753
8.0,8.0,2.0,4.0,32.0,29.0,1008.0,3616.0,0,0.9078125,0.00390625,0.000976562,6400000.0,0.9033657962328766
8.0,8.0,1.0,4.0,19.0,16.0,563.0,1536.0,0,0.9078125,32.0,0.00195312,6400000.0,0.9033657962328766
4.0,4.0,8.0,17.0,74.0,90.0,4674.0,13888.0,0,0.9640625,0.00195312,0.0078125,6400000.0,0.9620535714285714
1.0,4.0,8.0,1.0,1.0,1.0,543.0,32.0,0,0.5015625,2.0,4096.0,6400000.0,0.5273919092465753
1.0,8.0,1.0,1.0,1.0,1.0,35.0,32.0,0,0.5015625,1024.0,32.0,6400000.0,0.5273919092465753
4.0,4.0,8.0,14.0,67.0,88.0,4511.0,13568.0,0,0.9640625,2.0,4.0,6400000.0,0.9577490521037182
1.0,8.0,1.0,1.0,1.0,1.0,35.0,32.0,0,0.5015625,2.0,1024.0,6400000.0,0.5273919092465753
8.0,8.0,1.0,4.0,19.0,16.0,563.0,1536.0,0,0.9078125,0.03125,0.015625,6400000.0,0.9033657962328766
4.0,4.0,8.0,8.0,51.0,62.0,3844.0,9408.0,0,0.959375,4.0,32.0,6400000.0,0.9577505809686888
1.0,8.0,1.0,1.0,1.0,1.0,35.0,32.0,0,0.5015625,1024.0,32768.0,6400000.0,0.5273919092465753
1.0,4.0,8.0,1.0,1.0,1.0,543.0,32.0,0,0.5015625,0.000976562,1024.0,6400000.0,0.5273919092465753
4.0,4.0,8.0,14.0,67.0,88.0,4511.0,13568.0,0,0.9640625,4.0,0.03125,6400000.0,0.9612715569960862
1.0,8.0,1.0,1.0,1.0,1.0,35.0,32.0,0,0.5015625,0.25,4096.0,6400000.0,0.5273919092465753
4.0,4.0,8.0,12.0,64.0,93.0,4462.0,14368.0,0,0.9640625,0.00195312,8.0,6400000.0,0.9581404415362034
8.0,8.0,1.0,4.0,19.0,16.0,563.0,1536.0,0,0.9078125,0.03125,16.0,6400000.0,0.9033657962328766
4.0,4.0,8.0,12.0,64.0,93.0,4462.0,14368.0,0,0.9640625,8.0,0.25,6400000.0,0.9597059992661447
1.0,8.0,1.0,1.0,1.0,1.0,35.0,32.0,0,0.5015625,32.0,2048.0,6400000.0,0.5273919092465753
4.0,4.0,8.0,8.0,52.0,63.0,3877.0,9568.0,0,0.959375,16.0,0.00195312,6400000.0,0.9597059992661447
1.0,4.0,8.0,1.0,1.0,1.0,543.0,32.0,0,0.5015625,4.0,32768.0,6400000.0,0.5273919092465753
8.0,8.0,1.0,4.0,19.0,16.0,563.0,1536.0,0,0.9078125,32.0,2.0,6400000.0,0.9033657962328766
1.0,4.0,4.0,1.0,1.0,1.0,63.0,32.0,0,0.5015625,16384.0,0.00390625,6400000.0,0.5273919092465753
4.0,4.0,8.0,5.0,27.0,23.0,2589.0,3168.0,0,0.940625,8.0,256.0,6400000.0,0.9033657962328766
1.0,4.0,8.0,1.0,1.0,1.0,543.0,32.0,0,0.5015625,0.00195312,8192.0,6400000.0,0.5273919092465753
1.0,8.0,1.0,1.0,1.0,1.0,35.0,32.0,0,0.5015625,0.03125,16384.0,6400000.0,0.5273919092465753
8.0,8.0,1.0,4.0,19.0,16.0,563.0,1536.0,0,0.9078125,0.5,32.0,6400000.0,0.9033657962328766
1.0,8.0,2.0,1.0,1.0,1.0,39.0,32.0,0,0.5015625,0.00390625,1024.0,6400000.0,0.5273919092465753
8.0,8.0,1.0,4.0,19.0,16.0,563.0,1536.0,0,0.9078125,64.0,0.015625,6400000.0,0.9033657962328766
8.0,8.0,2.0,4.0,32.0,29.0,1008.0,3616.0,0,0.9078125,0.00390625,1.0,6400000.0,0.9033657962328766
4.0,4.0,8.0,17.0,74.0,90.0,4674.0,13888.0,0,0.9640625,0.00390625,0.0625,6400000.0,0.962836350293542
4.0,4.0,8.0,8.0,52.0,63.0,3877.0,9568.0,0,0.959375,16.0,2.0,6400000.0,0.9597059992661447
8.0,8.0,1.0,4.0,19.0,16.0,563.0,1536.0,0,0.9078125,0.5,0.03125,6400000.0,0.9033657962328766
1.0,4.0,4.0,1.0,1.0,1.0,63.0,32.0,0,0.5015625,8192.0,512.0,6400000.0,0.5273919092465753
1.0,4.0,8.0,1.0,1.0,1.0,543.0,32.0,0,0.5015625,16.0,2048.0,6400000.0,0.5273919092465753
4.0,4.0,8.0,8.0,51.0,58.0,3840.0,8768.0,0,0.9625,32.0,16.0,6400000.0,0.9417074363992171
4.0,4.0,8.0,8.0,52.0,63.0,3877.0,9568.0,0,0.959375,32.0,0.015625,6400000.0,0.9597059992661447
1.0,8.0,1.0,1.0,1.0,1.0,35.0,32.0,0,0.5015625,2048.0,256.0,6400000.0,0.5273919092465753
4.0,4.0,8.0,5.0,27.0,23.0,2589.0,3168.0,0,0.940625,64.0,0.125,6400000.0,0.9409246575342465
1.0,4.0,8.0,1.0,1.0,1.0,543.0,32.0,0,0.5015625,32.0,16384.0,6400000.0,0.5273919092465753
1.0,8.0,1.0,1.0,1.0,1.0,35.0,32.0,0,0.5015625,2048.0,0.25,6400000.0,0.5273919092465753
1.0,8.0,1.0,1.0,1.0,1.0,35.0,32.0,0,0.5015625,4096.0,0.00195312,6400000.0,0.5273919092465753
1.0,8.0,1.0,1.0,1.0,1.0,35.0,32.0,0,0.5015625,4096.0,2.0,6400000.0,0.5273919092465753
1.0,4.0,4.0,1.0,1.0,1.0,63.0,32.0,0,0.5015625,16384.0,4.0,6400000.0,0.5273919092465753
4.0,4.0,8.0,5.0,27.0,23.0,2589.0,3168.0,0,0.940625,128.0,0.000976562,6400000.0,0.9409246575342465
8.0,8.0,1.0,4.0,19.0,16.0,563.0,1536.0,0,0.9078125,64.0,16.0,6400000.0,0.8400272137964773
4.0,4.0,8.0,5.0,27.0,23.0,2589.0,3168.0,0,0.940625,256.0,0.0078125,6400000.0,0.9033657962328766
4.0,4.0,8.0,17.0,74.0,90.0,4674.0,13888.0,0,0.9640625,0.0078125,0.0,6400000.0,0.9620535714285714
4.0,4.0,8.0,5.0,27.0,23.0,2589.0,3168.0,0,0.940625,64.0,128.0,6400000.0,0.9409246575342465
1.0,8.0,1.0,1.0,1.0,1.0,35.0,32.0,0,0.5015625,64.0,16384.0,6400000.0,0.5273919092465753
4.0,4.0,8.0,5.0,27.0,23.0,2589.0,3168.0,0,0.940625,256.0,8.0,6400000.0,0.9033657962328766
8.0,8.0,2.0,4.0,32.0,29.0,1008.0,3616.0,0,0.9078125,0.0078125,0.0078125,6400000.0,0.9033657962328766
1.0,8.0,1.0,1.0,1.0,1.0,35.0,32.0,0,0.5015625,4096.0,2048.0,6400000.0,0.5273919092465753
8.0,8.0,1.0,4.0,19.0,16.0,563.0,1536.0,0,0.9078125,0.0625,0.125,6400000.0,0.9033657962328766
1.0,4.0,8.0,1.0,1.0,1.0,543.0,32.0,0,0.5015625,128.0,1024.0,6400000.0,0.5273919092465753
1.0,8.0,1.0,1.0,1.0,1.0,35.0,32.0,0,0.5015625,8192.0,16.0,6400000.0,0.5273919092465753
4.0,4.0,8.0,5.0,27.0,23.0,2589.0,3168.0,0,0.940625,0.00390625,64.0,6400000.0,0.9409246575342465
4.0,4.0,8.0,5.0,27.0,23.0,2589.0,3168.0,0,0.940625,128.0,1.0,6400000.0,0.9409246575342465
1.0,4.0,4.0,1.0,1.0,1.0,63.0,32.0,0,0.5015625,16384.0,4096.0,6400000.0,0.5273919092465753
8.0,8.0,1.0,3.0,18.0,16.0,551.0,1536.0,0,0.75,128.0,0.125,6400000.0,0.758226822407045
8.0,8.0,2.0,4.0,32.0,29.0,1008.0,3616.0,0,0.9078125,0.0,4.0,6400000.0,0.9033657962328766
1.0,8.0,1.0,1.0,1.0,1.0,35.0,32.0,0,0.5015625,8192.0,0.015625,6400000.0,0.5273919092465753
1.0,8.0,1.0,1.0,1.0,1.0,35.0,32.0,0,0.5015625,8192.0,16384.0,6400000.0,0.5273919092465753
1.0,4.0,8.0,1.0,1.0,1.0,543.0,32.0,0,0.5015625,256.0,8192.0,6400000.0,0.5273919092465753
1.0,4.0,8.0,1.0,1.0,1.0,543.0,32.0,0,0.5015625,512.0,0.0625,6400000.0,0.5273919092465753
1.0,4.0,8.0,1.0,1.0,1.0,543.0,32.0,0,0.5015625,1024.0,0.5,6400000.0,0.5273919092465753
1.0,8.0,2.0,1.0,1.0,1.0,39.0,32.0,0,0.5015625,0.0,4096.0,6400000.0,0.5273919092465753
1.0,4.0,8.0,1.0,1.0,1.0,543.0,32.0,0,0.5015625,512.0,64.0,6400000.0,0.5273919092465753
4.0,4.0,8.0,16.0,73.0,90.0,4663.0,13888.0,0,0.9640625,0.0078125,0.5,6400000.0,0.9620543358610567
8.0,8.0,1.0,4.0,19.0,16.0,563.0,1536.0,0,0.9078125,1.0,0.25,6400000.0,0.9033657962328766
8.0,8.0,1.0,3.0,18.0,16.0,551.0,1536.0,0,0.75,0.0625,128.0,6400000.0,0.758226822407045
1.0,8.0,1.0,1.0,1.0,1.0,35.0,32.0,0,0.5015625,0.5,32768.0,6400000.0,0.5273919092465753
1.0,4.0,8.0,1.0,1.0,1.0,543.0,32.0,0,0.5015625,2048.0,4.0,6400000.0,0.5273919092465753
1.0,4.0,8.0,1.0,1.0,1.0,543.0,32.0,0,0.5015625,1024.0,0.0,6400000.0,0.5273919092465753
8.0,8.0,1.0,4.0,19.0,16.0,563.0,1536.0,0,0.9078125,4.0,0.0078125,6400000.0,0.9033657962328766
1.0,4.0,8.0,1.0,1.0,1.0,543.0,32.0,0,0.5015625,4096.0,0.03125,6400000.0,0.5273919092465753
8.0,8.0,1.0,3.0,18.0,16.0,551.0,1536.0,0,0.6890625,1.0,256.0,6400000.0,0.6533696183953033
1.0,4.0,8.0,1.0,1.0,1.0,543.0,32.0,0,0.5015625,2048.0,0.00390625,6400000.0,0.5273919092465753
1.0,8.0,1.0,1.0,1.0,1.0,35.0,32.0,0,0.5015625,16384.0,0.125,6400000.0,0.5273919092465753
1.0,4.0,8.0,1.0,1.0,1.0,543.0,32.0,0,0.5015625,1024.0,512.0,6400000.0,0.5273919092465753
1.0,8.0,1.0,1.0,1.0,1.0,35.0,32.0,0,0.5015625,16384.0,128.0,6400000.0,0.5273919092465753
1.0,4.0,8.0,1.0,1.0,1.0,543.0,32.0,0,0.5015625,4096.0,32.0,6400000.0,0.5273919092465753
8.0,8.0,1.0,3.0,18.0,16.0,551.0,1536.0,0,0.6890625,128.0,128.0,6400000.0,0.6533696183953033
1.0,4.0,8.0,1.0,1.0,1.0,543.0,32.0,0,0.5015625,2048.0,4096.0,6400000.0,0.5273919092465753
8.0,8.0,1.0,4.0,19.0,16.0,563.0,1536.0,0,0.9078125,0.125,0.000976562,6400000.0,0.9033657962328766
1.0,4.0,8.0,1.0,1.0,1.0,543.0,32.0,0,0.5015625,8192.0,0.25,6400000.0,0.5273919092465753
1.0,4.0,8.0,1.0,1.0,1.0,543.0,32.0,0,0.5015625,8192.0,256.0,6400000.0,0.5273919092465753
1.0,4.0,8.0,1.0,1.0,1.0,543.0,32.0,0,0.5015625,4096.0,32768.0,6400000.0,0.5273919092465753
8.0,8.0,2.0,4.0,32.0,29.0,1008.0,3616.0,0,0.9078125,0.000976562,0.03125,6400000.0,0.9033657962328766
8.0,8.0,2.0,4.0,32.0,29.0,1008.0,3616.0,0,0.9078125,0.0078125,8.0,6400000.0,0.9033657962328766
1.0,4.0,8.0,1.0,1.0,1.0,543.0,32.0,0,0.5015625,16384.0,2.0,6400000.0,0.5273919092465753
1.0,8.0,1.0,1.0,1.0,1.0,35.0,32.0,0,0.5015625,32768.0,0.000976562,6400000.0,0.5273919092465753
8.0,8.0,2.0,4.0,32.0,29.0,1008.0,3616.0,0,0.9078125,0.000976562,32.0,6400000.0,0.9033657962328766
1.0,4.0,8.0,1.0,1.0,1.0,543.0,32.0,0,0.5015625,32768.0,0.015625,6400000.0,0.5273919092465753
1.0,8.0,2.0,1.0,1.0,1.0,39.0,32.0,0,0.5015625,0.0078125,8192.0,6400000.0,0.5273919092465753
1.0,4.0,8.0,1.0,1.0,1.0,543.0,32.0,0,0.5015625,0.0078125,512.0,6400000.0,0.5273919092465753
1.0,4.0,8.0,1.0,1.0,1.0,543.0,32.0,0,0.5015625,16384.0,2048.0,6400000.0,0.5273919092465753
8.0,8.0,1.0,3.0,18.0,16.0,551.0,1536.0,0,0.6890625,256.0,1.0,6400000.0,0.6533696183953033
8.0,8.0,1.0,3.0,18.0,16.0,551.0,1536.0,0,0.6890625,256.0,0.000976562,6400000.0,0.6533696183953033
1.0,8.0,1.0,1.0,1.0,1.0,35.0,32.0,0,0.5015625,32768.0,1.0,6400000.0,0.5273919092465753
8.0,8.0,2.0,4.0,32.0,29.0,1008.0,3616.0,0,0.9078125,0.015625,0.0625,6400000.0,0.9033657962328766
8.0,8.0,1.0,4.0,19.0,16.0,563.0,1536.0,0,0.9078125,0.125,1.0,6400000.0,0.9033657962328766
1.0,4.0,8.0,1.0,1.0,1.0,543.0,32.0,0,0.5015625,32768.0,16384.0,6400000.0,0.5273919092465753
1.0,4.0,8.0,1.0,1.0,1.0,543.0,32.0,0,0.5015625,32768.0,16.0,6400000.0,0.5273919092465753
8.0,8.0,1.0,4.0,19.0,16.0,563.0,1536.0,0,0.9078125,4.0,8.0,6400000.0,0.9033657962328766
1.0,4.0,4.0,1.0,1.0,1.0,63.0,32.0,0,0.5015625,32768.0,0.03125,6400000.0,0.5273919092465753
4.0,4.0,8.0,17.0,74.0,90.0,4674.0,13888.0,0,0.9640625,0.015625,0.00390625,6400000.0,0.9620535714285714
1.0,4.0,4.0,1.0,1.0,1.0,63.0,32.0,0,0.5015625,32768.0,32.0,6400000.0,0.5273919092465753
1.0,8.0,1.0,1.0,1.0,1.0,35.0,32.0,0,0.5015625,0.125,1024.0,6400000.0,0.5273919092465753
1.0,4.0,8.0,1.0,1.0,1.0,543.0,32.0,0,0.5015625,16384.0,0.00195312,6400000.0,0.5273919092465753
1.0,8.0,1.0,1.0,1.0,1.0,35.0,32.0,0,0.5015625,0.000976562,1024.0,6400000.0,0.5273919092465753
8.0,8.0,1.0,4.0,19.0,16.0,563.0,1536.0,0,0.9078125,8.0,0.0625,6400000.0,0.9033657962328766
8.0,8.0,1.0,4.0,19.0,16.0,563.0,1536.0,0,0.9078125,0.000976562,1.0,6400000.0,0.9033657962328766
1.0,8.0,1.0,1.0,1.0,1.0,35.0,32.0,0,0.5015625,0.00195312,8192.0,6400000.0,0.5273919092465753
1.0,8.0,1.0,1.0,1.0,1.0,35.0,32.0,0,0.5015625,4.0,8192.0,6400000.0,0.5273919092465753
8.0,8.0,1.0,3.0,18.0,16.0,551.0,1536.0,0,0.75,0.0,128.0,6400000.0,0.758226822407045
8.0,8.0,1.0,4.0,19.0,16.0,563.0,1536.0,0,0.9078125,0.25,0.0078125,6400000.0,0.9033657962328766
8.0,8.0,1.0,4.0,19.0,16.0,563.0,1536.0,0,0.9078125,0.0,0.125,6400000.0,0.9033657962328766
8.0,8.0,1.0,4.0,19.0,16.0,563.0,1536.0,0,0.9078125,0.000976562,0.000976562,6400000.0,0.9033657962328766
1.0,8.0,2.0,1.0,1.0,1.0,39.0,32.0,0,0.5015625,0.000976562,32768.0,6400000.0,0.5273919092465753
8.0,8.0,1.0,4.0,19.0,16.0,563.0,1536.0,0,0.9078125,0.00195312,0.0078125,6400000.0,0.9033657962328766
1.0,4.0,4.0,1.0,1.0,1.0,63.0,32.0,0,0.5015625,32768.0,32768.0,6400000.0,0.5273919092465753
1.0,4.0,8.0,1.0,1.0,1.0,543.0,32.0,0,0.5015625,0.015625,4096.0,6400000.0,0.5273919092465753
8.0,8.0,1.0,4.0,19.0,16.0,563.0,1536.0,0,0.9078125,0.00195312,8.0,6400000.0,0.9033657962328766
8.0,8.0,1.0,4.0,19.0,16.0,563.0,1536.0,0,0.9078125,0.0078125,0.0,6400000.0,0.9033657962328766
4.0,4.0,8.0,17.0,74.0,90.0,4674.0,13888.0,0,0.9640625,0.03125,0.03125,6400000.0,0.9620535714285714
4.0,4.0,8.0,14.0,67.0,88.0,4511.0,13568.0,0,0.9640625,0.015625,4.0,6400000.0,0.9616629464285715
8.0,8.0,2.0,4.0,32.0,29.0,1008.0,3616.0,0,0.9078125,0.015625,64.0,6400000.0,0.9033657962328766
8.0,8.0,1.0,4.0,19.0,16.0,563.0,1536.0,0,0.9078125,2.0,0.00195312,6400000.0,0.9033657962328766
8.0,8.0,1.0,4.0,19.0,16.0,563.0,1536.0,0,0.9078125,0.00390625,64.0,6400000.0,0.9033657962328766
8.0,8.0,1.0,4.0,19.0,16.0,563.0,1536.0,0,0.9078125,0.25,8.0,6400000.0,0.9033657962328766
8.0,8.0,1.0,4.0,19.0,16.0,563.0,1536.0,0,0.9078125,0.0078125,0.5,6400000.0,0.9033657962328766
8.0,8.0,1.0,4.0,19.0,16.0,563.0,1536.0,0,0.9078125,0.015625,0.00390625,6400000.0,0.9033657962328766
8.0,8.0,2.0,4.0,32.0,29.0,1008.0,3616.0,0,0.9078125,0.00195312,0.25,6400000.0,0.9033657962328766
8.0,8.0,2.0,4.0,29.0,26.0,909.0,3136.0,0,0.9078125,0.00195312,256.0,6400000.0,0.8262620780332682
4.0,4.0,8.0,16.0,73.0,90.0,4663.0,13888.0,0,0.9640625,0.0,0.25,6400000.0,0.962445725293542
1.0,8.0,1.0,1.0,1.0,1.0,35.0,32.0,0,0.5015625,32768.0,1024.0,6400000.0,0.5273919092465753
4.0,4.0,8.0,5.0,27.0,23.0,2589.0,3168.0,0,0.940625,0.0,256.0,6400000.0,0.9033657962328766
8.0,8.0,2.0,4.0,32.0,29.0,1008.0,3616.0,0,0.9078125,0.03125,0.0,6400000.0,0.9033657962328766
4.0,4.0,8.0,17.0,74.0,90.0,4674.0,13888.0,0,0.9640625,0.000976562,0.00195312,6400000.0,0.9620535714285714
1.0,4.0,8.0,1.0,1.0,1.0,543.0,32.0,0,0.5015625,0.125,2048.0,6400000.0,0.5273919092465753
8.0,8.0,1.0,4.0,19.0,16.0,563.0,1536.0,0,0.9078125,0.00390625,0.0625,6400000.0,0.9033657962328766
4.0,4.0,8.0,17.0,74.0,90.0,4674.0,13888.0,0,0.9625,0.125,0.00195312,6400000.0,0.962445725293542
4.0,4.0,8.0,8.0,51.0,62.0,3844.0,9408.0,0,0.959375,0.03125,32.0,6400000.0,0.9585318309686889
1.0,8.0,1.0,1.0,1.0,1.0,35.0,32.0,0,0.5015625,0.0078125,512.0,6400000.0,0.5273919092465753
1.0,4.0,8.0,1.0,1.0,1.0,543.0,32.0,0,0.5015625,0.03125,32768.0,6400000.0,0.5273919092465753
4.0,4.0,8.0,16.0,73.0,90.0,4663.0,13888.0,0,0.9640625,0.0625,0.25,6400000.0,0.962445725293542
1.0,4.0,8.0,1.0,1.0,1.0,543.0,32.0,0,0.5015625,0.25,16384.0,6400000.0,0.5273919092465753
1.0,8.0,1.0,1.0,1.0,1.0,35.0,32.0,0,0.5015625,256.0,1024.0,6400000.0,0.5273919092465753
8.0,8.0,1.0,4.0,19.0,16.0,563.0,1536.0,0,0.9078125,0.015625,4.0,6400000.0,0.9033657962328766
8.0,8.0,1.0,4.0,19.0,16.0,563.0,1536.0,0,0.9078125,16.0,0.0,6400000.0,0.9033657962328766
1.0,8.0,1.0,1.0,1.0,1.0,35.0,32.0,0,0.5015625,0.015625,4096.0,6400000.0,0.5273919092465753
4.0,4.0,8.0,14.0,66.0,85.0,4476.0,13088.0,0,0.9640625,1.0,0.000976562,6400000.0,0.9620543358610567
8.0,8.0,1.0,4.0,19.0,16.0,563.0,1536.0,0,0.9078125,2.0,2.0,6400000.0,0.9033657962328766
4.0,4.0,8.0,16.0,73.0,90.0,4663.0,13888.0,0,0.9640625,0.25,0.015625,6400000.0,0.962445725293542
4.0,4.0,8.0,15.0,67.0,86.0,4488.0,13248.0,0,0.9640625,0.5,0.125,6400000.0,0.9620543358610567
4.0,4.0,8.0,5.0,27.0,23.0,2589.0,3168.0,0,0.940625,0.0625,256.0,6400000.0,0.9033657962328766
4.0,4.0,8.0,14.0,66.0,86.0,4477.0,13248.0,0,0.9640625,0.125,2.0,6400000.0,0.9616629464285715
4.0,4.0,8.0,14.0,66.0,86.0,4477.0,13248.0,0,0.9640625,0.000976562,2.0,6400000.0,0.9616629464285715
8.0,8.0,1.0,4.0,19.0,16.0,563.0,1536.0,0,0.9078125,8.0,64.0,6400000.0,0.9033657962328766
4.0,4.0,8.0,8.0,51.0,62.0,3844.0,9408.0,0,0.959375,0.25,16.0,6400000.0,0.9585318309686889
4.0,4.0,8.0,14.0,66.0,86.0,4477.0,13248.0,0,0.9640625,1.0,1.0,6400000.0,0.9616629464285715
4.0,4.0,8.0,5.0,27.0,23.0,2589.0,3168.0,0,0.940625,0.5,128.0,6400000.0,0.9409246575342465
1.0,8.0,1.0,1.0,1.0,1.0,35.0,32.0,0,0.5015625,512.0,8.0,6400000.0,0.5273919092465753
8.0,8.0,2.0,4.0,32.0,29.0,1008.0,3616.0,0,0.9078125,0.0,0.0078125,6400000.0,0.9033657962328766
4.0,4.0,8.0,14.0,66.0,86.0,4477.0,13248.0,0,0.9640625,2.0,0.0078125,6400000.0,0.9616629464285715
1.0,4.0,8.0,1.0,1.0,1.0,543.0,32.0,0,0.5015625,1.0,1024.0,6400000.0,0.5273919092465753
8.0,8.0,1.0,4.0,19.0,16.0,563.0,1536.0,0,0.9078125,16.0,0.5,6400000.0,0.9033657962328766
8.0,8.0,2.0,4.0,32.0,29.0,1008.0,3616.0,0,0.9078125,0.00390625,0.00195312,6400000.0,0.9033657962328766
1.0,8.0,1.0,1.0,1.0,1.0,35.0,32.0,0,0.5015625,512.0,8192.0,6400000.0,0.5273919092465753
1.0,8.0,1.0,1.0,1.0,1.0,35.0,32.0,0,0.5015625,16.0,512.0,6400000.0,0.5273919092465753
1.0,8.0,1.0,1.0,1.0,1.0,35.0,32.0,0,0.5015625,1024.0,0.0625,6400000.0,0.5273919092465753
1.0,8.0,1.0,1.0,1.0,1.0,35.0,32.0,0,0.5015625,512.0,0.0078125,6400000.0,0.5273919092465753
4.0,4.0,8.0,12.0,65.0,83.0,4484.0,12768.0,0,0.959375,2.0,8.0,6400000.0,0.9600973886986301
1.0,8.0,1.0,1.0,1.0,1.0,35.0,32.0,0,0.5015625,1024.0,64.0,6400000.0,0.5273919092465753
8.0,8.0,1.0,4.0,19.0,16.0,563.0,1536.0,0,0.9078125,32.0,0.00390625,6400000.0,0.9033657962328766
4.0,4.0,8.0,17.0,74.0,90.0,4674.0,13888.0,0,0.9640625,0.00195312,0.015625,6400000.0,0.9620535714285714
1.0,8.0,1.0,1.0,1.0,1.0,35.0,32.0,0,0.5015625,2.0,2048.0,6400000.0,0.5273919092465753
1.0,4.0,8.0,1.0,1.0,1.0,543.0,32.0,0,0.5015625,2.0,8192.0,6400000.0,0.5273919092465753
1.0,4.0,8.0,1.0,1.0,1.0,543.0,32.0,0,0.5015625,0.000976562,2048.0,6400000.0,0.5273919092465753
1.0,8.0,1.0,1.0,1.0,1.0,35.0,32.0,0,0.5015625,2048.0,0.0,6400000.0,0.5273919092465753
4.0,4.0,8.0,5.0,27.0,23.0,2589.0,3168.0,0,0.940625,4.0,64.0,6400000.0,0.9409246575342465
8.0,8.0,1.0,4.0,19.0,16.0,563.0,1536.0,0,0.9078125,0.03125,0.03125,6400000.0,0.9033657962328766
1.0,8.0,1.0,1.0,1.0,1.0,35.0,32.0,0,0.5015625,32.0,4096.0,6400000.0,0.5273919092465753
4.0,4.0,8.0,8.0,52.0,63.0,3877.0,9568.0,0,0.959375,16.0,0.00390625,6400000.0,0.9597059992661447
4.0,4.0,8.0,14.0,67.0,88.0,4511.0,13568.0,0,0.9640625,4.0,0.0625,6400000.0,0.9612715569960862
1.0,8.0,1.0,1.0,1.0,1.0,35.0,32.0,0,0.5015625,0.25,8192.0,6400000.0,0.5273919092465753
4.0,4.0,8.0,8.0,51.0,62.0,3844.0,9408.0,0,0.959375,0.00195312,16.0,6400000.0,0.9585318309686889
4.0,4.0,8.0,12.0,64.0,93.0,4462.0,14368.0,0,0.9640625,8.0,0.0,6400000.0,0.9597059992661447
8.0,8.0,1.0,4.0,19.0,16.0,563.0,1536.0,0,0.9078125,0.03125,32.0,6400000.0,0.9033657962328766
8.0,8.0,1.0,4.0,19.0,16.0,563.0,1536.0,0,0.9078125,32.0,4.0,6400000.0,0.9033657962328766
4.0,4.0,8.0,12.0,64.0,93.0,4462.0,14368.0,0,0.9640625,8.0,0.5,6400000.0,0.9597059992661447
8.0,8.0,2.0,4.0,32.0,29.0,1008.0,3616.0,0,0.9078125,0.03125,0.5,6400000.0,0.9033657962328766
1.0,4.0,8.0,1.0,1.0,1.0,543.0,32.0,0,0.5015625,0.00195312,16384.0,6400000.0,0.5273919092465753
1.0,4.0,8.0,1.0,1.0,1.0,543.0,32.0,0,0.5015625,8.0,512.0,6400000.0,0.5273919092465753
1.0,8.0,1.0,1.0,1.0,1.0,35.0,32.0,0,0.5015625,0.03125,32768.0,6400000.0,0.5273919092465753
1.0,8.0,2.0,1.0,1.0,1.0,39.0,32.0,0,0.5015625,0.00390625,2048.0,6400000.0,0.5273919092465753
8.0,8.0,1.0,4.0,19.0,16.0,563.0,1536.0,0,0.9078125,0.5,64.0,6400000.0,0.9033657962328766
8.0,8.0,2.0,4.0,32.0,29.0,1008.0,3616.0,0,0.9078125,0.00390625,2.0,6400000.0,0.9033657962328766
4.0,4.0,8.0,17.0,74.0,90.0,4674.0,13888.0,0,0.9625,0.00390625,0.125,6400000.0,0.962445725293542
8.0,8.0,1.0,4.0,19.0,16.0,563.0,1536.0,0,0.9078125,64.0,0.03125,6400000.0,0.9033657962328766
1.0,8.0,2.0,1.0,1.0,1.0,39.0,32.0,0,0.5015625,0.03125,512.0,6400000.0,0.5273919092465753
4.0,4.0,8.0,8.0,52.0,63.0,3877.0,9568.0,0,0.959375,16.0,4.0,6400000.0,0.9597059992661447
1.0,8.0,1.0,1.0,1.0,1.0,35.0,32.0,0,0.5015625,4096.0,4.0,6400000.0,0.5273919092465753
4.0,4.0,8.0,8.0,52.0,63.0,3877.0,9568.0,0,0.959375,32.0,0.03125,6400000.0,0.9597059992661447
1.0,4.0,8.0,1.0,1.0,1.0,543.0,32.0,0,0.5015625,16.0,4096.0,6400000.0,0.5273919092465753
8.0,8.0,1.0,4.0,19.0,16.0,563.0,1536.0,0,0.9078125,0.5,0.0625,6400000.0,0.9033657962328766
1.0,8.0,1.0,1.0,1.0,1.0,35.0,32.0,0,0.5015625,4096.0,0.00390625,6400000.0,0.5273919092465753
1.0,8.0,1.0,1.0,1.0,1.0,35.0,32.0,0,0.5015625,2048.0,512.0,6400000.0,0.5273919092465753
1.0,4.0,8.0,1.0,1.0,1.0,543.0,32.0,0,0.5015625,32.0,32768.0,6400000.0,0.5273919092465753
1.0,8.0,1.0,1.0,1.0,1.0,35.0,32.0,0,0.5015625,2048.0,0.5,6400000.0,0.5273919092465753
4.0,4.0,8.0,5.0,27.0,23.0,2589.0,3168.0,0,0.940625,32.0,32.0,6400000.0,0.9409246575342465
4.0,4.0,8.0,5.0,27.0,23.0,2589.0,3168.0,0,0.940625,64.0,0.25,6400000.0,0.9409246575342465
4.0,4.0,8.0,5.0,27.0,23.0,2589.0,3168.0,0,0.940625,128.0,0.00195312,6400000.0,0.9409246575342465
8.0,8.0,2.0,4.0,32.0,29.0,1008.0,3616.0,0,0.9078125,0.0625,0.00390625,6400000.0,0.9033657962328766
4.0,4.0,8.0,5.0,26.0,22.0,2556.0,3008.0,0,0.940625,256.0,16.0,6400000.0,0.9033657962328766
4.0,4.0,8.0,5.0,27.0,23.0,2589.0,3168.0,0,0.940625,256.0,0.015625,6400000.0,0.9033657962328766
4.0,4.0,8.0,4.0,22.0,19.0,2446.0,2528.0,0,0.9078125,64.0,256.0,6400000.0,0.9033657962328766
8.0,8.0,1.0,4.0,19.0,16.0,563.0,1536.0,0,0.9078125,64.0,32.0,6400000.0,0.758226822407045
1.0,8.0,1.0,1.0,1.0,1.0,35.0,32.0,0,0.5015625,64.0,32768.0,6400000.0,0.5273919092465753
8.0,8.0,2.0,4.0,32.0,29.0,1008.0,3616.0,0,0.9078125,0.0078125,0.015625,6400000.0,0.9033657962328766
1.0,8.0,1.0,1.0,1.0,1.0,35.0,32.0,0,0.5015625,4096.0,4096.0,6400000.0,0.5273919092465753
4.0,4.0,8.0,17.0,74.0,90.0,4674.0,13888.0,0,0.9640625,0.0078125,0.000976562,6400000.0,0.9620535714285714
8.0,8.0,1.0,4.0,19.0,16.0,563.0,1536.0,0,0.9078125,0.0625,0.25,6400000.0,0.9033657962328766
1.0,4.0,8.0,1.0,1.0,1.0,543.0,32.0,0,0.5015625,128.0,2048.0,6400000.0,0.5273919092465753
1.0,8.0,1.0,1.0,1.0,1.0,35.0,32.0,0,0.5015625,8192.0,32.0,6400000.0,0.5273919092465753
1.0,8.0,1.0,1.0,1.0,1.0,35.0,32.0,0,0.5015625,8192.0,0.03125,6400000.0,0.5273919092465753
4.0,4.0,8.0,5.0,27.0,23.0,2589.0,3168.0,0,0.940625,0.00390625,128.0,6400000.0,0.9409246575342465
8.0,8.0,2.0,4.0,32.0,29.0,1008.0,3616.0,0,0.9078125,0.0,8.0,6400000.0,0.9033657962328766
8.0,8.0,2.0,4.0,32.0,29.0,1008.0,3616.0,0,0.9078125,0.0625,4.0,6400000.0,0.9033657962328766
8.0,8.0,1.0,3.0,18.0,16.0,551.0,1536.0,0,0.75,128.0,0.25,6400000.0,0.758226822407045
4.0,4.0,8.0,5.0,27.0,23.0,2589.0,3168.0,0,0.940625,128.0,2.0,6400000.0,0.9409246575342465
1.0,8.0,1.0,1.0,1.0,1.0,35.0,32.0,0,0.5015625,8192.0,32768.0,6400000.0,0.5273919092465753
1.0,4.0,8.0,1.0,1.0,1.0,543.0,32.0,0,0.5015625,256.0,16384.0,6400000.0,0.5273919092465753
1.0,4.0,8.0,1.0,1.0,1.0,543.0,32.0,0,0.5015625,512.0,0.125,6400000.0,0.5273919092465753
1.0,4.0,8.0,1.0,1.0,1.0,543.0,32.0,0,0.5015625,1024.0,1.0,6400000.0,0.5273919092465753
1.0,8.0,2.0,1.0,1.0,1.0,39.0,32.0,0,0.5015625,0.0,8192.0,6400000.0,0.5273919092465753
1.0,4.0,8.0,1.0,1.0,1.0,543.0,32.0,0,0.5015625,512.0,128.0,6400000.0,0.5273919092465753
4.0,4.0,8.0,14.0,66.0,85.0,4476.0,13088.0,0,0.9640625,0.0078125,1.0,6400000.0,0.9620543358610567
8.0,8.0,1.0,3.0,18.0,16.0,551.0,1536.0,0,0.6890625,0.0625,256.0,6400000.0,0.6533696183953033
8.0,8.0,1.0,4.0,19.0,16.0,563.0,1536.0,0,0.9078125,1.0,0.0,6400000.0,0.9033657962328766
1.0,4.0,8.0,1.0,1.0,1.0,543.0,32.0,0,0.5015625,2048.0,8.0,6400000.0,0.5273919092465753
8.0,8.0,1.0,4.0,19.0,16.0,563.0,1536.0,0,0.9078125,1.0,0.5,6400000.0,0.9033657962328766
1.0,4.0,8.0,1.0,1.0,1.0,543.0,32.0,0,0.5015625,1024.0,0.000976562,6400000.0,0.5273919092465753
1.0,4.0,8.0,1.0,1.0,1.0,543.0,32.0,0,0.5015625,2048.0,0.0078125,6400000.0,0.5273919092465753
1.0,8.0,1.0,1.0,1.0,1.0,35.0,32.0,0,0.5015625,16384.0,0.25,6400000.0,0.5273919092465753
1.0,8.0,1.0,1.0,1.0,1.0,35.0,32.0,0,0.5015625,1.0,512.0,6400000.0,0.5273919092465753
8.0,8.0,1.0,4.0,19.0,16.0,563.0,1536.0,0,0.9078125,4.0,0.015625,6400000.0,0.9033657962328766
1.0,8.0,1.0,1.0,1.0,1.0,35.0,32.0,0,0.5015625,16384.0,256.0,6400000.0,0.5273919092465753
1.0,4.0,8.0,1.0,1.0,1.0,543.0,32.0,0,0.5015625,1024.0,1024.0,6400000.0,0.5273919092465753
1.0,4.0,8.0,1.0,1.0,1.0,543.0,32.0,0,0.5015625,4096.0,0.0625,6400000.0,0.5273919092465753
1.0,4.0,8.0,1.0,1.0,1.0,543.0,32.0,0,0.5015625,2048.0,8192.0,6400000.0,0.5273919092465753
1.0,4.0,8.0,1.0,1.0,1.0,543.0,32.0,0,0.5015625,8192.0,0.5,6400000.0,0.5273919092465753
1.0,4.0,8.0,1.0,1.0,1.0,543.0,32.0,0,0.5015625,8192.0,512.0,6400000.0,0.5273919092465753
8.0,8.0,2.0,4.0,32.0,29.0,1008.0,3616.0,0,0.9078125,0.000976562,0.0625,6400000.0,0.9033657962328766
8.0,8.0,1.0,2.0,17.0,16.0,540.0,1536.0,0,0.6890625,128.0,256.0,6400000.0,0.6533696183953033
1.0,4.0,8.0,1.0,1.0,1.0,543.0,32.0,0,0.5015625,4096.0,64.0,6400000.0,0.5273919092465753
1.0,4.0,8.0,1.0,1.0,1.0,543.0,32.0,0,0.5015625,8192.0,0.0,6400000.0,0.5273919092465753
1.0,4.0,8.0,1.0,1.0,1.0,543.0,32.0,0,0.5015625,16384.0,4.0,6400000.0,0.5273919092465753
8.0,8.0,1.0,4.0,19.0,16.0,563.0,1536.0,0,0.9078125,0.125,0.00195312,6400000.0,0.9033657962328766
8.0,8.0,2.0,4.0,32.0,29.0,1008.0,3616.0,0,0.9078125,0.0078125,16.0,6400000.0,0.9033657962328766
1.0,8.0,1.0,1.0,1.0,1.0,35.0,32.0,0,0.5015625,32768.0,0.00195312,6400000.0,0.5273919092465753
1.0,4.0,8.0,1.0,1.0,1.0,543.0,32.0,0,0.5015625,32768.0,0.03125,6400000.0,0.5273919092465753
8.0,8.0,2.0,4.0,32.0,29.0,1008.0,3616.0,0,0.9078125,0.000976562,64.0,6400000.0,0.9033657962328766
1.0,4.0,8.0,1.0,1.0,1.0,543.0,32.0,0,0.5015625,16384.0,4096.0,6400000.0,0.5273919092465753
1.0,4.0,8.0,1.0,1.0,1.0,543.0,32.0,0,0.5015625,0.0078125,1024.0,6400000.0,0.5273919092465753
1.0,8.0,2.0,1.0,1.0,1.0,39.0,32.0,0,0.5015625,0.0078125,16384.0,6400000.0,0.5273919092465753
8.0,8.0,1.0,3.0,18.0,16.0,551.0,1536.0,0,0.6890625,256.0,2.0,6400000.0,0.6533696183953033
8.0,8.0,1.0,4.0,19.0,16.0,563.0,1536.0,0,0.9078125,0.125,2.0,6400000.0,0.9033657962328766
1.0,8.0,1.0,1.0,1.0,1.0,35.0,32.0,0,0.5015625,32768.0,2.0,6400000.0,0.5273919092465753
8.0,8.0,1.0,3.0,18.0,16.0,551.0,1536.0,0,0.6890625,256.0,0.00195312,6400000.0,0.6533696183953033
8.0,8.0,2.0,4.0,32.0,29.0,1008.0,3616.0,0,0.9078125,0.015625,0.125,6400000.0,0.9033657962328766
1.0,4.0,8.0,1.0,1.0,1.0,543.0,32.0,0,0.5015625,32768.0,32768.0,6400000.0,0.5273919092465753
1.0,4.0,8.0,1.0,1.0,1.0,543.0,32.0,0,0.5015625,32768.0,32.0,6400000.0,0.5273919092465753
1.0,8.0,2.0,1.0,1.0,1.0,39.0,32.0,0,0.5015625,0.0625,4096.0,6400000.0,0.5273919092465753
8.0,8.0,1.0,4.0,19.0,16.0,563.0,1536.0,0,0.9078125,4.0,16.0,6400000.0,0.9033657962328766
8.0,8.0,2.0,4.0,32.0,29.0,1008.0,3616.0,0,0.9078125,0.125,0.03125,6400000.0,0.9033657962328766
4.0,4.0,8.0,17.0,74.0,90.0,4674.0,13888.0,0,0.9640625,0.015625,0.0078125,6400000.0,0.9620535714285714
8.0,8.0,1.0,4.0,19.0,16.0,563.0,1536.0,0,0.9078125,8.0,0.125,6400000.0,0.9033657962328766
1.0,8.0,1.0,1.0,1.0,1.0,35.0,32.0,0,0.5015625,0.00195312,16384.0,6400000.0,0.5273919092465753
1.0,4.0,8.0,1.0,1.0,1.0,543.0,32.0,0,0.5015625,16384.0,0.00390625,6400000.0,0.5273919092465753
1.0,8.0,1.0,1.0,1.0,1.0,35.0,32.0,0,0.5015625,0.125,2048.0,6400000.0,0.5273919092465753
8.0,8.0,1.0,4.0,19.0,16.0,563.0,1536.0,0,0.9078125,0.25,0.015625,6400000.0,0.9033657962328766
8.0,8.0,1.0,4.0,19.0,16.0,563.0,1536.0,0,0.9078125,0.000976562,2.0,6400000.0,0.9033657962328766
1.0,8.0,1.0,1.0,1.0,1.0,35.0,32.0,0,0.5015625,4.0,16384.0,6400000.0,0.5273919092465753
8.0,8.0,1.0,4.0,19.0,16.0,563.0,1536.0,0,0.9078125,0.00195312,0.015625,6400000.0,0.9033657962328766
8.0,8.0,2.0,4.0,32.0,29.0,1008.0,3616.0,0,0.9078125,0.00195312,0.0,6400000.0,0.9033657962328766
8.0,8.0,1.0,4.0,19.0,16.0,563.0,1536.0,0,0.9078125,0.0,0.25,6400000.0,0.9033657962328766
8.0,8.0,1.0,3.0,18.0,16.0,551.0,1536.0,0,0.6890625,0.0,256.0,6400000.0,0.6533696183953033
1.0,8.0,1.0,1.0,1.0,1.0,35.0,32.0,0,0.5015625,0.000976562,2048.0,6400000.0,0.5273919092465753
8.0,8.0,1.0,4.0,19.0,16.0,563.0,1536.0,0,0.9078125,0.000976562,0.00195312,6400000.0,0.9033657962328766
8.0,8.0,1.0,4.0,19.0,16.0,563.0,1536.0,0,0.9078125,0.00195312,16.0,6400000.0,0.9033657962328766
8.0,8.0,1.0,4.0,19.0,16.0,563.0,1536.0,0,0.9078125,0.0078125,0.000976562,6400000.0,0.9033657962328766
4.0,4.0,8.0,17.0,74.0,90.0,4674.0,13888.0,0,0.9640625,0.03125,0.0625,6400000.0,0.962836350293542
8.0,8.0,2.0,4.0,32.0,29.0,1008.0,3616.0,0,0.9078125,0.125,32.0,6400000.0,0.9033657962328766
8.0,8.0,1.0,3.0,18.0,16.0,551.0,1536.0,0,0.75,0.00390625,128.0,6400000.0,0.758226822407045
4.0,4.0,8.0,12.0,64.0,93.0,4462.0,14368.0,0,0.9640625,0.015625,8.0,6400000.0,0.9581404415362034
1.0,4.0,8.0,1.0,1.0,1.0,543.0,32.0,0,0.5015625,0.015625,8192.0,6400000.0,0.5273919092465753
8.0,8.0,1.0,4.0,19.0,16.0,563.0,1536.0,0,0.9078125,0.25,16.0,6400000.0,0.9033657962328766
8.0,8.0,2.0,4.0,32.0,29.0,1008.0,3616.0,0,0.9078125,0.015625,128.0,6400000.0,0.9033657962328766
8.0,8.0,1.0,4.0,19.0,16.0,563.0,1536.0,0,0.9078125,0.0078125,1.0,6400000.0,0.9033657962328766
8.0,8.0,1.0,4.0,19.0,16.0,563.0,1536.0,0,0.9078125,2.0,0.00390625,6400000.0,0.9033657962328766
8.0,8.0,1.0,4.0,19.0,16.0,563.0,1536.0,0,0.9078125,0.015625,0.0078125,6400000.0,0.9033657962328766
1.0,8.0,2.0,1.0,1.0,1.0,39.0,32.0,0,0.5015625,0.00195312,512.0,6400000.0,0.5273919092465753
1.0,8.0,2.0,1.0,1.0,1.0,39.0,32.0,0,0.5015625,0.125,32768.0,6400000.0,0.5273919092465753
1.0,8.0,1.0,1.0,1.0,1.0,35.0,32.0,0,0.5015625,32768.0,2048.0,6400000.0,0.5273919092465753
8.0,8.0,2.0,4.0,32.0,29.0,1008.0,3616.0,0,0.9078125,0.25,0.25,6400000.0,0.9033657962328766
8.0,8.0,2.0,4.0,32.0,29.0,1008.0,3616.0,0,0.9078125,0.00195312,0.5,6400000.0,0.9033657962328766
8.0,8.0,2.0,4.0,32.0,29.0,1008.0,3616.0,0,0.9078125,0.03125,0.000976562,6400000.0,0.9033657962328766
8.0,8.0,2.0,4.0,29.0,26.0,909.0,3136.0,0,0.9078125,0.25,256.0,6400000.0,0.8262620780332682
1.0,4.0,8.0,1.0,1.0,1.0,543.0,32.0,0,0.5015625,0.125,4096.0,6400000.0,0.5273919092465753
1.0,8.0,1.0,1.0,1.0,1.0,35.0,32.0,0,0.5015625,0.0078125,1024.0,6400000.0,0.5273919092465753
4.0,4.0,8.0,17.0,74.0,90.0,4674.0,13888.0,0,0.9625,0.125,0.00390625,6400000.0,0.962445725293542
1.0,4.0,8.0,1.0,1.0,1.0,543.0,32.0,0,0.5015625,0.25,32768.0,6400000.0,0.5273919092465753
4.0,4.0,8.0,17.0,74.0,90.0,4674.0,13888.0,0,0.9640625,0.0625,0.0,6400000.0,0.9620535714285714
8.0,8.0,1.0,4.0,19.0,16.0,563.0,1536.0,0,0.9078125,0.00390625,0.125,6400000.0,0.9033657962328766
4.0,4.0,8.0,5.0,27.0,23.0,2589.0,3168.0,0,0.940625,0.03125,64.0,6400000.0,0.9409246575342465
8.0,8.0,1.0,4.0,19.0,16.0,563.0,1536.0,0,0.9078125,0.015625,8.0,6400000.0,0.9033657962328766
4.0,4.0,8.0,16.0,73.0,90.0,4663.0,13888.0,0,0.9640625,0.0625,0.5,6400000.0,0.9620543358610567
1.0,8.0,1.0,1.0,1.0,1.0,35.0,32.0,0,0.5015625,0.015625,8192.0,6400000.0,0.5273919092465753
1.0,4.0,8.0,1.0,1.0,1.0,543.0,32.0,0,0.5015625,0.0625,512.0,6400000.0,0.5273919092465753
1.0,8.0,1.0,1.0,1.0,1.0,35.0,32.0,0,0.5015625,256.0,2048.0,6400000.0,0.5273919092465753
8.0,8.0,1.0,4.0,19.0,16.0,563.0,1536.0,0,0.9078125,16.0,0.000976562,6400000.0,0.9033657962328766
4.0,4.0,8.0,14.0,65.0,85.0,4444.0,13088.0,0,0.9640625,0.5,0.25,6400000.0,0.9620543358610567
8.0,8.0,1.0,4.0,19.0,16.0,563.0,1536.0,0,0.9078125,2.0,4.0,6400000.0,0.9033657962328766
4.0,4.0,8.0,14.0,67.0,88.0,4511.0,13568.0,0,0.9640625,0.125,4.0,6400000.0,0.9597059992661447
4.0,4.0,8.0,16.0,73.0,90.0,4663.0,13888.0,0,0.9640625,0.25,0.03125,6400000.0,0.962445725293542
4.0,4.0,8.0,14.0,66.0,85.0,4476.0,13088.0,0,0.9640625,1.0,0.00195312,6400000.0,0.9620543358610567
8.0,8.0,2.0,4.0,32.0,29.0,1008.0,3616.0,0,0.9078125,0.5,0.00195312,6400000.0,0.9033657962328766
8.0,8.0,1.0,3.0,18.0,16.0,551.0,1536.0,0,0.75,8.0,128.0,6400000.0,0.758226822407045
4.0,4.0,8.0,8.0,51.0,62.0,3844.0,9408.0,0,0.959375,0.25,32.0,6400000.0,0.9585318309686889
4.0,4.0,8.0,14.0,66.0,86.0,4477.0,13248.0,0,0.9640625,1.0,2.0,6400000.0,0.9616629464285715
8.0,8.0,2.0,4.0,32.0,29.0,1008.0,3616.0,0,0.9078125,0.0,0.015625,6400000.0,0.9033657962328766
4.0,4.0,8.0,5.0,27.0,23.0,2589.0,3168.0,0,0.940625,0.5,256.0,6400000.0,0.9033657962328766
1.0,8.0,1.0,1.0,1.0,1.0,35.0,32.0,0,0.5015625,512.0,16.0,6400000.0,0.5273919092465753
4.0,4.0,8.0,14.0,66.0,86.0,4477.0,13248.0,0,0.9640625,2.0,0.015625,6400000.0,0.9616629464285715
1.0,8.0,1.0,1.0,1.0,1.0,35.0,32.0,0,0.5015625,512.0,16384.0,6400000.0,0.5273919092465753
1.0,8.0,1.0,1.0,1.0,1.0,35.0,32.0,0,0.5015625,512.0,0.015625,6400000.0,0.5273919092465753
8.0,8.0,1.0,4.0,19.0,16.0,563.0,1536.0,0,0.9078125,16.0,1.0,6400000.0,0.9033657962328766
8.0,8.0,2.0,4.0,32.0,29.0,1008.0,3616.0,0,0.9078125,0.00390625,0.00390625,6400000.0,0.9033657962328766
1.0,4.0,8.0,1.0,1.0,1.0,543.0,32.0,0,0.5015625,1.0,2048.0,6400000.0,0.5273919092465753
1.0,8.0,1.0,1.0,1.0,1.0,35.0,32.0,0,0.5015625,16.0,1024.0,6400000.0,0.5273919092465753
4.0,4.0,8.0,8.0,51.0,62.0,3844.0,9408.0,0,0.959375,2.0,16.0,6400000.0,0.9585318309686889
1.0,8.0,1.0,1.0,1.0,1.0,35.0,32.0,0,0.5015625,1024.0,0.125,6400000.0,0.5273919092465753
1.0,4.0,8.0,1.0,1.0,1.0,543.0,32.0,0,0.5015625,2.0,16384.0,6400000.0,0.5273919092465753
1.0,8.0,1.0,1.0,1.0,1.0,35.0,32.0,0,0.5015625,1024.0,128.0,6400000.0,0.5273919092465753
1.0,8.0,1.0,1.0,1.0,1.0,35.0,32.0,0,0.5015625,2.0,4096.0,6400000.0,0.5273919092465753
8.0,8.0,2.0,4.0,32.0,29.0,1008.0,3616.0,0,0.9078125,0.5,2.0,6400000.0,0.9033657962328766
1.0,8.0,2.0,1.0,1.0,1.0,39.0,32.0,0,0.5015625,0.5,2048.0,6400000.0,0.5273919092465753
8.0,8.0,1.0,4.0,19.0,16.0,563.0,1536.0,0,0.9078125,32.0,0.0078125,6400000.0,0.9033657962328766
8.0,8.0,2.0,4.0,32.0,29.0,1008.0,3616.0,0,0.9078125,1.0,0.015625,6400000.0,0.9033657962328766
4.0,4.0,8.0,5.0,27.0,23.0,2589.0,3168.0,0,0.940625,4.0,128.0,6400000.0,0.9409246575342465
1.0,8.0,1.0,1.0,1.0,1.0,35.0,32.0,0,0.5015625,0.25,16384.0,6400000.0,0.5273919092465753
1.0,8.0,1.0,1.0,1.0,1.0,35.0,32.0,0,0.5015625,2048.0,0.000976562,6400000.0,0.5273919092465753
8.0,8.0,1.0,4.0,19.0,16.0,563.0,1536.0,0,0.9078125,0.03125,64.0,6400000.0,0.9033657962328766
4.0,4.0,8.0,14.0,67.0,88.0,4511.0,13568.0,0,0.9640625,4.0,0.125,6400000.0,0.9597059992661447
4.0,4.0,8.0,12.0,64.0,93.0,4462.0,14368.0,0,0.9640625,8.0,0.000976562,6400000.0,0.9597059992661447
4.0,4.0,8.0,8.0,52.0,63.0,3877.0,9568.0,0,0.959375,16.0,0.0078125,6400000.0,0.9597059992661447
8.0,8.0,1.0,4.0,19.0,16.0,563.0,1536.0,0,0.9078125,0.03125,0.0625,6400000.0,0.9033657962328766
1.0,8.0,1.0,1.0,1.0,1.0,35.0,32.0,0,0.5015625,32.0,8192.0,6400000.0,0.5273919092465753
8.0,8.0,1.0,4.0,19.0,16.0,563.0,1536.0,0,0.9078125,32.0,8.0,6400000.0,0.9033657962328766
4.0,4.0,8.0,12.0,64.0,93.0,4462.0,14368.0,0,0.9640625,8.0,1.0,6400000.0,0.9608801675636007
1.0,4.0,8.0,1.0,1.0,1.0,543.0,32.0,0,0.5015625,8.0,1024.0,6400000.0,0.5273919092465753
8.0,8.0,2.0,4.0,32.0,29.0,1008.0,3616.0,0,0.9078125,0.03125,1.0,6400000.0,0.9033657962328766
8.0,8.0,1.0,4.0,19.0,16.0,563.0,1536.0,0,0.9078125,64.0,0.0625,6400000.0,0.9033657962328766
8.0,8.0,2.0,4.0,32.0,29.0,1008.0,3616.0,0,0.9078125,1.0,16.0,6400000.0,0.9033657962328766
1.0,8.0,2.0,1.0,1.0,1.0,39.0,32.0,0,0.5015625,0.00390625,4096.0,6400000.0,0.5273919092465753
8.0,8.0,1.0,4.0,19.0,16.0,563.0,1536.0,0,0.9078125,0.0625,0.0,6400000.0,0.9033657962328766
8.0,8.0,1.0,3.0,18.0,16.0,551.0,1536.0,0,0.75,0.5,128.0,6400000.0,0.758226822407045
1.0,8.0,2.0,1.0,1.0,1.0,39.0,32.0,0,0.5015625,0.03125,1024.0,6400000.0,0.5273919092465753
8.0,8.0,2.0,4.0,32.0,29.0,1008.0,3616.0,0,0.9078125,0.00390625,4.0,6400000.0,0.9033657962328766
1.0,8.0,1.0,1.0,1.0,1.0,35.0,32.0,0,0.5015625,4096.0,8.0,6400000.0,0.5273919092465753
1.0,8.0,2.0,1.0,1.0,1.0,39.0,32.0,0,0.5015625,1.0,16384.0,6400000.0,0.5273919092465753
4.0,4.0,8.0,8.0,52.0,63.0,3877.0,9568.0,0,0.959375,32.0,0.0625,6400000.0,0.9597059992661447
1.0,8.0,1.0,1.0,1.0,1.0,35.0,32.0,0,0.5015625,2048.0,1024.0,6400000.0,0.5273919092465753
1.0,4.0,8.0,1.0,1.0,1.0,543.0,32.0,0,0.5015625,16.0,8192.0,6400000.0,0.5273919092465753
1.0,8.0,1.0,1.0,1.0,1.0,35.0,32.0,0,0.5015625,2048.0,1.0,6400000.0,0.5273919092465753
1.0,8.0,1.0,1.0,1.0,1.0,35.0,32.0,0,0.5015625,4096.0,0.0078125,6400000.0,0.5273919092465753
8.0,8.0,1.0,4.0,19.0,16.0,563.0,1536.0,0,0.9078125,0.5,0.125,6400000.0,0.9033657962328766
4.0,4.0,8.0,8.0,52.0,63.0,3877.0,9568.0,0,0.959375,16.0,8.0,6400000.0,0.9585318309686889
4.0,4.0,8.0,5.0,27.0,23.0,2589.0,3168.0,0,0.940625,32.0,64.0,6400000.0,0.9409246575342465
4.0,4.0,8.0,5.0,27.0,23.0,2589.0,3168.0,0,0.940625,64.0,0.5,6400000.0,0.9409246575342465
4.0,4.0,8.0,5.0,27.0,23.0,2589.0,3168.0,0,0.940625,64.0,0.0,6400000.0,0.9409246575342465
4.0,4.0,8.0,5.0,27.0,23.0,2589.0,3168.0,0,0.940625,128.0,0.00390625,6400000.0,0.9409246575342465
8.0,8.0,2.0,4.0,32.0,29.0,1008.0,3616.0,0,0.9078125,0.0625,0.0078125,6400000.0,0.9033657962328766
4.0,4.0,8.0,4.0,22.0,19.0,2446.0,2528.0,0,0.9078125,256.0,32.0,6400000.0,0.9033657962328766
8.0,8.0,1.0,3.0,18.0,16.0,551.0,1536.0,0,0.75,64.0,64.0,6400000.0,0.758226822407045
8.0,8.0,1.0,3.0,18.0,16.0,551.0,1536.0,0,0.75,128.0,0.0,6400000.0,0.758226822407045
1.0,4.0,8.0,1.0,1.0,1.0,543.0,32.0,0,0.5015625,64.0,512.0,6400000.0,0.5273919092465753
8.0,8.0,2.0,4.0,32.0,29.0,1008.0,3616.0,0,0.9078125,0.0078125,0.03125,6400000.0,0.9033657962328766
8.0,8.0,2.0,4.0,32.0,29.0,1008.0,3616.0,0,0.9078125,2.0,0.125,6400000.0,0.9033657962328766
4.0,4.0,8.0,5.0,27.0,23.0,2589.0,3168.0,0,0.940625,256.0,0.03125,6400000.0,0.9033657962328766
1.0,8.0,1.0,1.0,1.0,1.0,35.0,32.0,0,0.5015625,4096.0,8192.0,6400000.0,0.5273919092465753
8.0,8.0,1.0,4.0,19.0,16.0,563.0,1536.0,0,0.9078125,0.0625,0.5,6400000.0,0.9033657962328766
1.0,4.0,8.0,1.0,1.0,1.0,543.0,32.0,0,0.5015625,128.0,4096.0,6400000.0,0.5273919092465753
1.0,8.0,1.0,1.0,1.0,1.0,35.0,32.0,0,0.5015625,8192.0,0.0625,6400000.0,0.5273919092465753
1.0,8.0,1.0,1.0,1.0,1.0,35.0,32.0,0,0.5015625,8192.0,64.0,6400000.0,0.5273919092465753
8.0,8.0,2.0,4.0,31.0,28.0,975.0,3456.0,0,0.9078125,2.0,128.0,6400000.0,0.9033657962328766
1.0,4.0,8.0,1.0,1.0,1.0,543.0,32.0,0,0.5015625,256.0,32768.0,6400000.0,0.5273919092465753
8.0,8.0,2.0,4.0,32.0,29.0,1008.0,3616.0,0,0.9078125,0.0,16.0,6400000.0,0.9033657962328766
8.0,8.0,1.0,3.0,18.0,16.0,551.0,1536.0,0,0.75,128.0,0.5,6400000.0,0.758226822407045
8.0,8.0,2.0,4.0,32.0,29.0,1008.0,3616.0,0,0.9078125,0.0625,8.0,6400000.0,0.9033657962328766
1.0,8.0,1.0,1.0,1.0,1.0,35.0,32.0,0,0.5015625,16384.0,0.0,6400000.0,0.5273919092465753
1.0,4.0,8.0,1.0,1.0,1.0,543.0,32.0,0,0.5015625,512.0,0.25,6400000.0,0.5273919092465753
4.0,4.0,8.0,5.0,27.0,23.0,2589.0,3168.0,0,0.940625,128.0,4.0,6400000.0,0.9409246575342465
1.0,4.0,8.0,1.0,1.0,1.0,543.0,32.0,0,0.5015625,1024.0,2.0,6400000.0,0.5273919092465753
8.0,8.0,2.0,4.0,32.0,29.0,1008.0,3616.0,0,0.9078125,4.0,0.000976562,6400000.0,0.9033657962328766
1.0,4.0,8.0,1.0,1.0,1.0,543.0,32.0,0,0.5015625,512.0,256.0,6400000.0,0.5273919092465753
1.0,8.0,2.0,1.0,1.0,1.0,39.0,32.0,0,0.5015625,0.0,16384.0,6400000.0,0.5273919092465753
1.0,4.0,8.0,1.0,1.0,1.0,543.0,32.0,0,0.5015625,2048.0,16.0,6400000.0,0.5273919092465753
8.0,8.0,1.0,4.0,19.0,16.0,563.0,1536.0,0,0.9078125,1.0,0.000976562,6400000.0,0.9033657962328766
1.0,4.0,8.0,1.0,1.0,1.0,543.0,32.0,0,0.5015625,1024.0,0.00195312,6400000.0,0.5273919092465753
1.0,8.0,1.0,1.0,1.0,1.0,35.0,32.0,0,0.5015625,0.0625,512.0,6400000.0,0.5273919092465753
8.0,8.0,1.0,4.0,19.0,16.0,563.0,1536.0,0,0.9078125,4.0,0.03125,6400000.0,0.9033657962328766
1.0,4.0,8.0,1.0,1.0,1.0,543.0,32.0,0,0.5015625,2048.0,0.015625,6400000.0,0.5273919092465753
1.0,8.0,1.0,1.0,1.0,1.0,35.0,32.0,0,0.5015625,1.0,1024.0,6400000.0,0.5273919092465753
1.0,8.0,1.0,1.0,1.0,1.0,35.0,32.0,0,0.5015625,16384.0,0.5,6400000.0,0.5273919092465753
8.0,8.0,1.0,4.0,19.0,16.0,563.0,1536.0,0,0.9078125,1.0,1.0,6400000.0,0.9033657962328766
1.0,4.0,8.0,1.0,1.0,1.0,543.0,32.0,0,0.5015625,1024.0,2048.0,6400000.0,0.5273919092465753
1.0,4.0,8.0,1.0,1.0,1.0,543.0,32.0,0,0.5015625,4096.0,0.125,6400000.0,0.5273919092465753
1.0,8.0,1.0,1.0,1.0,1.0,35.0,32.0,0,0.5015625,16384.0,512.0,6400000.0,0.5273919092465753
1.0,4.0,8.0,1.0,1.0,1.0,543.0,32.0,0,0.5015625,8192.0,1.0,6400000.0,0.5273919092465753
1.0,4.0,8.0,1.0,1.0,1.0,543.0,32.0,0,0.5015625,8192.0,1024.0,6400000.0,0.5273919092465753
1.0,4.0,8.0,1.0,1.0,1.0,543.0,32.0,0,0.5015625,2048.0,16384.0,6400000.0,0.5273919092465753
8.0,8.0,2.0,4.0,32.0,29.0,1008.0,3616.0,0,0.9078125,0.000976562,0.125,6400000.0,0.9033657962328766
1.0,8.0,1.0,1.0,1.0,1.0,35.0,32.0,0,0.5015625,128.0,512.0,6400000.0,0.5273919092465753
1.0,4.0,8.0,1.0,1.0,1.0,543.0,32.0,0,0.5015625,4096.0,128.0,6400000.0,0.5273919092465753
1.0,4.0,8.0,1.0,1.0,1.0,543.0,32.0,0,0.5015625,8192.0,0.000976562,6400000.0,0.5273919092465753
1.0,8.0,1.0,1.0,1.0,1.0,35.0,32.0,0,0.5015625,32768.0,0.00390625,6400000.0,0.5273919092465753
8.0,8.0,1.0,4.0,19.0,16.0,563.0,1536.0,0,0.9078125,0.125,0.00390625,6400000.0,0.9033657962328766
8.0,8.0,2.0,4.0,32.0,29.0,1008.0,3616.0,0,0.9078125,0.0078125,32.0,6400000.0,0.9033657962328766
1.0,4.0,8.0,1.0,1.0,1.0,543.0,32.0,0,0.5015625,16384.0,8.0,6400000.0,0.5273919092465753
1.0,4.0,8.0,1.0,1.0,1.0,543.0,32.0,0,0.5015625,32768.0,0.0625,6400000.0,0.5273919092465753
8.0,8.0,2.0,4.0,32.0,29.0,1008.0,3616.0,0,0.9078125,4.0,1.0,6400000.0,0.9033657962328766
1.0,8.0,2.0,1.0,1.0,1.0,39.0,32.0,0,0.5015625,0.0078125,32768.0,6400000.0,0.5273919092465753
8.0,8.0,2.0,4.0,32.0,29.0,1008.0,3616.0,0,0.9078125,0.000976562,128.0,6400000.0,0.9033657962328766
1.0,4.0,8.0,1.0,1.0,1.0,543.0,32.0,0,0.5015625,16384.0,8192.0,6400000.0,0.5273919092465753
8.0,8.0,1.0,3.0,18.0,16.0,551.0,1536.0,0,0.6890625,256.0,0.00390625,6400000.0,0.6533696183953033
8.0,8.0,1.0,4.0,19.0,16.0,563.0,1536.0,0,0.9078125,0.125,4.0,6400000.0,0.9033657962328766
8.0,8.0,1.0,3.0,18.0,16.0,551.0,1536.0,0,0.6890625,256.0,4.0,6400000.0,0.6533696183953033
1.0,8.0,1.0,1.0,1.0,1.0,35.0,32.0,0,0.5015625,32768.0,4.0,6400000.0,0.5273919092465753
8.0,8.0,1.0,4.0,19.0,16.0,563.0,1536.0,0,0.9078125,8.0,0.25,6400000.0,0.9033657962328766
1.0,4.0,8.0,1.0,1.0,1.0,543.0,32.0,0,0.5015625,32768.0,64.0,6400000.0,0.5273919092465753
8.0,8.0,2.0,4.0,32.0,29.0,1008.0,3616.0,0,0.9078125,0.015625,0.25,6400000.0,0.9033657962328766
8.0,8.0,1.0,4.0,19.0,16.0,563.0,1536.0,0,0.9078125,0.0,0.0,6400000.0,0.9033657962328766
8.0,8.0,1.0,4.0,19.0,16.0,563.0,1536.0,0,0.9078125,4.0,32.0,6400000.0,0.9033657962328766
1.0,8.0,2.0,1.0,1.0,1.0,39.0,32.0,0,0.5015625,0.0625,8192.0,6400000.0,0.5273919092465753
8.0,8.0,2.0,4.0,32.0,29.0,1008.0,3616.0,0,0.9078125,0.125,0.0625,6400000.0,0.9033657962328766
1.0,8.0,2.0,1.0,1.0,1.0,39.0,32.0,0,0.5015625,4.0,1024.0,6400000.0,0.5273919092465753
1.0,4.0,8.0,1.0,1.0,1.0,543.0,32.0,0,0.5015625,16384.0,0.0078125,6400000.0,0.5273919092465753
1.0,8.0,1.0,1.0,1.0,1.0,35.0,32.0,0,0.5015625,0.125,4096.0,6400000.0,0.5273919092465753
1.0,8.0,1.0,1.0,1.0,1.0,35.0,32.0,0,0.5015625,0.00195312,32768.0,6400000.0,0.5273919092465753
8.0,8.0,1.0,4.0,19.0,16.0,563.0,1536.0,0,0.9078125,0.0,0.5,6400000.0,0.9033657962328766
8.0,8.0,1.0,4.0,19.0,16.0,563.0,1536.0,0,0.9078125,0.25,0.03125,6400000.0,0.9033657962328766
1.0,8.0,1.0,1.0,1.0,1.0,35.0,32.0,0,0.5015625,4.0,32768.0,6400000.0,0.5273919092465753
8.0,8.0,1.0,4.0,19.0,16.0,563.0,1536.0,0,0.9078125,0.00195312,0.03125,6400000.0,0.9033657962328766
8.0,8.0,1.0,4.0,19.0,16.0,563.0,1536.0,0,0.9078125,0.000976562,4.0,6400000.0,0.9033657962328766
1.0,8.0,1.0,1.0,1.0,1.0,35.0,32.0,0,0.5015625,0.000976562,4096.0,6400000.0,0.5273919092465753
8.0,8.0,1.0,4.0,19.0,16.0,563.0,1536.0,0,0.9078125,0.00195312,32.0,6400000.0,0.9033657962328766
8.0,8.0,1.0,4.0,19.0,16.0,563.0,1536.0,0,0.9078125,0.000976562,0.00390625,6400000.0,0.9033657962328766
8.0,8.0,1.0,4.0,19.0,16.0,563.0,1536.0,0,0.9078125,0.0078125,0.00195312,6400000.0,0.9033657962328766
8.0,8.0,2.0,4.0,32.0,29.0,1008.0,3616.0,0,0.9078125,0.00195312,0.000976562,6400000.0,0.9033657962328766
1.0,8.0,1.0,1.0,1.0,1.0,35.0,32.0,0,0.5015625,0.0,512.0,6400000.0,0.5273919092465753
8.0,8.0,1.0,3.0,18.0,16.0,551.0,1536.0,0,0.6890625,0.00390625,256.0,6400000.0,0.6533696183953033
8.0,8.0,2.0,4.0,32.0,29.0,1008.0,3616.0,0,0.9078125,8.0,8.0,6400000.0,0.9033657962328766
8.0,8.0,2.0,4.0,32.0,29.0,1008.0,3616.0,0,0.9078125,8.0,0.0078125,6400000.0,0.9033657962328766
8.0,8.0,2.0,4.0,32.0,29.0,1008.0,3616.0,0,0.9078125,0.125,64.0,6400000.0,0.9033657962328766
1.0,8.0,2.0,1.0,1.0,1.0,39.0,32.0,0,0.5015625,8.0,8192.0,6400000.0,0.5273919092465753
8.0,8.0,2.0,4.0,29.0,26.0,909.0,3136.0,0,0.9078125,0.015625,256.0,6400000.0,0.8262620780332682
8.0,8.0,2.0,4.0,32.0,29.0,1008.0,3616.0,0,0.9078125,16.0,0.0625,6400000.0,0.9033657962328766
1.0,8.0,2.0,1.0,1.0,1.0,39.0,32.0,0,0.5015625,0.00195312,1024.0,6400000.0,0.5273919092465753
8.0,8.0,1.0,4.0,19.0,16.0,563.0,1536.0,0,0.9078125,0.25,32.0,6400000.0,0.9033657962328766
8.0,8.0,1.0,4.0,19.0,16.0,563.0,1536.0,0,0.9078125,0.0078125,2.0,6400000.0,0.9033657962328766
8.0,8.0,1.0,4.0,19.0,16.0,563.0,1536.0,0,0.9078125,2.0,0.0078125,6400000.0,0.9033657962328766
8.0,8.0,1.0,4.0,19.0,16.0,563.0,1536.0,0,0.9078125,0.015625,0.015625,6400000.0,0.9033657962328766
8.0,8.0,2.0,4.0,32.0,29.0,1008.0,3616.0,0,0.9078125,0.25,0.0,6400000.0,0.9033657962328766
1.0,8.0,1.0,1.0,1.0,1.0,35.0,32.0,0,0.5015625,32768.0,4096.0,6400000.0,0.5273919092465753
8.0,8.0,2.0,4.0,32.0,29.0,1008.0,3616.0,0,0.9078125,0.25,0.5,6400000.0,0.9033657962328766
1.0,8.0,2.0,1.0,1.0,1.0,39.0,32.0,0,0.5015625,0.25,512.0,6400000.0,0.5273919092465753
8.0,8.0,2.0,4.0,32.0,29.0,1008.0,3616.0,0,0.9078125,0.03125,0.00195312,6400000.0,0.9033657962328766
8.0,8.0,2.0,4.0,32.0,29.0,1008.0,3616.0,0,0.9078125,0.00195312,1.0,6400000.0,0.9033657962328766
8.0,8.0,2.0,4.0,32.0,29.0,1008.0,3616.0,0,0.9078125,16.0,64.0,6400000.0,0.9033657962328766
8.0,8.0,2.0,4.0,32.0,29.0,1008.0,3616.0,0,0.9078125,32.0,0.0,6400000.0,0.9033657962328766
8.0,8.0,1.0,4.0,19.0,16.0,563.0,1536.0,0,0.9078125,0.00390625,0.25,6400000.0,0.9033657962328766
1.0,8.0,2.0,1.0,1.0,1.0,39.0,32.0,0,0.5015625,32.0,512.0,6400000.0,0.5273919092465753
8.0,8.0,2.0,4.0,32.0,29.0,1008.0,3616.0,0,0.9078125,32.0,0.5,6400000.0,0.9033657962328766
8.0,8.0,1.0,4.0,19.0,16.0,563.0,1536.0,0,0.9078125,0.015625,16.0,6400000.0,0.9033657962328766
1.0,8.0,1.0,1.0,1.0,1.0,35.0,32.0,0,0.5015625,0.0078125,2048.0,6400000.0,0.5273919092465753
8.0,8.0,2.0,4.0,32.0,29.0,1008.0,3616.0,0,0.9078125,64.0,0.00390625,6400000.0,0.9033657962328766
8.0,8.0,2.0,4.0,32.0,29.0,1008.0,3616.0,0,0.9078125,64.0,4.0,6400000.0,0.9033657962328766
1.0,8.0,1.0,1.0,1.0,1.0,35.0,32.0,0,0.5015625,256.0,4096.0,6400000.0,0.5273919092465753
8.0,8.0,1.0,4.0,19.0,16.0,563.0,1536.0,0,0.9078125,16.0,0.00195312,6400000.0,0.9033657962328766
1.0,8.0,2.0,1.0,1.0,1.0,39.0,32.0,0,0.5015625,64.0,4096.0,6400000.0,0.5273919092465753
8.0,8.0,2.0,4.0,32.0,29.0,1008.0,3616.0,0,0.9078125,128.0,0.03125,6400000.0,0.9033657962328766
8.0,8.0,1.0,4.0,19.0,16.0,563.0,1536.0,0,0.9078125,2.0,8.0,6400000.0,0.9033657962328766
1.0,8.0,1.0,1.0,1.0,1.0,35.0,32.0,0,0.5015625,0.015625,16384.0,6400000.0,0.5273919092465753
1.0,8.0,2.0,1.0,1.0,1.0,39.0,32.0,0,0.5015625,128.0,32768.0,6400000.0,0.5273919092465753
8.0,8.0,2.0,4.0,31.0,28.0,975.0,3456.0,0,0.9078125,128.0,32.0,6400000.0,0.9033657962328766
8.0,8.0,2.0,4.0,29.0,26.0,909.0,3136.0,0,0.9078125,256.0,0.25,6400000.0,0.8262620780332682
8.0,8.0,2.0,4.0,32.0,29.0,1008.0,3616.0,0,0.9078125,0.5,0.00390625,6400000.0,0.9033657962328766
1.0,8.0,2.0,1.0,1.0,1.0,39.0,32.0,0,0.5015625,256.0,256.0,6400000.0,0.5273919092465753
1.0,8.0,2.0,1.0,1.0,1.0,39.0,32.0,0,0.5015625,512.0,0.00195312,6400000.0,0.5273919092465753
8.0,8.0,2.0,4.0,32.0,29.0,1008.0,3616.0,0,0.9078125,0.0,0.03125,6400000.0,0.9033657962328766
1.0,8.0,2.0,1.0,1.0,1.0,39.0,32.0,0,0.5015625,512.0,2048.0,6400000.0,0.5273919092465753
8.0,8.0,1.0,3.0,18.0,16.0,551.0,1536.0,0,0.6890625,8.0,256.0,6400000.0,0.6533696183953033
1.0,8.0,1.0,1.0,1.0,1.0,35.0,32.0,0,0.5015625,512.0,32768.0,6400000.0,0.5273919092465753
1.0,8.0,2.0,1.0,1.0,1.0,39.0,32.0,0,0.5015625,512.0,2.0,6400000.0,0.5273919092465753
1.0,8.0,1.0,1.0,1.0,1.0,35.0,32.0,0,0.5015625,512.0,32.0,6400000.0,0.5273919092465753
1.0,8.0,2.0,1.0,1.0,1.0,39.0,32.0,0,0.5015625,1024.0,16.0,6400000.0,0.5273919092465753
1.0,8.0,1.0,1.0,1.0,1.0,35.0,32.0,0,0.5015625,16.0,2048.0,6400000.0,0.5273919092465753
1.0,8.0,2.0,1.0,1.0,1.0,39.0,32.0,0,0.5015625,1024.0,0.015625,6400000.0,0.5273919092465753
8.0,8.0,1.0,4.0,19.0,16.0,563.0,1536.0,0,0.9078125,16.0,2.0,6400000.0,0.9033657962328766
1.0,8.0,1.0,1.0,1.0,1.0,35.0,32.0,0,0.5015625,512.0,0.03125,6400000.0,0.5273919092465753
8.0,8.0,2.0,4.0,32.0,29.0,1008.0,3616.0,0,0.9078125,0.5,4.0,6400000.0,0.9033657962328766
8.0,8.0,2.0,4.0,32.0,29.0,1008.0,3616.0,0,0.9078125,0.00390625,0.0078125,6400000.0,0.9033657962328766
1.0,8.0,1.0,1.0,1.0,1.0,35.0,32.0,0,0.5015625,1024.0,256.0,6400000.0,0.5273919092465753
1.0,8.0,1.0,1.0,1.0,1.0,35.0,32.0,0,0.5015625,2.0,8192.0,6400000.0,0.5273919092465753
1.0,8.0,2.0,1.0,1.0,1.0,39.0,32.0,0,0.5015625,0.5,4096.0,6400000.0,0.5273919092465753
1.0,8.0,2.0,1.0,1.0,1.0,39.0,32.0,0,0.5015625,1024.0,16384.0,6400000.0,0.5273919092465753
8.0,8.0,1.0,4.0,19.0,16.0,563.0,1536.0,0,0.9078125,32.0,0.015625,6400000.0,0.9033657962328766
1.0,8.0,1.0,1.0,1.0,1.0,35.0,32.0,0,0.5015625,1024.0,0.25,6400000.0,0.5273919092465753
1.0,8.0,2.0,1.0,1.0,1.0,39.0,32.0,0,0.5015625,2048.0,0.125,6400000.0,0.5273919092465753
8.0,8.0,2.0,4.0,32.0,29.0,1008.0,3616.0,0,0.9078125,1.0,0.03125,6400000.0,0.9033657962328766
1.0,8.0,1.0,1.0,1.0,1.0,35.0,32.0,0,0.5015625,2048.0,0.00195312,6400000.0,0.5273919092465753
8.0,8.0,1.0,3.0,18.0,16.0,551.0,1536.0,0,0.75,0.03125,128.0,6400000.0,0.758226822407045
8.0,8.0,1.0,4.0,19.0,16.0,563.0,1536.0,0,0.9078125,0.03125,0.125,6400000.0,0.9033657962328766
1.0,8.0,1.0,1.0,1.0,1.0,35.0,32.0,0,0.5015625,0.25,32768.0,6400000.0,0.5273919092465753
8.0,8.0,1.0,4.0,19.0,16.0,563.0,1536.0,0,0.9078125,32.0,16.0,6400000.0,0.9033657962328766
1.0,8.0,2.0,1.0,1.0,1.0,39.0,32.0,0,0.5015625,2048.0,128.0,6400000.0,0.5273919092465753
1.0,8.0,2.0,1.0,1.0,1.0,39.0,32.0,0,0.5015625,4096.0,0.000976562,6400000.0,0.5273919092465753
1.0,8.0,1.0,1.0,1.0,1.0,35.0,32.0,0,0.5015625,32.0,16384.0,6400000.0,0.5273919092465753
1.0,8.0,2.0,1.0,1.0,1.0,39.0,32.0,0,0.5015625,4096.0,1.0,6400000.0,0.5273919092465753
8.0,8.0,1.0,4.0,19.0,16.0,563.0,1536.0,0,0.9078125,64.0,0.125,6400000.0,0.9033657962328766
8.0,8.0,2.0,4.0,32.0,29.0,1008.0,3616.0,0,0.9078125,0.03125,2.0,6400000.0,0.9033657962328766
1.0,8.0,2.0,1.0,1.0,1.0,39.0,32.0,0,0.5015625,8192.0,0.0078125,6400000.0,0.5273919092465753
1.0,8.0,2.0,1.0,1.0,1.0,39.0,32.0,0,0.5015625,4096.0,1024.0,6400000.0,0.5273919092465753
8.0,8.0,2.0,4.0,32.0,29.0,1008.0,3616.0,0,0.9078125,1.0,32.0,6400000.0,0.9033657962328766
8.0,8.0,1.0,3.0,18.0,16.0,551.0,1536.0,0,0.6890625,0.5,256.0,6400000.0,0.6533696183953033
1.0,8.0,1.0,1.0,1.0,1.0,35.0,32.0,0,0.5015625,4096.0,16.0,6400000.0,0.5273919092465753
8.0,8.0,1.0,4.0,19.0,16.0,563.0,1536.0,0,0.9078125,0.0625,0.000976562,6400000.0,0.9033657962328766
1.0,8.0,2.0,1.0,1.0,1.0,39.0,32.0,0,0.5015625,0.00390625,8192.0,6400000.0,0.5273919092465753
8.0,8.0,2.0,4.0,32.0,29.0,1008.0,3616.0,0,0.9078125,0.00390625,8.0,6400000.0,0.9033657962328766
1.0,8.0,2.0,1.0,1.0,1.0,39.0,32.0,0,0.5015625,1.0,32768.0,6400000.0,0.5273919092465753
1.0,8.0,2.0,1.0,1.0,1.0,39.0,32.0,0,0.5015625,8192.0,8192.0,6400000.0,0.5273919092465753
1.0,8.0,2.0,1.0,1.0,1.0,39.0,32.0,0,0.5015625,0.03125,2048.0,6400000.0,0.5273919092465753
1.0,8.0,1.0,1.0,1.0,1.0,35.0,32.0,0,0.5015625,2048.0,2048.0,6400000.0,0.5273919092465753
1.0,8.0,1.0,1.0,1.0,1.0,35.0,32.0,0,0.5015625,4096.0,0.015625,6400000.0,0.5273919092465753
1.0,8.0,1.0,1.0,1.0,1.0,35.0,32.0,0,0.5015625,2048.0,2.0,6400000.0,0.5273919092465753
1.0,8.0,2.0,1.0,1.0,1.0,39.0,32.0,0,0.5015625,8192.0,8.0,6400000.0,0.5273919092465753
1.0,8.0,2.0,1.0,1.0,1.0,39.0,32.0,0,0.5015625,32768.0,0.0,6400000.0,0.5273919092465753
1.0,8.0,2.0,1.0,1.0,1.0,39.0,32.0,0,0.5015625,16384.0,0.0625,6400000.0,0.5273919092465753
1.0,8.0,2.0,1.0,1.0,1.0,39.0,32.0,0,0.5015625,16384.0,64.0,6400000.0,0.5273919092465753
8.0,8.0,2.0,4.0,32.0,29.0,1008.0,3616.0,0,0.9078125,0.0625,0.015625,6400000.0,0.9033657962328766
8.0,8.0,1.0,4.0,19.0,16.0,563.0,1536.0,0,0.9078125,0.5,0.25,6400000.0,0.9033657962328766
1.0,8.0,2.0,1.0,1.0,1.0,39.0,32.0,0,0.5015625,32768.0,0.5,6400000.0,0.5273919092465753
8.0,8.0,1.0,3.0,18.0,16.0,551.0,1536.0,0,0.75,128.0,0.000976562,6400000.0,0.758226822407045
1.0,8.0,2.0,1.0,1.0,1.0,39.0,32.0,0,0.5015625,32768.0,512.0,6400000.0,0.5273919092465753
8.0,8.0,1.0,4.0,19.0,16.0,563.0,1536.0,0,0.9078125,0.0625,1.0,6400000.0,0.9033657962328766
8.0,8.0,1.0,3.0,18.0,16.0,551.0,1536.0,0,0.75,64.0,128.0,6400000.0,0.7312209515655577
8.0,8.0,2.0,4.0,32.0,29.0,1008.0,3616.0,0,0.9078125,0.0078125,0.0625,6400000.0,0.9033657962328766
1.0,8.0,1.0,1.0,1.0,1.0,35.0,32.0,0,0.5015625,8192.0,0.125,6400000.0,0.5273919092465753
8.0,8.0,4.0,9.0,67.0,67.0,2176.0,9696.0,0,0.940625,0.0,4.0,6400000.0,0.9409246575342465
8.0,8.0,4.0,11.0,63.0,67.0,2021.0,9696.0,0,0.940625,0.0,0.00390625,6400000.0,0.9409246575342465
1.0,8.0,4.0,1.0,1.0,1.0,63.0,32.0,0,0.5015625,0.0,4096.0,6400000.0,0.5273919092465753
8.0,8.0,2.0,4.0,32.0,29.0,1008.0,3616.0,0,0.9078125,2.0,0.25,6400000.0,0.9033657962328766
1.0,8.0,1.0,1.0,1.0,1.0,35.0,32.0,0,0.5015625,8192.0,128.0,6400000.0,0.5273919092465753
8.0,8.0,2.0,4.0,29.0,26.0,909.0,3136.0,0,0.9078125,2.0,256.0,6400000.0,0.8262620780332682
1.0,8.0,1.0,1.0,1.0,1.0,35.0,32.0,0,0.5015625,4096.0,16384.0,6400000.0,0.5273919092465753
8.0,8.0,4.0,10.0,63.0,67.0,2042.0,9696.0,0,0.940625,0.000976562,0.03125,6400000.0,0.9409246575342465
8.0,8.0,2.0,4.0,32.0,29.0,1008.0,3616.0,0,0.9078125,0.0625,16.0,6400000.0,0.9033657962328766
8.0,8.0,2.0,4.0,32.0,29.0,1008.0,3616.0,0,0.9078125,0.0,32.0,6400000.0,0.9033657962328766
1.0,8.0,1.0,1.0,1.0,1.0,35.0,32.0,0,0.5015625,16384.0,0.000976562,6400000.0,0.5273919092465753
8.0,8.0,1.0,3.0,18.0,16.0,551.0,1536.0,0,0.75,128.0,1.0,6400000.0,0.758226822407045
8.0,8.0,4.0,6.0,54.0,49.0,1805.0,6816.0,0,0.940625,0.000976562,32.0,6400000.0,0.9409246575342465
1.0,8.0,4.0,1.0,1.0,1.0,63.0,32.0,0,0.5015625,0.000976562,32768.0,6400000.0,0.5273919092465753
8.0,8.0,4.0,10.0,63.0,67.0,2042.0,9696.0,0,0.940625,0.00195312,0.25,6400000.0,0.9409246575342465
8.0,8.0,4.0,5.0,51.0,47.0,1713.0,6496.0,0,0.940625,0.00195312,256.0,6400000.0,0.9033657962328766
8.0,8.0,2.0,4.0,32.0,29.0,1008.0,3616.0,0,0.9078125,4.0,0.00195312,6400000.0,0.9033657962328766
1.0,8.0,1.0,1.0,1.0,1.0,35.0,32.0,0,0.5015625,0.0625,1024.0,6400000.0,0.5273919092465753
1.0,8.0,2.0,1.0,1.0,1.0,39.0,32.0,0,0.5015625,0.0,32768.0,6400000.0,0.5273919092465753
8.0,8.0,1.0,4.0,19.0,16.0,563.0,1536.0,0,0.9078125,1.0,0.00195312,6400000.0,0.9033657962328766
8.0,8.0,4.0,11.0,63.0,67.0,2021.0,9696.0,0,0.940625,0.00390625,0.00195312,6400000.0,0.9409246575342465
1.0,8.0,4.0,1.0,1.0,1.0,63.0,32.0,0,0.5015625,0.00390625,2048.0,6400000.0,0.5273919092465753
8.0,8.0,4.0,9.0,67.0,67.0,2176.0,9696.0,0,0.940625,0.00390625,2.0,6400000.0,0.9409246575342465
8.0,8.0,1.0,4.0,19.0,16.0,563.0,1536.0,0,0.9078125,4.0,0.0625,6400000.0,0.9033657962328766
1.0,8.0,1.0,1.0,1.0,1.0,35.0,32.0,0,0.5015625,16384.0,1.0,6400000.0,0.5273919092465753
1.0,8.0,1.0,1.0,1.0,1.0,35.0,32.0,0,0.5015625,1.0,2048.0,6400000.0,0.5273919092465753
8.0,8.0,1.0,4.0,19.0,16.0,563.0,1536.0,0,0.9078125,1.0,2.0,6400000.0,0.9033657962328766
8.0,8.0,4.0,6.0,56.0,52.0,1872.0,7296.0,0,0.940625,0.0078125,16.0,6400000.0,0.9409246575342465
1.0,8.0,4.0,1.0,1.0,1.0,63.0,32.0,0,0.5015625,0.0078125,16384.0,6400000.0,0.5273919092465753
8.0,8.0,4.0,10.0,63.0,67.0,2042.0,9696.0,0,0.940625,0.015625,0.125,6400000.0,0.9409246575342465
8.0,8.0,4.0,10.0,63.0,67.0,2042.0,9696.0,0,0.940625,0.0078125,0.015625,6400000.0,0.9409246575342465
1.0,8.0,1.0,1.0,1.0,1.0,35.0,32.0,0,0.5015625,16384.0,1024.0,6400000.0,0.5273919092465753
8.0,8.0,4.0,5.0,51.0,47.0,1713.0,6496.0,0,0.940625,0.015625,128.0,6400000.0,0.9409246575342465
1.0,8.0,1.0,1.0,1.0,1.0,35.0,32.0,0,0.5015625,32768.0,0.0078125,6400000.0,0.5273919092465753
1.0,8.0,1.0,1.0,1.0,1.0,35.0,32.0,0,0.5015625,128.0,1024.0,6400000.0,0.5273919092465753
8.0,8.0,2.0,4.0,32.0,29.0,1008.0,3616.0,0,0.9078125,0.000976562,0.25,6400000.0,0.9033657962328766
1.0,8.0,4.0,1.0,1.0,1.0,63.0,32.0,0,0.5015625,0.03125,1024.0,6400000.0,0.5273919092465753
8.0,8.0,2.0,4.0,32.0,29.0,1008.0,3616.0,0,0.9078125,4.0,2.0,6400000.0,0.9033657962328766
8.0,8.0,2.0,4.0,32.0,29.0,1008.0,3616.0,0,0.9078125,0.0078125,64.0,6400000.0,0.9033657962328766
8.0,8.0,4.0,10.0,63.0,67.0,2042.0,9696.0,0,0.940625,0.0625,0.0078125,6400000.0,0.9409246575342465
8.0,8.0,4.0,10.0,63.0,67.0,2042.0,9696.0,0,0.940625,0.03125,1.0,6400000.0,0.9409246575342465
8.0,8.0,4.0,10.0,63.0,67.0,2042.0,9696.0,0,0.940625,0.03125,0.000976562,6400000.0,0.9409246575342465
8.0,8.0,2.0,4.0,29.0,26.0,909.0,3136.0,0,0.9078125,0.000976562,256.0,6400000.0,0.8262620780332682
8.0,8.0,4.0,9.0,66.0,66.0,2143.0,9536.0,0,0.940625,0.0625,8.0,6400000.0,0.9409246575342465
8.0,8.0,1.0,4.0,19.0,16.0,563.0,1536.0,0,0.9078125,0.125,0.0078125,6400000.0,0.9033657962328766
8.0,8.0,2.0,4.0,32.0,29.0,1008.0,3616.0,0,0.9078125,0.015625,0.0,6400000.0,0.9033657962328766
8.0,8.0,1.0,3.0,18.0,16.0,551.0,1536.0,0,0.6890625,256.0,0.0078125,6400000.0,0.6533696183953033
1.0,8.0,1.0,1.0,1.0,1.0,35.0,32.0,0,0.5015625,32768.0,8.0,6400000.0,0.5273919092465753
8.0,8.0,1.0,4.0,19.0,16.0,563.0,1536.0,0,0.9078125,0.125,8.0,6400000.0,0.9033657962328766
8.0,8.0,1.0,3.0,18.0,16.0,551.0,1536.0,0,0.6890625,256.0,8.0,6400000.0,0.6533696183953033
8.0,8.0,1.0,4.0,19.0,16.0,563.0,1536.0,0,0.9078125,8.0,0.5,6400000.0,0.9033657962328766
8.0,8.0,2.0,4.0,32.0,29.0,1008.0,3616.0,0,0.9078125,0.125,0.125,6400000.0,0.9033657962328766
8.0,8.0,4.0,10.0,63.0,67.0,2042.0,9696.0,0,0.940625,0.125,0.0625,6400000.0,0.9409246575342465
8.0,8.0,2.0,4.0,32.0,29.0,1008.0,3616.0,0,0.9078125,0.015625,0.5,6400000.0,0.9033657962328766
1.0,8.0,4.0,1.0,1.0,1.0,63.0,32.0,0,0.5015625,0.0625,8192.0,6400000.0,0.5273919092465753
1.0,8.0,2.0,1.0,1.0,1.0,39.0,32.0,0,0.5015625,0.0625,16384.0,6400000.0,0.5273919092465753
8.0,8.0,1.0,4.0,19.0,16.0,563.0,1536.0,0,0.9078125,4.0,64.0,6400000.0,0.9033657962328766
8.0,8.0,4.0,5.0,51.0,47.0,1713.0,6496.0,0,0.940625,0.125,64.0,6400000.0,0.9409246575342465
1.0,8.0,2.0,1.0,1.0,1.0,39.0,32.0,0,0.5015625,4.0,2048.0,6400000.0,0.5273919092465753
8.0,8.0,1.0,4.0,19.0,16.0,563.0,1536.0,0,0.9078125,0.25,0.0625,6400000.0,0.9033657962328766
1.0,8.0,4.0,1.0,1.0,1.0,63.0,32.0,0,0.5015625,0.25,512.0,6400000.0,0.5273919092465753
8.0,8.0,4.0,10.0,63.0,67.0,2042.0,9696.0,0,0.940625,0.25,0.0,6400000.0,0.9409246575342465
1.0,8.0,1.0,1.0,1.0,1.0,35.0,32.0,0,0.5015625,0.125,8192.0,6400000.0,0.5273919092465753
8.0,8.0,4.0,10.0,63.0,67.0,2042.0,9696.0,0,0.940625,0.25,0.5,6400000.0,0.9409246575342465
8.0,8.0,4.0,10.0,63.0,67.0,2042.0,9696.0,0,0.940625,0.5,0.00390625,6400000.0,0.9409246575342465
8.0,8.0,1.0,4.0,19.0,16.0,563.0,1536.0,0,0.9078125,8.0,0.0,6400000.0,0.9033657962328766
8.0,8.0,4.0,9.0,67.0,67.0,2176.0,9696.0,0,0.940625,0.5,4.0,6400000.0,0.9409246575342465
8.0,8.0,4.0,10.0,63.0,67.0,2042.0,9696.0,0,0.940625,1.0,0.03125,6400000.0,0.9409246575342465
8.0,8.0,2.0,4.0,32.0,29.0,1008.0,3616.0,0,0.9078125,0.00195312,0.00195312,6400000.0,0.9033657962328766
1.0,8.0,4.0,1.0,1.0,1.0,63.0,32.0,0,0.5015625,1.0,32768.0,6400000.0,0.5273919092465753
1.0,8.0,4.0,1.0,1.0,1.0,63.0,32.0,0,0.5015625,0.5,4096.0,6400000.0,0.5273919092465753
8.0,8.0,2.0,4.0,32.0,29.0,1008.0,3616.0,0,0.9078125,8.0,16.0,6400000.0,0.9033657962328766
8.0,8.0,4.0,6.0,54.0,49.0,1805.0,6816.0,0,0.940625,1.0,32.0,6400000.0,0.9409246575342465
8.0,8.0,2.0,4.0,32.0,29.0,1008.0,3616.0,0,0.9078125,0.125,128.0,6400000.0,0.9033657962328766
8.0,8.0,2.0,4.0,32.0,29.0,1008.0,3616.0,0,0.9078125,8.0,0.015625,6400000.0,0.9033657962328766
1.0,8.0,2.0,1.0,1.0,1.0,39.0,32.0,0,0.5015625,0.015625,512.0,6400000.0,0.5273919092465753
1.0,8.0,2.0,1.0,1.0,1.0,39.0,32.0,0,0.5015625,8.0,16384.0,6400000.0,0.5273919092465753
8.0,8.0,1.0,4.0,19.0,16.0,563.0,1536.0,0,0.9078125,0.25,64.0,6400000.0,0.9033657962328766
8.0,8.0,4.0,9.0,67.0,67.0,2176.0,9696.0,0,0.940625,2.0,0.25,6400000.0,0.9409246575342465
8.0,8.0,2.0,4.0,32.0,29.0,1008.0,3616.0,0,0.9078125,16.0,0.125,6400000.0,0.9033657962328766
8.0,8.0,4.0,5.0,51.0,47.0,1713.0,6496.0,0,0.940625,2.0,256.0,6400000.0,0.9033657962328766
8.0,8.0,4.0,9.0,67.0,67.0,2176.0,9696.0,0,0.940625,4.0,0.00195312,6400000.0,0.9409246575342465
1.0,8.0,2.0,1.0,1.0,1.0,39.0,32.0,0,0.5015625,0.00195312,2048.0,6400000.0,0.5273919092465753
8.0,8.0,2.0,4.0,32.0,29.0,1008.0,3616.0,0,0.9078125,0.25,0.000976562,6400000.0,0.9033657962328766
8.0,8.0,1.0,4.0,19.0,16.0,563.0,1536.0,0,0.9078125,2.0,0.015625,6400000.0,0.9033657962328766
8.0,8.0,2.0,4.0,32.0,29.0,1008.0,3616.0,0,0.9078125,0.25,1.0,6400000.0,0.9033657962328766
1.0,8.0,1.0,1.0,1.0,1.0,35.0,32.0,0,0.5015625,32768.0,8192.0,6400000.0,0.5273919092465753
1.0,8.0,2.0,1.0,1.0,1.0,39.0,32.0,0,0.5015625,0.25,1024.0,6400000.0,0.5273919092465753
8.0,8.0,2.0,4.0,32.0,29.0,1008.0,3616.0,0,0.9078125,0.03125,0.00390625,6400000.0,0.9033657962328766
8.0,8.0,2.0,4.0,32.0,29.0,1008.0,3616.0,0,0.9078125,0.00195312,2.0,6400000.0,0.9033657962328766
1.0,8.0,2.0,1.0,1.0,1.0,39.0,32.0,0,0.5015625,32.0,1024.0,6400000.0,0.5273919092465753
8.0,8.0,2.0,4.0,32.0,29.0,1008.0,3616.0,0,0.9078125,32.0,1.0,6400000.0,0.9033657962328766
8.0,8.0,2.0,4.0,31.0,28.0,975.0,3456.0,0,0.9078125,16.0,128.0,6400000.0,0.9033657962328766
8.0,8.0,2.0,4.0,32.0,29.0,1008.0,3616.0,0,0.9078125,32.0,0.000976562,6400000.0,0.9033657962328766
8.0,8.0,4.0,9.0,67.0,67.0,2176.0,9696.0,0,0.940625,4.0,2.0,6400000.0,0.9409246575342465
8.0,8.0,2.0,4.0,32.0,29.0,1008.0,3616.0,0,0.9078125,64.0,0.0078125,6400000.0,0.9033657962328766
1.0,8.0,4.0,1.0,1.0,1.0,63.0,32.0,0,0.5015625,4.0,2048.0,6400000.0,0.5273919092465753
8.0,8.0,2.0,4.0,32.0,29.0,1008.0,3616.0,0,0.9078125,64.0,8.0,6400000.0,0.9033657962328766
1.0,8.0,1.0,1.0,1.0,1.0,35.0,32.0,0,0.5015625,256.0,8192.0,6400000.0,0.5273919092465753
1.0,8.0,2.0,1.0,1.0,1.0,39.0,32.0,0,0.5015625,64.0,8192.0,6400000.0,0.5273919092465753
8.0,8.0,1.0,4.0,19.0,16.0,563.0,1536.0,0,0.9078125,16.0,0.00390625,6400000.0,0.9033657962328766
8.0,8.0,1.0,4.0,19.0,16.0,563.0,1536.0,0,0.9078125,2.0,16.0,6400000.0,0.9033657962328766
8.0,8.0,4.0,9.0,66.0,66.0,2143.0,9536.0,0,0.940625,8.0,0.015625,6400000.0,0.9409246575342465
8.0,8.0,2.0,4.0,29.0,26.0,909.0,3136.0,0,0.9078125,256.0,0.0,6400000.0,0.8262620780332682
8.0,8.0,2.0,4.0,32.0,29.0,1008.0,3616.0,0,0.9078125,128.0,0.0625,6400000.0,0.9033657962328766
8.0,8.0,2.0,4.0,30.0,27.0,942.0,3296.0,0,0.9078125,128.0,64.0,6400000.0,0.9033657962328766
8.0,8.0,4.0,6.0,55.0,51.0,1839.0,7136.0,0,0.940625,8.0,16.0,6400000.0,0.9409246575342465
8.0,8.0,2.0,4.0,32.0,29.0,1008.0,3616.0,0,0.9078125,0.0,0.0625,6400000.0,0.9033657962328766
8.0,8.0,2.0,4.0,29.0,26.0,909.0,3136.0,0,0.9078125,256.0,0.5,6400000.0,0.8262620780332682
8.0,8.0,2.0,4.0,32.0,29.0,1008.0,3616.0,0,0.9078125,0.5,0.0078125,6400000.0,0.9033657962328766
1.0,8.0,2.0,1.0,1.0,1.0,39.0,32.0,0,0.5015625,256.0,512.0,6400000.0,0.5273919092465753
1.0,8.0,2.0,1.0,1.0,1.0,39.0,32.0,0,0.5015625,512.0,4096.0,6400000.0,0.5273919092465753
1.0,8.0,2.0,1.0,1.0,1.0,39.0,32.0,0,0.5015625,512.0,0.00390625,6400000.0,0.5273919092465753
1.0,8.0,1.0,1.0,1.0,1.0,35.0,32.0,0,0.5015625,1024.0,0.0,6400000.0,0.5273919092465753
1.0,8.0,2.0,1.0,1.0,1.0,39.0,32.0,0,0.5015625,512.0,4.0,6400000.0,0.5273919092465753
1.0,8.0,1.0,1.0,1.0,1.0,35.0,32.0,0,0.5015625,512.0,64.0,6400000.0,0.5273919092465753
1.0,8.0,1.0,1.0,1.0,1.0,35.0,32.0,0,0.5015625,8.0,512.0,6400000.0,0.5273919092465753
1.0,8.0,1.0,1.0,1.0,1.0,35.0,32.0,0,0.5015625,16.0,4096.0,6400000.0,0.5273919092465753
1.0,8.0,1.0,1.0,1.0,1.0,35.0,32.0,0,0.5015625,1024.0,512.0,6400000.0,0.5273919092465753
1.0,8.0,2.0,1.0,1.0,1.0,39.0,32.0,0,0.5015625,1024.0,0.03125,6400000.0,0.5273919092465753
8.0,8.0,1.0,4.0,19.0,16.0,563.0,1536.0,0,0.9078125,16.0,4.0,6400000.0,0.9033657962328766
1.0,8.0,2.0,1.0,1.0,1.0,39.0,32.0,0,0.5015625,1024.0,32.0,6400000.0,0.5273919092465753
1.0,8.0,1.0,1.0,1.0,1.0,35.0,32.0,0,0.5015625,512.0,0.0625,6400000.0,0.5273919092465753
8.0,8.0,2.0,4.0,32.0,29.0,1008.0,3616.0,0,0.9078125,0.5,8.0,6400000.0,0.9033657962328766
1.0,8.0,2.0,1.0,1.0,1.0,39.0,32.0,0,0.5015625,1024.0,32768.0,6400000.0,0.5273919092465753
8.0,8.0,2.0,4.0,32.0,29.0,1008.0,3616.0,0,0.9078125,0.00390625,0.015625,6400000.0,0.9033657962328766
1.0,8.0,1.0,1.0,1.0,1.0,35.0,32.0,0,0.5015625,2.0,16384.0,6400000.0,0.5273919092465753
1.0,8.0,2.0,1.0,1.0,1.0,39.0,32.0,0,0.5015625,0.5,8192.0,6400000.0,0.5273919092465753
1.0,8.0,1.0,1.0,1.0,1.0,35.0,32.0,0,0.5015625,1024.0,0.5,6400000.0,0.5273919092465753
8.0,8.0,1.0,4.0,19.0,16.0,563.0,1536.0,0,0.9078125,32.0,0.03125,6400000.0,0.9033657962328766
1.0,8.0,2.0,1.0,1.0,1.0,39.0,32.0,0,0.5015625,2048.0,0.25,6400000.0,0.5273919092465753
1.0,8.0,4.0,1.0,1.0,1.0,63.0,32.0,0,0.5015625,8.0,16384.0,6400000.0,0.5273919092465753
8.0,8.0,1.0,4.0,19.0,16.0,563.0,1536.0,0,0.9078125,32.0,32.0,6400000.0,0.9033657962328766
8.0,8.0,2.0,4.0,32.0,29.0,1008.0,3616.0,0,0.9078125,1.0,0.0625,6400000.0,0.9033657962328766
8.0,8.0,1.0,4.0,19.0,16.0,563.0,1536.0,0,0.9078125,0.5,0.0,6400000.0,0.9033657962328766
1.0,8.0,2.0,1.0,1.0,1.0,39.0,32.0,0,0.5015625,4096.0,0.00195312,6400000.0,0.5273919092465753
1.0,8.0,2.0,1.0,1.0,1.0,39.0,32.0,0,0.5015625,2048.0,256.0,6400000.0,0.5273919092465753
8.0,8.0,4.0,6.0,56.0,52.0,1872.0,7296.0,0,0.940625,16.0,0.125,6400000.0,0.9409246575342465
1.0,8.0,1.0,1.0,1.0,1.0,35.0,32.0,0,0.5015625,2048.0,0.00390625,6400000.0,0.5273919092465753
8.0,8.0,2.0,4.0,32.0,29.0,1008.0,3616.0,0,0.9078125,0.03125,4.0,6400000.0,0.9033657962328766
8.0,8.0,1.0,4.0,19.0,16.0,563.0,1536.0,0,0.9078125,64.0,0.25,6400000.0,0.9033657962328766
1.0,8.0,1.0,1.0,1.0,1.0,35.0,32.0,0,0.5015625,32.0,32768.0,6400000.0,0.5273919092465753
1.0,8.0,2.0,1.0,1.0,1.0,39.0,32.0,0,0.5015625,4096.0,2.0,6400000.0,0.5273919092465753
1.0,8.0,2.0,1.0,1.0,1.0,39.0,32.0,0,0.5015625,8192.0,0.015625,6400000.0,0.5273919092465753
1.0,8.0,2.0,1.0,1.0,1.0,39.0,32.0,0,0.5015625,4096.0,2048.0,6400000.0,0.5273919092465753
8.0,8.0,2.0,4.0,32.0,29.0,1008.0,3616.0,0,0.9078125,1.0,64.0,6400000.0,0.9033657962328766
8.0,8.0,4.0,5.0,51.0,47.0,1713.0,6496.0,0,0.940625,16.0,128.0,6400000.0,0.9409246575342465
1.0,8.0,1.0,1.0,1.0,1.0,35.0,32.0,0,0.5015625,4096.0,32.0,6400000.0,0.5273919092465753
8.0,8.0,2.0,4.0,32.0,29.0,1008.0,3616.0,0,0.9078125,0.00390625,16.0,6400000.0,0.9033657962328766
8.0,8.0,2.0,4.0,32.0,29.0,1008.0,3616.0,0,0.9078125,2.0,0.0,6400000.0,0.9033657962328766
1.0,8.0,2.0,1.0,1.0,1.0,39.0,32.0,0,0.5015625,0.03125,4096.0,6400000.0,0.5273919092465753
1.0,8.0,2.0,1.0,1.0,1.0,39.0,32.0,0,0.5015625,8192.0,16384.0,6400000.0,0.5273919092465753
1.0,8.0,2.0,1.0,1.0,1.0,39.0,32.0,0,0.5015625,0.00390625,16384.0,6400000.0,0.5273919092465753
1.0,8.0,1.0,1.0,1.0,1.0,35.0,32.0,0,0.5015625,2048.0,4.0,6400000.0,0.5273919092465753
1.0,8.0,1.0,1.0,1.0,1.0,35.0,32.0,0,0.5015625,4096.0,0.03125,6400000.0,0.5273919092465753
1.0,8.0,2.0,1.0,1.0,1.0,39.0,32.0,0,0.5015625,16384.0,128.0,6400000.0,0.5273919092465753
1.0,8.0,1.0,1.0,1.0,1.0,35.0,32.0,0,0.5015625,0.5,512.0,6400000.0,0.5273919092465753
1.0,8.0,1.0,1.0,1.0,1.0,35.0,32.0,0,0.5015625,2048.0,4096.0,6400000.0,0.5273919092465753
1.0,8.0,2.0,1.0,1.0,1.0,39.0,32.0,0,0.5015625,32768.0,0.000976562,6400000.0,0.5273919092465753
1.0,8.0,2.0,1.0,1.0,1.0,39.0,32.0,0,0.5015625,8192.0,16.0,6400000.0,0.5273919092465753
1.0,8.0,2.0,1.0,1.0,1.0,39.0,32.0,0,0.5015625,16384.0,0.125,6400000.0,0.5273919092465753
8.0,8.0,2.0,4.0,32.0,29.0,1008.0,3616.0,0,0.9078125,0.0625,0.03125,6400000.0,0.9033657962328766
8.0,8.0,1.0,4.0,19.0,16.0,563.0,1536.0,0,0.9078125,0.5,0.5,6400000.0,0.9033657962328766
8.0,8.0,1.0,3.0,18.0,16.0,551.0,1536.0,0,0.75,128.0,0.00195312,6400000.0,0.758226822407045
1.0,8.0,2.0,1.0,1.0,1.0,39.0,32.0,0,0.5015625,32768.0,1024.0,6400000.0,0.5273919092465753
1.0,8.0,2.0,1.0,1.0,1.0,39.0,32.0,0,0.5015625,32768.0,1.0,6400000.0,0.5273919092465753
8.0,8.0,2.0,4.0,32.0,29.0,1008.0,3616.0,0,0.9078125,0.0078125,0.125,6400000.0,0.9033657962328766
1.0,8.0,1.0,1.0,1.0,1.0,35.0,32.0,0,0.5015625,8192.0,0.25,6400000.0,0.5273919092465753
8.0,8.0,4.0,6.0,54.0,49.0,1805.0,6816.0,0,0.940625,32.0,0.000976562,6400000.0,0.9409246575342465
1.0,8.0,2.0,1.0,1.0,1.0,39.0,32.0,0,0.5015625,2.0,512.0,6400000.0,0.5273919092465753
8.0,8.0,4.0,11.0,63.0,67.0,2021.0,9696.0,0,0.940625,0.0,0.0078125,6400000.0,0.9409246575342465
8.0,8.0,4.0,10.0,63.0,67.0,2042.0,9696.0,0,0.940625,0.000976562,0.0625,6400000.0,0.9409246575342465
8.0,8.0,2.0,4.0,32.0,29.0,1008.0,3616.0,0,0.9078125,2.0,0.5,6400000.0,0.9033657962328766
8.0,8.0,4.0,9.0,66.0,66.0,2143.0,9536.0,0,0.940625,0.0,8.0,6400000.0,0.9409246575342465
1.0,8.0,1.0,1.0,1.0,1.0,35.0,32.0,0,0.5015625,8192.0,256.0,6400000.0,0.5273919092465753
1.0,8.0,4.0,1.0,1.0,1.0,63.0,32.0,0,0.5015625,0.0,8192.0,6400000.0,0.5273919092465753
8.0,8.0,1.0,2.0,17.0,16.0,540.0,1536.0,0,0.6890625,64.0,256.0,6400000.0,0.6533696183953033
1.0,8.0,1.0,1.0,1.0,1.0,35.0,32.0,0,0.5015625,4096.0,32768.0,6400000.0,0.5273919092465753
8.0,8.0,2.0,4.0,32.0,29.0,1008.0,3616.0,0,0.9078125,0.0,64.0,6400000.0,0.9033657962328766
8.0,8.0,2.0,4.0,32.0,29.0,1008.0,3616.0,0,0.9078125,0.0625,32.0,6400000.0,0.9033657962328766
1.0,8.0,1.0,1.0,1.0,1.0,35.0,32.0,0,0.5015625,16384.0,0.00195312,6400000.0,0.5273919092465753
8.0,8.0,1.0,3.0,18.0,16.0,551.0,1536.0,0,0.75,128.0,2.0,6400000.0,0.758226822407045
8.0,8.0,4.0,5.0,51.0,47.0,1713.0,6496.0,0,0.940625,0.000976562,64.0,6400000.0,0.9409246575342465
8.0,8.0,4.0,10.0,63.0,67.0,2042.0,9696.0,0,0.940625,0.00195312,0.5,6400000.0,0.9409246575342465
8.0,8.0,4.0,11.0,63.0,67.0,2021.0,9696.0,0,0.940625,0.00195312,0.0,6400000.0,0.9409246575342465
1.0,8.0,4.0,1.0,1.0,1.0,63.0,32.0,0,0.5015625,0.00195312,512.0,6400000.0,0.5273919092465753
8.0,8.0,4.0,6.0,54.0,49.0,1805.0,6816.0,0,0.940625,32.0,1.0,6400000.0,0.9409246575342465
8.0,8.0,2.0,4.0,32.0,29.0,1008.0,3616.0,0,0.9078125,0.000976562,0.0,6400000.0,0.9033657962328766
8.0,8.0,2.0,4.0,32.0,29.0,1008.0,3616.0,0,0.9078125,4.0,0.00390625,6400000.0,0.9033657962328766
1.0,8.0,4.0,1.0,1.0,1.0,63.0,32.0,0,0.5015625,0.00390625,4096.0,6400000.0,0.5273919092465753
8.0,8.0,1.0,4.0,19.0,16.0,563.0,1536.0,0,0.9078125,1.0,0.00390625,6400000.0,0.9033657962328766
8.0,8.0,4.0,11.0,63.0,67.0,2021.0,9696.0,0,0.940625,0.00390625,0.00390625,6400000.0,0.9409246575342465
8.0,8.0,1.0,4.0,19.0,16.0,563.0,1536.0,0,0.9078125,1.0,4.0,6400000.0,0.9033657962328766
8.0,8.0,1.0,4.0,19.0,16.0,563.0,1536.0,0,0.9078125,4.0,0.125,6400000.0,0.9033657962328766
1.0,8.0,1.0,1.0,1.0,1.0,35.0,32.0,0,0.5015625,1.0,4096.0,6400000.0,0.5273919092465753
8.0,8.0,4.0,9.0,67.0,67.0,2176.0,9696.0,0,0.940625,0.00390625,4.0,6400000.0,0.9409246575342465
1.0,8.0,1.0,1.0,1.0,1.0,35.0,32.0,0,0.5015625,16384.0,2.0,6400000.0,0.5273919092465753
1.0,8.0,4.0,1.0,1.0,1.0,63.0,32.0,0,0.5015625,0.0078125,32768.0,6400000.0,0.5273919092465753
8.0,8.0,4.0,6.0,54.0,49.0,1805.0,6816.0,0,0.940625,0.0078125,32.0,6400000.0,0.9409246575342465
1.0,8.0,1.0,1.0,1.0,1.0,35.0,32.0,0,0.5015625,16384.0,2048.0,6400000.0,0.5273919092465753
8.0,8.0,4.0,10.0,63.0,67.0,2042.0,9696.0,0,0.940625,0.015625,0.25,6400000.0,0.9409246575342465
8.0,8.0,4.0,10.0,63.0,67.0,2042.0,9696.0,0,0.940625,0.0078125,0.03125,6400000.0,0.9409246575342465
8.0,8.0,4.0,5.0,51.0,47.0,1713.0,6496.0,0,0.940625,0.015625,256.0,6400000.0,0.9033657962328766
1.0,8.0,1.0,1.0,1.0,1.0,35.0,32.0,0,0.5015625,128.0,2048.0,6400000.0,0.5273919092465753
1.0,8.0,1.0,1.0,1.0,1.0,35.0,32.0,0,0.5015625,32768.0,0.015625,6400000.0,0.5273919092465753
8.0,8.0,2.0,4.0,32.0,29.0,1008.0,3616.0,0,0.9078125,0.000976562,0.5,6400000.0,0.9033657962328766
1.0,8.0,2.0,1.0,1.0,1.0,39.0,32.0,0,0.5015625,0.000976562,512.0,6400000.0,0.5273919092465753
8.0,8.0,4.0,6.0,56.0,52.0,1872.0,7296.0,0,0.940625,0.0625,16.0,6400000.0,0.9409246575342465
8.0,8.0,2.0,4.0,32.0,29.0,1008.0,3616.0,0,0.9078125,4.0,4.0,6400000.0,0.9033657962328766
8.0,8.0,4.0,10.0,63.0,67.0,2042.0,9696.0,0,0.940625,0.03125,0.00195312,6400000.0,0.9409246575342465
1.0,8.0,4.0,1.0,1.0,1.0,63.0,32.0,0,0.5015625,0.03125,2048.0,6400000.0,0.5273919092465753
8.0,8.0,2.0,4.0,32.0,29.0,1008.0,3616.0,0,0.9078125,0.0078125,128.0,6400000.0,0.9033657962328766
8.0,8.0,1.0,3.0,18.0,16.0,551.0,1536.0,0,0.6890625,256.0,16.0,6400000.0,0.6533696183953033
1.0,8.0,4.0,1.0,1.0,1.0,63.0,32.0,0,0.5015625,32.0,1024.0,6400000.0,0.5273919092465753
8.0,8.0,4.0,9.0,67.0,67.0,2176.0,9696.0,0,0.940625,0.03125,2.0,6400000.0,0.9409246575342465
8.0,8.0,2.0,4.0,32.0,29.0,1008.0,3616.0,0,0.9078125,0.015625,0.000976562,6400000.0,0.9033657962328766
8.0,8.0,4.0,10.0,63.0,67.0,2042.0,9696.0,0,0.940625,0.0625,0.015625,6400000.0,0.9409246575342465
8.0,8.0,1.0,3.0,18.0,16.0,551.0,1536.0,0,0.6890625,256.0,0.015625,6400000.0,0.6533696183953033
8.0,8.0,4.0,10.0,63.0,67.0,2042.0,9696.0,0,0.940625,0.125,0.125,6400000.0,0.9409246575342465
8.0,8.0,4.0,5.0,51.0,47.0,1713.0,6496.0,0,0.940625,64.0,0.0078125,6400000.0,0.9409246575342465
1.0,8.0,4.0,1.0,1.0,1.0,63.0,32.0,0,0.5015625,0.0625,16384.0,6400000.0,0.5273919092465753
1.0,8.0,1.0,1.0,1.0,1.0,35.0,32.0,0,0.5015625,32768.0,16.0,6400000.0,0.5273919092465753
8.0,8.0,2.0,4.0,32.0,29.0,1008.0,3616.0,0,0.9078125,0.125,0.25,6400000.0,0.9033657962328766
8.0,8.0,2.0,4.0,32.0,29.0,1008.0,3616.0,0,0.9078125,0.015625,1.0,6400000.0,0.9033657962328766
8.0,8.0,1.0,4.0,19.0,16.0,563.0,1536.0,0,0.9078125,8.0,1.0,6400000.0,0.9033657962328766
1.0,8.0,2.0,1.0,1.0,1.0,39.0,32.0,0,0.5015625,0.0625,32768.0,6400000.0,0.5273919092465753
8.0,8.0,1.0,3.0,18.0,16.0,551.0,1536.0,0,0.75,4.0,128.0,6400000.0,0.758226822407045
8.0,8.0,4.0,5.0,51.0,47.0,1713.0,6496.0,0,0.940625,0.125,128.0,6400000.0,0.9409246575342465
1.0,8.0,2.0,1.0,1.0,1.0,39.0,32.0,0,0.5015625,4.0,4096.0,6400000.0,0.5273919092465753
8.0,8.0,4.0,10.0,63.0,67.0,2042.0,9696.0,0,0.940625,0.25,0.000976562,6400000.0,0.9409246575342465
8.0,8.0,4.0,5.0,51.0,47.0,1713.0,6496.0,0,0.940625,64.0,8.0,6400000.0,0.9409246575342465
8.0,8.0,4.0,10.0,68.0,67.0,2202.0,9696.0,0,0.940625,0.25,1.0,6400000.0,0.9409246575342465
1.0,8.0,4.0,1.0,1.0,1.0,63.0,32.0,0,0.5015625,0.25,1024.0,6400000.0,0.5273919092465753
8.0,8.0,4.0,10.0,63.0,67.0,2042.0,9696.0,0,0.940625,0.5,0.0078125,6400000.0,0.9409246575342465
8.0,8.0,4.0,9.0,64.0,66.0,2079.0,9536.0,0,0.940625,0.5,8.0,6400000.0,0.9409246575342465
1.0,8.0,4.0,1.0,1.0,1.0,63.0,32.0,0,0.5015625,64.0,8192.0,6400000.0,0.5273919092465753
8.0,8.0,1.0,4.0,19.0,16.0,563.0,1536.0,0,0.9078125,8.0,0.000976562,6400000.0,0.9033657962328766
8.0,8.0,4.0,10.0,68.0,67.0,2202.0,9696.0,0,0.940625,1.0,0.0625,6400000.0,0.9409246575342465
8.0,8.0,4.0,9.0,67.0,67.0,2176.0,9696.0,0,0.940625,2.0,0.0,6400000.0,0.9409246575342465
8.0,8.0,2.0,4.0,32.0,29.0,1008.0,3616.0,0,0.9078125,8.0,32.0,6400000.0,0.9033657962328766
1.0,8.0,4.0,1.0,1.0,1.0,63.0,32.0,0,0.5015625,0.5,8192.0,6400000.0,0.5273919092465753
8.0,8.0,2.0,4.0,32.0,29.0,1008.0,3616.0,0,0.9078125,0.00195312,0.00390625,6400000.0,0.9033657962328766
8.0,8.0,2.0,4.0,29.0,26.0,909.0,3136.0,0,0.9078125,0.125,256.0,6400000.0,0.8262620780332682
8.0,8.0,2.0,4.0,32.0,29.0,1008.0,3616.0,0,0.9078125,8.0,0.03125,6400000.0,0.9033657962328766
1.0,8.0,2.0,1.0,1.0,1.0,39.0,32.0,0,0.5015625,0.015625,1024.0,6400000.0,0.5273919092465753
8.0,8.0,4.0,5.0,51.0,47.0,1713.0,6496.0,0,0.940625,1.0,64.0,6400000.0,0.9409246575342465
1.0,8.0,2.0,1.0,1.0,1.0,39.0,32.0,0,0.5015625,8.0,32768.0,6400000.0,0.5273919092465753
8.0,8.0,4.0,5.0,51.0,47.0,1713.0,6496.0,0,0.940625,128.0,0.0625,6400000.0,0.9409246575342465
1.0,8.0,4.0,1.0,1.0,1.0,63.0,32.0,0,0.5015625,2.0,512.0,6400000.0,0.5273919092465753
8.0,8.0,2.0,4.0,32.0,29.0,1008.0,3616.0,0,0.9078125,0.25,0.00195312,6400000.0,0.9033657962328766
1.0,8.0,2.0,1.0,1.0,1.0,39.0,32.0,0,0.5015625,0.00195312,4096.0,6400000.0,0.5273919092465753
8.0,8.0,4.0,9.0,67.0,67.0,2176.0,9696.0,0,0.940625,2.0,0.5,6400000.0,0.9409246575342465
8.0,8.0,2.0,4.0,32.0,29.0,1008.0,3616.0,0,0.9078125,16.0,0.25,6400000.0,0.9033657962328766
8.0,8.0,1.0,4.0,19.0,16.0,563.0,1536.0,0,0.9078125,2.0,0.03125,6400000.0,0.9033657962328766
8.0,8.0,2.0,4.0,32.0,29.0,1008.0,3616.0,0,0.9078125,0.25,2.0,6400000.0,0.9033657962328766
8.0,8.0,4.0,9.0,67.0,67.0,2176.0,9696.0,0,0.940625,4.0,0.00390625,6400000.0,0.9409246575342465
8.0,8.0,2.0,4.0,32.0,29.0,1008.0,3616.0,0,0.9078125,0.03125,0.0078125,6400000.0,0.9033657962328766
8.0,8.0,2.0,4.0,32.0,29.0,1008.0,3616.0,0,0.9078125,32.0,0.00195312,6400000.0,0.9033657962328766
1.0,8.0,2.0,1.0,1.0,1.0,39.0,32.0,0,0.5015625,32.0,2048.0,6400000.0,0.5273919092465753
1.0,8.0,2.0,1.0,1.0,1.0,39.0,32.0,0,0.5015625,0.25,2048.0,6400000.0,0.5273919092465753
8.0,8.0,2.0,4.0,32.0,29.0,1008.0,3616.0,0,0.9078125,0.00195312,4.0,6400000.0,0.9033657962328766
8.0,8.0,2.0,4.0,32.0,29.0,1008.0,3616.0,0,0.9078125,64.0,0.015625,6400000.0,0.9033657962328766
1.0,8.0,1.0,1.0,1.0,1.0,35.0,32.0,0,0.5015625,32768.0,16384.0,6400000.0,0.5273919092465753
1.0,8.0,4.0,1.0,1.0,1.0,63.0,32.0,0,0.5015625,4.0,4096.0,6400000.0,0.5273919092465753
8.0,8.0,2.0,4.0,29.0,26.0,909.0,3136.0,0,0.9078125,16.0,256.0,6400000.0,0.7844231592465754
8.0,8.0,2.0,4.0,32.0,29.0,1008.0,3616.0,0,0.9078125,32.0,2.0,6400000.0,0.9033657962328766
8.0,8.0,4.0,9.0,66.0,66.0,2143.0,9536.0,0,0.940625,4.0,4.0,6400000.0,0.9409246575342465
1.0,8.0,1.0,1.0,1.0,1.0,35.0,32.0,0,0.5015625,256.0,16384.0,6400000.0,0.5273919092465753
8.0,8.0,1.0,4.0,19.0,16.0,563.0,1536.0,0,0.9078125,16.0,0.0078125,6400000.0,0.9033657962328766
1.0,8.0,2.0,1.0,1.0,1.0,39.0,32.0,0,0.5015625,64.0,16384.0,6400000.0,0.5273919092465753
8.0,8.0,2.0,4.0,32.0,29.0,1008.0,3616.0,0,0.9078125,64.0,16.0,6400000.0,0.9033657962328766
8.0,8.0,1.0,4.0,19.0,16.0,563.0,1536.0,0,0.9078125,2.0,32.0,6400000.0,0.9033657962328766
8.0,8.0,4.0,9.0,66.0,66.0,2143.0,9536.0,0,0.940625,8.0,0.03125,6400000.0,0.9409246575342465
8.0,8.0,2.0,4.0,32.0,29.0,1008.0,3616.0,0,0.9078125,128.0,0.125,6400000.0,0.9033657962328766
8.0,8.0,2.0,4.0,32.0,29.0,1008.0,3616.0,0,0.9078125,0.5,0.015625,6400000.0,0.9033657962328766
8.0,8.0,4.0,6.0,54.0,49.0,1805.0,6816.0,0,0.940625,8.0,32.0,6400000.0,0.9409246575342465
8.0,8.0,2.0,4.0,29.0,26.0,909.0,3136.0,0,0.9078125,128.0,128.0,6400000.0,0.8262620780332682
8.0,8.0,2.0,4.0,29.0,26.0,909.0,3136.0,0,0.9078125,256.0,0.000976562,6400000.0,0.8262620780332682
8.0,8.0,2.0,4.0,32.0,29.0,1008.0,3616.0,0,0.9078125,0.0,0.125,6400000.0,0.9033657962328766
8.0,8.0,2.0,4.0,29.0,26.0,909.0,3136.0,0,0.9078125,256.0,1.0,6400000.0,0.8262620780332682
1.0,8.0,2.0,1.0,1.0,1.0,39.0,32.0,0,0.5015625,256.0,1024.0,6400000.0,0.5273919092465753
1.0,8.0,1.0,1.0,1.0,1.0,35.0,32.0,0,0.5015625,512.0,128.0,6400000.0,0.5273919092465753
1.0,8.0,2.0,1.0,1.0,1.0,39.0,32.0,0,0.5015625,512.0,8.0,6400000.0,0.5273919092465753
1.0,8.0,2.0,1.0,1.0,1.0,39.0,32.0,0,0.5015625,512.0,0.0078125,6400000.0,0.5273919092465753
1.0,8.0,2.0,1.0,1.0,1.0,39.0,32.0,0,0.5015625,512.0,8192.0,6400000.0,0.5273919092465753
1.0,8.0,1.0,1.0,1.0,1.0,35.0,32.0,0,0.5015625,8.0,1024.0,6400000.0,0.5273919092465753
1.0,8.0,1.0,1.0,1.0,1.0,35.0,32.0,0,0.5015625,512.0,0.125,6400000.0,0.5273919092465753
1.0,8.0,2.0,1.0,1.0,1.0,39.0,32.0,0,0.5015625,1024.0,64.0,6400000.0,0.5273919092465753
1.0,8.0,1.0,1.0,1.0,1.0,35.0,32.0,0,0.5015625,16.0,8192.0,6400000.0,0.5273919092465753
1.0,8.0,1.0,1.0,1.0,1.0,35.0,32.0,0,0.5015625,1024.0,0.000976562,6400000.0,0.5273919092465753
8.0,8.0,2.0,4.0,32.0,29.0,1008.0,3616.0,0,0.9078125,0.5,16.0,6400000.0,0.9033657962328766
1.0,8.0,1.0,1.0,1.0,1.0,35.0,32.0,0,0.5015625,1024.0,1024.0,6400000.0,0.5273919092465753
8.0,8.0,1.0,4.0,19.0,16.0,563.0,1536.0,0,0.9078125,16.0,8.0,6400000.0,0.9033657962328766
1.0,8.0,2.0,1.0,1.0,1.0,39.0,32.0,0,0.5015625,1024.0,0.0625,6400000.0,0.5273919092465753
8.0,8.0,2.0,4.0,32.0,29.0,1008.0,3616.0,0,0.9078125,0.00390625,0.03125,6400000.0,0.9033657962328766
1.0,8.0,1.0,1.0,1.0,1.0,35.0,32.0,0,0.5015625,2.0,32768.0,6400000.0,0.5273919092465753
8.0,8.0,1.0,4.0,19.0,16.0,563.0,1536.0,0,0.9078125,32.0,0.0625,6400000.0,0.9033657962328766
1.0,8.0,2.0,1.0,1.0,1.0,39.0,32.0,0,0.5015625,2048.0,0.0,6400000.0,0.5273919092465753
1.0,8.0,4.0,1.0,1.0,1.0,63.0,32.0,0,0.5015625,8.0,32768.0,6400000.0,0.5273919092465753
1.0,8.0,2.0,1.0,1.0,1.0,39.0,32.0,0,0.5015625,2048.0,0.5,6400000.0,0.5273919092465753
8.0,8.0,2.0,4.0,32.0,29.0,1008.0,3616.0,0,0.9078125,1.0,0.125,6400000.0,0.9033657962328766
1.0,8.0,2.0,1.0,1.0,1.0,39.0,32.0,0,0.5015625,0.5,16384.0,6400000.0,0.5273919092465753
8.0,8.0,1.0,4.0,19.0,16.0,563.0,1536.0,0,0.9078125,32.0,64.0,6400000.0,0.758226822407045
1.0,8.0,1.0,1.0,1.0,1.0,35.0,32.0,0,0.5015625,1024.0,1.0,6400000.0,0.5273919092465753
8.0,8.0,4.0,5.0,51.0,47.0,1713.0,6496.0,0,0.940625,128.0,64.0,6400000.0,0.9409246575342465
1.0,8.0,1.0,1.0,1.0,1.0,35.0,32.0,0,0.5015625,2048.0,0.0078125,6400000.0,0.5273919092465753
1.0,8.0,2.0,1.0,1.0,1.0,39.0,32.0,0,0.5015625,2048.0,512.0,6400000.0,0.5273919092465753
1.0,8.0,2.0,1.0,1.0,1.0,39.0,32.0,0,0.5015625,4096.0,0.00390625,6400000.0,0.5273919092465753
8.0,8.0,4.0,6.0,56.0,52.0,1872.0,7296.0,0,0.940625,16.0,0.25,6400000.0,0.9409246575342465
8.0,8.0,1.0,4.0,19.0,16.0,563.0,1536.0,0,0.9078125,64.0,0.5,6400000.0,0.9033657962328766
8.0,8.0,1.0,4.0,19.0,16.0,563.0,1536.0,0,0.9078125,64.0,0.0,6400000.0,0.9033657962328766
8.0,8.0,2.0,4.0,32.0,29.0,1008.0,3616.0,0,0.9078125,0.03125,8.0,6400000.0,0.9033657962328766
1.0,8.0,2.0,1.0,1.0,1.0,39.0,32.0,0,0.5015625,8192.0,0.03125,6400000.0,0.5273919092465753
1.0,8.0,2.0,1.0,1.0,1.0,39.0,32.0,0,0.5015625,4096.0,4.0,6400000.0,0.5273919092465753
8.0,8.0,2.0,4.0,32.0,29.0,1008.0,3616.0,0,0.9078125,1.0,128.0,6400000.0,0.9033657962328766
1.0,8.0,2.0,1.0,1.0,1.0,39.0,32.0,0,0.5015625,4096.0,4096.0,6400000.0,0.5273919092465753
1.0,8.0,2.0,1.0,1.0,1.0,39.0,32.0,0,0.5015625,0.00390625,32768.0,6400000.0,0.5273919092465753
8.0,8.0,4.0,5.0,50.0,46.0,1680.0,6336.0,0,0.940625,16.0,256.0,6400000.0,0.9033657962328766
1.0,8.0,2.0,1.0,1.0,1.0,39.0,32.0,0,0.5015625,0.03125,8192.0,6400000.0,0.5273919092465753
8.0,8.0,2.0,4.0,32.0,29.0,1008.0,3616.0,0,0.9078125,0.00390625,32.0,6400000.0,0.9033657962328766
1.0,8.0,1.0,1.0,1.0,1.0,35.0,32.0,0,0.5015625,4096.0,64.0,6400000.0,0.5273919092465753
8.0,8.0,2.0,4.0,32.0,29.0,1008.0,3616.0,0,0.9078125,2.0,0.000976562,6400000.0,0.9033657962328766
1.0,8.0,2.0,1.0,1.0,1.0,39.0,32.0,0,0.5015625,8192.0,32768.0,6400000.0,0.5273919092465753
1.0,8.0,1.0,1.0,1.0,1.0,35.0,32.0,0,0.5015625,2048.0,8.0,6400000.0,0.5273919092465753
1.0,8.0,1.0,1.0,1.0,1.0,35.0,32.0,0,0.5015625,2048.0,8192.0,6400000.0,0.5273919092465753
1.0,8.0,2.0,1.0,1.0,1.0,39.0,32.0,0,0.5015625,16384.0,256.0,6400000.0,0.5273919092465753
1.0,8.0,2.0,1.0,1.0,1.0,39.0,32.0,0,0.5015625,8192.0,32.0,6400000.0,0.5273919092465753
8.0,8.0,4.0,5.0,51.0,47.0,1713.0,6496.0,0,0.940625,256.0,0.0,6400000.0,0.9033657962328766
1.0,8.0,1.0,1.0,1.0,1.0,35.0,32.0,0,0.5015625,4096.0,0.0625,6400000.0,0.5273919092465753
1.0,8.0,2.0,1.0,1.0,1.0,39.0,32.0,0,0.5015625,32768.0,0.00195312,6400000.0,0.5273919092465753
1.0,8.0,2.0,1.0,1.0,1.0,39.0,32.0,0,0.5015625,16384.0,0.25,6400000.0,0.5273919092465753
1.0,8.0,2.0,1.0,1.0,1.0,39.0,32.0,0,0.5015625,32768.0,2048.0,6400000.0,0.5273919092465753
8.0,8.0,2.0,4.0,32.0,29.0,1008.0,3616.0,0,0.9078125,0.0625,0.0625,6400000.0,0.9033657962328766
8.0,8.0,1.0,3.0,18.0,16.0,551.0,1536.0,0,0.75,128.0,0.00390625,6400000.0,0.758226822407045
8.0,8.0,4.0,5.0,51.0,47.0,1713.0,6496.0,0,0.940625,256.0,0.5,6400000.0,0.9033657962328766
8.0,8.0,2.0,4.0,32.0,29.0,1008.0,3616.0,0,0.9078125,0.0078125,0.25,6400000.0,0.9033657962328766
1.0,8.0,2.0,1.0,1.0,1.0,39.0,32.0,0,0.5015625,2.0,1024.0,6400000.0,0.5273919092465753
1.0,8.0,2.0,1.0,1.0,1.0,39.0,32.0,0,0.5015625,32768.0,2.0,6400000.0,0.5273919092465753
8.0,8.0,4.0,10.0,63.0,67.0,2042.0,9696.0,0,0.940625,0.000976562,0.125,6400000.0,0.9409246575342465
8.0,8.0,4.0,6.0,56.0,52.0,1872.0,7296.0,0,0.940625,0.0,16.0,6400000.0,0.9409246575342465
8.0,8.0,2.0,4.0,32.0,29.0,1008.0,3616.0,0,0.9078125,2.0,1.0,6400000.0,0.9033657962328766
8.0,8.0,4.0,6.0,54.0,49.0,1805.0,6816.0,0,0.940625,32.0,0.00195312,6400000.0,0.9409246575342465
1.0,8.0,1.0,1.0,1.0,1.0,35.0,32.0,0,0.5015625,8192.0,0.5,6400000.0,0.5273919092465753
1.0,8.0,4.0,1.0,1.0,1.0,63.0,32.0,0,0.5015625,0.0,16384.0,6400000.0,0.5273919092465753
8.0,8.0,4.0,10.0,63.0,67.0,2042.0,9696.0,0,0.940625,0.0,0.015625,6400000.0,0.9409246575342465
1.0,8.0,1.0,1.0,1.0,1.0,35.0,32.0,0,0.5015625,8192.0,512.0,6400000.0,0.5273919092465753
1.0,8.0,1.0,1.0,1.0,1.0,35.0,32.0,0,0.5015625,64.0,512.0,6400000.0,0.5273919092465753
8.0,8.0,1.0,3.0,18.0,16.0,551.0,1536.0,0,0.75,128.0,4.0,6400000.0,0.758226822407045
1.0,8.0,1.0,1.0,1.0,1.0,35.0,32.0,0,0.5015625,8192.0,0.0,6400000.0,0.5273919092465753
8.0,8.0,2.0,4.0,32.0,29.0,1008.0,3616.0,0,0.9078125,0.0,128.0,6400000.0,0.9033657962328766
8.0,8.0,2.0,4.0,32.0,29.0,1008.0,3616.0,0,0.9078125,0.0625,64.0,6400000.0,0.9033657962328766
1.0,8.0,1.0,1.0,1.0,1.0,35.0,32.0,0,0.5015625,16384.0,0.00390625,6400000.0,0.5273919092465753
8.0,8.0,4.0,5.0,51.0,47.0,1713.0,6496.0,0,0.940625,0.000976562,128.0,6400000.0,0.9409246575342465
8.0,8.0,4.0,11.0,63.0,67.0,2021.0,9696.0,0,0.940625,0.00195312,0.000976562,6400000.0,0.9409246575342465
1.0,8.0,4.0,1.0,1.0,1.0,63.0,32.0,0,0.5015625,0.00195312,1024.0,6400000.0,0.5273919092465753
8.0,8.0,4.0,10.0,63.0,67.0,2042.0,9696.0,0,0.940625,0.00195312,1.0,6400000.0,0.9409246575342465
8.0,8.0,4.0,6.0,54.0,49.0,1805.0,6816.0,0,0.940625,32.0,2.0,6400000.0,0.9409246575342465
8.0,8.0,2.0,4.0,32.0,29.0,1008.0,3616.0,0,0.9078125,0.000976562,0.000976562,6400000.0,0.9033657962328766
1.0,8.0,4.0,1.0,1.0,1.0,63.0,32.0,0,0.5015625,512.0,0.00390625,6400000.0,0.5273919092465753
1.0,8.0,4.0,1.0,1.0,1.0,63.0,32.0,0,0.5015625,0.00390625,8192.0,6400000.0,0.5273919092465753
8.0,8.0,1.0,4.0,19.0,16.0,563.0,1536.0,0,0.9078125,4.0,0.25,6400000.0,0.9033657962328766
1.0,8.0,4.0,1.0,1.0,1.0,63.0,32.0,0,0.5015625,256.0,512.0,6400000.0,0.5273919092465753
8.0,8.0,2.0,4.0,32.0,29.0,1008.0,3616.0,0,0.9078125,4.0,0.0078125,6400000.0,0.9033657962328766
1.0,8.0,1.0,1.0,1.0,1.0,35.0,32.0,0,0.5015625,16384.0,4.0,6400000.0,0.5273919092465753
8.0,8.0,4.0,11.0,63.0,67.0,2021.0,9696.0,0,0.940625,0.00390625,0.0078125,6400000.0,0.9409246575342465
1.0,8.0,4.0,1.0,1.0,1.0,63.0,32.0,0,0.5015625,512.0,4.0,6400000.0,0.5273919092465753
8.0,8.0,4.0,10.0,63.0,67.0,2042.0,9696.0,0,0.940625,0.015625,0.5,6400000.0,0.9409246575342465
8.0,8.0,4.0,10.0,63.0,67.0,2042.0,9696.0,0,0.940625,0.0078125,0.0625,6400000.0,0.9409246575342465
8.0,8.0,4.0,10.0,63.0,67.0,2042.0,9696.0,0,0.940625,0.015625,0.0,6400000.0,0.9409246575342465
1.0,8.0,1.0,1.0,1.0,1.0,35.0,32.0,0,0.5015625,16384.0,4096.0,6400000.0,0.5273919092465753
8.0,8.0,4.0,9.0,66.0,66.0,2143.0,9536.0,0,0.940625,0.00390625,8.0,6400000.0,0.9409246575342465
8.0,8.0,4.0,5.0,51.0,47.0,1713.0,6496.0,0,0.940625,0.0078125,64.0,6400000.0,0.9409246575342465
1.0,8.0,1.0,1.0,1.0,1.0,35.0,32.0,0,0.5015625,32768.0,0.03125,6400000.0,0.5273919092465753
1.0,8.0,4.0,1.0,1.0,1.0,63.0,32.0,0,0.5015625,0.015625,512.0,6400000.0,0.5273919092465753
1.0,8.0,1.0,1.0,1.0,1.0,35.0,32.0,0,0.5015625,128.0,4096.0,6400000.0,0.5273919092465753
1.0,8.0,4.0,1.0,1.0,1.0,63.0,32.0,0,0.5015625,0.03125,4096.0,6400000.0,0.5273919092465753
1.0,8.0,2.0,1.0,1.0,1.0,39.0,32.0,0,0.5015625,0.000976562,1024.0,6400000.0,0.5273919092465753
8.0,8.0,4.0,10.0,63.0,67.0,2042.0,9696.0,0,0.940625,0.03125,0.00390625,6400000.0,0.9409246575342465
8.0,8.0,4.0,6.0,54.0,49.0,1805.0,6816.0,0,0.940625,0.0625,32.0,6400000.0,0.9409246575342465
8.0,8.0,2.0,4.0,32.0,29.0,1008.0,3616.0,0,0.9078125,0.000976562,1.0,6400000.0,0.9033657962328766
8.0,8.0,2.0,4.0,29.0,26.0,909.0,3136.0,0,0.9078125,0.0078125,256.0,6400000.0,0.8262620780332682
8.0,8.0,1.0,3.0,18.0,16.0,551.0,1536.0,0,0.6890625,256.0,32.0,6400000.0,0.6533696183953033
8.0,8.0,2.0,4.0,32.0,29.0,1008.0,3616.0,0,0.9078125,4.0,8.0,6400000.0,0.9033657962328766
1.0,8.0,4.0,1.0,1.0,1.0,63.0,32.0,0,0.5015625,32.0,2048.0,6400000.0,0.5273919092465753
8.0,8.0,4.0,9.0,67.0,67.0,2176.0,9696.0,0,0.940625,0.03125,4.0,6400000.0,0.9409246575342465
8.0,8.0,4.0,10.0,63.0,67.0,2042.0,9696.0,0,0.940625,0.0625,0.03125,6400000.0,0.9409246575342465
1.0,8.0,4.0,1.0,1.0,1.0,63.0,32.0,0,0.5015625,0.0625,32768.0,6400000.0,0.5273919092465753
8.0,8.0,2.0,4.0,32.0,29.0,1008.0,3616.0,0,0.9078125,0.015625,0.00195312,6400000.0,0.9033657962328766
8.0,8.0,2.0,4.0,32.0,29.0,1008.0,3616.0,0,0.9078125,0.125,0.5,6400000.0,0.9033657962328766
8.0,8.0,1.0,3.0,18.0,16.0,551.0,1536.0,0,0.6890625,256.0,0.03125,6400000.0,0.6533696183953033
1.0,8.0,1.0,1.0,1.0,1.0,35.0,32.0,0,0.5015625,32768.0,32.0,6400000.0,0.5273919092465753
8.0,8.0,2.0,4.0,32.0,29.0,1008.0,3616.0,0,0.9078125,0.015625,2.0,6400000.0,0.9033657962328766
8.0,8.0,4.0,5.0,51.0,47.0,1713.0,6496.0,0,0.940625,64.0,0.015625,6400000.0,0.9409246575342465
8.0,8.0,2.0,4.0,32.0,29.0,1008.0,3616.0,0,0.9078125,0.125,0.0,6400000.0,0.9033657962328766
8.0,8.0,1.0,3.0,18.0,16.0,551.0,1536.0,0,0.6890625,4.0,256.0,6400000.0,0.6533696183953033
8.0,8.0,1.0,4.0,19.0,16.0,563.0,1536.0,0,0.9078125,8.0,2.0,6400000.0,0.9033657962328766
8.0,8.0,4.0,10.0,63.0,67.0,2042.0,9696.0,0,0.940625,0.125,0.25,6400000.0,0.9409246575342465
1.0,8.0,2.0,1.0,1.0,1.0,39.0,32.0,0,0.5015625,4.0,8192.0,6400000.0,0.5273919092465753
8.0,8.0,4.0,5.0,51.0,47.0,1713.0,6496.0,0,0.940625,0.125,256.0,6400000.0,0.9033657962328766
8.0,8.0,4.0,10.0,70.0,67.0,2266.0,9696.0,0,0.940625,1.0,0.125,6400000.0,0.9409246575342465
8.0,8.0,4.0,10.0,63.0,67.0,2042.0,9696.0,0,0.940625,0.5,0.015625,6400000.0,0.9409246575342465
8.0,8.0,4.0,5.0,51.0,47.0,1713.0,6496.0,0,0.940625,64.0,16.0,6400000.0,0.9409246575342465
8.0,8.0,4.0,9.0,67.0,67.0,2176.0,9696.0,0,0.940625,0.25,2.0,6400000.0,0.9409246575342465
1.0,8.0,4.0,1.0,1.0,1.0,63.0,32.0,0,0.5015625,64.0,16384.0,6400000.0,0.5273919092465753
8.0,8.0,4.0,10.0,63.0,67.0,2042.0,9696.0,0,0.940625,0.25,0.00195312,6400000.0,0.9409246575342465
8.0,8.0,4.0,6.0,56.0,52.0,1872.0,7296.0,0,0.940625,0.5,16.0,6400000.0,0.9409246575342465
1.0,8.0,4.0,1.0,1.0,1.0,63.0,32.0,0,0.5015625,0.25,2048.0,6400000.0,0.5273919092465753
8.0,8.0,2.0,4.0,32.0,29.0,1008.0,3616.0,0,0.9078125,8.0,64.0,6400000.0,0.9033657962328766
1.0,8.0,2.0,1.0,1.0,1.0,39.0,32.0,0,0.5015625,0.125,512.0,6400000.0,0.5273919092465753
8.0,8.0,1.0,4.0,19.0,16.0,563.0,1536.0,0,0.9078125,8.0,0.00195312,6400000.0,0.9033657962328766
8.0,8.0,2.0,4.0,32.0,29.0,1008.0,3616.0,0,0.9078125,0.00195312,0.0078125,6400000.0,0.9033657962328766
8.0,8.0,2.0,4.0,32.0,29.0,1008.0,3616.0,0,0.9078125,8.0,0.0625,6400000.0,0.9033657962328766
1.0,8.0,4.0,1.0,1.0,1.0,63.0,32.0,0,0.5015625,0.5,16384.0,6400000.0,0.5273919092465753
8.0,8.0,4.0,9.0,67.0,67.0,2176.0,9696.0,0,0.940625,2.0,0.000976562,6400000.0,0.9409246575342465
1.0,8.0,2.0,1.0,1.0,1.0,39.0,32.0,0,0.5015625,0.015625,2048.0,6400000.0,0.5273919092465753
8.0,8.0,2.0,4.0,32.0,29.0,1008.0,3616.0,0,0.9078125,16.0,0.0,6400000.0,0.9033657962328766
8.0,8.0,4.0,5.0,51.0,47.0,1713.0,6496.0,0,0.940625,128.0,0.125,6400000.0,0.9409246575342465
8.0,8.0,4.0,5.0,51.0,47.0,1713.0,6496.0,0,0.940625,1.0,128.0,6400000.0,0.9409246575342465
1.0,8.0,4.0,1.0,1.0,1.0,63.0,32.0,0,0.5015625,2.0,1024.0,6400000.0,0.5273919092465753
1.0,8.0,2.0,1.0,1.0,1.0,39.0,32.0,0,0.5015625,0.00195312,8192.0,6400000.0,0.5273919092465753
1.0,8.0,4.0,1.0,1.0,1.0,63.0,32.0,0,0.5015625,512.0,4096.0,6400000.0,0.5273919092465753
8.0,8.0,2.0,4.0,32.0,29.0,1008.0,3616.0,0,0.9078125,16.0,0.5,6400000.0,0.9033657962328766
8.0,8.0,2.0,4.0,32.0,29.0,1008.0,3616.0,0,0.9078125,0.25,0.00390625,6400000.0,0.9033657962328766
8.0,8.0,4.0,9.0,67.0,67.0,2176.0,9696.0,0,0.940625,2.0,1.0,6400000.0,0.9409246575342465
8.0,8.0,2.0,4.0,32.0,29.0,1008.0,3616.0,0,0.9078125,32.0,0.00390625,6400000.0,0.9033657962328766
8.0,8.0,2.0,4.0,32.0,29.0,1008.0,3616.0,0,0.9078125,0.25,4.0,6400000.0,0.9033657962328766
1.0,8.0,2.0,1.0,1.0,1.0,39.0,32.0,0,0.5015625,0.25,4096.0,6400000.0,0.5273919092465753
8.0,8.0,2.0,4.0,32.0,29.0,1008.0,3616.0,0,0.9078125,0.03125,0.015625,6400000.0,0.9033657962328766
1.0,8.0,2.0,1.0,1.0,1.0,39.0,32.0,0,0.5015625,32.0,4096.0,6400000.0,0.5273919092465753
8.0,8.0,2.0,4.0,32.0,29.0,1008.0,3616.0,0,0.9078125,0.00195312,8.0,6400000.0,0.9033657962328766
8.0,8.0,4.0,9.0,67.0,67.0,2176.0,9696.0,0,0.940625,4.0,0.0078125,6400000.0,0.9409246575342465
1.0,8.0,4.0,1.0,1.0,1.0,63.0,32.0,0,0.5015625,4.0,8192.0,6400000.0,0.5273919092465753
8.0,8.0,2.0,4.0,32.0,29.0,1008.0,3616.0,0,0.9078125,32.0,4.0,6400000.0,0.9033657962328766
1.0,8.0,2.0,1.0,1.0,1.0,39.0,32.0,0,0.5015625,16.0,512.0,6400000.0,0.5273919092465753
8.0,8.0,2.0,4.0,32.0,29.0,1008.0,3616.0,0,0.9078125,64.0,0.03125,6400000.0,0.9033657962328766
1.0,8.0,1.0,1.0,1.0,1.0,35.0,32.0,0,0.5015625,32768.0,32768.0,6400000.0,0.5273919092465753
1.0,8.0,2.0,1.0,1.0,1.0,39.0,32.0,0,0.5015625,64.0,32768.0,6400000.0,0.5273919092465753
1.0,8.0,1.0,1.0,1.0,1.0,35.0,32.0,0,0.5015625,256.0,32768.0,6400000.0,0.5273919092465753
8.0,8.0,4.0,7.0,60.0,56.0,1983.0,7936.0,0,0.940625,4.0,8.0,6400000.0,0.9409246575342465
8.0,8.0,1.0,4.0,19.0,16.0,563.0,1536.0,0,0.9078125,16.0,0.015625,6400000.0,0.9033657962328766
8.0,8.0,4.0,9.0,66.0,66.0,2143.0,9536.0,0,0.940625,8.0,0.0625,6400000.0,0.9409246575342465
8.0,8.0,2.0,4.0,32.0,29.0,1008.0,3616.0,0,0.9078125,64.0,32.0,6400000.0,0.9033657962328766
8.0,8.0,2.0,4.0,32.0,29.0,1008.0,3616.0,0,0.9078125,0.0,0.25,6400000.0,0.9033657962328766
1.0,8.0,4.0,1.0,1.0,1.0,63.0,32.0,0,0.5015625,1024.0,0.03125,6400000.0,0.5273919092465753
8.0,8.0,4.0,5.0,51.0,47.0,1713.0,6496.0,0,0.940625,8.0,64.0,6400000.0,0.9409246575342465
8.0,8.0,2.0,4.0,32.0,29.0,1008.0,3616.0,0,0.9078125,128.0,0.25,6400000.0,0.9033657962328766
8.0,8.0,2.0,4.0,29.0,26.0,909.0,3136.0,0,0.9078125,256.0,0.00195312,6400000.0,0.8262620780332682
8.0,8.0,2.0,4.0,29.0,26.0,909.0,3136.0,0,0.9078125,256.0,2.0,6400000.0,0.8262620780332682
8.0,8.0,2.0,3.0,26.0,24.0,829.0,2816.0,0,0.75,128.0,256.0,6400000.0,0.7844231592465754
8.0,8.0,2.0,4.0,32.0,29.0,1008.0,3616.0,0,0.9078125,0.5,0.03125,6400000.0,0.9033657962328766
1.0,8.0,2.0,1.0,1.0,1.0,39.0,32.0,0,0.5015625,512.0,16.0,6400000.0,0.5273919092465753
1.0,8.0,2.0,1.0,1.0,1.0,39.0,32.0,0,0.5015625,512.0,16384.0,6400000.0,0.5273919092465753
1.0,8.0,1.0,1.0,1.0,1.0,35.0,32.0,0,0.5015625,512.0,256.0,6400000.0,0.5273919092465753
1.0,8.0,2.0,1.0,1.0,1.0,39.0,32.0,0,0.5015625,256.0,2048.0,6400000.0,0.5273919092465753
1.0,8.0,1.0,1.0,1.0,1.0,35.0,32.0,0,0.5015625,8.0,2048.0,6400000.0,0.5273919092465753
1.0,8.0,2.0,1.0,1.0,1.0,39.0,32.0,0,0.5015625,512.0,0.015625,6400000.0,0.5273919092465753
1.0,8.0,2.0,1.0,1.0,1.0,39.0,32.0,0,0.5015625,1024.0,128.0,6400000.0,0.5273919092465753
8.0,8.0,2.0,4.0,32.0,29.0,1008.0,3616.0,0,0.9078125,0.5,32.0,6400000.0,0.9033657962328766
1.0,8.0,1.0,1.0,1.0,1.0,35.0,32.0,0,0.5015625,1024.0,0.00195312,6400000.0,0.5273919092465753
1.0,8.0,1.0,1.0,1.0,1.0,35.0,32.0,0,0.5015625,512.0,0.25,6400000.0,0.5273919092465753
1.0,8.0,1.0,1.0,1.0,1.0,35.0,32.0,0,0.5015625,1024.0,2048.0,6400000.0,0.5273919092465753
8.0,8.0,1.0,4.0,19.0,16.0,563.0,1536.0,0,0.9078125,16.0,16.0,6400000.0,0.9033657962328766
1.0,8.0,1.0,1.0,1.0,1.0,35.0,32.0,0,0.5015625,16.0,16384.0,6400000.0,0.5273919092465753
1.0,8.0,2.0,1.0,1.0,1.0,39.0,32.0,0,0.5015625,1024.0,0.125,6400000.0,0.5273919092465753
8.0,8.0,2.0,4.0,32.0,29.0,1008.0,3616.0,0,0.9078125,0.00390625,0.0625,6400000.0,0.9033657962328766
1.0,8.0,2.0,1.0,1.0,1.0,39.0,32.0,0,0.5015625,2048.0,0.000976562,6400000.0,0.5273919092465753
8.0,8.0,4.0,6.0,56.0,52.0,1872.0,7296.0,0,0.940625,16.0,0.0,6400000.0,0.9409246575342465
8.0,8.0,2.0,4.0,32.0,29.0,1008.0,3616.0,0,0.9078125,1.0,0.25,6400000.0,0.9033657962328766
1.0,8.0,4.0,1.0,1.0,1.0,63.0,32.0,0,0.5015625,1024.0,32.0,6400000.0,0.5273919092465753
8.0,8.0,1.0,4.0,19.0,16.0,563.0,1536.0,0,0.9078125,32.0,0.125,6400000.0,0.9033657962328766
8.0,8.0,1.0,3.0,18.0,16.0,551.0,1536.0,0,0.75,32.0,128.0,6400000.0,0.758226822407045
8.0,8.0,4.0,5.0,51.0,47.0,1713.0,6496.0,0,0.940625,128.0,128.0,6400000.0,0.9033657962328766
1.0,8.0,2.0,1.0,1.0,1.0,39.0,32.0,0,0.5015625,2048.0,1.0,6400000.0,0.5273919092465753
1.0,8.0,1.0,1.0,1.0,1.0,35.0,32.0,0,0.5015625,1024.0,2.0,6400000.0,0.5273919092465753
1.0,8.0,2.0,1.0,1.0,1.0,39.0,32.0,0,0.5015625,0.5,32768.0,6400000.0,0.5273919092465753
1.0,8.0,1.0,1.0,1.0,1.0,35.0,32.0,0,0.5015625,2048.0,0.015625,6400000.0,0.5273919092465753
1.0,8.0,2.0,1.0,1.0,1.0,39.0,32.0,0,0.5015625,4096.0,0.0078125,6400000.0,0.5273919092465753
1.0,8.0,2.0,1.0,1.0,1.0,39.0,32.0,0,0.5015625,2048.0,1024.0,6400000.0,0.5273919092465753
8.0,8.0,1.0,4.0,19.0,16.0,563.0,1536.0,0,0.9078125,64.0,0.000976562,6400000.0,0.9033657962328766
8.0,8.0,4.0,6.0,56.0,52.0,1872.0,7296.0,0,0.940625,16.0,0.5,6400000.0,0.9409246575342465
8.0,8.0,1.0,4.0,19.0,16.0,563.0,1536.0,0,0.9078125,64.0,1.0,6400000.0,0.9033657962328766
1.0,8.0,2.0,1.0,1.0,1.0,39.0,32.0,0,0.5015625,4096.0,8.0,6400000.0,0.5273919092465753
1.0,8.0,2.0,1.0,1.0,1.0,39.0,32.0,0,0.5015625,8192.0,0.0625,6400000.0,0.5273919092465753
8.0,8.0,2.0,4.0,29.0,26.0,909.0,3136.0,0,0.9078125,1.0,256.0,6400000.0,0.8262620780332682
1.0,8.0,2.0,1.0,1.0,1.0,39.0,32.0,0,0.5015625,4096.0,8192.0,6400000.0,0.5273919092465753
8.0,8.0,2.0,4.0,32.0,29.0,1008.0,3616.0,0,0.9078125,0.03125,16.0,6400000.0,0.9033657962328766
1.0,8.0,2.0,1.0,1.0,1.0,39.0,32.0,0,0.5015625,0.03125,16384.0,6400000.0,0.5273919092465753
8.0,8.0,2.0,4.0,32.0,29.0,1008.0,3616.0,0,0.9078125,2.0,0.00195312,6400000.0,0.9033657962328766
8.0,8.0,2.0,4.0,32.0,29.0,1008.0,3616.0,0,0.9078125,0.00390625,64.0,6400000.0,0.9033657962328766
1.0,8.0,1.0,1.0,1.0,1.0,35.0,32.0,0,0.5015625,4096.0,128.0,6400000.0,0.5273919092465753
8.0,8.0,2.0,4.0,32.0,29.0,1008.0,3616.0,0,0.9078125,0.0078125,0.0,6400000.0,0.9033657962328766
1.0,8.0,4.0,1.0,1.0,1.0,63.0,32.0,0,0.5015625,16.0,512.0,6400000.0,0.5273919092465753
1.0,8.0,2.0,1.0,1.0,1.0,39.0,32.0,0,0.5015625,16384.0,0.0,6400000.0,0.5273919092465753
1.0,8.0,1.0,1.0,1.0,1.0,35.0,32.0,0,0.5015625,2048.0,16384.0,6400000.0,0.5273919092465753
8.0,8.0,4.0,5.0,51.0,47.0,1713.0,6496.0,0,0.940625,256.0,0.000976562,6400000.0,0.9033657962328766
1.0,8.0,2.0,1.0,1.0,1.0,39.0,32.0,0,0.5015625,8192.0,64.0,6400000.0,0.5273919092465753
1.0,8.0,2.0,1.0,1.0,1.0,39.0,32.0,0,0.5015625,16384.0,512.0,6400000.0,0.5273919092465753
1.0,8.0,1.0,1.0,1.0,1.0,35.0,32.0,0,0.5015625,2048.0,16.0,6400000.0,0.5273919092465753
1.0,8.0,2.0,1.0,1.0,1.0,39.0,32.0,0,0.5015625,32768.0,0.00390625,6400000.0,0.5273919092465753
1.0,8.0,2.0,1.0,1.0,1.0,39.0,32.0,0,0.5015625,32768.0,4096.0,6400000.0,0.5273919092465753
8.0,8.0,1.0,3.0,18.0,16.0,551.0,1536.0,0,0.75,128.0,0.0078125,6400000.0,0.758226822407045
1.0,8.0,1.0,1.0,1.0,1.0,35.0,32.0,0,0.5015625,4096.0,0.125,6400000.0,0.5273919092465753
8.0,8.0,4.0,5.0,51.0,47.0,1713.0,6496.0,0,0.940625,256.0,1.0,6400000.0,0.9033657962328766
1.0,8.0,2.0,1.0,1.0,1.0,39.0,32.0,0,0.5015625,16384.0,0.5,6400000.0,0.5273919092465753
8.0,8.0,2.0,4.0,32.0,29.0,1008.0,3616.0,0,0.9078125,0.0625,0.125,6400000.0,0.9033657962328766
1.0,8.0,2.0,1.0,1.0,1.0,39.0,32.0,0,0.5015625,2.0,2048.0,6400000.0,0.5273919092465753
8.0,8.0,2.0,4.0,32.0,29.0,1008.0,3616.0,0,0.9078125,0.0078125,0.5,6400000.0,0.9033657962328766
1.0,8.0,4.0,1.0,1.0,1.0,63.0,32.0,0,0.5015625,0.0,32768.0,6400000.0,0.5273919092465753
8.0,8.0,4.0,6.0,54.0,49.0,1805.0,6816.0,0,0.940625,0.0,32.0,6400000.0,0.9409246575342465
1.0,8.0,2.0,1.0,1.0,1.0,39.0,32.0,0,0.5015625,32768.0,4.0,6400000.0,0.5273919092465753
1.0,8.0,1.0,1.0,1.0,1.0,35.0,32.0,0,0.5015625,8192.0,1.0,6400000.0,0.5273919092465753
8.0,8.0,2.0,4.0,32.0,29.0,1008.0,3616.0,0,0.9078125,2.0,2.0,6400000.0,0.9033657962328766
8.0,8.0,4.0,6.0,54.0,49.0,1805.0,6816.0,0,0.940625,32.0,0.00390625,6400000.0,0.9409246575342465
1.0,8.0,1.0,1.0,1.0,1.0,35.0,32.0,0,0.5015625,8192.0,1024.0,6400000.0,0.5273919092465753
8.0,8.0,4.0,10.0,63.0,67.0,2042.0,9696.0,0,0.940625,0.000976562,0.25,6400000.0,0.9409246575342465
8.0,8.0,1.0,3.0,18.0,16.0,551.0,1536.0,0,0.75,128.0,8.0,6400000.0,0.758226822407045
8.0,8.0,4.0,10.0,63.0,67.0,2042.0,9696.0,0,0.940625,0.0,0.03125,6400000.0,0.9409246575342465
1.0,8.0,1.0,1.0,1.0,1.0,35.0,32.0,0,0.5015625,8192.0,0.000976562,6400000.0,0.5273919092465753
8.0,8.0,2.0,4.0,29.0,26.0,909.0,3136.0,0,0.9078125,0.0,256.0,6400000.0,0.8262620780332682
1.0,8.0,1.0,1.0,1.0,1.0,35.0,32.0,0,0.5015625,64.0,1024.0,6400000.0,0.5273919092465753
8.0,8.0,4.0,11.0,63.0,67.0,2021.0,9696.0,0,0.940625,0.00195312,0.00195312,6400000.0,0.9409246575342465
8.0,8.0,2.0,4.0,32.0,29.0,1008.0,3616.0,0,0.9078125,0.0625,128.0,6400000.0,0.9033657962328766
1.0,8.0,1.0,1.0,1.0,1.0,35.0,32.0,0,0.5015625,16384.0,0.0078125,6400000.0,0.5273919092465753
1.0,8.0,4.0,1.0,1.0,1.0,63.0,32.0,0,0.5015625,0.00195312,2048.0,6400000.0,0.5273919092465753
8.0,8.0,4.0,5.0,51.0,47.0,1713.0,6496.0,0,0.940625,0.000976562,256.0,6400000.0,0.9033657962328766
8.0,8.0,4.0,9.0,67.0,67.0,2176.0,9696.0,0,0.940625,0.00195312,2.0,6400000.0,0.9409246575342465
1.0,8.0,4.0,1.0,1.0,1.0,63.0,32.0,0,0.5015625,0.00390625,16384.0,6400000.0,0.5273919092465753
8.0,8.0,4.0,6.0,54.0,49.0,1805.0,6816.0,0,0.940625,32.0,4.0,6400000.0,0.9409246575342465
8.0,8.0,2.0,4.0,32.0,29.0,1008.0,3616.0,0,0.9078125,0.000976562,0.00195312,6400000.0,0.9033657962328766
8.0,8.0,4.0,10.0,63.0,67.0,2042.0,9696.0,0,0.940625,0.00390625,0.015625,6400000.0,0.9409246575342465
1.0,8.0,4.0,1.0,1.0,1.0,63.0,32.0,0,0.5015625,512.0,0.0078125,6400000.0,0.5273919092465753
1.0,8.0,4.0,1.0,1.0,1.0,63.0,32.0,0,0.5015625,256.0,1024.0,6400000.0,0.5273919092465753
1.0,8.0,4.0,1.0,1.0,1.0,63.0,32.0,0,0.5015625,1024.0,32768.0,6400000.0,0.5273919092465753
8.0,8.0,2.0,4.0,32.0,29.0,1008.0,3616.0,0,0.9078125,4.0,0.015625,6400000.0,0.9033657962328766
8.0,8.0,4.0,10.0,63.0,67.0,2042.0,9696.0,0,0.940625,0.0078125,0.125,6400000.0,0.9409246575342465
1.0,8.0,1.0,1.0,1.0,1.0,35.0,32.0,0,0.5015625,16384.0,8192.0,6400000.0,0.5273919092465753
1.0,8.0,4.0,1.0,1.0,1.0,63.0,32.0,0,0.5015625,512.0,8.0,6400000.0,0.5273919092465753
8.0,8.0,4.0,10.0,63.0,67.0,2042.0,9696.0,0,0.940625,0.015625,0.000976562,6400000.0,0.9409246575342465
8.0,8.0,4.0,10.0,63.0,67.0,2042.0,9696.0,0,0.940625,0.015625,1.0,6400000.0,0.9409246575342465
1.0,8.0,1.0,1.0,1.0,1.0,35.0,32.0,0,0.5015625,16384.0,8.0,6400000.0,0.5273919092465753
8.0,8.0,4.0,6.0,56.0,52.0,1872.0,7296.0,0,0.940625,0.00390625,16.0,6400000.0,0.9409246575342465
1.0,8.0,1.0,1.0,1.0,1.0,35.0,32.0,0,0.5015625,32768.0,0.0625,6400000.0,0.5273919092465753
8.0,8.0,4.0,5.0,51.0,47.0,1713.0,6496.0,0,0.940625,0.0078125,128.0,6400000.0,0.9409246575342465
1.0,8.0,4.0,1.0,1.0,1.0,63.0,32.0,0,0.5015625,0.015625,1024.0,6400000.0,0.5273919092465753
1.0,8.0,2.0,1.0,1.0,1.0,39.0,32.0,0,0.5015625,0.000976562,2048.0,6400000.0,0.5273919092465753
1.0,8.0,1.0,1.0,1.0,1.0,35.0,32.0,0,0.5015625,128.0,8192.0,6400000.0,0.5273919092465753
1.0,8.0,4.0,1.0,1.0,1.0,63.0,32.0,0,0.5015625,0.03125,8192.0,6400000.0,0.5273919092465753
8.0,8.0,1.0,2.0,17.0,16.0,540.0,1536.0,0,0.6890625,256.0,64.0,6400000.0,0.6533696183953033
8.0,8.0,4.0,5.0,51.0,47.0,1713.0,6496.0,0,0.940625,0.0625,64.0,6400000.0,0.9409246575342465
1.0,8.0,2.0,1.0,1.0,1.0,39.0,32.0,0,0.5015625,0.0078125,512.0,6400000.0,0.5273919092465753
8.0,8.0,4.0,10.0,63.0,67.0,2042.0,9696.0,0,0.940625,0.03125,0.0078125,6400000.0,0.9409246575342465
8.0,8.0,2.0,4.0,32.0,29.0,1008.0,3616.0,0,0.9078125,0.000976562,2.0,6400000.0,0.9033657962328766
1.0,8.0,4.0,1.0,1.0,1.0,63.0,32.0,0,0.5015625,32.0,4096.0,6400000.0,0.5273919092465753
8.0,8.0,2.0,4.0,32.0,29.0,1008.0,3616.0,0,0.9078125,4.0,16.0,6400000.0,0.9033657962328766
8.0,8.0,4.0,9.0,66.0,66.0,2143.0,9536.0,0,0.940625,0.03125,8.0,6400000.0,0.9409246575342465
8.0,8.0,4.0,10.0,63.0,67.0,2042.0,9696.0,0,0.940625,0.125,0.0,6400000.0,0.9409246575342465
8.0,8.0,4.0,10.0,63.0,67.0,2042.0,9696.0,0,0.940625,0.0625,0.0625,6400000.0,0.9409246575342465
8.0,8.0,2.0,4.0,32.0,29.0,1008.0,3616.0,0,0.9078125,0.015625,0.00390625,6400000.0,0.9033657962328766
8.0,8.0,2.0,4.0,32.0,29.0,1008.0,3616.0,0,0.9078125,0.125,1.0,6400000.0,0.9033657962328766
8.0,8.0,2.0,4.0,32.0,29.0,1008.0,3616.0,0,0.9078125,0.015625,4.0,6400000.0,0.9033657962328766
8.0,8.0,4.0,5.0,51.0,47.0,1713.0,6496.0,0,0.940625,64.0,0.03125,6400000.0,0.9409246575342465
8.0,8.0,1.0,3.0,18.0,16.0,551.0,1536.0,0,0.6890625,256.0,0.0625,6400000.0,0.6533696183953033
8.0,8.0,4.0,10.0,63.0,67.0,2042.0,9696.0,0,0.940625,0.125,0.5,6400000.0,0.9409246575342465
1.0,8.0,1.0,1.0,1.0,1.0,35.0,32.0,0,0.5015625,32768.0,64.0,6400000.0,0.5273919092465753
8.0,8.0,2.0,4.0,32.0,29.0,1008.0,3616.0,0,0.9078125,0.125,0.000976562,6400000.0,0.9033657962328766
1.0,8.0,2.0,1.0,1.0,1.0,39.0,32.0,0,0.5015625,4.0,16384.0,6400000.0,0.5273919092465753
1.0,8.0,4.0,1.0,1.0,1.0,63.0,32.0,0,0.5015625,2048.0,0.25,6400000.0,0.5273919092465753
1.0,8.0,4.0,1.0,1.0,1.0,63.0,32.0,0,0.5015625,2048.0,256.0,6400000.0,0.5273919092465753
1.0,8.0,4.0,1.0,1.0,1.0,63.0,32.0,0,0.5015625,0.125,512.0,6400000.0,0.5273919092465753
8.0,8.0,4.0,10.0,63.0,67.0,2042.0,9696.0,0,0.940625,0.5,0.03125,6400000.0,0.9409246575342465
8.0,8.0,4.0,10.0,68.0,67.0,2202.0,9696.0,0,0.940625,1.0,0.25,6400000.0,0.9409246575342465
8.0,8.0,4.0,5.0,51.0,47.0,1713.0,6496.0,0,0.940625,64.0,32.0,6400000.0,0.9409246575342465
8.0,8.0,4.0,10.0,63.0,67.0,2042.0,9696.0,0,0.940625,0.25,0.00390625,6400000.0,0.9409246575342465
1.0,8.0,4.0,1.0,1.0,1.0,63.0,32.0,0,0.5015625,0.25,4096.0,6400000.0,0.5273919092465753
8.0,8.0,4.0,9.0,67.0,67.0,2176.0,9696.0,0,0.940625,0.25,4.0,6400000.0,0.9409246575342465
8.0,8.0,4.0,6.0,54.0,49.0,1805.0,6816.0,0,0.940625,0.5,32.0,6400000.0,0.9409246575342465
1.0,8.0,2.0,1.0,1.0,1.0,39.0,32.0,0,0.5015625,0.125,1024.0,6400000.0,0.5273919092465753
8.0,8.0,2.0,4.0,32.0,29.0,1008.0,3616.0,0,0.9078125,8.0,0.125,6400000.0,0.9033657962328766
1.0,8.0,4.0,1.0,1.0,1.0,63.0,32.0,0,0.5015625,0.5,32768.0,6400000.0,0.5273919092465753
1.0,8.0,4.0,1.0,1.0,1.0,63.0,32.0,0,0.5015625,64.0,32768.0,6400000.0,0.5273919092465753
8.0,8.0,2.0,4.0,32.0,29.0,1008.0,3616.0,0,0.9078125,0.00195312,0.015625,6400000.0,0.9033657962328766
8.0,8.0,2.0,4.0,31.0,28.0,975.0,3456.0,0,0.9078125,8.0,128.0,6400000.0,0.9033657962328766
8.0,8.0,4.0,5.0,51.0,47.0,1713.0,6496.0,0,0.940625,128.0,0.25,6400000.0,0.9409246575342465
1.0,8.0,2.0,1.0,1.0,1.0,39.0,32.0,0,0.5015625,0.015625,4096.0,6400000.0,0.5273919092465753
8.0,8.0,4.0,9.0,67.0,67.0,2176.0,9696.0,0,0.940625,2.0,0.00195312,6400000.0,0.9409246575342465
1.0,8.0,4.0,1.0,1.0,1.0,63.0,32.0,0,0.5015625,4096.0,0.00195312,6400000.0,0.5273919092465753
8.0,8.0,2.0,4.0,32.0,29.0,1008.0,3616.0,0,0.9078125,16.0,0.000976562,6400000.0,0.9033657962328766
8.0,8.0,2.0,4.0,32.0,29.0,1008.0,3616.0,0,0.9078125,16.0,1.0,6400000.0,0.9033657962328766
8.0,8.0,4.0,5.0,51.0,47.0,1713.0,6496.0,0,0.940625,1.0,256.0,6400000.0,0.9033657962328766
8.0,8.0,2.0,4.0,32.0,29.0,1008.0,3616.0,0,0.9078125,0.25,0.0078125,6400000.0,0.9033657962328766
1.0,8.0,4.0,1.0,1.0,1.0,63.0,32.0,0,0.5015625,2.0,2048.0,6400000.0,0.5273919092465753
1.0,8.0,4.0,1.0,1.0,1.0,63.0,32.0,0,0.5015625,512.0,8192.0,6400000.0,0.5273919092465753
8.0,8.0,4.0,9.0,67.0,67.0,2176.0,9696.0,0,0.940625,2.0,2.0,6400000.0,0.9409246575342465
1.0,8.0,2.0,1.0,1.0,1.0,39.0,32.0,0,0.5015625,0.00195312,16384.0,6400000.0,0.5273919092465753
1.0,8.0,2.0,1.0,1.0,1.0,39.0,32.0,0,0.5015625,0.25,8192.0,6400000.0,0.5273919092465753
8.0,8.0,2.0,4.0,32.0,29.0,1008.0,3616.0,0,0.9078125,0.25,8.0,6400000.0,0.9033657962328766
8.0,8.0,4.0,9.0,67.0,67.0,2176.0,9696.0,0,0.940625,4.0,0.015625,6400000.0,0.9409246575342465
8.0,8.0,2.0,4.0,32.0,29.0,1008.0,3616.0,0,0.9078125,0.00195312,16.0,6400000.0,0.9033657962328766
1.0,8.0,2.0,1.0,1.0,1.0,39.0,32.0,0,0.5015625,32.0,8192.0,6400000.0,0.5273919092465753
8.0,8.0,2.0,4.0,32.0,29.0,1008.0,3616.0,0,0.9078125,32.0,0.0078125,6400000.0,0.9033657962328766
1.0,8.0,2.0,1.0,1.0,1.0,39.0,32.0,0,0.5015625,16.0,1024.0,6400000.0,0.5273919092465753
8.0,8.0,2.0,4.0,32.0,29.0,1008.0,3616.0,0,0.9078125,32.0,8.0,6400000.0,0.9033657962328766
1.0,8.0,4.0,1.0,1.0,1.0,63.0,32.0,0,0.5015625,4.0,16384.0,6400000.0,0.5273919092465753
8.0,8.0,2.0,4.0,32.0,29.0,1008.0,3616.0,0,0.9078125,0.03125,0.03125,6400000.0,0.9033657962328766
8.0,8.0,2.0,4.0,32.0,29.0,1008.0,3616.0,0,0.9078125,64.0,0.0625,6400000.0,0.9033657962328766
8.0,8.0,2.0,6.0,34.0,31.0,1035.0,3936.0,0,0.9078125,0.0,0.0,6400000.0,0.9033657962328766
8.0,8.0,2.0,4.0,32.0,29.0,1008.0,3616.0,0,0.9078125,128.0,0.0,6400000.0,0.9033657962328766
1.0,8.0,1.0,1.0,1.0,1.0,35.0,32.0,0,0.5015625,512.0,0.0,6400000.0,0.5273919092465753
8.0,8.0,4.0,9.0,66.0,66.0,2143.0,9536.0,0,0.940625,8.0,0.125,6400000.0,0.9409246575342465
8.0,8.0,2.0,4.0,32.0,29.0,1008.0,3616.0,0,0.9078125,64.0,64.0,6400000.0,0.9033657962328766
1.0,8.0,4.0,1.0,1.0,1.0,63.0,32.0,0,0.5015625,4096.0,2.0,6400000.0,0.5273919092465753
8.0,8.0,4.0,6.0,55.0,51.0,1839.0,7136.0,0,0.940625,4.0,16.0,6400000.0,0.9409246575342465
8.0,8.0,2.0,4.0,32.0,29.0,1008.0,3616.0,0,0.9078125,0.0,0.5,6400000.0,0.9033657962328766
1.0,8.0,4.0,1.0,1.0,1.0,63.0,32.0,0,0.5015625,1024.0,0.0625,6400000.0,0.5273919092465753
1.0,8.0,2.0,1.0,1.0,1.0,39.0,32.0,0,0.5015625,512.0,32.0,6400000.0,0.5273919092465753
8.0,8.0,4.0,5.0,51.0,47.0,1713.0,6496.0,0,0.940625,8.0,128.0,6400000.0,0.9409246575342465
8.0,8.0,2.0,4.0,32.0,29.0,1008.0,3616.0,0,0.9078125,128.0,0.5,6400000.0,0.9033657962328766
1.0,8.0,2.0,1.0,1.0,1.0,39.0,32.0,0,0.5015625,512.0,0.03125,6400000.0,0.5273919092465753
1.0,8.0,2.0,1.0,1.0,1.0,39.0,32.0,0,0.5015625,512.0,32768.0,6400000.0,0.5273919092465753
8.0,8.0,2.0,4.0,29.0,26.0,909.0,3136.0,0,0.9078125,256.0,0.00390625,6400000.0,0.8262620780332682
1.0,8.0,2.0,1.0,1.0,1.0,39.0,32.0,0,0.5015625,256.0,4096.0,6400000.0,0.5273919092465753
8.0,8.0,2.0,4.0,32.0,29.0,1008.0,3616.0,0,0.9078125,0.5,0.0625,6400000.0,0.9033657962328766
8.0,8.0,2.0,4.0,29.0,26.0,909.0,3136.0,0,0.9078125,256.0,4.0,6400000.0,0.8262620780332682
1.0,8.0,4.0,1.0,1.0,1.0,63.0,32.0,0,0.5015625,4096.0,2048.0,6400000.0,0.5273919092465753
1.0,8.0,2.0,1.0,1.0,1.0,39.0,32.0,0,0.5015625,128.0,512.0,6400000.0,0.5273919092465753
8.0,8.0,2.0,4.0,32.0,29.0,1008.0,3616.0,0,0.9078125,0.5,64.0,6400000.0,0.9033657962328766
1.0,8.0,1.0,1.0,1.0,1.0,35.0,32.0,0,0.5015625,512.0,512.0,6400000.0,0.5273919092465753
1.0,8.0,2.0,1.0,1.0,1.0,39.0,32.0,0,0.5015625,1024.0,256.0,6400000.0,0.5273919092465753
1.0,8.0,1.0,1.0,1.0,1.0,35.0,32.0,0,0.5015625,512.0,0.5,6400000.0,0.5273919092465753
1.0,8.0,1.0,1.0,1.0,1.0,35.0,32.0,0,0.5015625,1024.0,0.00390625,6400000.0,0.5273919092465753
1.0,8.0,1.0,1.0,1.0,1.0,35.0,32.0,0,0.5015625,1024.0,4096.0,6400000.0,0.5273919092465753
1.0,8.0,2.0,1.0,1.0,1.0,39.0,32.0,0,0.5015625,1024.0,0.25,6400000.0,0.5273919092465753
1.0,8.0,4.0,1.0,1.0,1.0,63.0,32.0,0,0.5015625,8192.0,16.0,6400000.0,0.5273919092465753
1.0,8.0,4.0,1.0,1.0,1.0,63.0,32.0,0,0.5015625,8192.0,0.015625,6400000.0,0.5273919092465753
8.0,8.0,2.0,4.0,32.0,29.0,1008.0,3616.0,0,0.9078125,0.00390625,0.125,6400000.0,0.9033657962328766
1.0,8.0,2.0,1.0,1.0,1.0,39.0,32.0,0,0.5015625,2048.0,0.00195312,6400000.0,0.5273919092465753
1.0,8.0,4.0,1.0,1.0,1.0,63.0,32.0,0,0.5015625,8192.0,16384.0,6400000.0,0.5273919092465753
1.0,8.0,4.0,1.0,1.0,1.0,63.0,32.0,0,0.5015625,1024.0,64.0,6400000.0,0.5273919092465753
8.0,8.0,2.0,4.0,32.0,29.0,1008.0,3616.0,0,0.9078125,1.0,0.5,6400000.0,0.9033657962328766
8.0,8.0,4.0,4.0,42.0,39.0,1438.0,5216.0,0,0.9078125,128.0,256.0,6400000.0,0.9033657962328766
8.0,8.0,4.0,6.0,56.0,52.0,1872.0,7296.0,0,0.940625,16.0,0.000976562,6400000.0,0.9409246575342465
8.0,8.0,2.0,4.0,32.0,29.0,1008.0,3616.0,0,0.9078125,1.0,0.0,6400000.0,0.9033657962328766
1.0,8.0,2.0,1.0,1.0,1.0,39.0,32.0,0,0.5015625,2048.0,2.0,6400000.0,0.5273919092465753
1.0,8.0,2.0,1.0,1.0,1.0,39.0,32.0,0,0.5015625,2048.0,2048.0,6400000.0,0.5273919092465753
1.0,8.0,4.0,1.0,1.0,1.0,63.0,32.0,0,0.5015625,16384.0,0.125,6400000.0,0.5273919092465753
1.0,8.0,1.0,1.0,1.0,1.0,35.0,32.0,0,0.5015625,1024.0,4.0,6400000.0,0.5273919092465753
1.0,8.0,1.0,1.0,1.0,1.0,35.0,32.0,0,0.5015625,2048.0,0.03125,6400000.0,0.5273919092465753
8.0,8.0,4.0,6.0,56.0,52.0,1872.0,7296.0,0,0.940625,16.0,1.0,6400000.0,0.9409246575342465
1.0,8.0,2.0,1.0,1.0,1.0,39.0,32.0,0,0.5015625,4096.0,0.015625,6400000.0,0.5273919092465753
1.0,8.0,4.0,1.0,1.0,1.0,63.0,32.0,0,0.5015625,32768.0,0.000976562,6400000.0,0.5273919092465753
1.0,8.0,4.0,1.0,1.0,1.0,63.0,32.0,0,0.5015625,16384.0,128.0,6400000.0,0.5273919092465753
1.0,8.0,2.0,1.0,1.0,1.0,39.0,32.0,0,0.5015625,4096.0,16.0,6400000.0,0.5273919092465753
1.0,8.0,2.0,1.0,1.0,1.0,39.0,32.0,0,0.5015625,1.0,512.0,6400000.0,0.5273919092465753
1.0,8.0,4.0,1.0,1.0,1.0,63.0,32.0,0,0.5015625,32768.0,1.0,6400000.0,0.5273919092465753
1.0,8.0,2.0,1.0,1.0,1.0,39.0,32.0,0,0.5015625,8192.0,0.125,6400000.0,0.5273919092465753
1.0,8.0,2.0,1.0,1.0,1.0,39.0,32.0,0,0.5015625,0.03125,32768.0,6400000.0,0.5273919092465753
1.0,8.0,2.0,1.0,1.0,1.0,39.0,32.0,0,0.5015625,4096.0,16384.0,6400000.0,0.5273919092465753
8.0,8.0,2.0,4.0,32.0,29.0,1008.0,3616.0,0,0.9078125,0.0078125,0.000976562,6400000.0,0.9033657962328766
1.0,8.0,1.0,1.0,1.0,1.0,35.0,32.0,0,0.5015625,4096.0,256.0,6400000.0,0.5273919092465753
1.0,8.0,2.0,1.0,1.0,1.0,39.0,32.0,0,0.5015625,8192.0,128.0,6400000.0,0.5273919092465753
8.0,8.0,2.0,4.0,32.0,29.0,1008.0,3616.0,0,0.9078125,2.0,0.00390625,6400000.0,0.9033657962328766
8.0,8.0,2.0,4.0,32.0,29.0,1008.0,3616.0,0,0.9078125,0.00390625,128.0,6400000.0,0.9033657962328766
1.0,8.0,4.0,1.0,1.0,1.0,63.0,32.0,0,0.5015625,16.0,1024.0,6400000.0,0.5273919092465753
1.0,8.0,2.0,1.0,1.0,1.0,39.0,32.0,0,0.5015625,16384.0,0.000976562,6400000.0,0.5273919092465753
8.0,8.0,2.0,4.0,32.0,29.0,1008.0,3616.0,0,0.9078125,0.03125,32.0,6400000.0,0.9033657962328766
1.0,8.0,2.0,1.0,1.0,1.0,39.0,32.0,0,0.5015625,16384.0,1024.0,6400000.0,0.5273919092465753
8.0,8.0,4.0,5.0,51.0,47.0,1713.0,6496.0,0,0.940625,256.0,0.00195312,6400000.0,0.9033657962328766
1.0,8.0,1.0,1.0,1.0,1.0,35.0,32.0,0,0.5015625,2048.0,32768.0,6400000.0,0.5273919092465753
1.0,8.0,1.0,1.0,1.0,1.0,35.0,32.0,0,0.5015625,2048.0,32.0,6400000.0,0.5273919092465753
1.0,8.0,1.0,1.0,1.0,1.0,35.0,32.0,0,0.5015625,4096.0,0.25,6400000.0,0.5273919092465753
1.0,8.0,2.0,1.0,1.0,1.0,39.0,32.0,0,0.5015625,32768.0,0.0078125,6400000.0,0.5273919092465753
1.0,8.0,2.0,1.0,1.0,1.0,39.0,32.0,0,0.5015625,32768.0,8192.0,6400000.0,0.5273919092465753
1.0,8.0,4.0,1.0,1.0,1.0,63.0,32.0,0,0.5015625,32768.0,1024.0,6400000.0,0.5273919092465753
1.0,8.0,2.0,1.0,1.0,1.0,39.0,32.0,0,0.5015625,2.0,4096.0,6400000.0,0.5273919092465753
8.0,8.0,4.0,11.0,63.0,67.0,2021.0,9696.0,0,0.940625,0.000976562,0.0,6400000.0,0.9409246575342465
8.0,8.0,4.0,5.0,51.0,47.0,1713.0,6496.0,0,0.940625,256.0,2.0,6400000.0,0.9033657962328766
1.0,8.0,2.0,1.0,1.0,1.0,39.0,32.0,0,0.5015625,16384.0,1.0,6400000.0,0.5273919092465753
1.0,8.0,2.0,1.0,1.0,1.0,39.0,32.0,0,0.5015625,32768.0,8.0,6400000.0,0.5273919092465753
1.0,8.0,1.0,1.0,1.0,1.0,35.0,32.0,0,0.5015625,8192.0,2048.0,6400000.0,0.5273919092465753
8.0,8.0,2.0,4.0,32.0,29.0,1008.0,3616.0,0,0.9078125,0.0625,0.25,6400000.0,0.9033657962328766
8.0,8.0,2.0,4.0,32.0,29.0,1008.0,3616.0,0,0.9078125,2.0,4.0,6400000.0,0.9033657962328766
8.0,8.0,4.0,10.0,63.0,67.0,2042.0,9696.0,0,0.940625,0.000976562,0.5,6400000.0,0.9409246575342465
8.0,8.0,2.0,4.0,32.0,29.0,1008.0,3616.0,0,0.9078125,0.0078125,1.0,6400000.0,0.9033657962328766
8.0,8.0,4.0,5.0,51.0,47.0,1713.0,6496.0,0,0.940625,0.0,64.0,6400000.0,0.9409246575342465
1.0,8.0,1.0,1.0,1.0,1.0,35.0,32.0,0,0.5015625,8192.0,2.0,6400000.0,0.5273919092465753
8.0,8.0,8.0,19.0,147.0,193.0,7578.0,29856.0,0,0.9640625,0.0,0.0078125,6400000.0,0.9628371147260273
8.0,8.0,4.0,6.0,54.0,49.0,1805.0,6816.0,0,0.940625,32.0,0.0078125,6400000.0,0.9409246575342465
1.0,8.0,2.0,1.0,1.0,1.0,39.0,32.0,0,0.5015625,0.0,512.0,6400000.0,0.5273919092465753
1.0,8.0,1.0,1.0,1.0,1.0,35.0,32.0,0,0.5015625,8192.0,0.00195312,6400000.0,0.5273919092465753
8.0,8.0,4.0,10.0,63.0,67.0,2042.0,9696.0,0,0.940625,0.0,0.0625,6400000.0,0.9409246575342465
1.0,8.0,1.0,1.0,1.0,1.0,35.0,32.0,0,0.5015625,16384.0,0.015625,6400000.0,0.5273919092465753
8.0,8.0,8.0,12.0,121.0,187.0,6632.0,28896.0,0,0.959375,0.0,8.0,6400000.0,0.9581404415362036
8.0,8.0,4.0,11.0,63.0,67.0,2021.0,9696.0,0,0.940625,0.00195312,0.00390625,6400000.0,0.9409246575342465
8.0,8.0,2.0,4.0,29.0,26.0,909.0,3136.0,0,0.9078125,0.0625,256.0,6400000.0,0.8262620780332682
1.0,8.0,4.0,1.0,1.0,1.0,63.0,32.0,0,0.5015625,0.00195312,4096.0,6400000.0,0.5273919092465753
1.0,8.0,4.0,1.0,1.0,1.0,63.0,32.0,0,0.5015625,0.000976562,512.0,6400000.0,0.5273919092465753
8.0,8.0,4.0,9.0,67.0,67.0,2176.0,9696.0,0,0.940625,0.00195312,4.0,6400000.0,0.9409246575342465
8.0,8.0,2.0,4.0,32.0,29.0,1008.0,3616.0,0,0.9078125,0.000976562,0.00390625,6400000.0,0.9033657962328766
1.0,8.0,4.0,1.0,1.0,1.0,63.0,32.0,0,0.5015625,0.00390625,32768.0,6400000.0,0.5273919092465753
8.0,8.0,4.0,6.0,54.0,49.0,1805.0,6816.0,0,0.940625,32.0,8.0,6400000.0,0.9409246575342465
1.0,8.0,4.0,1.0,1.0,1.0,63.0,32.0,0,0.5015625,512.0,0.015625,6400000.0,0.5273919092465753
1.0,8.0,4.0,1.0,1.0,1.0,63.0,32.0,0,0.5015625,2048.0,0.0,6400000.0,0.5273919092465753
1.0,8.0,4.0,1.0,1.0,1.0,63.0,32.0,0,0.5015625,256.0,2048.0,6400000.0,0.5273919092465753
1.0,8.0,1.0,1.0,1.0,1.0,35.0,32.0,0,0.5015625,16384.0,16384.0,6400000.0,0.5273919092465753
8.0,8.0,2.0,4.0,32.0,29.0,1008.0,3616.0,0,0.9078125,4.0,0.03125,6400000.0,0.9033657962328766
8.0,8.0,4.0,10.0,63.0,67.0,2042.0,9696.0,0,0.940625,0.00390625,0.03125,6400000.0,0.9409246575342465
8.0,8.0,4.0,6.0,54.0,49.0,1805.0,6816.0,0,0.940625,0.00390625,32.0,6400000.0,0.9409246575342465
1.0,8.0,4.0,1.0,1.0,1.0,63.0,32.0,0,0.5015625,512.0,16.0,6400000.0,0.5273919092465753
8.0,8.0,4.0,10.0,63.0,67.0,2042.0,9696.0,0,0.940625,0.0078125,0.25,6400000.0,0.9409246575342465
1.0,8.0,1.0,1.0,1.0,1.0,35.0,32.0,0,0.5015625,16384.0,16.0,6400000.0,0.5273919092465753
1.0,8.0,1.0,1.0,1.0,1.0,35.0,32.0,0,0.5015625,32768.0,0.125,6400000.0,0.5273919092465753
8.0,8.0,4.0,10.0,63.0,67.0,2042.0,9696.0,0,0.940625,0.015625,0.00195312,6400000.0,0.9409246575342465
8.0,8.0,4.0,9.0,67.0,67.0,2176.0,9696.0,0,0.940625,0.015625,2.0,6400000.0,0.9409246575342465
8.0,8.0,4.0,5.0,51.0,47.0,1713.0,6496.0,0,0.940625,0.0078125,256.0,6400000.0,0.9033657962328766
1.0,8.0,2.0,1.0,1.0,1.0,39.0,32.0,0,0.5015625,0.000976562,4096.0,6400000.0,0.5273919092465753
1.0,8.0,8.0,1.0,1.0,1.0,543.0,32.0,0,0.5015625,0.0,8192.0,6400000.0,0.5273919092465753
8.0,8.0,4.0,10.0,63.0,67.0,2042.0,9696.0,0,0.940625,0.03125,0.015625,6400000.0,0.9409246575342465
1.0,8.0,4.0,1.0,1.0,1.0,63.0,32.0,0,0.5015625,0.015625,2048.0,6400000.0,0.5273919092465753
1.0,8.0,2.0,1.0,1.0,1.0,39.0,32.0,0,0.5015625,0.0078125,1024.0,6400000.0,0.5273919092465753
8.0,8.0,4.0,5.0,51.0,47.0,1713.0,6496.0,0,0.940625,0.0625,128.0,6400000.0,0.9409246575342465
8.0,8.0,8.0,19.0,147.0,193.0,7578.0,29856.0,0,0.9640625,0.000976562,0.0625,6400000.0,0.9628371147260273
8.0,8.0,2.0,4.0,32.0,29.0,1008.0,3616.0,0,0.9078125,0.015625,0.0078125,6400000.0,0.9033657962328766
1.0,8.0,4.0,1.0,1.0,1.0,63.0,32.0,0,0.5015625,32.0,8192.0,6400000.0,0.5273919092465753
8.0,8.0,4.0,10.0,63.0,67.0,2042.0,9696.0,0,0.940625,0.0625,0.125,6400000.0,0.9409246575342465
1.0,8.0,4.0,1.0,1.0,1.0,63.0,32.0,0,0.5015625,0.03125,16384.0,6400000.0,0.5273919092465753
8.0,8.0,2.0,4.0,32.0,29.0,1008.0,3616.0,0,0.9078125,0.000976562,4.0,6400000.0,0.9033657962328766
8.0,8.0,4.0,10.0,63.0,67.0,2042.0,9696.0,0,0.940625,0.125,0.000976562,6400000.0,0.9409246575342465
8.0,8.0,2.0,4.0,32.0,29.0,1008.0,3616.0,0,0.9078125,4.0,32.0,6400000.0,0.9033657962328766
8.0,8.0,2.0,4.0,32.0,29.0,1008.0,3616.0,0,0.9078125,0.125,2.0,6400000.0,0.9033657962328766
8.0,8.0,4.0,6.0,56.0,52.0,1872.0,7296.0,0,0.940625,0.03125,16.0,6400000.0,0.9409246575342465
8.0,8.0,2.0,4.0,32.0,29.0,1008.0,3616.0,0,0.9078125,0.015625,8.0,6400000.0,0.9033657962328766
1.0,8.0,1.0,1.0,1.0,1.0,35.0,32.0,0,0.5015625,32768.0,128.0,6400000.0,0.5273919092465753
8.0,8.0,4.0,10.0,70.0,67.0,2266.0,9696.0,0,0.940625,0.125,1.0,6400000.0,0.9409246575342465
8.0,8.0,8.0,8.0,66.0,67.0,4356.0,9696.0,0,0.940625,0.000976562,64.0,6400000.0,0.9409246575342465
8.0,8.0,2.0,4.0,32.0,29.0,1008.0,3616.0,0,0.9078125,0.125,0.00195312,6400000.0,0.9033657962328766
1.0,8.0,4.0,1.0,1.0,1.0,63.0,32.0,0,0.5015625,2048.0,0.5,6400000.0,0.5273919092465753
1.0,8.0,4.0,1.0,1.0,1.0,63.0,32.0,0,0.5015625,2048.0,512.0,6400000.0,0.5273919092465753
1.0,8.0,4.0,1.0,1.0,1.0,63.0,32.0,0,0.5015625,0.125,1024.0,6400000.0,0.5273919092465753
1.0,8.0,2.0,1.0,1.0,1.0,39.0,32.0,0,0.5015625,4.0,32768.0,6400000.0,0.5273919092465753
8.0,8.0,4.0,10.0,63.0,67.0,2042.0,9696.0,0,0.940625,0.5,0.0625,6400000.0,0.9409246575342465
8.0,8.0,4.0,9.0,67.0,67.0,2176.0,9696.0,0,0.940625,1.0,0.5,6400000.0,0.9409246575342465
8.0,8.0,4.0,5.0,51.0,47.0,1713.0,6496.0,0,0.940625,64.0,64.0,6400000.0,0.9409246575342465
8.0,8.0,4.0,5.0,51.0,47.0,1713.0,6496.0,0,0.940625,64.0,0.0625,6400000.0,0.9409246575342465
1.0,8.0,4.0,1.0,1.0,1.0,63.0,32.0,0,0.5015625,0.25,8192.0,6400000.0,0.5273919092465753
8.0,8.0,4.0,10.0,63.0,67.0,2042.0,9696.0,0,0.940625,0.25,0.0078125,6400000.0,0.9409246575342465
1.0,8.0,2.0,1.0,1.0,1.0,39.0,32.0,0,0.5015625,0.125,2048.0,6400000.0,0.5273919092465753
8.0,8.0,4.0,9.0,64.0,66.0,2079.0,9536.0,0,0.940625,0.25,8.0,6400000.0,0.9409246575342465
8.0,8.0,2.0,4.0,32.0,29.0,1008.0,3616.0,0,0.9078125,8.0,0.25,6400000.0,0.9033657962328766
8.0,8.0,4.0,5.0,51.0,47.0,1713.0,6496.0,0,0.940625,0.5,64.0,6400000.0,0.9409246575342465
8.0,8.0,4.0,10.0,63.0,67.0,2042.0,9696.0,0,0.940625,1.0,0.0,6400000.0,0.9409246575342465
8.0,8.0,2.0,4.0,32.0,29.0,1008.0,3616.0,0,0.9078125,0.00195312,0.03125,6400000.0,0.9033657962328766
8.0,8.0,2.0,4.0,29.0,26.0,909.0,3136.0,0,0.9078125,8.0,256.0,6400000.0,0.8262620780332682
8.0,8.0,4.0,5.0,51.0,47.0,1713.0,6496.0,0,0.940625,128.0,0.0,6400000.0,0.9409246575342465
8.0,8.0,4.0,9.0,67.0,67.0,2176.0,9696.0,0,0.940625,2.0,0.00390625,6400000.0,0.9409246575342465
8.0,8.0,4.0,5.0,51.0,47.0,1713.0,6496.0,0,0.940625,128.0,0.5,6400000.0,0.9409246575342465
1.0,8.0,4.0,1.0,1.0,1.0,63.0,32.0,0,0.5015625,512.0,16384.0,6400000.0,0.5273919092465753
1.0,8.0,2.0,1.0,1.0,1.0,39.0,32.0,0,0.5015625,0.015625,8192.0,6400000.0,0.5273919092465753
8.0,8.0,2.0,4.0,32.0,29.0,1008.0,3616.0,0,0.9078125,16.0,0.00195312,6400000.0,0.9033657962328766
1.0,8.0,4.0,1.0,1.0,1.0,63.0,32.0,0,0.5015625,2.0,4096.0,6400000.0,0.5273919092465753
1.0,8.0,4.0,1.0,1.0,1.0,63.0,32.0,0,0.5015625,4096.0,0.00390625,6400000.0,0.5273919092465753
8.0,8.0,2.0,4.0,32.0,29.0,1008.0,3616.0,0,0.9078125,0.25,0.015625,6400000.0,0.9033657962328766
1.0,8.0,4.0,1.0,1.0,1.0,63.0,32.0,0,0.5015625,1.0,512.0,6400000.0,0.5273919092465753
1.0,8.0,2.0,1.0,1.0,1.0,39.0,32.0,0,0.5015625,0.25,16384.0,6400000.0,0.5273919092465753
8.0,8.0,2.0,4.0,32.0,29.0,1008.0,3616.0,0,0.9078125,16.0,2.0,6400000.0,0.9033657962328766
8.0,8.0,4.0,9.0,67.0,67.0,2176.0,9696.0,0,0.940625,2.0,4.0,6400000.0,0.9409246575342465
1.0,8.0,2.0,1.0,1.0,1.0,39.0,32.0,0,0.5015625,0.00195312,32768.0,6400000.0,0.5273919092465753
8.0,8.0,2.0,4.0,32.0,29.0,1008.0,3616.0,0,0.9078125,0.00195312,32.0,6400000.0,0.9033657962328766
8.0,8.0,2.0,4.0,32.0,29.0,1008.0,3616.0,0,0.9078125,0.25,16.0,6400000.0,0.9033657962328766
1.0,8.0,2.0,1.0,1.0,1.0,39.0,32.0,0,0.5015625,32.0,16384.0,6400000.0,0.5273919092465753
8.0,8.0,2.0,4.0,32.0,29.0,1008.0,3616.0,0,0.9078125,32.0,0.015625,6400000.0,0.9033657962328766
8.0,8.0,4.0,9.0,67.0,67.0,2176.0,9696.0,0,0.940625,4.0,0.03125,6400000.0,0.9409246575342465
8.0,8.0,2.0,4.0,32.0,29.0,1008.0,3616.0,0,0.9078125,0.03125,0.0625,6400000.0,0.9033657962328766
1.0,8.0,2.0,1.0,1.0,1.0,39.0,32.0,0,0.5015625,16.0,2048.0,6400000.0,0.5273919092465753
8.0,8.0,2.0,4.0,32.0,29.0,1008.0,3616.0,0,0.9078125,32.0,16.0,6400000.0,0.9033657962328766
8.0,8.0,2.0,4.0,30.0,27.0,942.0,3296.0,0,0.9078125,64.0,128.0,6400000.0,0.9033657962328766
1.0,8.0,4.0,1.0,1.0,1.0,63.0,32.0,0,0.5015625,4.0,32768.0,6400000.0,0.5273919092465753
8.0,8.0,2.0,4.0,32.0,29.0,1008.0,3616.0,0,0.9078125,64.0,0.125,6400000.0,0.9033657962328766
8.0,8.0,2.0,4.0,32.0,29.0,1008.0,3616.0,0,0.9078125,0.0,0.000976562,6400000.0,0.9033657962328766
8.0,8.0,2.0,4.0,32.0,29.0,1008.0,3616.0,0,0.9078125,128.0,0.000976562,6400000.0,0.9033657962328766
8.0,8.0,4.0,9.0,64.0,66.0,2079.0,9536.0,0,0.940625,8.0,0.25,6400000.0,0.9409246575342465
1.0,8.0,4.0,1.0,1.0,1.0,63.0,32.0,0,0.5015625,4096.0,4.0,6400000.0,0.5273919092465753
8.0,8.0,2.0,4.0,32.0,29.0,1008.0,3616.0,0,0.9078125,0.0,1.0,6400000.0,0.9033657962328766
8.0,8.0,8.0,19.0,147.0,193.0,7578.0,29856.0,0,0.9640625,0.00195312,0.0,6400000.0,0.9628371147260273
1.0,8.0,2.0,1.0,1.0,1.0,39.0,32.0,0,0.5015625,512.0,0.0625,6400000.0,0.5273919092465753
8.0,8.0,4.0,6.0,54.0,49.0,1805.0,6816.0,0,0.940625,4.0,32.0,6400000.0,0.9409246575342465
1.0,8.0,4.0,1.0,1.0,1.0,63.0,32.0,0,0.5015625,1024.0,0.125,6400000.0,0.5273919092465753
8.0,8.0,4.0,5.0,51.0,47.0,1713.0,6496.0,0,0.940625,8.0,256.0,6400000.0,0.9033657962328766
1.0,8.0,2.0,1.0,1.0,1.0,39.0,32.0,0,0.5015625,512.0,64.0,6400000.0,0.5273919092465753
8.0,8.0,2.0,4.0,32.0,29.0,1008.0,3616.0,0,0.9078125,128.0,1.0,6400000.0,0.9033657962328766
8.0,8.0,2.0,4.0,32.0,29.0,1008.0,3616.0,0,0.9078125,0.5,128.0,6400000.0,0.9033657962328766
8.0,8.0,2.0,4.0,29.0,26.0,909.0,3136.0,0,0.9078125,256.0,0.0078125,6400000.0,0.8262620780332682
8.0,8.0,2.0,4.0,32.0,29.0,1008.0,3616.0,0,0.9078125,0.5,0.125,6400000.0,0.9033657962328766
1.0,8.0,2.0,1.0,1.0,1.0,39.0,32.0,0,0.5015625,1024.0,0.0,6400000.0,0.5273919092465753
8.0,8.0,2.0,4.0,29.0,26.0,909.0,3136.0,0,0.9078125,256.0,8.0,6400000.0,0.8262620780332682
1.0,8.0,2.0,1.0,1.0,1.0,39.0,32.0,0,0.5015625,256.0,8192.0,6400000.0,0.5273919092465753
1.0,8.0,2.0,1.0,1.0,1.0,39.0,32.0,0,0.5015625,128.0,1024.0,6400000.0,0.5273919092465753
8.0,8.0,8.0,18.0,141.0,189.0,7403.0,29216.0,0,0.9640625,0.00195312,0.5,6400000.0,0.9628371147260273
1.0,8.0,2.0,1.0,1.0,1.0,39.0,32.0,0,0.5015625,1024.0,512.0,6400000.0,0.5273919092465753
1.0,8.0,4.0,1.0,1.0,1.0,63.0,32.0,0,0.5015625,4096.0,4096.0,6400000.0,0.5273919092465753
1.0,8.0,8.0,1.0,1.0,1.0,543.0,32.0,0,0.5015625,0.00195312,512.0,6400000.0,0.5273919092465753
8.0,8.0,2.0,4.0,32.0,29.0,1008.0,3616.0,0,0.9078125,0.00390625,0.25,6400000.0,0.9033657962328766
1.0,8.0,2.0,1.0,1.0,1.0,39.0,32.0,0,0.5015625,1024.0,0.5,6400000.0,0.5273919092465753
8.0,8.0,8.0,19.0,147.0,193.0,7578.0,29856.0,0,0.9640625,0.00390625,0.00390625,6400000.0,0.9628371147260273
8.0,8.0,8.0,15.0,125.0,179.0,6689.0,27616.0,0,0.9640625,0.00390625,4.0,6400000.0,0.9612715569960862
1.0,8.0,4.0,1.0,1.0,1.0,63.0,32.0,0,0.5015625,8192.0,0.03125,6400000.0,0.5273919092465753
1.0,8.0,4.0,1.0,1.0,1.0,63.0,32.0,0,0.5015625,8192.0,32.0,6400000.0,0.5273919092465753
8.0,8.0,2.0,4.0,32.0,29.0,1008.0,3616.0,0,0.9078125,1.0,1.0,6400000.0,0.9033657962328766
1.0,8.0,2.0,1.0,1.0,1.0,39.0,32.0,0,0.5015625,2048.0,0.00390625,6400000.0,0.5273919092465753
1.0,8.0,4.0,1.0,1.0,1.0,63.0,32.0,0,0.5015625,8192.0,32768.0,6400000.0,0.5273919092465753
1.0,8.0,2.0,1.0,1.0,1.0,39.0,32.0,0,0.5015625,2048.0,4.0,6400000.0,0.5273919092465753
1.0,8.0,4.0,1.0,1.0,1.0,63.0,32.0,0,0.5015625,1024.0,128.0,6400000.0,0.5273919092465753
8.0,8.0,4.0,6.0,56.0,52.0,1872.0,7296.0,0,0.940625,16.0,0.00195312,6400000.0,0.9409246575342465
8.0,8.0,4.0,6.0,55.0,51.0,1839.0,7136.0,0,0.940625,16.0,2.0,6400000.0,0.9409246575342465
1.0,8.0,4.0,1.0,1.0,1.0,63.0,32.0,0,0.5015625,128.0,512.0,6400000.0,0.5273919092465753
8.0,8.0,2.0,4.0,32.0,29.0,1008.0,3616.0,0,0.9078125,1.0,0.000976562,6400000.0,0.9033657962328766
1.0,8.0,4.0,1.0,1.0,1.0,63.0,32.0,0,0.5015625,16384.0,0.25,6400000.0,0.5273919092465753
1.0,8.0,2.0,1.0,1.0,1.0,39.0,32.0,0,0.5015625,2048.0,4096.0,6400000.0,0.5273919092465753
8.0,8.0,8.0,19.0,147.0,193.0,7578.0,29856.0,0,0.9640625,0.0078125,0.03125,6400000.0,0.9628371147260273
1.0,8.0,2.0,1.0,1.0,1.0,39.0,32.0,0,0.5015625,4096.0,0.03125,6400000.0,0.5273919092465753
1.0,8.0,4.0,1.0,1.0,1.0,63.0,32.0,0,0.5015625,32768.0,0.00195312,6400000.0,0.5273919092465753
1.0,8.0,8.0,1.0,1.0,1.0,543.0,32.0,0,0.5015625,0.00390625,4096.0,6400000.0,0.5273919092465753
1.0,8.0,2.0,1.0,1.0,1.0,39.0,32.0,0,0.5015625,1.0,1024.0,6400000.0,0.5273919092465753
1.0,8.0,2.0,1.0,1.0,1.0,39.0,32.0,0,0.5015625,4096.0,32.0,6400000.0,0.5273919092465753
1.0,8.0,2.0,1.0,1.0,1.0,39.0,32.0,0,0.5015625,4096.0,32768.0,6400000.0,0.5273919092465753
1.0,8.0,4.0,1.0,1.0,1.0,63.0,32.0,0,0.5015625,32768.0,2.0,6400000.0,0.5273919092465753
1.0,8.0,4.0,1.0,1.0,1.0,63.0,32.0,0,0.5015625,16384.0,256.0,6400000.0,0.5273919092465753
1.0,8.0,2.0,1.0,1.0,1.0,39.0,32.0,0,0.5015625,8192.0,0.25,6400000.0,0.5273919092465753
8.0,8.0,2.0,4.0,32.0,29.0,1008.0,3616.0,0,0.9078125,0.0625,0.0,6400000.0,0.9033657962328766
1.0,8.0,2.0,1.0,1.0,1.0,39.0,32.0,0,0.5015625,8192.0,256.0,6400000.0,0.5273919092465753
1.0,8.0,4.0,1.0,1.0,1.0,63.0,32.0,0,0.5015625,16.0,2048.0,6400000.0,0.5273919092465753
8.0,8.0,2.0,4.0,32.0,29.0,1008.0,3616.0,0,0.9078125,0.0078125,0.00195312,6400000.0,0.9033657962328766
8.0,8.0,2.0,4.0,32.0,29.0,1008.0,3616.0,0,0.9078125,2.0,0.0078125,6400000.0,0.9033657962328766
8.0,8.0,2.0,4.0,29.0,26.0,909.0,3136.0,0,0.9078125,0.00390625,256.0,6400000.0,0.8262620780332682
1.0,8.0,2.0,1.0,1.0,1.0,39.0,32.0,0,0.5015625,16384.0,2048.0,6400000.0,0.5273919092465753
8.0,8.0,8.0,8.0,99.0,132.0,5702.0,20096.0,0,0.959375,0.0078125,32.0,6400000.0,0.9597059992661447
1.0,8.0,2.0,1.0,1.0,1.0,39.0,32.0,0,0.5015625,16384.0,0.00195312,6400000.0,0.5273919092465753
1.0,8.0,8.0,1.0,1.0,1.0,543.0,32.0,0,0.5015625,0.0078125,32768.0,6400000.0,0.5273919092465753
8.0,8.0,2.0,4.0,32.0,29.0,1008.0,3616.0,0,0.9078125,0.03125,64.0,6400000.0,0.9033657962328766
8.0,8.0,4.0,5.0,51.0,47.0,1713.0,6496.0,0,0.940625,256.0,0.00390625,6400000.0,0.9033657962328766
8.0,8.0,8.0,18.0,141.0,189.0,7403.0,29216.0,0,0.9640625,0.015625,0.25,6400000.0,0.9628371147260273
1.0,8.0,2.0,1.0,1.0,1.0,39.0,32.0,0,0.5015625,2.0,8192.0,6400000.0,0.5273919092465753
1.0,8.0,2.0,1.0,1.0,1.0,39.0,32.0,0,0.5015625,32768.0,0.015625,6400000.0,0.5273919092465753
1.0,8.0,2.0,1.0,1.0,1.0,39.0,32.0,0,0.5015625,32768.0,16384.0,6400000.0,0.5273919092465753
1.0,8.0,4.0,1.0,1.0,1.0,63.0,32.0,0,0.5015625,32768.0,2048.0,6400000.0,0.5273919092465753
8.0,8.0,4.0,5.0,51.0,47.0,1713.0,6496.0,0,0.940625,256.0,4.0,6400000.0,0.9033657962328766
8.0,8.0,4.0,11.0,63.0,67.0,2021.0,9696.0,0,0.940625,0.000976562,0.000976562,6400000.0,0.9409246575342465
8.0,8.0,2.0,4.0,32.0,29.0,1008.0,3616.0,0,0.9078125,2.0,8.0,6400000.0,0.9033657962328766
1.0,8.0,2.0,1.0,1.0,1.0,39.0,32.0,0,0.5015625,16384.0,2.0,6400000.0,0.5273919092465753
8.0,8.0,2.0,4.0,32.0,29.0,1008.0,3616.0,0,0.9078125,0.0625,0.5,6400000.0,0.9033657962328766
1.0,8.0,2.0,1.0,1.0,1.0,39.0,32.0,0,0.5015625,32768.0,16.0,6400000.0,0.5273919092465753
8.0,8.0,4.0,10.0,63.0,67.0,2042.0,9696.0,0,0.940625,0.000976562,1.0,6400000.0,0.9409246575342465
8.0,8.0,4.0,5.0,51.0,47.0,1713.0,6496.0,0,0.940625,0.0,128.0,6400000.0,0.9409246575342465
8.0,8.0,2.0,4.0,32.0,29.0,1008.0,3616.0,0,0.9078125,0.0078125,2.0,6400000.0,0.9033657962328766
8.0,8.0,8.0,5.0,51.0,47.0,3633.0,6496.0,0,0.940625,0.015625,256.0,6400000.0,0.9033657962328766
8.0,8.0,8.0,19.0,147.0,193.0,7578.0,29856.0,0,0.9640625,0.03125,0.00195312,6400000.0,0.9628371147260273
8.0,8.0,8.0,18.0,133.0,180.0,7138.0,27776.0,0,0.9625,0.03125,2.0,6400000.0,0.9616629464285713
8.0,8.0,4.0,6.0,54.0,49.0,1805.0,6816.0,0,0.940625,32.0,0.015625,6400000.0,0.9409246575342465
8.0,8.0,4.0,10.0,63.0,67.0,2042.0,9696.0,0,0.940625,0.0,0.125,6400000.0,0.9409246575342465
1.0,8.0,8.0,1.0,1.0,1.0,543.0,32.0,0,0.5015625,0.03125,2048.0,6400000.0,0.5273919092465753
1.0,8.0,2.0,1.0,1.0,1.0,39.0,32.0,0,0.5015625,0.0,1024.0,6400000.0,0.5273919092465753
8.0,8.0,8.0,19.0,147.0,193.0,7578.0,29856.0,0,0.9640625,0.0,0.015625,6400000.0,0.9628371147260273
1.0,8.0,2.0,1.0,1.0,1.0,39.0,32.0,0,0.5015625,0.0625,512.0,6400000.0,0.5273919092465753
8.0,8.0,8.0,19.0,147.0,193.0,7578.0,29856.0,0,0.9640625,0.0625,0.015625,6400000.0,0.9628371147260273
8.0,8.0,8.0,9.0,101.0,132.0,5745.0,20096.0,0,0.959375,0.0,16.0,6400000.0,0.9597059992661447
8.0,8.0,4.0,11.0,63.0,67.0,2021.0,9696.0,0,0.940625,0.00195312,0.0078125,6400000.0,0.9409246575342465
1.0,8.0,4.0,1.0,1.0,1.0,63.0,32.0,0,0.5015625,0.00195312,8192.0,6400000.0,0.5273919092465753
1.0,8.0,4.0,1.0,1.0,1.0,63.0,32.0,0,0.5015625,0.000976562,1024.0,6400000.0,0.5273919092465753
8.0,8.0,4.0,9.0,66.0,66.0,2143.0,9536.0,0,0.940625,0.00195312,8.0,6400000.0,0.9409246575342465
8.0,8.0,4.0,11.0,63.0,67.0,2021.0,9696.0,0,0.940625,0.0078125,0.0,6400000.0,0.9409246575342465
8.0,8.0,4.0,6.0,52.0,47.0,1739.0,6496.0,0,0.940625,32.0,16.0,6400000.0,0.9409246575342465
1.0,8.0,4.0,1.0,1.0,1.0,63.0,32.0,0,0.5015625,2048.0,0.000976562,6400000.0,0.5273919092465753
8.0,8.0,2.0,4.0,32.0,29.0,1008.0,3616.0,0,0.9078125,0.000976562,0.0078125,6400000.0,0.9033657962328766
1.0,8.0,4.0,1.0,1.0,1.0,63.0,32.0,0,0.5015625,256.0,4096.0,6400000.0,0.5273919092465753
1.0,8.0,4.0,1.0,1.0,1.0,63.0,32.0,0,0.5015625,512.0,0.03125,6400000.0,0.5273919092465753
8.0,8.0,2.0,4.0,32.0,29.0,1008.0,3616.0,0,0.9078125,4.0,0.0625,6400000.0,0.9033657962328766
8.0,8.0,4.0,10.0,63.0,67.0,2042.0,9696.0,0,0.940625,0.0078125,0.5,6400000.0,0.9409246575342465
8.0,8.0,8.0,9.0,101.0,132.0,5745.0,20096.0,0,0.959375,0.0625,16.0,6400000.0,0.9597059992661447
1.0,8.0,4.0,1.0,1.0,1.0,63.0,32.0,0,0.5015625,512.0,32.0,6400000.0,0.5273919092465753
8.0,8.0,4.0,5.0,51.0,47.0,1713.0,6496.0,0,0.940625,0.00390625,64.0,6400000.0,0.9409246575342465
1.0,8.0,4.0,1.0,1.0,1.0,63.0,32.0,0,0.5015625,0.0078125,512.0,6400000.0,0.5273919092465753
8.0,8.0,4.0,10.0,63.0,67.0,2042.0,9696.0,0,0.940625,0.00390625,0.0625,6400000.0,0.9409246575342465
1.0,8.0,8.0,1.0,1.0,1.0,543.0,32.0,0,0.5015625,0.0625,16384.0,6400000.0,0.5273919092465753
8.0,8.0,4.0,9.0,67.0,67.0,2176.0,9696.0,0,0.940625,0.015625,4.0,6400000.0,0.9409246575342465
8.0,8.0,8.0,18.0,141.0,189.0,7403.0,29216.0,0,0.9640625,0.125,0.125,6400000.0,0.9628371147260273
8.0,8.0,4.0,10.0,63.0,67.0,2042.0,9696.0,0,0.940625,0.015625,0.00390625,6400000.0,0.9409246575342465
1.0,8.0,2.0,1.0,1.0,1.0,39.0,32.0,0,0.5015625,0.000976562,8192.0,6400000.0,0.5273919092465753
1.0,8.0,8.0,1.0,1.0,1.0,543.0,32.0,0,0.5015625,0.0,16384.0,6400000.0,0.5273919092465753
8.0,8.0,4.0,5.0,51.0,47.0,1713.0,6496.0,0,0.940625,0.0625,256.0,6400000.0,0.9033657962328766
8.0,8.0,4.0,10.0,63.0,67.0,2042.0,9696.0,0,0.940625,0.03125,0.03125,6400000.0,0.9409246575342465
1.0,8.0,4.0,1.0,1.0,1.0,63.0,32.0,0,0.5015625,0.015625,4096.0,6400000.0,0.5273919092465753
8.0,8.0,4.0,10.0,63.0,67.0,2042.0,9696.0,0,0.940625,0.0625,0.25,6400000.0,0.9409246575342465
1.0,8.0,2.0,1.0,1.0,1.0,39.0,32.0,0,0.5015625,0.0078125,2048.0,6400000.0,0.5273919092465753
1.0,8.0,4.0,1.0,1.0,1.0,63.0,32.0,0,0.5015625,32.0,16384.0,6400000.0,0.5273919092465753
8.0,8.0,2.0,4.0,32.0,29.0,1008.0,3616.0,0,0.9078125,4.0,64.0,6400000.0,0.9033657962328766
8.0,8.0,8.0,19.0,147.0,193.0,7578.0,29856.0,0,0.9640625,0.000976562,0.125,6400000.0,0.9628371147260273
8.0,8.0,2.0,4.0,32.0,29.0,1008.0,3616.0,0,0.9078125,0.015625,0.015625,6400000.0,0.9033657962328766
1.0,8.0,4.0,1.0,1.0,1.0,63.0,32.0,0,0.5015625,0.03125,32768.0,6400000.0,0.5273919092465753
8.0,8.0,2.0,4.0,32.0,29.0,1008.0,3616.0,0,0.9078125,0.000976562,8.0,6400000.0,0.9033657962328766
8.0,8.0,4.0,10.0,63.0,67.0,2042.0,9696.0,0,0.940625,0.125,0.00195312,6400000.0,0.9409246575342465
8.0,8.0,4.0,6.0,54.0,49.0,1805.0,6816.0,0,0.940625,0.03125,32.0,6400000.0,0.9409246575342465
8.0,8.0,2.0,4.0,32.0,29.0,1008.0,3616.0,0,0.9078125,0.125,4.0,6400000.0,0.9033657962328766
8.0,8.0,8.0,5.0,51.0,47.0,3633.0,6496.0,0,0.940625,0.125,128.0,6400000.0,0.9409246575342465
8.0,8.0,2.0,4.0,32.0,29.0,1008.0,3616.0,0,0.9078125,0.015625,16.0,6400000.0,0.9033657962328766
8.0,8.0,4.0,9.0,67.0,67.0,2176.0,9696.0,0,0.940625,0.125,2.0,6400000.0,0.9409246575342465
8.0,8.0,8.0,5.0,51.0,47.0,3633.0,6496.0,0,0.940625,0.000976562,128.0,6400000.0,0.9409246575342465
1.0,8.0,4.0,1.0,1.0,1.0,63.0,32.0,0,0.5015625,2048.0,1.0,6400000.0,0.5273919092465753
8.0,8.0,4.0,5.0,51.0,47.0,1713.0,6496.0,0,0.940625,64.0,128.0,6400000.0,0.9409246575342465
1.0,8.0,4.0,1.0,1.0,1.0,63.0,32.0,0,0.5015625,0.125,2048.0,6400000.0,0.5273919092465753
8.0,8.0,2.0,4.0,32.0,29.0,1008.0,3616.0,0,0.9078125,0.125,0.00390625,6400000.0,0.9033657962328766
1.0,8.0,4.0,1.0,1.0,1.0,63.0,32.0,0,0.5015625,2048.0,1024.0,6400000.0,0.5273919092465753
8.0,8.0,2.0,4.0,32.0,29.0,1008.0,3616.0,0,0.9078125,8.0,0.0,6400000.0,0.9033657962328766
8.0,8.0,4.0,10.0,63.0,67.0,2042.0,9696.0,0,0.940625,0.5,0.125,6400000.0,0.9409246575342465
8.0,8.0,4.0,9.0,67.0,67.0,2176.0,9696.0,0,0.940625,1.0,1.0,6400000.0,0.9409246575342465
8.0,8.0,4.0,6.0,56.0,52.0,1872.0,7296.0,0,0.940625,0.25,16.0,6400000.0,0.9409246575342465
8.0,8.0,4.0,10.0,63.0,67.0,2042.0,9696.0,0,0.940625,0.25,0.015625,6400000.0,0.9409246575342465
8.0,8.0,4.0,5.0,51.0,47.0,1713.0,6496.0,0,0.940625,64.0,0.125,6400000.0,0.9409246575342465
1.0,8.0,4.0,1.0,1.0,1.0,63.0,32.0,0,0.5015625,0.25,16384.0,6400000.0,0.5273919092465753
1.0,8.0,2.0,1.0,1.0,1.0,39.0,32.0,0,0.5015625,0.125,4096.0,6400000.0,0.5273919092465753
8.0,8.0,4.0,5.0,51.0,47.0,1713.0,6496.0,0,0.940625,0.5,128.0,6400000.0,0.9409246575342465
8.0,8.0,2.0,4.0,32.0,29.0,1008.0,3616.0,0,0.9078125,8.0,0.5,6400000.0,0.9033657962328766
1.0,8.0,2.0,1.0,1.0,1.0,39.0,32.0,0,0.5015625,8.0,512.0,6400000.0,0.5273919092465753
8.0,8.0,2.0,4.0,32.0,29.0,1008.0,3616.0,0,0.9078125,0.00195312,0.0625,6400000.0,0.9033657962328766
8.0,8.0,4.0,10.0,63.0,67.0,2042.0,9696.0,0,0.940625,1.0,0.000976562,6400000.0,0.9409246575342465
8.0,8.0,4.0,5.0,51.0,47.0,1713.0,6496.0,0,0.940625,128.0,1.0,6400000.0,0.9409246575342465
8.0,8.0,4.0,9.0,67.0,67.0,2176.0,9696.0,0,0.940625,2.0,0.0078125,6400000.0,0.9409246575342465
8.0,8.0,4.0,5.0,51.0,47.0,1713.0,6496.0,0,0.940625,128.0,0.000976562,6400000.0,0.9409246575342465
1.0,8.0,2.0,1.0,1.0,1.0,39.0,32.0,0,0.5015625,0.015625,16384.0,6400000.0,0.5273919092465753
8.0,8.0,2.0,4.0,32.0,29.0,1008.0,3616.0,0,0.9078125,16.0,0.00390625,6400000.0,0.9033657962328766
1.0,8.0,4.0,1.0,1.0,1.0,63.0,32.0,0,0.5015625,512.0,32768.0,6400000.0,0.5273919092465753
1.0,8.0,4.0,1.0,1.0,1.0,63.0,32.0,0,0.5015625,1.0,1024.0,6400000.0,0.5273919092465753
8.0,8.0,2.0,4.0,32.0,29.0,1008.0,3616.0,0,0.9078125,0.25,0.03125,6400000.0,0.9033657962328766
1.0,8.0,4.0,1.0,1.0,1.0,63.0,32.0,0,0.5015625,4096.0,0.0078125,6400000.0,0.5273919092465753
1.0,8.0,4.0,1.0,1.0,1.0,63.0,32.0,0,0.5015625,2.0,8192.0,6400000.0,0.5273919092465753
1.0,8.0,2.0,1.0,1.0,1.0,39.0,32.0,0,0.5015625,0.25,32768.0,6400000.0,0.5273919092465753
8.0,8.0,2.0,4.0,32.0,29.0,1008.0,3616.0,0,0.9078125,16.0,4.0,6400000.0,0.9033657962328766
8.0,8.0,4.0,7.0,60.0,62.0,1989.0,8896.0,0,0.940625,2.0,8.0,6400000.0,0.9409246575342465
8.0,8.0,2.0,4.0,32.0,29.0,1008.0,3616.0,0,0.9078125,0.25,32.0,6400000.0,0.9033657962328766
8.0,8.0,2.0,4.0,32.0,29.0,1008.0,3616.0,0,0.9078125,0.00195312,64.0,6400000.0,0.9033657962328766
8.0,8.0,2.0,4.0,32.0,29.0,1008.0,3616.0,0,0.9078125,0.00390625,0.0,6400000.0,0.9033657962328766
8.0,8.0,2.0,4.0,32.0,29.0,1008.0,3616.0,0,0.9078125,32.0,0.03125,6400000.0,0.9033657962328766
1.0,8.0,2.0,1.0,1.0,1.0,39.0,32.0,0,0.5015625,32.0,32768.0,6400000.0,0.5273919092465753
8.0,8.0,2.0,4.0,32.0,29.0,1008.0,3616.0,0,0.9078125,0.03125,0.125,6400000.0,0.9033657962328766
8.0,8.0,4.0,9.0,67.0,67.0,2176.0,9696.0,0,0.940625,4.0,0.0625,6400000.0,0.9409246575342465
1.0,8.0,2.0,1.0,1.0,1.0,39.0,32.0,0,0.5015625,16.0,4096.0,6400000.0,0.5273919092465753
8.0,8.0,2.0,4.0,27.0,24.0,843.0,2816.0,0,0.75,64.0,256.0,6400000.0,0.7844231592465754
8.0,8.0,2.0,4.0,32.0,29.0,1008.0,3616.0,0,0.9078125,32.0,32.0,6400000.0,0.9033657962328766
8.0,8.0,2.0,4.0,32.0,29.0,1008.0,3616.0,0,0.9078125,64.0,0.25,6400000.0,0.9033657962328766
8.0,8.0,4.0,9.0,66.0,66.0,2143.0,9536.0,0,0.940625,8.0,0.0,6400000.0,0.9409246575342465
1.0,8.0,4.0,1.0,1.0,1.0,63.0,32.0,0,0.5015625,4096.0,8.0,6400000.0,0.5273919092465753
8.0,8.0,4.0,9.0,64.0,66.0,2079.0,9536.0,0,0.940625,8.0,0.5,6400000.0,0.9409246575342465
8.0,8.0,8.0,18.0,141.0,189.0,7403.0,29216.0,0,0.9640625,0.25,0.000976562,6400000.0,0.9628371147260273
1.0,8.0,2.0,1.0,1.0,1.0,39.0,32.0,0,0.5015625,512.0,0.125,6400000.0,0.5273919092465753
8.0,8.0,2.0,4.0,32.0,29.0,1008.0,3616.0,0,0.9078125,128.0,0.00195312,6400000.0,0.9033657962328766
1.0,8.0,4.0,1.0,1.0,1.0,63.0,32.0,0,0.5015625,1024.0,0.25,6400000.0,0.5273919092465753
8.0,8.0,4.0,5.0,51.0,47.0,1713.0,6496.0,0,0.940625,4.0,64.0,6400000.0,0.9409246575342465
8.0,8.0,8.0,19.0,147.0,193.0,7578.0,29856.0,0,0.9640625,0.00195312,0.000976562,6400000.0,0.9628371147260273
1.0,8.0,2.0,1.0,1.0,1.0,39.0,32.0,0,0.5015625,512.0,128.0,6400000.0,0.5273919092465753
1.0,8.0,4.0,1.0,1.0,1.0,63.0,32.0,0,0.5015625,8.0,512.0,6400000.0,0.5273919092465753
8.0,8.0,2.0,4.0,32.0,29.0,1008.0,3616.0,0,0.9078125,0.5,0.25,6400000.0,0.9033657962328766
1.0,8.0,2.0,1.0,1.0,1.0,39.0,32.0,0,0.5015625,256.0,16384.0,6400000.0,0.5273919092465753
8.0,8.0,2.0,4.0,31.0,28.0,975.0,3456.0,0,0.9078125,128.0,2.0,6400000.0,0.9033657962328766
8.0,8.0,2.0,4.0,29.0,26.0,909.0,3136.0,0,0.9078125,0.5,256.0,6400000.0,0.8262620780332682
1.0,8.0,2.0,1.0,1.0,1.0,39.0,32.0,0,0.5015625,1024.0,1024.0,6400000.0,0.5273919092465753
1.0,8.0,4.0,1.0,1.0,1.0,63.0,32.0,0,0.5015625,4096.0,8192.0,6400000.0,0.5273919092465753
1.0,8.0,2.0,1.0,1.0,1.0,39.0,32.0,0,0.5015625,1024.0,0.000976562,6400000.0,0.5273919092465753
1.0,8.0,2.0,1.0,1.0,1.0,39.0,32.0,0,0.5015625,128.0,2048.0,6400000.0,0.5273919092465753
1.0,8.0,8.0,1.0,1.0,1.0,543.0,32.0,0,0.5015625,0.00195312,1024.0,6400000.0,0.5273919092465753
8.0,8.0,2.0,4.0,29.0,26.0,909.0,3136.0,0,0.9078125,256.0,0.015625,6400000.0,0.8262620780332682
8.0,8.0,8.0,17.0,129.0,178.0,6774.0,27456.0,0,0.9640625,0.00195312,1.0,6400000.0,0.962445725293542
8.0,8.0,2.0,4.0,29.0,26.0,909.0,3136.0,0,0.9078125,256.0,16.0,6400000.0,0.7844231592465754
1.0,8.0,2.0,1.0,1.0,1.0,39.0,32.0,0,0.5015625,1024.0,1.0,6400000.0,0.5273919092465753
8.0,8.0,2.0,4.0,32.0,29.0,1008.0,3616.0,0,0.9078125,0.00390625,0.5,6400000.0,0.9033657962328766
8.0,8.0,8.0,19.0,147.0,193.0,7578.0,29856.0,0,0.9640625,0.00390625,0.0078125,6400000.0,0.9628371147260273
1.0,8.0,4.0,1.0,1.0,1.0,63.0,32.0,0,0.5015625,8192.0,64.0,6400000.0,0.5273919092465753
8.0,8.0,2.0,4.0,32.0,29.0,1008.0,3616.0,0,0.9078125,1.0,2.0,6400000.0,0.9033657962328766
8.0,8.0,8.0,12.0,121.0,187.0,6632.0,28896.0,0,0.959375,0.00390625,8.0,6400000.0,0.9581404415362036
1.0,8.0,4.0,1.0,1.0,1.0,63.0,32.0,0,0.5015625,16384.0,0.0,6400000.0,0.5273919092465753
1.0,8.0,2.0,1.0,1.0,1.0,39.0,32.0,0,0.5015625,2048.0,0.0078125,6400000.0,0.5273919092465753
1.0,8.0,4.0,1.0,1.0,1.0,63.0,32.0,0,0.5015625,8192.0,0.0625,6400000.0,0.5273919092465753
1.0,8.0,2.0,1.0,1.0,1.0,39.0,32.0,0,0.5015625,2048.0,8.0,6400000.0,0.5273919092465753
1.0,8.0,4.0,1.0,1.0,1.0,63.0,32.0,0,0.5015625,1024.0,256.0,6400000.0,0.5273919092465753
8.0,8.0,4.0,6.0,55.0,51.0,1839.0,7136.0,0,0.940625,16.0,4.0,6400000.0,0.9409246575342465
8.0,8.0,4.0,6.0,56.0,52.0,1872.0,7296.0,0,0.940625,16.0,0.00390625,6400000.0,0.9409246575342465
8.0,8.0,2.0,4.0,32.0,29.0,1008.0,3616.0,0,0.9078125,1.0,0.00195312,6400000.0,0.9033657962328766
1.0,8.0,4.0,1.0,1.0,1.0,63.0,32.0,0,0.5015625,128.0,1024.0,6400000.0,0.5273919092465753
1.0,8.0,2.0,1.0,1.0,1.0,39.0,32.0,0,0.5015625,2048.0,8192.0,6400000.0,0.5273919092465753
1.0,8.0,4.0,1.0,1.0,1.0,63.0,32.0,0,0.5015625,16384.0,0.5,6400000.0,0.5273919092465753
1.0,8.0,2.0,1.0,1.0,1.0,39.0,32.0,0,0.5015625,4096.0,0.0625,6400000.0,0.5273919092465753
1.0,8.0,8.0,1.0,1.0,1.0,543.0,32.0,0,0.5015625,0.00390625,8192.0,6400000.0,0.5273919092465753
1.0,8.0,4.0,1.0,1.0,1.0,63.0,32.0,0,0.5015625,32768.0,0.00390625,6400000.0,0.5273919092465753
1.0,8.0,4.0,1.0,1.0,1.0,63.0,32.0,0,0.5015625,32768.0,4.0,6400000.0,0.5273919092465753
8.0,8.0,8.0,19.0,147.0,193.0,7578.0,29856.0,0,0.9640625,0.0078125,0.0625,6400000.0,0.9628371147260273
1.0,8.0,2.0,1.0,1.0,1.0,39.0,32.0,0,0.5015625,4096.0,64.0,6400000.0,0.5273919092465753
1.0,8.0,4.0,1.0,1.0,1.0,63.0,32.0,0,0.5015625,16384.0,512.0,6400000.0,0.5273919092465753
1.0,8.0,2.0,1.0,1.0,1.0,39.0,32.0,0,0.5015625,8192.0,0.0,6400000.0,0.5273919092465753
1.0,8.0,2.0,1.0,1.0,1.0,39.0,32.0,0,0.5015625,1.0,2048.0,6400000.0,0.5273919092465753
1.0,8.0,2.0,1.0,1.0,1.0,39.0,32.0,0,0.5015625,8192.0,512.0,6400000.0,0.5273919092465753
1.0,8.0,4.0,1.0,1.0,1.0,63.0,32.0,0,0.5015625,16.0,4096.0,6400000.0,0.5273919092465753
1.0,8.0,2.0,1.0,1.0,1.0,39.0,32.0,0,0.5015625,8192.0,0.5,6400000.0,0.5273919092465753
1.0,8.0,2.0,1.0,1.0,1.0,39.0,32.0,0,0.5015625,0.00390625,512.0,6400000.0,0.5273919092465753
1.0,8.0,2.0,1.0,1.0,1.0,39.0,32.0,0,0.5015625,16384.0,0.00390625,6400000.0,0.5273919092465753
8.0,8.0,8.0,8.0,66.0,67.0,4356.0,9696.0,0,0.940625,0.0078125,64.0,6400000.0,0.9409246575342465
8.0,8.0,2.0,4.0,32.0,29.0,1008.0,3616.0,0,0.9078125,2.0,0.015625,6400000.0,0.9033657962328766
1.0,8.0,2.0,1.0,1.0,1.0,39.0,32.0,0,0.5015625,16384.0,4096.0,6400000.0,0.5273919092465753
8.0,8.0,2.0,4.0,32.0,29.0,1008.0,3616.0,0,0.9078125,0.0078125,0.00390625,6400000.0,0.9033657962328766
8.0,8.0,2.0,4.0,32.0,29.0,1008.0,3616.0,0,0.9078125,0.0625,0.000976562,6400000.0,0.9033657962328766
8.0,8.0,8.0,18.0,141.0,189.0,7403.0,29216.0,0,0.9640625,0.015625,0.5,6400000.0,0.9628371147260273
8.0,8.0,8.0,19.0,147.0,193.0,7578.0,29856.0,0,0.9640625,0.015625,0.0,6400000.0,0.9628371147260273
1.0,8.0,2.0,1.0,1.0,1.0,39.0,32.0,0,0.5015625,2.0,16384.0,6400000.0,0.5273919092465753
8.0,8.0,2.0,4.0,32.0,29.0,1008.0,3616.0,0,0.9078125,0.03125,128.0,6400000.0,0.9033657962328766
1.0,8.0,2.0,1.0,1.0,1.0,39.0,32.0,0,0.5015625,32768.0,32768.0,6400000.0,0.5273919092465753
1.0,8.0,4.0,1.0,1.0,1.0,63.0,32.0,0,0.5015625,32768.0,4096.0,6400000.0,0.5273919092465753
1.0,8.0,2.0,1.0,1.0,1.0,39.0,32.0,0,0.5015625,32768.0,0.03125,6400000.0,0.5273919092465753
8.0,8.0,4.0,11.0,63.0,67.0,2021.0,9696.0,0,0.940625,0.000976562,0.00195312,6400000.0,0.9409246575342465
8.0,8.0,4.0,5.0,51.0,47.0,1713.0,6496.0,0,0.940625,256.0,8.0,6400000.0,0.9033657962328766
1.0,8.0,2.0,1.0,1.0,1.0,39.0,32.0,0,0.5015625,16384.0,4.0,6400000.0,0.5273919092465753
8.0,8.0,4.0,5.0,51.0,47.0,1713.0,6496.0,0,0.940625,256.0,0.0078125,6400000.0,0.9033657962328766
8.0,8.0,4.0,9.0,67.0,67.0,2176.0,9696.0,0,0.940625,0.000976562,2.0,6400000.0,0.9409246575342465
8.0,8.0,2.0,4.0,32.0,29.0,1008.0,3616.0,0,0.9078125,2.0,16.0,6400000.0,0.9033657962328766
1.0,8.0,2.0,1.0,1.0,1.0,39.0,32.0,0,0.5015625,32768.0,32.0,6400000.0,0.5273919092465753
8.0,8.0,2.0,4.0,32.0,29.0,1008.0,3616.0,0,0.9078125,0.0625,1.0,6400000.0,0.9033657962328766
8.0,8.0,2.0,4.0,32.0,29.0,1008.0,3616.0,0,0.9078125,0.0078125,4.0,6400000.0,0.9033657962328766
8.0,8.0,4.0,5.0,51.0,47.0,1713.0,6496.0,0,0.940625,0.0,256.0,6400000.0,0.9033657962328766
1.0,8.0,8.0,1.0,1.0,1.0,543.0,32.0,0,0.5015625,0.015625,512.0,6400000.0,0.5273919092465753
8.0,8.0,8.0,15.0,125.0,179.0,6689.0,27616.0,0,0.9640625,0.03125,4.0,6400000.0,0.9612715569960862
1.0,8.0,8.0,1.0,1.0,1.0,543.0,32.0,0,0.5015625,0.03125,4096.0,6400000.0,0.5273919092465753
8.0,8.0,8.0,19.0,147.0,193.0,7578.0,29856.0,0,0.9640625,0.0,0.03125,6400000.0,0.9628371147260273
8.0,8.0,4.0,6.0,54.0,49.0,1805.0,6816.0,0,0.940625,32.0,0.03125,6400000.0,0.9409246575342465
8.0,8.0,8.0,19.0,147.0,193.0,7578.0,29856.0,0,0.9640625,0.03125,0.00390625,6400000.0,0.9628371147260273
8.0,8.0,4.0,10.0,63.0,67.0,2042.0,9696.0,0,0.940625,0.0,0.25,6400000.0,0.9409246575342465
8.0,8.0,8.0,17.0,129.0,178.0,6774.0,27456.0,0,0.9640625,0.25,1.0,6400000.0,0.962445725293542
8.0,8.0,4.0,10.0,63.0,67.0,2042.0,9696.0,0,0.940625,0.00195312,0.015625,6400000.0,0.9409246575342465
1.0,8.0,2.0,1.0,1.0,1.0,39.0,32.0,0,0.5015625,0.0625,1024.0,6400000.0,0.5273919092465753
8.0,8.0,8.0,19.0,147.0,193.0,7578.0,29856.0,0,0.9640625,0.0625,0.03125,6400000.0,0.9628371147260273
1.0,8.0,4.0,1.0,1.0,1.0,63.0,32.0,0,0.5015625,0.000976562,2048.0,6400000.0,0.5273919092465753
1.0,8.0,4.0,1.0,1.0,1.0,63.0,32.0,0,0.5015625,0.00195312,16384.0,6400000.0,0.5273919092465753
8.0,8.0,8.0,8.0,99.0,132.0,5702.0,20096.0,0,0.959375,0.0,32.0,6400000.0,0.9597059992661447
8.0,8.0,4.0,11.0,63.0,67.0,2021.0,9696.0,0,0.940625,0.0078125,0.000976562,6400000.0,0.9409246575342465
8.0,8.0,4.0,6.0,56.0,52.0,1872.0,7296.0,0,0.940625,0.00195312,16.0,6400000.0,0.9409246575342465
8.0,8.0,4.0,5.0,51.0,47.0,1713.0,6496.0,0,0.940625,32.0,32.0,6400000.0,0.9409246575342465
1.0,8.0,8.0,1.0,1.0,1.0,543.0,32.0,0,0.5015625,0.25,1024.0,6400000.0,0.5273919092465753
1.0,8.0,4.0,1.0,1.0,1.0,63.0,32.0,0,0.5015625,2048.0,0.00195312,6400000.0,0.5273919092465753
1.0,8.0,4.0,1.0,1.0,1.0,63.0,32.0,0,0.5015625,256.0,8192.0,6400000.0,0.5273919092465753
8.0,8.0,2.0,4.0,32.0,29.0,1008.0,3616.0,0,0.9078125,4.0,0.125,6400000.0,0.9033657962328766
1.0,8.0,4.0,1.0,1.0,1.0,63.0,32.0,0,0.5015625,512.0,0.0625,6400000.0,0.5273919092465753
8.0,8.0,4.0,10.0,63.0,67.0,2042.0,9696.0,0,0.940625,0.0078125,1.0,6400000.0,0.9409246575342465
1.0,8.0,4.0,1.0,1.0,1.0,63.0,32.0,0,0.5015625,512.0,64.0,6400000.0,0.5273919092465753
8.0,8.0,8.0,8.0,99.0,132.0,5702.0,20096.0,0,0.959375,0.0625,32.0,6400000.0,0.9597059992661447
1.0,8.0,4.0,1.0,1.0,1.0,63.0,32.0,0,0.5015625,0.0078125,1024.0,6400000.0,0.5273919092465753
8.0,8.0,4.0,5.0,51.0,47.0,1713.0,6496.0,0,0.940625,0.00390625,128.0,6400000.0,0.9409246575342465
8.0,8.0,8.0,18.0,141.0,189.0,7403.0,29216.0,0,0.9640625,0.125,0.25,6400000.0,0.9628371147260273
8.0,8.0,4.0,10.0,63.0,67.0,2042.0,9696.0,0,0.940625,0.00390625,0.125,6400000.0,0.9409246575342465
8.0,8.0,8.0,18.0,141.0,189.0,7403.0,29216.0,0,0.9640625,0.5,0.0078125,6400000.0,0.9628371147260273
8.0,8.0,4.0,9.0,66.0,66.0,2143.0,9536.0,0,0.940625,0.015625,8.0,6400000.0,0.9409246575342465
1.0,8.0,8.0,1.0,1.0,1.0,543.0,32.0,0,0.5015625,0.0625,32768.0,6400000.0,0.5273919092465753
8.0,8.0,4.0,10.0,63.0,67.0,2042.0,9696.0,0,0.940625,0.015625,0.0078125,6400000.0,0.9409246575342465
1.0,8.0,4.0,1.0,1.0,1.0,63.0,32.0,0,0.5015625,0.015625,8192.0,6400000.0,0.5273919092465753
1.0,8.0,8.0,1.0,1.0,1.0,543.0,32.0,0,0.5015625,0.0,32768.0,6400000.0,0.5273919092465753
1.0,8.0,4.0,1.0,1.0,1.0,63.0,32.0,0,0.5015625,0.0625,512.0,6400000.0,0.5273919092465753
8.0,8.0,4.0,10.0,63.0,67.0,2042.0,9696.0,0,0.940625,0.0625,0.5,6400000.0,0.9409246575342465
8.0,8.0,4.0,10.0,63.0,67.0,2042.0,9696.0,0,0.940625,0.0625,0.0,6400000.0,0.9409246575342465
1.0,8.0,2.0,1.0,1.0,1.0,39.0,32.0,0,0.5015625,0.0078125,4096.0,6400000.0,0.5273919092465753
8.0,8.0,4.0,10.0,63.0,67.0,2042.0,9696.0,0,0.940625,0.03125,0.0625,6400000.0,0.9409246575342465
8.0,8.0,8.0,18.0,141.0,189.0,7403.0,29216.0,0,0.9640625,0.000976562,0.25,6400000.0,0.9628371147260273
8.0,8.0,4.0,10.0,63.0,67.0,2042.0,9696.0,0,0.940625,0.125,0.00390625,6400000.0,0.9409246575342465
8.0,8.0,2.0,4.0,32.0,29.0,1008.0,3616.0,0,0.9078125,0.015625,0.03125,6400000.0,0.9033657962328766
8.0,8.0,8.0,12.0,121.0,187.0,6632.0,28896.0,0,0.959375,0.5,8.0,6400000.0,0.9581404415362036
8.0,8.0,4.0,5.0,51.0,47.0,1713.0,6496.0,0,0.940625,0.03125,64.0,6400000.0,0.9409246575342465
1.0,8.0,4.0,1.0,1.0,1.0,63.0,32.0,0,0.5015625,32.0,32768.0,6400000.0,0.5273919092465753
8.0,8.0,2.0,4.0,31.0,28.0,975.0,3456.0,0,0.9078125,4.0,128.0,6400000.0,0.9033657962328766
8.0,8.0,2.0,4.0,32.0,29.0,1008.0,3616.0,0,0.9078125,0.015625,32.0,6400000.0,0.9033657962328766
1.0,8.0,4.0,1.0,1.0,1.0,63.0,32.0,0,0.5015625,0.125,4096.0,6400000.0,0.5273919092465753
8.0,8.0,2.0,4.0,32.0,29.0,1008.0,3616.0,0,0.9078125,0.125,8.0,6400000.0,0.9033657962328766
1.0,8.0,4.0,1.0,1.0,1.0,63.0,32.0,0,0.5015625,2048.0,2.0,6400000.0,0.5273919092465753
8.0,8.0,8.0,5.0,51.0,47.0,3633.0,6496.0,0,0.940625,0.125,256.0,6400000.0,0.9033657962328766
8.0,8.0,4.0,9.0,67.0,67.0,2176.0,9696.0,0,0.940625,0.125,4.0,6400000.0,0.9409246575342465
8.0,8.0,4.0,4.0,42.0,39.0,1438.0,5216.0,0,0.9078125,64.0,256.0,6400000.0,0.9033657962328766
8.0,8.0,2.0,4.0,32.0,29.0,1008.0,3616.0,0,0.9078125,0.125,0.0078125,6400000.0,0.9033657962328766
8.0,8.0,4.0,10.0,63.0,67.0,2042.0,9696.0,0,0.940625,0.5,0.25,6400000.0,0.9409246575342465
8.0,8.0,8.0,5.0,51.0,47.0,3633.0,6496.0,0,0.940625,0.000976562,256.0,6400000.0,0.9033657962328766
1.0,8.0,4.0,1.0,1.0,1.0,63.0,32.0,0,0.5015625,2048.0,2048.0,6400000.0,0.5273919092465753
8.0,8.0,4.0,9.0,67.0,67.0,2176.0,9696.0,0,0.940625,1.0,2.0,6400000.0,0.9409246575342465
8.0,8.0,2.0,4.0,32.0,29.0,1008.0,3616.0,0,0.9078125,8.0,0.000976562,6400000.0,0.9033657962328766
8.0,8.0,4.0,6.0,54.0,49.0,1805.0,6816.0,0,0.940625,0.25,32.0,6400000.0,0.9409246575342465
1.0,8.0,4.0,1.0,1.0,1.0,63.0,32.0,0,0.5015625,0.25,32768.0,6400000.0,0.5273919092465753
8.0,8.0,4.0,10.0,63.0,67.0,2042.0,9696.0,0,0.940625,0.25,0.03125,6400000.0,0.9409246575342465
1.0,8.0,2.0,1.0,1.0,1.0,39.0,32.0,0,0.5015625,0.125,8192.0,6400000.0,0.5273919092465753
8.0,8.0,4.0,5.0,51.0,47.0,1713.0,6496.0,0,0.940625,64.0,0.25,6400000.0,0.9409246575342465
1.0,8.0,2.0,1.0,1.0,1.0,39.0,32.0,0,0.5015625,8.0,1024.0,6400000.0,0.5273919092465753
8.0,8.0,4.0,5.0,51.0,47.0,1713.0,6496.0,0,0.940625,0.5,256.0,6400000.0,0.9033657962328766
1.0,8.0,8.0,1.0,1.0,1.0,543.0,32.0,0,0.5015625,0.5,8192.0,6400000.0,0.5273919092465753
8.0,8.0,2.0,4.0,32.0,29.0,1008.0,3616.0,0,0.9078125,8.0,1.0,6400000.0,0.9033657962328766
8.0,8.0,4.0,5.0,51.0,47.0,1713.0,6496.0,0,0.940625,128.0,2.0,6400000.0,0.9409246575342465
8.0,8.0,4.0,10.0,63.0,67.0,2042.0,9696.0,0,0.940625,1.0,0.00195312,6400000.0,0.9409246575342465
8.0,8.0,4.0,5.0,51.0,47.0,1713.0,6496.0,0,0.940625,128.0,0.00195312,6400000.0,0.9409246575342465
8.0,8.0,4.0,9.0,67.0,67.0,2176.0,9696.0,0,0.940625,2.0,0.015625,6400000.0,0.9409246575342465
1.0,8.0,2.0,1.0,1.0,1.0,39.0,32.0,0,0.5015625,0.015625,32768.0,6400000.0,0.5273919092465753
1.0,8.0,4.0,1.0,1.0,1.0,63.0,32.0,0,0.5015625,1024.0,0.0,6400000.0,0.5273919092465753
1.0,8.0,4.0,1.0,1.0,1.0,63.0,32.0,0,0.5015625,1.0,2048.0,6400000.0,0.5273919092465753
1.0,8.0,4.0,1.0,1.0,1.0,63.0,32.0,0,0.5015625,2.0,16384.0,6400000.0,0.5273919092465753
8.0,8.0,2.0,4.0,32.0,29.0,1008.0,3616.0,0,0.9078125,0.25,0.0625,6400000.0,0.9033657962328766
8.0,8.0,2.0,4.0,32.0,29.0,1008.0,3616.0,0,0.9078125,0.5,0.0,6400000.0,0.9033657962328766
8.0,8.0,2.0,4.0,32.0,29.0,1008.0,3616.0,0,0.9078125,0.25,64.0,6400000.0,0.9033657962328766
8.0,8.0,2.0,4.0,32.0,29.0,1008.0,3616.0,0,0.9078125,16.0,8.0,6400000.0,0.9033657962328766
8.0,8.0,2.0,4.0,32.0,29.0,1008.0,3616.0,0,0.9078125,16.0,0.0078125,6400000.0,0.9033657962328766
1.0,8.0,4.0,1.0,1.0,1.0,63.0,32.0,0,0.5015625,4096.0,0.015625,6400000.0,0.5273919092465753
8.0,8.0,8.0,8.0,63.0,61.0,4254.0,8736.0,0,0.940625,1.0,64.0,6400000.0,0.9409246575342465
8.0,8.0,8.0,17.0,129.0,178.0,6774.0,27456.0,0,0.9640625,1.0,0.0625,6400000.0,0.962445725293542
8.0,8.0,2.0,4.0,32.0,29.0,1008.0,3616.0,0,0.9078125,32.0,0.0625,6400000.0,0.9033657962328766
1.0,8.0,2.0,1.0,1.0,1.0,39.0,32.0,0,0.5015625,16.0,8192.0,6400000.0,0.5273919092465753
8.0,8.0,2.0,4.0,32.0,29.0,1008.0,3616.0,0,0.9078125,64.0,0.0,6400000.0,0.9033657962328766
8.0,8.0,2.0,4.0,32.0,29.0,1008.0,3616.0,0,0.9078125,0.03125,0.25,6400000.0,0.9033657962328766
8.0,8.0,4.0,6.0,55.0,51.0,1839.0,7136.0,0,0.940625,2.0,16.0,6400000.0,0.9409246575342465
8.0,8.0,2.0,4.0,32.0,29.0,1008.0,3616.0,0,0.9078125,64.0,0.5,6400000.0,0.9033657962328766
8.0,8.0,4.0,9.0,67.0,67.0,2176.0,9696.0,0,0.940625,4.0,0.125,6400000.0,0.9409246575342465
8.0,8.0,2.0,4.0,32.0,29.0,1008.0,3616.0,0,0.9078125,32.0,64.0,6400000.0,0.9033657962328766
8.0,8.0,4.0,9.0,66.0,66.0,2143.0,9536.0,0,0.940625,8.0,0.000976562,6400000.0,0.9409246575342465
1.0,8.0,4.0,1.0,1.0,1.0,63.0,32.0,0,0.5015625,4096.0,16.0,6400000.0,0.5273919092465753
8.0,8.0,4.0,8.0,60.0,66.0,1972.0,9536.0,0,0.940625,8.0,1.0,6400000.0,0.9409246575342465
1.0,8.0,2.0,1.0,1.0,1.0,39.0,32.0,0,0.5015625,64.0,512.0,6400000.0,0.5273919092465753
8.0,8.0,8.0,18.0,141.0,189.0,7403.0,29216.0,0,0.9640625,0.25,0.00195312,6400000.0,0.9628371147260273
1.0,8.0,2.0,1.0,1.0,1.0,39.0,32.0,0,0.5015625,512.0,0.25,6400000.0,0.5273919092465753
8.0,8.0,8.0,19.0,147.0,193.0,7578.0,29856.0,0,0.9640625,0.00195312,0.00195312,6400000.0,0.9628371147260273
1.0,8.0,2.0,1.0,1.0,1.0,39.0,32.0,0,0.5015625,512.0,256.0,6400000.0,0.5273919092465753
8.0,8.0,4.0,5.0,51.0,47.0,1713.0,6496.0,0,0.940625,4.0,128.0,6400000.0,0.9409246575342465
8.0,8.0,2.0,4.0,32.0,29.0,1008.0,3616.0,0,0.9078125,128.0,0.00390625,6400000.0,0.9033657962328766
1.0,8.0,4.0,1.0,1.0,1.0,63.0,32.0,0,0.5015625,8.0,1024.0,6400000.0,0.5273919092465753
1.0,8.0,4.0,1.0,1.0,1.0,63.0,32.0,0,0.5015625,1024.0,0.5,6400000.0,0.5273919092465753
1.0,8.0,2.0,1.0,1.0,1.0,39.0,32.0,0,0.5015625,0.5,512.0,6400000.0,0.5273919092465753
1.0,8.0,2.0,1.0,1.0,1.0,39.0,32.0,0,0.5015625,1024.0,2048.0,6400000.0,0.5273919092465753
8.0,8.0,2.0,4.0,31.0,28.0,975.0,3456.0,0,0.9078125,128.0,4.0,6400000.0,0.9033657962328766
8.0,8.0,2.0,4.0,32.0,29.0,1008.0,3616.0,0,0.9078125,0.5,0.5,6400000.0,0.9033657962328766
1.0,8.0,2.0,1.0,1.0,1.0,39.0,32.0,0,0.5015625,256.0,32768.0,6400000.0,0.5273919092465753
1.0,8.0,4.0,1.0,1.0,1.0,63.0,32.0,0,0.5015625,4096.0,16384.0,6400000.0,0.5273919092465753
1.0,8.0,2.0,1.0,1.0,1.0,39.0,32.0,0,0.5015625,1024.0,0.00195312,6400000.0,0.5273919092465753
1.0,8.0,2.0,1.0,1.0,1.0,39.0,32.0,0,0.5015625,128.0,4096.0,6400000.0,0.5273919092465753
1.0,8.0,8.0,1.0,1.0,1.0,543.0,32.0,0,0.5015625,0.00195312,2048.0,6400000.0,0.5273919092465753
8.0,8.0,2.0,4.0,29.0,26.0,909.0,3136.0,0,0.9078125,256.0,0.03125,6400000.0,0.8262620780332682
8.0,8.0,2.0,4.0,28.0,25.0,876.0,2976.0,0,0.9078125,256.0,32.0,6400000.0,0.7844231592465754
8.0,8.0,8.0,18.0,133.0,180.0,7138.0,27776.0,0,0.9625,0.00195312,2.0,6400000.0,0.9620543358610567
1.0,8.0,2.0,1.0,1.0,1.0,39.0,32.0,0,0.5015625,1024.0,2.0,6400000.0,0.5273919092465753
8.0,8.0,8.0,19.0,147.0,193.0,7578.0,29856.0,0,0.9640625,0.00390625,0.015625,6400000.0,0.9628371147260273
8.0,8.0,8.0,18.0,133.0,180.0,7138.0,27776.0,0,0.9625,2.0,0.0,6400000.0,0.9620543358610567
1.0,8.0,4.0,1.0,1.0,1.0,63.0,32.0,0,0.5015625,16384.0,0.000976562,6400000.0,0.5273919092465753
1.0,8.0,4.0,1.0,1.0,1.0,63.0,32.0,0,0.5015625,8192.0,128.0,6400000.0,0.5273919092465753
1.0,8.0,2.0,1.0,1.0,1.0,39.0,32.0,0,0.5015625,2048.0,16.0,6400000.0,0.5273919092465753
8.0,8.0,2.0,4.0,32.0,29.0,1008.0,3616.0,0,0.9078125,1.0,4.0,6400000.0,0.9033657962328766
1.0,8.0,2.0,1.0,1.0,1.0,39.0,32.0,0,0.5015625,2048.0,0.015625,6400000.0,0.5273919092465753
8.0,8.0,8.0,9.0,101.0,132.0,5745.0,20096.0,0,0.959375,0.00390625,16.0,6400000.0,0.9597059992661447
1.0,8.0,4.0,1.0,1.0,1.0,63.0,32.0,0,0.5015625,8192.0,0.125,6400000.0,0.5273919092465753
8.0,8.0,4.0,6.0,55.0,51.0,1839.0,7136.0,0,0.940625,16.0,8.0,6400000.0,0.9409246575342465
8.0,8.0,4.0,6.0,56.0,52.0,1872.0,7296.0,0,0.940625,16.0,0.0078125,6400000.0,0.9409246575342465
1.0,8.0,4.0,1.0,1.0,1.0,63.0,32.0,0,0.5015625,1024.0,512.0,6400000.0,0.5273919092465753
1.0,8.0,4.0,1.0,1.0,1.0,63.0,32.0,0,0.5015625,128.0,2048.0,6400000.0,0.5273919092465753
1.0,8.0,4.0,1.0,1.0,1.0,63.0,32.0,0,0.5015625,16384.0,1.0,6400000.0,0.5273919092465753
8.0,8.0,2.0,4.0,32.0,29.0,1008.0,3616.0,0,0.9078125,1.0,0.00390625,6400000.0,0.9033657962328766
1.0,8.0,2.0,1.0,1.0,1.0,39.0,32.0,0,0.5015625,2048.0,16384.0,6400000.0,0.5273919092465753
1.0,8.0,2.0,1.0,1.0,1.0,39.0,32.0,0,0.5015625,4096.0,0.125,6400000.0,0.5273919092465753
1.0,8.0,4.0,1.0,1.0,1.0,63.0,32.0,0,0.5015625,32768.0,0.0078125,6400000.0,0.5273919092465753
1.0,8.0,4.0,1.0,1.0,1.0,63.0,32.0,0,0.5015625,32768.0,8.0,6400000.0,0.5273919092465753
1.0,8.0,2.0,1.0,1.0,1.0,39.0,32.0,0,0.5015625,8192.0,0.000976562,6400000.0,0.5273919092465753
1.0,8.0,8.0,1.0,1.0,1.0,543.0,32.0,0,0.5015625,0.00390625,16384.0,6400000.0,0.5273919092465753
8.0,8.0,8.0,19.0,147.0,193.0,7578.0,29856.0,0,0.9640625,0.0078125,0.125,6400000.0,0.9628371147260273
1.0,8.0,2.0,1.0,1.0,1.0,39.0,32.0,0,0.5015625,4096.0,128.0,6400000.0,0.5273919092465753
1.0,8.0,4.0,1.0,1.0,1.0,63.0,32.0,0,0.5015625,16384.0,1024.0,6400000.0,0.5273919092465753
1.0,8.0,2.0,1.0,1.0,1.0,39.0,32.0,0,0.5015625,1.0,4096.0,6400000.0,0.5273919092465753
1.0,8.0,4.0,1.0,1.0,1.0,63.0,32.0,0,0.5015625,16.0,8192.0,6400000.0,0.5273919092465753
1.0,8.0,2.0,1.0,1.0,1.0,39.0,32.0,0,0.5015625,16384.0,8192.0,6400000.0,0.5273919092465753
8.0,8.0,8.0,17.0,132.0,180.0,6872.0,27776.0,0,0.9640625,2.0,0.5,6400000.0,0.961271556996086
8.0,8.0,2.0,4.0,32.0,29.0,1008.0,3616.0,0,0.9078125,0.0625,0.00195312,6400000.0,0.9033657962328766
1.0,8.0,2.0,1.0,1.0,1.0,39.0,32.0,0,0.5015625,8192.0,1024.0,6400000.0,0.5273919092465753
1.0,8.0,2.0,1.0,1.0,1.0,39.0,32.0,0,0.5015625,8192.0,1.0,6400000.0,0.5273919092465753
1.0,8.0,8.0,1.0,1.0,1.0,543.0,32.0,0,0.5015625,2.0,512.0,6400000.0,0.5273919092465753
8.0,8.0,8.0,5.0,51.0,47.0,3633.0,6496.0,0,0.940625,0.0078125,128.0,6400000.0,0.9409246575342465
8.0,8.0,2.0,4.0,32.0,29.0,1008.0,3616.0,0,0.9078125,2.0,0.03125,6400000.0,0.9033657962328766
1.0,8.0,4.0,1.0,1.0,1.0,63.0,32.0,0,0.5015625,32768.0,8192.0,6400000.0,0.5273919092465753
1.0,8.0,2.0,1.0,1.0,1.0,39.0,32.0,0,0.5015625,16384.0,0.0078125,6400000.0,0.5273919092465753
8.0,8.0,4.0,11.0,63.0,67.0,2021.0,9696.0,0,0.940625,0.000976562,0.00390625,6400000.0,0.9409246575342465
8.0,8.0,8.0,19.0,147.0,193.0,7578.0,29856.0,0,0.9640625,0.015625,0.000976562,6400000.0,0.9628371147260273
8.0,8.0,8.0,17.0,129.0,178.0,6774.0,27456.0,0,0.9640625,0.015625,1.0,6400000.0,0.962445725293542
8.0,8.0,2.0,4.0,32.0,29.0,1008.0,3616.0,0,0.9078125,0.0625,2.0,6400000.0,0.9033657962328766
8.0,8.0,2.0,4.0,29.0,26.0,909.0,3136.0,0,0.9078125,0.03125,256.0,6400000.0,0.8262620780332682
1.0,8.0,2.0,1.0,1.0,1.0,39.0,32.0,0,0.5015625,32768.0,0.0625,6400000.0,0.5273919092465753
8.0,8.0,4.0,15.0,69.0,72.0,2165.0,10496.0,0,0.940625,0.0,0.0,6400000.0,0.9409246575342465
1.0,8.0,2.0,1.0,1.0,1.0,39.0,32.0,0,0.5015625,2.0,32768.0,6400000.0,0.5273919092465753
8.0,8.0,4.0,5.0,50.0,46.0,1680.0,6336.0,0,0.940625,256.0,16.0,6400000.0,0.9033657962328766
1.0,8.0,2.0,1.0,1.0,1.0,39.0,32.0,0,0.5015625,32768.0,64.0,6400000.0,0.5273919092465753
1.0,8.0,2.0,1.0,1.0,1.0,39.0,32.0,0,0.5015625,16384.0,8.0,6400000.0,0.5273919092465753
8.0,8.0,2.0,4.0,32.0,29.0,1008.0,3616.0,0,0.9078125,2.0,32.0,6400000.0,0.9033657962328766
8.0,8.0,4.0,9.0,67.0,67.0,2176.0,9696.0,0,0.940625,0.000976562,4.0,6400000.0,0.9409246575342465
8.0,8.0,4.0,5.0,51.0,47.0,1713.0,6496.0,0,0.940625,256.0,0.015625,6400000.0,0.9033657962328766
8.0,8.0,8.0,15.0,125.0,179.0,6689.0,27616.0,0,0.9640625,4.0,0.00390625,6400000.0,0.9612715569960862
1.0,8.0,4.0,1.0,1.0,1.0,63.0,32.0,0,0.5015625,0.0,512.0,6400000.0,0.5273919092465753
1.0,8.0,8.0,1.0,1.0,1.0,543.0,32.0,0,0.5015625,0.015625,1024.0,6400000.0,0.5273919092465753
8.0,8.0,8.0,12.0,121.0,187.0,6632.0,28896.0,0,0.959375,0.03125,8.0,6400000.0,0.9581404415362036
8.0,8.0,4.0,10.0,63.0,67.0,2042.0,9696.0,0,0.940625,0.0,0.5,6400000.0,0.9409246575342465
8.0,8.0,8.0,19.0,147.0,193.0,7578.0,29856.0,0,0.9640625,0.03125,0.0078125,6400000.0,0.9628371147260273
8.0,8.0,8.0,19.0,147.0,193.0,7578.0,29856.0,0,0.9640625,0.0,0.0625,6400000.0,0.9628371147260273
8.0,8.0,4.0,6.0,54.0,49.0,1805.0,6816.0,0,0.940625,32.0,0.0625,6400000.0,0.9409246575342465
1.0,8.0,8.0,1.0,1.0,1.0,543.0,32.0,0,0.5015625,0.03125,8192.0,6400000.0,0.5273919092465753
8.0,8.0,4.0,10.0,63.0,67.0,2042.0,9696.0,0,0.940625,0.00195312,0.03125,6400000.0,0.9409246575342465
8.0,8.0,8.0,18.0,133.0,180.0,7138.0,27776.0,0,0.9625,0.25,2.0,6400000.0,0.9616629464285713
1.0,8.0,2.0,1.0,1.0,1.0,39.0,32.0,0,0.5015625,0.0625,2048.0,6400000.0,0.5273919092465753
1.0,8.0,4.0,1.0,1.0,1.0,63.0,32.0,0,0.5015625,0.00195312,32768.0,6400000.0,0.5273919092465753
1.0,8.0,4.0,1.0,1.0,1.0,63.0,32.0,0,0.5015625,0.000976562,4096.0,6400000.0,0.5273919092465753
8.0,8.0,4.0,11.0,63.0,67.0,2021.0,9696.0,0,0.940625,0.0078125,0.00195312,6400000.0,0.9409246575342465
8.0,8.0,8.0,19.0,147.0,193.0,7578.0,29856.0,0,0.9640625,0.0625,0.0625,6400000.0,0.9628371147260273
8.0,8.0,8.0,8.0,66.0,67.0,4356.0,9696.0,0,0.940625,0.0,64.0,6400000.0,0.9409246575342465
1.0,8.0,8.0,1.0,1.0,1.0,543.0,32.0,0,0.5015625,0.25,2048.0,6400000.0,0.5273919092465753
1.0,8.0,4.0,1.0,1.0,1.0,63.0,32.0,0,0.5015625,2048.0,0.00390625,6400000.0,0.5273919092465753
8.0,8.0,4.0,6.0,54.0,49.0,1805.0,6816.0,0,0.940625,0.00195312,32.0,6400000.0,0.9409246575342465
8.0,8.0,2.0,4.0,32.0,29.0,1008.0,3616.0,0,0.9078125,4.0,0.25,6400000.0,0.9033657962328766
8.0,8.0,4.0,5.0,51.0,47.0,1713.0,6496.0,0,0.940625,32.0,64.0,6400000.0,0.9409246575342465
1.0,8.0,4.0,1.0,1.0,1.0,63.0,32.0,0,0.5015625,256.0,16384.0,6400000.0,0.5273919092465753
1.0,8.0,4.0,1.0,1.0,1.0,63.0,32.0,0,0.5015625,512.0,0.125,6400000.0,0.5273919092465753
8.0,8.0,4.0,9.0,67.0,67.0,2176.0,9696.0,0,0.940625,0.0078125,2.0,6400000.0,0.9409246575342465
1.0,8.0,4.0,1.0,1.0,1.0,63.0,32.0,0,0.5015625,512.0,128.0,6400000.0,0.5273919092465753
8.0,8.0,8.0,8.0,66.0,67.0,4356.0,9696.0,0,0.940625,0.0625,64.0,6400000.0,0.9409246575342465
1.0,8.0,4.0,1.0,1.0,1.0,63.0,32.0,0,0.5015625,0.0078125,2048.0,6400000.0,0.5273919092465753
8.0,8.0,4.0,5.0,51.0,47.0,1713.0,6496.0,0,0.940625,0.00390625,256.0,6400000.0,0.9033657962328766
8.0,8.0,8.0,17.0,129.0,179.0,6775.0,27616.0,0,0.9640625,0.125,0.5,6400000.0,0.9628371147260273
8.0,8.0,4.0,10.0,63.0,67.0,2042.0,9696.0,0,0.940625,0.00390625,0.25,6400000.0,0.9409246575342465
8.0,8.0,8.0,18.0,141.0,189.0,7403.0,29216.0,0,0.9640625,0.5,0.015625,6400000.0,0.9628371147260273
8.0,8.0,4.0,6.0,56.0,52.0,1872.0,7296.0,0,0.940625,0.015625,16.0,6400000.0,0.9409246575342465
8.0,8.0,8.0,19.0,147.0,193.0,7578.0,29856.0,0,0.9640625,0.125,0.0,6400000.0,0.9628371147260273
1.0,8.0,4.0,1.0,1.0,1.0,63.0,32.0,0,0.5015625,0.015625,16384.0,6400000.0,0.5273919092465753
8.0,8.0,8.0,19.0,147.0,193.0,7578.0,29856.0,0,0.9640625,0.000976562,0.0,6400000.0,0.9628371147260273
1.0,8.0,4.0,1.0,1.0,1.0,63.0,32.0,0,0.5015625,0.0625,1024.0,6400000.0,0.5273919092465753
8.0,8.0,4.0,10.0,63.0,67.0,2042.0,9696.0,0,0.940625,0.015625,0.015625,6400000.0,0.9409246575342465
8.0,8.0,4.0,5.0,51.0,47.0,1713.0,6496.0,0,0.940625,64.0,0.0,6400000.0,0.9409246575342465
8.0,8.0,8.0,12.0,121.0,187.0,6632.0,28896.0,0,0.959375,4.0,4.0,6400000.0,0.9597059992661447
8.0,8.0,4.0,10.0,63.0,67.0,2042.0,9696.0,0,0.940625,0.03125,0.125,6400000.0,0.9409246575342465
8.0,8.0,4.0,10.0,68.0,67.0,2202.0,9696.0,0,0.940625,0.0625,1.0,6400000.0,0.9409246575342465
8.0,8.0,4.0,10.0,63.0,67.0,2042.0,9696.0,0,0.940625,0.125,0.0078125,6400000.0,0.9409246575342465
8.0,8.0,8.0,18.0,141.0,189.0,7403.0,29216.0,0,0.9640625,0.000976562,0.5,6400000.0,0.9628371147260273
1.0,8.0,8.0,1.0,1.0,1.0,543.0,32.0,0,0.5015625,4.0,4096.0,6400000.0,0.5273919092465753
8.0,8.0,4.0,5.0,51.0,47.0,1713.0,6496.0,0,0.940625,0.03125,128.0,6400000.0,0.9409246575342465
8.0,8.0,4.0,10.0,63.0,67.0,2042.0,9696.0,0,0.940625,0.0625,0.000976562,6400000.0,0.9409246575342465
8.0,8.0,8.0,8.0,99.0,132.0,5702.0,20096.0,0,0.959375,0.5,16.0,6400000.0,0.9597059992661447
8.0,8.0,2.0,4.0,32.0,29.0,1008.0,3616.0,0,0.9078125,0.125,16.0,6400000.0,0.9033657962328766
1.0,8.0,4.0,1.0,1.0,1.0,63.0,32.0,0,0.5015625,0.125,8192.0,6400000.0,0.5273919092465753
8.0,8.0,2.0,4.0,29.0,26.0,909.0,3136.0,0,0.9078125,4.0,256.0,6400000.0,0.8262620780332682
1.0,8.0,8.0,1.0,1.0,1.0,543.0,32.0,0,0.5015625,0.125,512.0,6400000.0,0.5273919092465753
8.0,8.0,4.0,9.0,66.0,66.0,2143.0,9536.0,0,0.940625,0.125,8.0,6400000.0,0.9409246575342465
8.0,8.0,8.0,12.0,121.0,187.0,6632.0,28896.0,0,0.959375,8.0,0.03125,6400000.0,0.9597059992661447
1.0,8.0,4.0,1.0,1.0,1.0,63.0,32.0,0,0.5015625,2048.0,4.0,6400000.0,0.5273919092465753
1.0,8.0,4.0,1.0,1.0,1.0,63.0,32.0,0,0.5015625,64.0,512.0,6400000.0,0.5273919092465753
8.0,8.0,2.0,4.0,32.0,29.0,1008.0,3616.0,0,0.9078125,0.125,0.015625,6400000.0,0.9033657962328766
8.0,8.0,4.0,10.0,63.0,67.0,2042.0,9696.0,0,0.940625,0.5,0.5,6400000.0,0.9409246575342465
1.0,8.0,8.0,1.0,1.0,1.0,543.0,32.0,0,0.5015625,0.000976562,512.0,6400000.0,0.5273919092465753
8.0,8.0,4.0,10.0,63.0,67.0,2042.0,9696.0,0,0.940625,0.5,0.0,6400000.0,0.9409246575342465
1.0,8.0,4.0,1.0,1.0,1.0,63.0,32.0,0,0.5015625,2048.0,4096.0,6400000.0,0.5273919092465753
8.0,8.0,4.0,5.0,51.0,47.0,1713.0,6496.0,0,0.940625,64.0,0.5,6400000.0,0.9409246575342465
8.0,8.0,2.0,4.0,32.0,29.0,1008.0,3616.0,0,0.9078125,8.0,0.00195312,6400000.0,0.9033657962328766
8.0,8.0,4.0,9.0,67.0,67.0,2176.0,9696.0,0,0.940625,1.0,4.0,6400000.0,0.9409246575342465
8.0,8.0,4.0,5.0,51.0,47.0,1713.0,6496.0,0,0.940625,0.25,64.0,6400000.0,0.9409246575342465
1.0,8.0,2.0,1.0,1.0,1.0,39.0,32.0,0,0.5015625,8.0,2048.0,6400000.0,0.5273919092465753
8.0,8.0,4.0,10.0,63.0,67.0,2042.0,9696.0,0,0.940625,0.25,0.0625,6400000.0,0.9409246575342465
1.0,8.0,2.0,1.0,1.0,1.0,39.0,32.0,0,0.5015625,0.125,16384.0,6400000.0,0.5273919092465753
1.0,8.0,4.0,1.0,1.0,1.0,63.0,32.0,0,0.5015625,0.5,512.0,6400000.0,0.5273919092465753
8.0,8.0,4.0,10.0,63.0,67.0,2042.0,9696.0,0,0.940625,1.0,0.00390625,6400000.0,0.9409246575342465
1.0,8.0,8.0,1.0,1.0,1.0,543.0,32.0,0,0.5015625,0.5,16384.0,6400000.0,0.5273919092465753
8.0,8.0,4.0,5.0,51.0,47.0,1713.0,6496.0,0,0.940625,128.0,4.0,6400000.0,0.9409246575342465
8.0,8.0,2.0,4.0,32.0,29.0,1008.0,3616.0,0,0.9078125,8.0,2.0,6400000.0,0.9033657962328766
8.0,8.0,4.0,5.0,51.0,47.0,1713.0,6496.0,0,0.940625,128.0,0.00390625,6400000.0,0.9409246575342465
8.0,8.0,4.0,9.0,67.0,67.0,2176.0,9696.0,0,0.940625,2.0,0.03125,6400000.0,0.9409246575342465
8.0,8.0,8.0,8.0,103.0,128.0,5826.0,19456.0,0,0.959375,8.0,32.0,6400000.0,0.9597059992661447
1.0,8.0,4.0,1.0,1.0,1.0,63.0,32.0,0,0.5015625,1024.0,0.000976562,6400000.0,0.5273919092465753
1.0,8.0,4.0,1.0,1.0,1.0,63.0,32.0,0,0.5015625,2.0,32768.0,6400000.0,0.5273919092465753
1.0,8.0,4.0,1.0,1.0,1.0,63.0,32.0,0,0.5015625,1.0,4096.0,6400000.0,0.5273919092465753
8.0,8.0,2.0,4.0,32.0,29.0,1008.0,3616.0,0,0.9078125,16.0,16.0,6400000.0,0.9033657962328766
8.0,8.0,2.0,4.0,32.0,29.0,1008.0,3616.0,0,0.9078125,0.25,0.125,6400000.0,0.9033657962328766
8.0,8.0,2.0,4.0,32.0,29.0,1008.0,3616.0,0,0.9078125,0.5,0.000976562,6400000.0,0.9033657962328766
8.0,8.0,2.0,4.0,32.0,29.0,1008.0,3616.0,0,0.9078125,0.25,128.0,6400000.0,0.9033657962328766
1.0,8.0,4.0,1.0,1.0,1.0,63.0,32.0,0,0.5015625,4096.0,0.03125,6400000.0,0.5273919092465753
8.0,8.0,2.0,4.0,32.0,29.0,1008.0,3616.0,0,0.9078125,16.0,0.015625,6400000.0,0.9033657962328766
8.0,8.0,2.0,4.0,32.0,29.0,1008.0,3616.0,0,0.9078125,32.0,0.125,6400000.0,0.9033657962328766
8.0,8.0,2.0,4.0,32.0,29.0,1008.0,3616.0,0,0.9078125,64.0,0.000976562,6400000.0,0.9033657962328766
1.0,8.0,2.0,1.0,1.0,1.0,39.0,32.0,0,0.5015625,16.0,16384.0,6400000.0,0.5273919092465753
8.0,8.0,8.0,5.0,51.0,47.0,3633.0,6496.0,0,0.940625,1.0,128.0,6400000.0,0.9409246575342465
8.0,8.0,8.0,17.0,129.0,178.0,6774.0,27456.0,0,0.9640625,1.0,0.125,6400000.0,0.962445725293542
8.0,8.0,4.0,9.0,66.0,66.0,2143.0,9536.0,0,0.940625,8.0,0.00195312,6400000.0,0.9409246575342465
8.0,8.0,2.0,4.0,32.0,29.0,1008.0,3616.0,0,0.9078125,64.0,1.0,6400000.0,0.9033657962328766
8.0,8.0,4.0,6.0,54.0,49.0,1805.0,6816.0,0,0.940625,2.0,32.0,6400000.0,0.9409246575342465
8.0,8.0,4.0,9.0,67.0,67.0,2176.0,9696.0,0,0.940625,4.0,0.25,6400000.0,0.9409246575342465
8.0,8.0,2.0,4.0,31.0,28.0,975.0,3456.0,0,0.9078125,32.0,128.0,6400000.0,0.9033657962328766
1.0,8.0,8.0,1.0,1.0,1.0,543.0,32.0,0,0.5015625,8.0,32768.0,6400000.0,0.5273919092465753
1.0,8.0,2.0,1.0,1.0,1.0,39.0,32.0,0,0.5015625,512.0,0.5,6400000.0,0.5273919092465753
1.0,8.0,2.0,1.0,1.0,1.0,39.0,32.0,0,0.5015625,64.0,1024.0,6400000.0,0.5273919092465753
8.0,8.0,8.0,18.0,141.0,189.0,7403.0,29216.0,0,0.9640625,0.25,0.00390625,6400000.0,0.9628371147260273
1.0,8.0,4.0,1.0,1.0,1.0,63.0,32.0,0,0.5015625,4096.0,32.0,6400000.0,0.5273919092465753
8.0,8.0,8.0,19.0,147.0,193.0,7578.0,29856.0,0,0.9640625,0.00195312,0.00390625,6400000.0,0.9628371147260273
8.0,8.0,4.0,7.0,60.0,62.0,1989.0,8896.0,0,0.940625,8.0,2.0,6400000.0,0.9409246575342465
1.0,8.0,2.0,1.0,1.0,1.0,39.0,32.0,0,0.5015625,512.0,512.0,6400000.0,0.5273919092465753
1.0,8.0,4.0,1.0,1.0,1.0,63.0,32.0,0,0.5015625,1024.0,1.0,6400000.0,0.5273919092465753
8.0,8.0,2.0,4.0,32.0,29.0,1008.0,3616.0,0,0.9078125,128.0,0.0078125,6400000.0,0.9033657962328766
1.0,8.0,4.0,1.0,1.0,1.0,63.0,32.0,0,0.5015625,8.0,2048.0,6400000.0,0.5273919092465753
1.0,8.0,2.0,1.0,1.0,1.0,39.0,32.0,0,0.5015625,1024.0,4096.0,6400000.0,0.5273919092465753
8.0,8.0,4.0,5.0,51.0,47.0,1713.0,6496.0,0,0.940625,4.0,256.0,6400000.0,0.9033657962328766
1.0,8.0,4.0,1.0,1.0,1.0,63.0,32.0,0,0.5015625,4096.0,32768.0,6400000.0,0.5273919092465753
8.0,8.0,2.0,4.0,31.0,28.0,975.0,3456.0,0,0.9078125,128.0,8.0,6400000.0,0.9033657962328766
1.0,8.0,2.0,1.0,1.0,1.0,39.0,32.0,0,0.5015625,0.5,1024.0,6400000.0,0.5273919092465753
1.0,8.0,2.0,1.0,1.0,1.0,39.0,32.0,0,0.5015625,1024.0,0.00390625,6400000.0,0.5273919092465753
1.0,8.0,2.0,1.0,1.0,1.0,39.0,32.0,0,0.5015625,512.0,0.0,6400000.0,0.5273919092465753
1.0,8.0,2.0,1.0,1.0,1.0,39.0,32.0,0,0.5015625,128.0,8192.0,6400000.0,0.5273919092465753
8.0,8.0,2.0,4.0,32.0,29.0,1008.0,3616.0,0,0.9078125,0.5,1.0,6400000.0,0.9033657962328766
1.0,8.0,8.0,1.0,1.0,1.0,543.0,32.0,0,0.5015625,0.00195312,4096.0,6400000.0,0.5273919092465753
8.0,8.0,2.0,4.0,29.0,26.0,909.0,3136.0,0,0.9078125,256.0,0.0625,6400000.0,0.8262620780332682
1.0,8.0,2.0,1.0,1.0,1.0,39.0,32.0,0,0.5015625,1024.0,4.0,6400000.0,0.5273919092465753
8.0,8.0,8.0,15.0,125.0,179.0,6689.0,27616.0,0,0.9640625,0.00195312,4.0,6400000.0,0.9612715569960862
8.0,8.0,8.0,19.0,147.0,193.0,7578.0,29856.0,0,0.9640625,0.00390625,0.03125,6400000.0,0.9628371147260273
8.0,8.0,2.0,4.0,27.0,24.0,843.0,2816.0,0,0.75,256.0,64.0,6400000.0,0.7844231592465754
8.0,8.0,8.0,18.0,133.0,180.0,7138.0,27776.0,0,0.9625,2.0,0.000976562,6400000.0,0.9620543358610567
1.0,8.0,4.0,1.0,1.0,1.0,63.0,32.0,0,0.5015625,16384.0,0.00195312,6400000.0,0.5273919092465753
8.0,8.0,8.0,8.0,99.0,132.0,5702.0,20096.0,0,0.959375,0.00390625,32.0,6400000.0,0.9597059992661447
1.0,8.0,4.0,1.0,1.0,1.0,63.0,32.0,0,0.5015625,8192.0,256.0,6400000.0,0.5273919092465753
1.0,8.0,2.0,1.0,1.0,1.0,39.0,32.0,0,0.5015625,2048.0,0.03125,6400000.0,0.5273919092465753
8.0,8.0,2.0,4.0,32.0,29.0,1008.0,3616.0,0,0.9078125,1.0,8.0,6400000.0,0.9033657962328766
1.0,8.0,4.0,1.0,1.0,1.0,63.0,32.0,0,0.5015625,8192.0,0.25,6400000.0,0.5273919092465753
8.0,8.0,4.0,6.0,54.0,49.0,1805.0,6816.0,0,0.940625,16.0,16.0,6400000.0,0.9409246575342465
1.0,8.0,2.0,1.0,1.0,1.0,39.0,32.0,0,0.5015625,2048.0,32.0,6400000.0,0.5273919092465753
8.0,8.0,4.0,6.0,56.0,52.0,1872.0,7296.0,0,0.940625,16.0,0.015625,6400000.0,0.9409246575342465
1.0,8.0,4.0,1.0,1.0,1.0,63.0,32.0,0,0.5015625,1024.0,1024.0,6400000.0,0.5273919092465753
1.0,8.0,4.0,1.0,1.0,1.0,63.0,32.0,0,0.5015625,16384.0,2.0,6400000.0,0.5273919092465753
1.0,8.0,4.0,1.0,1.0,1.0,63.0,32.0,0,0.5015625,128.0,4096.0,6400000.0,0.5273919092465753
1.0,8.0,2.0,1.0,1.0,1.0,39.0,32.0,0,0.5015625,2048.0,32768.0,6400000.0,0.5273919092465753
8.0,8.0,2.0,4.0,32.0,29.0,1008.0,3616.0,0,0.9078125,1.0,0.0078125,6400000.0,0.9033657962328766
1.0,8.0,2.0,1.0,1.0,1.0,39.0,32.0,0,0.5015625,4096.0,0.25,6400000.0,0.5273919092465753
1.0,8.0,4.0,1.0,1.0,1.0,63.0,32.0,0,0.5015625,32768.0,0.015625,6400000.0,0.5273919092465753
1.0,8.0,2.0,1.0,1.0,1.0,39.0,32.0,0,0.5015625,4096.0,256.0,6400000.0,0.5273919092465753
1.0,8.0,2.0,1.0,1.0,1.0,39.0,32.0,0,0.5015625,8192.0,0.00195312,6400000.0,0.5273919092465753
1.0,8.0,4.0,1.0,1.0,1.0,63.0,32.0,0,0.5015625,32768.0,16.0,6400000.0,0.5273919092465753
1.0,8.0,8.0,1.0,1.0,1.0,543.0,32.0,0,0.5015625,0.00390625,32768.0,6400000.0,0.5273919092465753
8.0,8.0,8.0,18.0,141.0,189.0,7403.0,29216.0,0,0.9640625,0.0078125,0.25,6400000.0,0.9628371147260273
1.0,8.0,4.0,1.0,1.0,1.0,63.0,32.0,0,0.5015625,16384.0,2048.0,6400000.0,0.5273919092465753
8.0,8.0,8.0,15.0,128.0,178.0,6784.0,27456.0,0,0.9640625,2.0,1.0,6400000.0,0.961271556996086
1.0,8.0,2.0,1.0,1.0,1.0,39.0,32.0,0,0.5015625,1.0,8192.0,6400000.0,0.5273919092465753
1.0,8.0,2.0,1.0,1.0,1.0,39.0,32.0,0,0.5015625,16384.0,16384.0,6400000.0,0.5273919092465753
1.0,8.0,2.0,1.0,1.0,1.0,39.0,32.0,0,0.5015625,8192.0,2.0,6400000.0,0.5273919092465753
1.0,8.0,8.0,1.0,1.0,1.0,543.0,32.0,0,0.5015625,2.0,1024.0,6400000.0,0.5273919092465753
1.0,8.0,4.0,1.0,1.0,1.0,63.0,32.0,0,0.5015625,16.0,16384.0,6400000.0,0.5273919092465753
1.0,8.0,2.0,1.0,1.0,1.0,39.0,32.0,0,0.5015625,8192.0,2048.0,6400000.0,0.5273919092465753
8.0,8.0,8.0,8.0,100.0,133.0,5735.0,20256.0,0,0.959375,16.0,0.25,6400000.0,0.961271556996086
8.0,8.0,2.0,4.0,32.0,29.0,1008.0,3616.0,0,0.9078125,2.0,0.0625,6400000.0,0.9033657962328766
8.0,8.0,4.0,11.0,63.0,67.0,2021.0,9696.0,0,0.940625,0.000976562,0.0078125,6400000.0,0.9409246575342465
8.0,8.0,8.0,5.0,51.0,47.0,3633.0,6496.0,0,0.940625,0.0078125,256.0,6400000.0,0.9033657962328766
8.0,8.0,8.0,18.0,133.0,180.0,7138.0,27776.0,0,0.9625,0.015625,2.0,6400000.0,0.9620543358610567
1.0,8.0,4.0,1.0,1.0,1.0,63.0,32.0,0,0.5015625,32768.0,16384.0,6400000.0,0.5273919092465753
1.0,8.0,2.0,1.0,1.0,1.0,39.0,32.0,0,0.5015625,16384.0,0.015625,6400000.0,0.5273919092465753
8.0,8.0,8.0,5.0,50.0,46.0,3600.0,6336.0,0,0.940625,16.0,256.0,6400000.0,0.9033657962328766
8.0,8.0,4.0,11.0,63.0,67.0,2021.0,9696.0,0,0.940625,0.0,0.000976562,6400000.0,0.9409246575342465
8.0,8.0,8.0,19.0,147.0,193.0,7578.0,29856.0,0,0.9640625,0.015625,0.00195312,6400000.0,0.9628371147260273
1.0,8.0,2.0,1.0,1.0,1.0,39.0,32.0,0,0.5015625,32768.0,0.125,6400000.0,0.5273919092465753
1.0,8.0,2.0,1.0,1.0,1.0,39.0,32.0,0,0.5015625,32768.0,128.0,6400000.0,0.5273919092465753
8.0,8.0,4.0,9.0,66.0,66.0,2143.0,9536.0,0,0.940625,0.000976562,8.0,6400000.0,0.9409246575342465
8.0,8.0,4.0,5.0,51.0,47.0,1713.0,6496.0,0,0.940625,256.0,0.03125,6400000.0,0.9033657962328766
8.0,8.0,8.0,8.0,100.0,133.0,5735.0,20256.0,0,0.959375,32.0,0.00195312,6400000.0,0.961271556996086
8.0,8.0,2.0,4.0,32.0,29.0,1008.0,3616.0,0,0.9078125,4.0,0.0,6400000.0,0.9033657962328766
8.0,8.0,2.0,4.0,32.0,29.0,1008.0,3616.0,0,0.9078125,2.0,64.0,6400000.0,0.9033657962328766
8.0,8.0,8.0,15.0,125.0,179.0,6689.0,27616.0,0,0.9640625,4.0,0.0078125,6400000.0,0.9612715569960862
8.0,8.0,4.0,5.0,46.0,42.0,1548.0,5696.0,0,0.940625,256.0,32.0,6400000.0,0.9033657962328766
1.0,8.0,2.0,1.0,1.0,1.0,39.0,32.0,0,0.5015625,16384.0,16.0,6400000.0,0.5273919092465753
1.0,8.0,4.0,1.0,1.0,1.0,63.0,32.0,0,0.5015625,0.0,1024.0,6400000.0,0.5273919092465753
1.0,8.0,8.0,1.0,1.0,1.0,543.0,32.0,0,0.5015625,0.015625,2048.0,6400000.0,0.5273919092465753
8.0,8.0,8.0,9.0,101.0,132.0,5745.0,20096.0,0,0.959375,0.03125,16.0,6400000.0,0.9597059992661447
8.0,8.0,4.0,10.0,63.0,67.0,2042.0,9696.0,0,0.940625,0.0,1.0,6400000.0,0.9409246575342465
8.0,8.0,4.0,10.0,63.0,67.0,2042.0,9696.0,0,0.940625,0.00195312,0.0625,6400000.0,0.9409246575342465
8.0,8.0,8.0,19.0,147.0,193.0,7578.0,29856.0,0,0.9640625,0.0,0.125,6400000.0,0.9628371147260273
8.0,8.0,4.0,6.0,54.0,49.0,1805.0,6816.0,0,0.940625,32.0,0.125,6400000.0,0.9409246575342465
1.0,8.0,8.0,1.0,1.0,1.0,543.0,32.0,0,0.5015625,0.03125,16384.0,6400000.0,0.5273919092465753
8.0,8.0,8.0,15.0,125.0,179.0,6689.0,27616.0,0,0.9640625,0.25,4.0,6400000.0,0.9604887781311156
8.0,8.0,8.0,19.0,147.0,193.0,7578.0,29856.0,0,0.9640625,0.03125,0.015625,6400000.0,0.9628371147260273
8.0,8.0,4.0,11.0,63.0,67.0,2021.0,9696.0,0,0.940625,0.00390625,0.0,6400000.0,0.9409246575342465
8.0,8.0,8.0,8.0,100.0,133.0,5735.0,20256.0,0,0.959375,32.0,2.0,6400000.0,0.961271556996086
8.0,8.0,4.0,11.0,63.0,67.0,2021.0,9696.0,0,0.940625,0.0078125,0.00390625,6400000.0,0.9409246575342465
1.0,8.0,4.0,1.0,1.0,1.0,63.0,32.0,0,0.5015625,0.000976562,8192.0,6400000.0,0.5273919092465753
8.0,8.0,8.0,19.0,147.0,193.0,7578.0,29856.0,0,0.9640625,0.0625,0.125,6400000.0,0.9628371147260273
8.0,8.0,8.0,5.0,51.0,47.0,3633.0,6496.0,0,0.940625,0.0,128.0,6400000.0,0.9409246575342465
1.0,8.0,8.0,1.0,1.0,1.0,543.0,32.0,0,0.5015625,0.25,4096.0,6400000.0,0.5273919092465753
1.0,8.0,4.0,1.0,1.0,1.0,63.0,32.0,0,0.5015625,2048.0,0.0078125,6400000.0,0.5273919092465753
1.0,8.0,4.0,1.0,1.0,1.0,63.0,32.0,0,0.5015625,256.0,32768.0,6400000.0,0.5273919092465753
8.0,8.0,4.0,5.0,51.0,47.0,1713.0,6496.0,0,0.940625,0.00195312,64.0,6400000.0,0.9409246575342465
1.0,8.0,4.0,1.0,1.0,1.0,63.0,32.0,0,0.5015625,512.0,0.25,6400000.0,0.5273919092465753
8.0,8.0,2.0,4.0,32.0,29.0,1008.0,3616.0,0,0.9078125,4.0,0.5,6400000.0,0.9033657962328766
8.0,8.0,4.0,5.0,51.0,47.0,1713.0,6496.0,0,0.940625,32.0,128.0,6400000.0,0.9409246575342465
1.0,8.0,4.0,1.0,1.0,1.0,63.0,32.0,0,0.5015625,512.0,256.0,6400000.0,0.5273919092465753
8.0,8.0,4.0,9.0,67.0,67.0,2176.0,9696.0,0,0.940625,0.0078125,4.0,6400000.0,0.9409246575342465
1.0,8.0,4.0,1.0,1.0,1.0,63.0,32.0,0,0.5015625,0.0078125,4096.0,6400000.0,0.5273919092465753
8.0,8.0,8.0,5.0,51.0,47.0,3633.0,6496.0,0,0.940625,0.0625,128.0,6400000.0,0.9409246575342465
1.0,8.0,4.0,1.0,1.0,1.0,63.0,32.0,0,0.5015625,0.00390625,512.0,6400000.0,0.5273919092465753
8.0,8.0,8.0,17.0,129.0,178.0,6774.0,27456.0,0,0.9640625,0.125,1.0,6400000.0,0.962445725293542
8.0,8.0,4.0,6.0,54.0,49.0,1805.0,6816.0,0,0.940625,0.015625,32.0,6400000.0,0.9409246575342465
1.0,8.0,4.0,1.0,1.0,1.0,63.0,32.0,0,0.5015625,0.015625,32768.0,6400000.0,0.5273919092465753
8.0,8.0,8.0,18.0,141.0,189.0,7403.0,29216.0,0,0.9640625,0.5,0.03125,6400000.0,0.9628371147260273
1.0,8.0,4.0,1.0,1.0,1.0,63.0,32.0,0,0.5015625,0.0625,2048.0,6400000.0,0.5273919092465753
8.0,8.0,8.0,19.0,147.0,193.0,7578.0,29856.0,0,0.9640625,0.125,0.000976562,6400000.0,0.9628371147260273
8.0,8.0,4.0,10.0,63.0,67.0,2042.0,9696.0,0,0.940625,0.00390625,0.5,6400000.0,0.9409246575342465
8.0,8.0,4.0,10.0,63.0,67.0,2042.0,9696.0,0,0.940625,0.015625,0.03125,6400000.0,0.9409246575342465
8.0,8.0,8.0,19.0,147.0,193.0,7578.0,29856.0,0,0.9640625,0.000976562,0.000976562,6400000.0,0.9628371147260273
8.0,8.0,8.0,12.0,157.0,182.0,8035.0,28096.0,0,0.959375,4.0,8.0,6400000.0,0.9600973886986301
1.0,8.0,8.0,1.0,1.0,1.0,543.0,32.0,0,0.5015625,4.0,8192.0,6400000.0,0.5273919092465753
8.0,8.0,4.0,9.0,67.0,67.0,2176.0,9696.0,0,0.940625,0.0625,2.0,6400000.0,0.9409246575342465
8.0,8.0,4.0,5.0,51.0,47.0,1713.0,6496.0,0,0.940625,0.03125,256.0,6400000.0,0.9033657962328766
8.0,8.0,4.0,5.0,51.0,47.0,1713.0,6496.0,0,0.940625,64.0,0.000976562,6400000.0,0.9409246575342465
8.0,8.0,4.0,10.0,63.0,67.0,2042.0,9696.0,0,0.940625,0.0625,0.00195312,6400000.0,0.9409246575342465
8.0,8.0,8.0,8.0,99.0,132.0,5702.0,20096.0,0,0.959375,0.5,32.0,6400000.0,0.9597059992661447
8.0,8.0,4.0,10.0,63.0,67.0,2042.0,9696.0,0,0.940625,0.125,0.015625,6400000.0,0.9409246575342465
8.0,8.0,8.0,17.0,129.0,178.0,6774.0,27456.0,0,0.9640625,0.000976562,1.0,6400000.0,0.962445725293542
8.0,8.0,4.0,10.0,63.0,67.0,2042.0,9696.0,0,0.940625,0.03125,0.25,6400000.0,0.9409246575342465
1.0,8.0,4.0,1.0,1.0,1.0,63.0,32.0,0,0.5015625,0.125,16384.0,6400000.0,0.5273919092465753
1.0,8.0,8.0,1.0,1.0,1.0,543.0,32.0,0,0.5015625,32.0,2048.0,6400000.0,0.5273919092465753
1.0,8.0,2.0,1.0,1.0,1.0,39.0,32.0,0,0.5015625,4.0,512.0,6400000.0,0.5273919092465753
1.0,8.0,4.0,1.0,1.0,1.0,63.0,32.0,0,0.5015625,2048.0,8.0,6400000.0,0.5273919092465753
8.0,8.0,4.0,6.0,56.0,52.0,1872.0,7296.0,0,0.940625,0.125,16.0,6400000.0,0.9409246575342465
1.0,8.0,8.0,1.0,1.0,1.0,543.0,32.0,0,0.5015625,0.125,1024.0,6400000.0,0.5273919092465753
8.0,8.0,4.0,10.0,63.0,67.0,2042.0,9696.0,0,0.940625,0.5,0.000976562,6400000.0,0.9409246575342465
8.0,8.0,8.0,12.0,121.0,187.0,6632.0,28896.0,0,0.959375,8.0,0.0625,6400000.0,0.9597059992661447
1.0,8.0,4.0,1.0,1.0,1.0,63.0,32.0,0,0.5015625,2048.0,8192.0,6400000.0,0.5273919092465753
1.0,8.0,4.0,1.0,1.0,1.0,63.0,32.0,0,0.5015625,64.0,1024.0,6400000.0,0.5273919092465753
1.0,8.0,8.0,1.0,1.0,1.0,543.0,32.0,0,0.5015625,0.000976562,1024.0,6400000.0,0.5273919092465753
8.0,8.0,4.0,9.0,67.0,67.0,2176.0,9696.0,0,0.940625,0.5,1.0,6400000.0,0.9409246575342465
8.0,8.0,8.0,8.0,77.0,78.0,4944.0,11456.0,0,0.940625,64.0,0.015625,6400000.0,0.9409246575342465
8.0,8.0,4.0,5.0,51.0,47.0,1713.0,6496.0,0,0.940625,0.25,128.0,6400000.0,0.9409246575342465
8.0,8.0,2.0,4.0,32.0,29.0,1008.0,3616.0,0,0.9078125,8.0,0.00390625,6400000.0,0.9033657962328766
8.0,8.0,4.0,8.0,60.0,66.0,1972.0,9536.0,0,0.940625,1.0,8.0,6400000.0,0.9409246575342465
1.0,8.0,8.0,1.0,1.0,1.0,543.0,32.0,0,0.5015625,0.5,32768.0,6400000.0,0.5273919092465753
1.0,8.0,2.0,1.0,1.0,1.0,39.0,32.0,0,0.5015625,8.0,4096.0,6400000.0,0.5273919092465753
8.0,8.0,4.0,10.0,63.0,67.0,2042.0,9696.0,0,0.940625,0.25,0.125,6400000.0,0.9409246575342465
1.0,8.0,4.0,1.0,1.0,1.0,63.0,32.0,0,0.5015625,0.5,1024.0,6400000.0,0.5273919092465753
8.0,8.0,4.0,5.0,51.0,47.0,1713.0,6496.0,0,0.940625,64.0,1.0,6400000.0,0.9409246575342465
8.0,8.0,4.0,5.0,51.0,47.0,1713.0,6496.0,0,0.940625,128.0,8.0,6400000.0,0.9409246575342465
8.0,8.0,8.0,5.0,51.0,47.0,3633.0,6496.0,0,0.940625,64.0,16.0,6400000.0,0.9409246575342465
8.0,8.0,2.0,4.0,32.0,29.0,1008.0,3616.0,0,0.9078125,8.0,4.0,6400000.0,0.9033657962328766
8.0,8.0,4.0,5.0,51.0,47.0,1713.0,6496.0,0,0.940625,128.0,0.0078125,6400000.0,0.9409246575342465
8.0,8.0,4.0,10.0,63.0,67.0,2042.0,9696.0,0,0.940625,1.0,0.0078125,6400000.0,0.9409246575342465
8.0,8.0,8.0,5.0,51.0,47.0,3633.0,6496.0,0,0.940625,8.0,64.0,6400000.0,0.9409246575342465
1.0,8.0,4.0,1.0,1.0,1.0,63.0,32.0,0,0.5015625,1024.0,0.00195312,6400000.0,0.5273919092465753
1.0,8.0,8.0,1.0,1.0,1.0,543.0,32.0,0,0.5015625,64.0,16384.0,6400000.0,0.5273919092465753
8.0,8.0,4.0,9.0,67.0,67.0,2176.0,9696.0,0,0.940625,2.0,0.0625,6400000.0,0.9409246575342465
8.0,8.0,4.0,9.0,67.0,67.0,2176.0,9696.0,0,0.940625,4.0,0.0,6400000.0,0.9409246575342465
8.0,8.0,2.0,4.0,32.0,29.0,1008.0,3616.0,0,0.9078125,16.0,32.0,6400000.0,0.9033657962328766
1.0,8.0,4.0,1.0,1.0,1.0,63.0,32.0,0,0.5015625,1.0,8192.0,6400000.0,0.5273919092465753
8.0,8.0,8.0,5.0,51.0,47.0,3633.0,6496.0,0,0.940625,128.0,0.125,6400000.0,0.9409246575342465
8.0,8.0,2.0,4.0,32.0,29.0,1008.0,3616.0,0,0.9078125,16.0,0.03125,6400000.0,0.9033657962328766
8.0,8.0,8.0,5.0,51.0,47.0,3633.0,6496.0,0,0.940625,128.0,128.0,6400000.0,0.9033657962328766
1.0,8.0,4.0,1.0,1.0,1.0,63.0,32.0,0,0.5015625,4096.0,0.0625,6400000.0,0.5273919092465753
1.0,8.0,2.0,1.0,1.0,1.0,39.0,32.0,0,0.5015625,16.0,32768.0,6400000.0,0.5273919092465753
8.0,8.0,2.0,4.0,32.0,29.0,1008.0,3616.0,0,0.9078125,32.0,0.25,6400000.0,0.9033657962328766
8.0,8.0,2.0,4.0,32.0,29.0,1008.0,3616.0,0,0.9078125,64.0,0.00195312,6400000.0,0.9033657962328766
8.0,8.0,8.0,17.0,129.0,178.0,6774.0,27456.0,0,0.9640625,1.0,0.25,6400000.0,0.962445725293542
8.0,8.0,4.0,9.0,66.0,66.0,2143.0,9536.0,0,0.940625,8.0,0.00390625,6400000.0,0.9409246575342465
8.0,8.0,8.0,5.0,51.0,47.0,3633.0,6496.0,0,0.940625,1.0,256.0,6400000.0,0.9033657962328766
8.0,8.0,2.0,4.0,32.0,29.0,1008.0,3616.0,0,0.9078125,64.0,2.0,6400000.0,0.9033657962328766
8.0,8.0,8.0,9.0,102.0,133.0,5778.0,20256.0,0,0.959375,16.0,0.0,6400000.0,0.961271556996086
8.0,8.0,2.0,4.0,28.0,25.0,876.0,2976.0,0,0.9078125,32.0,256.0,6400000.0,0.7844231592465754
8.0,8.0,4.0,9.0,67.0,67.0,2176.0,9696.0,0,0.940625,4.0,0.5,6400000.0,0.9409246575342465
8.0,8.0,4.0,5.0,51.0,47.0,1713.0,6496.0,0,0.940625,2.0,64.0,6400000.0,0.9409246575342465
1.0,8.0,4.0,1.0,1.0,1.0,63.0,32.0,0,0.5015625,4096.0,64.0,6400000.0,0.5273919092465753
1.0,8.0,2.0,1.0,1.0,1.0,39.0,32.0,0,0.5015625,512.0,1.0,6400000.0,0.5273919092465753
8.0,8.0,8.0,18.0,141.0,189.0,7403.0,29216.0,0,0.9640625,0.25,0.0078125,6400000.0,0.9628371147260273
1.0,8.0,2.0,1.0,1.0,1.0,39.0,32.0,0,0.5015625,64.0,2048.0,6400000.0,0.5273919092465753
1.0,8.0,2.0,1.0,1.0,1.0,39.0,32.0,0,0.5015625,512.0,1024.0,6400000.0,0.5273919092465753
1.0,8.0,4.0,1.0,1.0,1.0,63.0,32.0,0,0.5015625,1024.0,2.0,6400000.0,0.5273919092465753
1.0,8.0,2.0,1.0,1.0,1.0,39.0,32.0,0,0.5015625,1024.0,8192.0,6400000.0,0.5273919092465753
1.0,8.0,4.0,1.0,1.0,1.0,63.0,32.0,0,0.5015625,8.0,4096.0,6400000.0,0.5273919092465753
8.0,8.0,4.0,7.0,60.0,56.0,1983.0,7936.0,0,0.940625,8.0,4.0,6400000.0,0.9409246575342465
8.0,8.0,8.0,19.0,147.0,193.0,7578.0,29856.0,0,0.9640625,0.00195312,0.0078125,6400000.0,0.9628371147260273
8.0,8.0,2.0,4.0,32.0,29.0,1008.0,3616.0,0,0.9078125,128.0,0.015625,6400000.0,0.9033657962328766
1.0,8.0,4.0,1.0,1.0,1.0,63.0,32.0,0,0.5015625,8192.0,0.0,6400000.0,0.5273919092465753
8.0,8.0,8.0,5.0,51.0,47.0,3633.0,6496.0,0,0.940625,256.0,1.0,6400000.0,0.9033657962328766
1.0,8.0,4.0,1.0,1.0,1.0,63.0,32.0,0,0.5015625,4.0,512.0,6400000.0,0.5273919092465753
8.0,8.0,2.0,4.0,31.0,28.0,975.0,3456.0,0,0.9078125,128.0,16.0,6400000.0,0.9033657962328766
8.0,8.0,8.0,5.0,51.0,47.0,3633.0,6496.0,0,0.940625,256.0,0.000976562,6400000.0,0.9033657962328766
1.0,8.0,2.0,1.0,1.0,1.0,39.0,32.0,0,0.5015625,1024.0,0.0078125,6400000.0,0.5273919092465753
8.0,8.0,2.0,4.0,29.0,26.0,909.0,3136.0,0,0.9078125,256.0,0.125,6400000.0,0.8262620780332682
1.0,8.0,2.0,1.0,1.0,1.0,39.0,32.0,0,0.5015625,128.0,16384.0,6400000.0,0.5273919092465753
1.0,8.0,8.0,1.0,1.0,1.0,543.0,32.0,0,0.5015625,0.00195312,8192.0,6400000.0,0.5273919092465753
1.0,8.0,2.0,1.0,1.0,1.0,39.0,32.0,0,0.5015625,1024.0,8.0,6400000.0,0.5273919092465753
8.0,8.0,8.0,19.0,147.0,193.0,7578.0,29856.0,0,0.9640625,0.00390625,0.0625,6400000.0,0.9628371147260273
1.0,8.0,2.0,1.0,1.0,1.0,39.0,32.0,0,0.5015625,512.0,0.000976562,6400000.0,0.5273919092465753
8.0,8.0,8.0,12.0,121.0,187.0,6632.0,28896.0,0,0.959375,0.00195312,8.0,6400000.0,0.9581404415362036
8.0,8.0,2.0,3.0,26.0,24.0,829.0,2816.0,0,0.75,256.0,128.0,6400000.0,0.7844231592465754
1.0,8.0,4.0,1.0,1.0,1.0,63.0,32.0,0,0.5015625,16384.0,0.00390625,6400000.0,0.5273919092465753
8.0,8.0,8.0,18.0,133.0,180.0,7138.0,27776.0,0,0.9625,2.0,0.00195312,6400000.0,0.9620543358610567
1.0,8.0,2.0,1.0,1.0,1.0,39.0,32.0,0,0.5015625,2048.0,0.0625,6400000.0,0.5273919092465753
1.0,8.0,4.0,1.0,1.0,1.0,63.0,32.0,0,0.5015625,1024.0,2048.0,6400000.0,0.5273919092465753
8.0,8.0,8.0,8.0,66.0,67.0,4356.0,9696.0,0,0.940625,0.00390625,64.0,6400000.0,0.9409246575342465
1.0,8.0,8.0,1.0,1.0,1.0,543.0,32.0,0,0.5015625,256.0,1024.0,6400000.0,0.5273919092465753
1.0,8.0,4.0,1.0,1.0,1.0,63.0,32.0,0,0.5015625,8192.0,512.0,6400000.0,0.5273919092465753
1.0,8.0,2.0,1.0,1.0,1.0,39.0,32.0,0,0.5015625,2048.0,64.0,6400000.0,0.5273919092465753
1.0,8.0,4.0,1.0,1.0,1.0,63.0,32.0,0,0.5015625,8192.0,0.5,6400000.0,0.5273919092465753
1.0,8.0,2.0,1.0,1.0,1.0,39.0,32.0,0,0.5015625,4096.0,0.5,6400000.0,0.5273919092465753
1.0,8.0,4.0,1.0,1.0,1.0,63.0,32.0,0,0.5015625,128.0,8192.0,6400000.0,0.5273919092465753
1.0,8.0,4.0,1.0,1.0,1.0,63.0,32.0,0,0.5015625,16384.0,4.0,6400000.0,0.5273919092465753
8.0,8.0,4.0,6.0,56.0,52.0,1872.0,7296.0,0,0.940625,16.0,0.03125,6400000.0,0.9409246575342465
1.0,8.0,2.0,1.0,1.0,1.0,39.0,32.0,0,0.5015625,4096.0,0.0,6400000.0,0.5273919092465753
8.0,8.0,4.0,6.0,52.0,47.0,1739.0,6496.0,0,0.940625,16.0,32.0,6400000.0,0.9409246575342465
1.0,8.0,8.0,1.0,1.0,1.0,543.0,32.0,0,0.5015625,512.0,0.0078125,6400000.0,0.5273919092465753
1.0,8.0,4.0,1.0,1.0,1.0,63.0,32.0,0,0.5015625,32768.0,0.03125,6400000.0,0.5273919092465753
1.0,8.0,2.0,1.0,1.0,1.0,39.0,32.0,0,0.5015625,4096.0,512.0,6400000.0,0.5273919092465753
1.0,8.0,4.0,1.0,1.0,1.0,63.0,32.0,0,0.5015625,32768.0,32.0,6400000.0,0.5273919092465753
1.0,8.0,2.0,1.0,1.0,1.0,39.0,32.0,0,0.5015625,8192.0,0.00390625,6400000.0,0.5273919092465753
8.0,8.0,8.0,19.0,147.0,193.0,7578.0,29856.0,0,0.9640625,0.0078125,0.0,6400000.0,0.9628371147260273
1.0,8.0,2.0,1.0,1.0,1.0,39.0,32.0,0,0.5015625,8192.0,4.0,6400000.0,0.5273919092465753
8.0,8.0,8.0,18.0,141.0,189.0,7403.0,29216.0,0,0.9640625,0.0078125,0.5,6400000.0,0.9628371147260273
1.0,8.0,8.0,1.0,1.0,1.0,543.0,32.0,0,0.5015625,2.0,2048.0,6400000.0,0.5273919092465753
8.0,8.0,8.0,15.0,125.0,179.0,6689.0,27616.0,0,0.9640625,2.0,2.0,6400000.0,0.9612715569960862
1.0,8.0,4.0,1.0,1.0,1.0,63.0,32.0,0,0.5015625,16.0,32768.0,6400000.0,0.5273919092465753
1.0,8.0,4.0,1.0,1.0,1.0,63.0,32.0,0,0.5015625,16384.0,4096.0,6400000.0,0.5273919092465753
1.0,8.0,8.0,1.0,1.0,1.0,543.0,32.0,0,0.5015625,512.0,8.0,6400000.0,0.5273919092465753
8.0,8.0,8.0,8.0,100.0,133.0,5735.0,20256.0,0,0.959375,16.0,0.5,6400000.0,0.961271556996086
1.0,8.0,2.0,1.0,1.0,1.0,39.0,32.0,0,0.5015625,16384.0,32768.0,6400000.0,0.5273919092465753
8.0,8.0,4.0,11.0,63.0,67.0,2021.0,9696.0,0,0.940625,0.0,0.00195312,6400000.0,0.9409246575342465
1.0,8.0,8.0,1.0,1.0,1.0,543.0,32.0,0,0.5015625,512.0,8192.0,6400000.0,0.5273919092465753
8.0,8.0,4.0,6.0,56.0,52.0,1872.0,7296.0,0,0.940625,0.000976562,16.0,6400000.0,0.9409246575342465
8.0,8.0,8.0,15.0,125.0,179.0,6689.0,27616.0,0,0.9640625,0.015625,4.0,6400000.0,0.9612715569960862
8.0,8.0,4.0,10.0,63.0,67.0,2042.0,9696.0,0,0.940625,0.000976562,0.015625,6400000.0,0.9409246575342465
1.0,8.0,8.0,1.0,1.0,1.0,543.0,32.0,0,0.5015625,0.0078125,512.0,6400000.0,0.5273919092465753
1.0,8.0,8.0,1.0,1.0,1.0,543.0,32.0,0,0.5015625,16.0,512.0,6400000.0,0.5273919092465753
1.0,8.0,2.0,1.0,1.0,1.0,39.0,32.0,0,0.5015625,8192.0,4096.0,6400000.0,0.5273919092465753
1.0,8.0,2.0,1.0,1.0,1.0,39.0,32.0,0,0.5015625,16384.0,0.03125,6400000.0,0.5273919092465753
8.0,8.0,8.0,19.0,147.0,193.0,7578.0,29856.0,0,0.9640625,0.015625,0.00390625,6400000.0,0.9628371147260273
1.0,8.0,2.0,1.0,1.0,1.0,39.0,32.0,0,0.5015625,32768.0,256.0,6400000.0,0.5273919092465753
1.0,8.0,2.0,1.0,1.0,1.0,39.0,32.0,0,0.5015625,32768.0,0.25,6400000.0,0.5273919092465753
1.0,8.0,4.0,1.0,1.0,1.0,63.0,32.0,0,0.5015625,32768.0,32768.0,6400000.0,0.5273919092465753
1.0,8.0,8.0,1.0,1.0,1.0,543.0,32.0,0,0.5015625,1024.0,0.0625,6400000.0,0.5273919092465753
1.0,8.0,8.0,1.0,1.0,1.0,543.0,32.0,0,0.5015625,1024.0,64.0,6400000.0,0.5273919092465753
8.0,8.0,4.0,5.0,51.0,47.0,1713.0,6496.0,0,0.940625,256.0,0.0625,6400000.0,0.9033657962328766
8.0,8.0,8.0,8.0,100.0,133.0,5735.0,20256.0,0,0.959375,32.0,0.00390625,6400000.0,0.961271556996086
1.0,8.0,2.0,1.0,1.0,1.0,39.0,32.0,0,0.5015625,16384.0,32.0,6400000.0,0.5273919092465753
8.0,8.0,8.0,15.0,125.0,179.0,6689.0,27616.0,0,0.9640625,4.0,0.015625,6400000.0,0.9612715569960862
1.0,8.0,4.0,1.0,1.0,1.0,63.0,32.0,0,0.5015625,0.0,2048.0,6400000.0,0.5273919092465753
1.0,8.0,8.0,1.0,1.0,1.0,543.0,32.0,0,0.5015625,0.015625,4096.0,6400000.0,0.5273919092465753
8.0,8.0,4.0,4.0,42.0,39.0,1438.0,5216.0,0,0.9078125,256.0,64.0,6400000.0,0.9033657962328766
8.0,8.0,4.0,10.0,63.0,67.0,2042.0,9696.0,0,0.940625,0.00195312,0.125,6400000.0,0.9409246575342465
8.0,8.0,8.0,18.0,141.0,189.0,7403.0,29216.0,0,0.9640625,0.0,0.25,6400000.0,0.9628371147260273
8.0,8.0,8.0,8.0,99.0,132.0,5702.0,20096.0,0,0.959375,0.03125,32.0,6400000.0,0.9597059992661447
8.0,8.0,4.0,9.0,67.0,67.0,2176.0,9696.0,0,0.940625,0.0,2.0,6400000.0,0.9409246575342465
1.0,8.0,8.0,1.0,1.0,1.0,543.0,32.0,0,0.5015625,0.03125,32768.0,6400000.0,0.5273919092465753
8.0,8.0,8.0,12.0,121.0,187.0,6632.0,28896.0,0,0.959375,0.25,8.0,6400000.0,0.9581404415362036
8.0,8.0,4.0,6.0,54.0,49.0,1805.0,6816.0,0,0.940625,32.0,0.25,6400000.0,0.9409246575342465
8.0,8.0,8.0,19.0,147.0,193.0,7578.0,29856.0,0,0.9640625,0.03125,0.03125,6400000.0,0.9628371147260273
8.0,8.0,8.0,8.0,100.0,133.0,5735.0,20256.0,0,0.959375,32.0,4.0,6400000.0,0.961271556996086
8.0,8.0,4.0,11.0,63.0,67.0,2021.0,9696.0,0,0.940625,0.00390625,0.000976562,6400000.0,0.9409246575342465
8.0,8.0,4.0,10.0,63.0,67.0,2042.0,9696.0,0,0.940625,0.0078125,0.0078125,6400000.0,0.9409246575342465
8.0,8.0,8.0,18.0,141.0,189.0,7403.0,29216.0,0,0.9640625,0.0625,0.25,6400000.0,0.9628371147260273
1.0,8.0,4.0,1.0,1.0,1.0,63.0,32.0,0,0.5015625,0.000976562,16384.0,6400000.0,0.5273919092465753
8.0,8.0,8.0,5.0,51.0,47.0,3633.0,6496.0,0,0.940625,0.0,256.0,6400000.0,0.9033657962328766
1.0,8.0,4.0,1.0,1.0,1.0,63.0,32.0,0,0.5015625,2048.0,0.015625,6400000.0,0.5273919092465753
1.0,8.0,8.0,1.0,1.0,1.0,543.0,32.0,0,0.5015625,0.25,8192.0,6400000.0,0.5273919092465753
1.0,8.0,8.0,1.0,1.0,1.0,543.0,32.0,0,0.5015625,2048.0,0.0,6400000.0,0.5273919092465753
8.0,8.0,4.0,5.0,51.0,47.0,1713.0,6496.0,0,0.940625,0.00195312,128.0,6400000.0,0.9409246575342465
1.0,8.0,4.0,1.0,1.0,1.0,63.0,32.0,0,0.5015625,512.0,0.0,6400000.0,0.5273919092465753
1.0,8.0,4.0,1.0,1.0,1.0,63.0,32.0,0,0.5015625,512.0,0.5,6400000.0,0.5273919092465753
8.0,8.0,4.0,5.0,46.0,42.0,1548.0,5696.0,0,0.940625,32.0,256.0,6400000.0,0.9033657962328766
1.0,8.0,4.0,1.0,1.0,1.0,63.0,32.0,0,0.5015625,512.0,512.0,6400000.0,0.5273919092465753
1.0,8.0,4.0,1.0,1.0,1.0,63.0,32.0,0,0.5015625,0.0078125,8192.0,6400000.0,0.5273919092465753
8.0,8.0,4.0,9.0,66.0,66.0,2143.0,9536.0,0,0.940625,0.0078125,8.0,6400000.0,0.9409246575342465
1.0,8.0,4.0,1.0,1.0,1.0,63.0,32.0,0,0.5015625,0.00390625,1024.0,6400000.0,0.5273919092465753
8.0,8.0,4.0,5.0,51.0,47.0,1713.0,6496.0,0,0.940625,0.015625,64.0,6400000.0,0.9409246575342465
8.0,8.0,8.0,5.0,51.0,47.0,3633.0,6496.0,0,0.940625,0.0625,256.0,6400000.0,0.9033657962328766
8.0,8.0,8.0,18.0,133.0,180.0,7138.0,27776.0,0,0.9625,0.125,2.0,6400000.0,0.9616629464285713
8.0,8.0,8.0,18.0,141.0,189.0,7403.0,29216.0,0,0.9640625,0.5,0.0625,6400000.0,0.9628371147260273
8.0,8.0,4.0,10.0,63.0,67.0,2042.0,9696.0,0,0.940625,0.03125,0.0,6400000.0,0.9409246575342465
8.0,8.0,4.0,10.0,63.0,67.0,2042.0,9696.0,0,0.940625,0.015625,0.0625,6400000.0,0.9409246575342465
1.0,8.0,4.0,1.0,1.0,1.0,63.0,32.0,0,0.5015625,0.0625,4096.0,6400000.0,0.5273919092465753
8.0,8.0,8.0,8.0,99.0,132.0,5702.0,20096.0,0,0.959375,4.0,16.0,6400000.0,0.9597059992661447
8.0,8.0,8.0,19.0,147.0,193.0,7578.0,29856.0,0,0.9640625,0.125,0.00195312,6400000.0,0.9628371147260273
8.0,8.0,4.0,10.0,63.0,67.0,2042.0,9696.0,0,0.940625,0.00390625,1.0,6400000.0,0.9409246575342465
1.0,8.0,8.0,1.0,1.0,1.0,543.0,32.0,0,0.5015625,4.0,16384.0,6400000.0,0.5273919092465753
8.0,8.0,4.0,10.0,63.0,67.0,2042.0,9696.0,0,0.940625,0.0625,0.00390625,6400000.0,0.9409246575342465
8.0,8.0,8.0,8.0,63.0,61.0,4254.0,8736.0,0,0.940625,0.5,64.0,6400000.0,0.9409246575342465
1.0,8.0,4.0,1.0,1.0,1.0,63.0,32.0,0,0.5015625,0.125,32768.0,6400000.0,0.5273919092465753
1.0,8.0,4.0,1.0,1.0,1.0,63.0,32.0,0,0.5015625,0.03125,512.0,6400000.0,0.5273919092465753
8.0,8.0,4.0,9.0,67.0,67.0,2176.0,9696.0,0,0.940625,0.0625,4.0,6400000.0,0.9409246575342465
8.0,8.0,8.0,19.0,147.0,193.0,7578.0,29856.0,0,0.9640625,0.000976562,0.00195312,6400000.0,0.9628371147260273
8.0,8.0,4.0,10.0,63.0,67.0,2042.0,9696.0,0,0.940625,0.125,0.03125,6400000.0,0.9409246575342465
8.0,8.0,4.0,10.0,63.0,67.0,2042.0,9696.0,0,0.940625,0.03125,0.5,6400000.0,0.9409246575342465
8.0,8.0,8.0,18.0,133.0,180.0,7138.0,27776.0,0,0.9625,0.000976562,2.0,6400000.0,0.9620543358610567
8.0,8.0,4.0,5.0,51.0,47.0,1713.0,6496.0,0,0.940625,64.0,0.00195312,6400000.0,0.9409246575342465
8.0,8.0,4.0,6.0,54.0,49.0,1805.0,6816.0,0,0.940625,0.125,32.0,6400000.0,0.9409246575342465
1.0,8.0,8.0,1.0,1.0,1.0,543.0,32.0,0,0.5015625,2048.0,0.5,6400000.0,0.5273919092465753
1.0,8.0,4.0,1.0,1.0,1.0,63.0,32.0,0,0.5015625,2048.0,16.0,6400000.0,0.5273919092465753
8.0,8.0,8.0,12.0,121.0,187.0,6632.0,28896.0,0,0.959375,8.0,0.125,6400000.0,0.9597059992661447
1.0,8.0,8.0,1.0,1.0,1.0,543.0,32.0,0,0.5015625,32.0,4096.0,6400000.0,0.5273919092465753
1.0,8.0,8.0,1.0,1.0,1.0,543.0,32.0,0,0.5015625,0.125,2048.0,6400000.0,0.5273919092465753
1.0,8.0,4.0,1.0,1.0,1.0,63.0,32.0,0,0.5015625,2048.0,16384.0,6400000.0,0.5273919092465753
1.0,8.0,8.0,1.0,1.0,1.0,543.0,32.0,0,0.5015625,0.000976562,2048.0,6400000.0,0.5273919092465753
8.0,8.0,4.0,10.0,63.0,67.0,2042.0,9696.0,0,0.940625,0.5,0.00195312,6400000.0,0.9409246575342465
1.0,8.0,4.0,1.0,1.0,1.0,63.0,32.0,0,0.5015625,64.0,2048.0,6400000.0,0.5273919092465753
1.0,8.0,8.0,1.0,1.0,1.0,543.0,32.0,0,0.5015625,4096.0,0.00390625,6400000.0,0.5273919092465753
8.0,8.0,4.0,9.0,67.0,67.0,2176.0,9696.0,0,0.940625,0.5,2.0,6400000.0,0.9409246575342465
8.0,8.0,8.0,8.0,77.0,78.0,4944.0,11456.0,0,0.940625,64.0,0.03125,6400000.0,0.9409246575342465
1.0,8.0,8.0,1.0,1.0,1.0,543.0,32.0,0,0.5015625,2048.0,512.0,6400000.0,0.5273919092465753
1.0,8.0,4.0,1.0,1.0,1.0,63.0,32.0,0,0.5015625,0.5,2048.0,6400000.0,0.5273919092465753
8.0,8.0,4.0,5.0,51.0,47.0,1713.0,6496.0,0,0.940625,0.25,256.0,6400000.0,0.9033657962328766
8.0,8.0,4.0,5.0,51.0,47.0,1713.0,6496.0,0,0.940625,128.0,16.0,6400000.0,0.9409246575342465
8.0,8.0,4.0,5.0,51.0,47.0,1713.0,6496.0,0,0.940625,64.0,2.0,6400000.0,0.9409246575342465
8.0,8.0,4.0,6.0,56.0,52.0,1872.0,7296.0,0,0.940625,1.0,16.0,6400000.0,0.9409246575342465
8.0,8.0,8.0,17.0,129.0,178.0,6774.0,27456.0,0,0.9640625,1.0,0.0,6400000.0,0.962445725293542
8.0,8.0,4.0,10.0,63.0,67.0,2042.0,9696.0,0,0.940625,0.25,0.25,6400000.0,0.9409246575342465
1.0,8.0,8.0,1.0,1.0,1.0,543.0,32.0,0,0.5015625,4096.0,4.0,6400000.0,0.5273919092465753
8.0,8.0,4.0,10.0,63.0,67.0,2042.0,9696.0,0,0.940625,1.0,0.015625,6400000.0,0.9409246575342465
1.0,8.0,8.0,1.0,1.0,1.0,543.0,32.0,0,0.5015625,4096.0,4096.0,6400000.0,0.5273919092465753
8.0,8.0,8.0,5.0,51.0,47.0,3633.0,6496.0,0,0.940625,64.0,32.0,6400000.0,0.9409246575342465
8.0,8.0,4.0,5.0,51.0,47.0,1713.0,6496.0,0,0.940625,128.0,0.015625,6400000.0,0.9409246575342465
8.0,8.0,8.0,5.0,51.0,47.0,3633.0,6496.0,0,0.940625,8.0,128.0,6400000.0,0.9409246575342465
8.0,8.0,4.0,9.0,67.0,67.0,2176.0,9696.0,0,0.940625,2.0,0.125,6400000.0,0.9409246575342465
8.0,8.0,4.0,9.0,67.0,67.0,2176.0,9696.0,0,0.940625,4.0,0.000976562,6400000.0,0.9409246575342465
1.0,8.0,4.0,1.0,1.0,1.0,63.0,32.0,0,0.5015625,1024.0,0.00390625,6400000.0,0.5273919092465753
1.0,8.0,8.0,1.0,1.0,1.0,543.0,32.0,0,0.5015625,64.0,32768.0,6400000.0,0.5273919092465753
8.0,8.0,8.0,5.0,51.0,47.0,3633.0,6496.0,0,0.940625,128.0,0.25,6400000.0,0.9409246575342465
1.0,8.0,4.0,1.0,1.0,1.0,63.0,32.0,0,0.5015625,1.0,16384.0,6400000.0,0.5273919092465753
1.0,8.0,8.0,1.0,1.0,1.0,543.0,32.0,0,0.5015625,8192.0,0.03125,6400000.0,0.5273919092465753
8.0,8.0,8.0,4.0,42.0,39.0,3358.0,5216.0,0,0.9078125,128.0,256.0,6400000.0,0.9033657962328766
1.0,8.0,4.0,1.0,1.0,1.0,63.0,32.0,0,0.5015625,4096.0,0.125,6400000.0,0.5273919092465753
1.0,8.0,8.0,1.0,1.0,1.0,543.0,32.0,0,0.5015625,16384.0,0.25,6400000.0,0.5273919092465753
1.0,8.0,8.0,1.0,1.0,1.0,543.0,32.0,0,0.5015625,8192.0,32.0,6400000.0,0.5273919092465753
1.0,8.0,8.0,1.0,1.0,1.0,543.0,32.0,0,0.5015625,8192.0,32768.0,6400000.0,0.5273919092465753
8.0,8.0,4.0,9.0,66.0,66.0,2143.0,9536.0,0,0.940625,8.0,0.0078125,6400000.0,0.9409246575342465
1.0,8.0,8.0,1.0,1.0,1.0,543.0,32.0,0,0.5015625,1.0,512.0,6400000.0,0.5273919092465753
8.0,8.0,8.0,18.0,133.0,180.0,7138.0,27776.0,0,0.9625,1.0,0.5,6400000.0,0.9616629464285713
8.0,8.0,4.0,5.0,51.0,47.0,1713.0,6496.0,0,0.940625,2.0,128.0,6400000.0,0.9409246575342465
1.0,8.0,8.0,1.0,1.0,1.0,543.0,32.0,0,0.5015625,32768.0,0.00195312,6400000.0,0.5273919092465753
1.0,8.0,8.0,1.0,1.0,1.0,543.0,32.0,0,0.5015625,16384.0,256.0,6400000.0,0.5273919092465753
8.0,8.0,4.0,9.0,67.0,67.0,2176.0,9696.0,0,0.940625,4.0,1.0,6400000.0,0.9409246575342465
1.0,8.0,8.0,1.0,1.0,1.0,543.0,32.0,0,0.5015625,32768.0,2.0,6400000.0,0.5273919092465753
1.0,8.0,8.0,1.0,1.0,1.0,543.0,32.0,0,0.5015625,32768.0,2048.0,6400000.0,0.5273919092465753
8.0,8.0,8.0,9.0,102.0,133.0,5778.0,20256.0,0,0.959375,16.0,0.000976562,6400000.0,0.961271556996086
1.0,8.0,4.0,1.0,1.0,1.0,63.0,32.0,0,0.5015625,8.0,8192.0,6400000.0,0.5273919092465753
1.0,8.0,4.0,1.0,1.0,1.0,63.0,32.0,0,0.5015625,4096.0,128.0,6400000.0,0.5273919092465753
8.0,8.0,8.0,19.0,147.0,193.0,7578.0,29856.0,0,0.9640625,0.00195312,0.015625,6400000.0,0.9628371147260273
16.0,16.0,1.0,4.0,35.0,32.0,1085.0,3072.0,0,0.9078125,0.0,0.015625,6400000.0,0.9033657962328766
8.0,8.0,8.0,18.0,141.0,189.0,7403.0,29216.0,0,0.9640625,0.25,0.015625,6400000.0,0.9628371147260273
8.0,8.0,4.0,6.0,56.0,52.0,1872.0,7296.0,0,0.940625,8.0,8.0,6400000.0,0.9409246575342465
16.0,16.0,1.0,4.0,35.0,32.0,1085.0,3072.0,0,0.9078125,0.0,16.0,6400000.0,0.9033657962328766
1.0,8.0,4.0,1.0,1.0,1.0,63.0,32.0,0,0.5015625,1024.0,4.0,6400000.0,0.5273919092465753
1.0,8.0,4.0,1.0,1.0,1.0,63.0,32.0,0,0.5015625,8192.0,0.000976562,6400000.0,0.5273919092465753
1.0,16.0,1.0,1.0,1.0,1.0,35.0,32.0,0,0.5015625,0.0,16384.0,6400000.0,0.5273919092465753
8.0,8.0,8.0,5.0,51.0,47.0,3633.0,6496.0,0,0.940625,256.0,0.00195312,6400000.0,0.9033657962328766
16.0,16.0,1.0,4.0,35.0,32.0,1085.0,3072.0,0,0.9078125,0.000976562,0.125,6400000.0,0.9033657962328766
1.0,8.0,4.0,1.0,1.0,1.0,63.0,32.0,0,0.5015625,4.0,1024.0,6400000.0,0.5273919092465753
1.0,8.0,8.0,1.0,1.0,1.0,543.0,32.0,0,0.5015625,0.00195312,16384.0,6400000.0,0.5273919092465753
8.0,8.0,8.0,5.0,51.0,47.0,3633.0,6496.0,0,0.940625,256.0,2.0,6400000.0,0.9033657962328766
16.0,16.0,1.0,4.0,35.0,32.0,1085.0,3072.0,0,0.9078125,0.000976562,128.0,6400000.0,0.9033657962328766
16.0,16.0,1.0,4.0,35.0,32.0,1085.0,3072.0,0,0.9078125,0.00195312,0.000976562,6400000.0,0.9033657962328766
8.0,8.0,8.0,9.0,101.0,132.0,5745.0,20096.0,0,0.959375,0.00195312,16.0,6400000.0,0.9597059992661447
16.0,16.0,1.0,4.0,35.0,32.0,1085.0,3072.0,0,0.9078125,0.00195312,1.0,6400000.0,0.9033657962328766
1.0,8.0,4.0,1.0,1.0,1.0,63.0,32.0,0,0.5015625,16384.0,0.0078125,6400000.0,0.5273919092465753
1.0,16.0,1.0,1.0,1.0,1.0,35.0,32.0,0,0.5015625,0.00195312,1024.0,6400000.0,0.5273919092465753
16.0,16.0,1.0,4.0,35.0,32.0,1085.0,3072.0,0,0.9078125,0.00390625,8.0,6400000.0,0.9033657962328766
8.0,8.0,8.0,19.0,147.0,193.0,7578.0,29856.0,0,0.9640625,0.00390625,0.125,6400000.0,0.9628371147260273
16.0,16.0,1.0,4.0,35.0,32.0,1085.0,3072.0,0,0.9078125,0.00390625,0.0078125,6400000.0,0.9033657962328766
8.0,8.0,8.0,5.0,51.0,47.0,3633.0,6496.0,0,0.940625,0.00390625,128.0,6400000.0,0.9409246575342465
8.0,8.0,8.0,18.0,133.0,180.0,7138.0,27776.0,0,0.9625,2.0,0.00390625,6400000.0,0.9620543358610567
1.0,16.0,1.0,1.0,1.0,1.0,35.0,32.0,0,0.5015625,0.00390625,8192.0,6400000.0,0.5273919092465753
16.0,16.0,1.0,4.0,35.0,32.0,1085.0,3072.0,0,0.9078125,0.0078125,0.0625,6400000.0,0.9033657962328766
1.0,8.0,4.0,1.0,1.0,1.0,63.0,32.0,0,0.5015625,8192.0,1.0,6400000.0,0.5273919092465753
1.0,8.0,4.0,1.0,1.0,1.0,63.0,32.0,0,0.5015625,1024.0,4096.0,6400000.0,0.5273919092465753
1.0,8.0,4.0,1.0,1.0,1.0,63.0,32.0,0,0.5015625,8192.0,1024.0,6400000.0,0.5273919092465753
1.0,8.0,4.0,1.0,1.0,1.0,63.0,32.0,0,0.5015625,128.0,16384.0,6400000.0,0.5273919092465753
1.0,8.0,8.0,1.0,1.0,1.0,543.0,32.0,0,0.5015625,256.0,2048.0,6400000.0,0.5273919092465753
1.0,8.0,4.0,1.0,1.0,1.0,63.0,32.0,0,0.5015625,16384.0,8.0,6400000.0,0.5273919092465753
8.0,8.0,4.0,6.0,56.0,52.0,1872.0,7296.0,0,0.940625,16.0,0.0625,6400000.0,0.9409246575342465
16.0,16.0,1.0,4.0,35.0,32.0,1085.0,3072.0,0,0.9078125,0.0078125,64.0,6400000.0,0.9033657962328766
1.0,8.0,8.0,1.0,1.0,1.0,543.0,32.0,0,0.5015625,512.0,0.015625,6400000.0,0.5273919092465753
8.0,8.0,4.0,5.0,51.0,47.0,1713.0,6496.0,0,0.940625,16.0,64.0,6400000.0,0.9409246575342465
16.0,16.0,1.0,4.0,35.0,32.0,1085.0,3072.0,0,0.9078125,0.015625,0.0,6400000.0,0.9033657962328766
1.0,8.0,4.0,1.0,1.0,1.0,63.0,32.0,0,0.5015625,32768.0,0.0625,6400000.0,0.5273919092465753
16.0,16.0,1.0,4.0,35.0,32.0,1085.0,3072.0,0,0.9078125,0.015625,0.5,6400000.0,0.9033657962328766
1.0,8.0,4.0,1.0,1.0,1.0,63.0,32.0,0,0.5015625,32768.0,64.0,6400000.0,0.5273919092465753
1.0,16.0,1.0,1.0,1.0,1.0,35.0,32.0,0,0.5015625,0.015625,512.0,6400000.0,0.5273919092465753
8.0,8.0,8.0,19.0,147.0,193.0,7578.0,29856.0,0,0.9640625,0.0078125,0.000976562,6400000.0,0.9628371147260273
8.0,8.0,4.0,6.0,54.0,49.0,1805.0,6816.0,0,0.940625,32.0,0.0,6400000.0,0.9409246575342465
16.0,16.0,1.0,4.0,35.0,32.0,1085.0,3072.0,0,0.9078125,0.03125,0.00390625,6400000.0,0.9033657962328766
8.0,8.0,8.0,17.0,129.0,178.0,6774.0,27456.0,0,0.9640625,0.0078125,1.0,6400000.0,0.962445725293542
1.0,8.0,8.0,1.0,1.0,1.0,543.0,32.0,0,0.5015625,2.0,4096.0,6400000.0,0.5273919092465753
1.0,8.0,4.0,1.0,1.0,1.0,63.0,32.0,0,0.5015625,16384.0,8192.0,6400000.0,0.5273919092465753
8.0,8.0,8.0,15.0,124.0,178.0,6656.0,27456.0,0,0.9640625,2.0,4.0,6400000.0,0.9577490521037182
16.0,16.0,1.0,4.0,35.0,32.0,1085.0,3072.0,0,0.9078125,0.03125,4.0,6400000.0,0.9033657962328766
1.0,8.0,8.0,1.0,1.0,1.0,543.0,32.0,0,0.5015625,512.0,16384.0,6400000.0,0.5273919092465753
8.0,8.0,8.0,8.0,100.0,133.0,5735.0,20256.0,0,0.959375,16.0,1.0,6400000.0,0.961271556996086
1.0,8.0,8.0,1.0,1.0,1.0,543.0,32.0,0,0.5015625,512.0,16.0,6400000.0,0.5273919092465753
1.0,8.0,8.0,1.0,1.0,1.0,543.0,32.0,0,0.5015625,0.0078125,1024.0,6400000.0,0.5273919092465753
1.0,16.0,1.0,1.0,1.0,1.0,35.0,32.0,0,0.5015625,0.0625,32768.0,6400000.0,0.5273919092465753
8.0,8.0,8.0,12.0,121.0,187.0,6632.0,28896.0,0,0.959375,0.015625,8.0,6400000.0,0.9581404415362036
16.0,16.0,1.0,4.0,35.0,32.0,1085.0,3072.0,0,0.9078125,0.0625,32.0,6400000.0,0.9033657962328766
16.0,16.0,1.0,4.0,35.0,32.0,1085.0,3072.0,0,0.9078125,0.0625,0.03125,6400000.0,0.9033657962328766
1.0,16.0,1.0,1.0,1.0,1.0,35.0,32.0,0,0.5015625,0.03125,4096.0,6400000.0,0.5273919092465753
16.0,16.0,1.0,4.0,35.0,32.0,1085.0,3072.0,0,0.9078125,0.125,0.25,6400000.0,0.9033657962328766
1.0,8.0,8.0,1.0,1.0,1.0,543.0,32.0,0,0.5015625,16.0,1024.0,6400000.0,0.5273919092465753
16.0,16.0,1.0,4.0,35.0,32.0,1085.0,3072.0,0,0.75,0.125,256.0,6400000.0,0.7707512842465754
8.0,8.0,8.0,19.0,147.0,193.0,7578.0,29856.0,0,0.9640625,0.015625,0.0078125,6400000.0,0.9628371147260273
8.0,8.0,8.0,26.0,160.0,201.0,8111.0,31136.0,0,0.9640625,0.0,0.0,6400000.0,0.9628371147260273
1.0,8.0,8.0,1.0,1.0,1.0,543.0,32.0,0,0.5015625,1024.0,128.0,6400000.0,0.5273919092465753
8.0,8.0,4.0,5.0,51.0,47.0,1713.0,6496.0,0,0.940625,256.0,0.125,6400000.0,0.9033657962328766
1.0,8.0,8.0,1.0,1.0,1.0,543.0,32.0,0,0.5015625,1024.0,0.125,6400000.0,0.5273919092465753
16.0,16.0,1.0,4.0,35.0,32.0,1085.0,3072.0,0,0.9078125,0.25,0.00195312,6400000.0,0.9033657962328766
8.0,8.0,8.0,15.0,125.0,179.0,6689.0,27616.0,0,0.9640625,4.0,0.03125,6400000.0,0.9612715569960862
16.0,16.0,1.0,4.0,35.0,32.0,1085.0,3072.0,0,0.9078125,0.25,2.0,6400000.0,0.9033657962328766
8.0,8.0,4.0,4.0,42.0,39.0,1438.0,5216.0,0,0.9078125,256.0,128.0,6400000.0,0.9033657962328766
8.0,8.0,8.0,8.0,100.0,133.0,5735.0,20256.0,0,0.959375,32.0,0.0078125,6400000.0,0.961271556996086
16.0,16.0,1.0,4.0,35.0,32.0,1085.0,3072.0,0,0.9078125,0.5,0.015625,6400000.0,0.9033657962328766
1.0,8.0,8.0,1.0,1.0,1.0,543.0,32.0,0,0.5015625,0.015625,8192.0,6400000.0,0.5273919092465753
1.0,16.0,1.0,1.0,1.0,1.0,35.0,32.0,0,0.5015625,0.25,2048.0,6400000.0,0.5273919092465753
16.0,16.0,1.0,4.0,35.0,32.0,1085.0,3072.0,0,0.9078125,0.5,16.0,6400000.0,0.9033657962328766
8.0,8.0,8.0,18.0,141.0,189.0,7403.0,29216.0,0,0.9640625,0.0,0.5,6400000.0,0.9628371147260273
8.0,8.0,8.0,8.0,66.0,67.0,4356.0,9696.0,0,0.940625,0.03125,64.0,6400000.0,0.9409246575342465
1.0,16.0,1.0,1.0,1.0,1.0,35.0,32.0,0,0.5015625,0.5,16384.0,6400000.0,0.5273919092465753
8.0,8.0,8.0,19.0,147.0,193.0,7578.0,29856.0,0,0.9640625,0.0625,0.0,6400000.0,0.9628371147260273
8.0,8.0,8.0,8.0,99.0,132.0,5702.0,20096.0,0,0.959375,0.25,16.0,6400000.0,0.9597059992661447
8.0,8.0,8.0,19.0,147.0,193.0,7578.0,29856.0,0,0.9640625,0.03125,0.0625,6400000.0,0.9628371147260273
8.0,8.0,8.0,8.0,106.0,131.0,5925.0,19936.0,0,0.959375,32.0,8.0,6400000.0,0.9597059992661447
8.0,8.0,4.0,6.0,54.0,49.0,1805.0,6816.0,0,0.940625,32.0,0.5,6400000.0,0.9409246575342465
16.0,16.0,1.0,4.0,35.0,32.0,1085.0,3072.0,0,0.9078125,1.0,0.125,6400000.0,0.9033657962328766
16.0,16.0,1.0,4.0,35.0,32.0,1085.0,3072.0,0,0.9078125,1.0,128.0,6400000.0,0.9033657962328766
1.0,8.0,8.0,1.0,1.0,1.0,543.0,32.0,0,0.5015625,0.0,512.0,6400000.0,0.5273919092465753
8.0,8.0,8.0,18.0,141.0,189.0,7403.0,29216.0,0,0.9640625,0.0625,0.5,6400000.0,0.9628371147260273
1.0,8.0,8.0,1.0,1.0,1.0,543.0,32.0,0,0.5015625,0.25,16384.0,6400000.0,0.5273919092465753
1.0,8.0,8.0,1.0,1.0,1.0,543.0,32.0,0,0.5015625,2048.0,0.000976562,6400000.0,0.5273919092465753
1.0,8.0,4.0,1.0,1.0,1.0,63.0,32.0,0,0.5015625,2048.0,0.03125,6400000.0,0.5273919092465753
1.0,8.0,4.0,1.0,1.0,1.0,63.0,32.0,0,0.5015625,512.0,1.0,6400000.0,0.5273919092465753
1.0,8.0,4.0,1.0,1.0,1.0,63.0,32.0,0,0.5015625,512.0,0.000976562,6400000.0,0.5273919092465753
16.0,16.0,1.0,4.0,35.0,32.0,1085.0,3072.0,0,0.9078125,2.0,0.000976562,6400000.0,0.9033657962328766
1.0,8.0,4.0,1.0,1.0,1.0,63.0,32.0,0,0.5015625,32.0,512.0,6400000.0,0.5273919092465753
1.0,8.0,4.0,1.0,1.0,1.0,63.0,32.0,0,0.5015625,512.0,1024.0,6400000.0,0.5273919092465753
16.0,16.0,1.0,4.0,35.0,32.0,1085.0,3072.0,0,0.9078125,2.0,1.0,6400000.0,0.9033657962328766
16.0,16.0,1.0,4.0,35.0,32.0,1085.0,3072.0,0,0.9078125,4.0,0.0078125,6400000.0,0.9033657962328766
1.0,16.0,1.0,1.0,1.0,1.0,35.0,32.0,0,0.5015625,2.0,1024.0,6400000.0,0.5273919092465753
1.0,8.0,8.0,1.0,1.0,1.0,543.0,32.0,0,0.5015625,0.0625,512.0,6400000.0,0.5273919092465753
16.0,16.0,1.0,4.0,35.0,32.0,1085.0,3072.0,0,0.9078125,4.0,8.0,6400000.0,0.9033657962328766
8.0,8.0,8.0,15.0,125.0,179.0,6689.0,27616.0,0,0.9640625,0.125,4.0,6400000.0,0.9612715569960862
1.0,16.0,1.0,1.0,1.0,1.0,35.0,32.0,0,0.5015625,4.0,8192.0,6400000.0,0.5273919092465753
8.0,8.0,8.0,17.0,129.0,179.0,6775.0,27616.0,0,0.9640625,0.5,0.125,6400000.0,0.9628371147260273
8.0,8.0,8.0,8.0,99.0,132.0,5702.0,20096.0,0,0.959375,4.0,32.0,6400000.0,0.9597059992661447
16.0,16.0,1.0,4.0,35.0,32.0,1085.0,3072.0,0,0.9078125,8.0,64.0,6400000.0,0.9033657962328766
16.0,16.0,1.0,4.0,35.0,32.0,1085.0,3072.0,0,0.9078125,8.0,0.0625,6400000.0,0.9033657962328766
16.0,16.0,1.0,4.0,35.0,32.0,1085.0,3072.0,0,0.9078125,16.0,0.5,6400000.0,0.9033657962328766
16.0,16.0,1.0,4.0,35.0,32.0,1085.0,3072.0,0,0.9078125,16.0,0.0,6400000.0,0.9033657962328766
1.0,8.0,8.0,1.0,1.0,1.0,543.0,32.0,0,0.5015625,4.0,32768.0,6400000.0,0.5273919092465753
8.0,8.0,8.0,19.0,147.0,193.0,7578.0,29856.0,0,0.9640625,0.125,0.00390625,6400000.0,0.9628371147260273
8.0,8.0,8.0,5.0,51.0,47.0,3633.0,6496.0,0,0.940625,0.5,128.0,6400000.0,0.9409246575342465
1.0,16.0,1.0,1.0,1.0,1.0,35.0,32.0,0,0.5015625,16.0,512.0,6400000.0,0.5273919092465753
1.0,16.0,1.0,1.0,1.0,1.0,35.0,32.0,0,0.5015625,32.0,4096.0,6400000.0,0.5273919092465753
16.0,16.0,1.0,4.0,35.0,32.0,1085.0,3072.0,0,0.9078125,32.0,4.0,6400000.0,0.9033657962328766
16.0,16.0,1.0,4.0,35.0,32.0,1085.0,3072.0,0,0.9078125,32.0,0.00390625,6400000.0,0.9033657962328766
8.0,8.0,4.0,5.0,51.0,47.0,1713.0,6496.0,0,0.940625,64.0,0.00390625,6400000.0,0.9409246575342465
16.0,16.0,1.0,4.0,35.0,32.0,1085.0,3072.0,0,0.9078125,64.0,32.0,6400000.0,0.9033657962328766
16.0,16.0,1.0,4.0,35.0,32.0,1085.0,3072.0,0,0.9078125,64.0,0.03125,6400000.0,0.9033657962328766
8.0,8.0,8.0,15.0,125.0,179.0,6689.0,27616.0,0,0.9640625,0.000976562,4.0,6400000.0,0.9612715569960862
8.0,8.0,8.0,19.0,147.0,193.0,7578.0,29856.0,0,0.9640625,0.000976562,0.00390625,6400000.0,0.9628371147260273
1.0,8.0,8.0,1.0,1.0,1.0,543.0,32.0,0,0.5015625,2048.0,1.0,6400000.0,0.5273919092465753
1.0,16.0,1.0,1.0,1.0,1.0,35.0,32.0,0,0.5015625,64.0,32768.0,6400000.0,0.5273919092465753
1.0,8.0,4.0,1.0,1.0,1.0,63.0,32.0,0,0.5015625,2048.0,32.0,6400000.0,0.5273919092465753
1.0,8.0,4.0,1.0,1.0,1.0,63.0,32.0,0,0.5015625,2048.0,32768.0,6400000.0,0.5273919092465753
8.0,8.0,8.0,12.0,121.0,187.0,6632.0,28896.0,0,0.959375,8.0,0.25,6400000.0,0.9597059992661447
1.0,8.0,8.0,1.0,1.0,1.0,543.0,32.0,0,0.5015625,0.125,4096.0,6400000.0,0.5273919092465753
1.0,8.0,8.0,1.0,1.0,1.0,543.0,32.0,0,0.5015625,32.0,8192.0,6400000.0,0.5273919092465753
1.0,8.0,8.0,1.0,1.0,1.0,543.0,32.0,0,0.5015625,0.000976562,4096.0,6400000.0,0.5273919092465753
16.0,16.0,1.0,4.0,35.0,32.0,1085.0,3072.0,0,0.9078125,128.0,0.25,6400000.0,0.9033657962328766
8.0,8.0,4.0,5.0,51.0,47.0,1713.0,6496.0,0,0.940625,128.0,32.0,6400000.0,0.9409246575342465
1.0,8.0,8.0,1.0,1.0,1.0,543.0,32.0,0,0.5015625,4096.0,0.0078125,6400000.0,0.5273919092465753
1.0,8.0,4.0,1.0,1.0,1.0,63.0,32.0,0,0.5015625,64.0,4096.0,6400000.0,0.5273919092465753
16.0,16.0,1.0,4.0,35.0,32.0,1085.0,3072.0,0,0.75,256.0,0.00195312,6400000.0,0.7707512842465754
1.0,8.0,8.0,1.0,1.0,1.0,543.0,32.0,0,0.5015625,2048.0,1024.0,6400000.0,0.5273919092465753
8.0,8.0,8.0,17.0,129.0,178.0,6774.0,27456.0,0,0.9640625,1.0,0.000976562,6400000.0,0.962445725293542
8.0,8.0,8.0,8.0,77.0,78.0,4944.0,11456.0,0,0.940625,64.0,0.0625,6400000.0,0.9409246575342465
16.0,16.0,1.0,4.0,35.0,32.0,1085.0,3072.0,0,0.75,256.0,2.0,6400000.0,0.7707512842465754
8.0,8.0,4.0,5.0,51.0,47.0,1713.0,6496.0,0,0.940625,64.0,4.0,6400000.0,0.9409246575342465
16.0,16.0,1.0,3.0,34.0,32.0,1073.0,3072.0,0,0.75,128.0,256.0,6400000.0,0.6533696183953033
1.0,16.0,1.0,1.0,1.0,1.0,35.0,32.0,0,0.5015625,256.0,2048.0,6400000.0,0.5273919092465753
8.0,8.0,4.0,5.0,51.0,47.0,1713.0,6496.0,0,0.940625,128.0,0.03125,6400000.0,0.9409246575342465
1.0,8.0,8.0,1.0,1.0,1.0,543.0,32.0,0,0.5015625,4096.0,8192.0,6400000.0,0.5273919092465753
8.0,8.0,8.0,5.0,51.0,47.0,3633.0,6496.0,0,0.940625,64.0,64.0,6400000.0,0.9409246575342465
1.0,8.0,8.0,1.0,1.0,1.0,543.0,32.0,0,0.5015625,4096.0,8.0,6400000.0,0.5273919092465753
8.0,8.0,8.0,5.0,51.0,47.0,3633.0,6496.0,0,0.940625,8.0,256.0,6400000.0,0.9033657962328766
1.0,16.0,1.0,1.0,1.0,1.0,35.0,32.0,0,0.5015625,512.0,0.015625,6400000.0,0.5273919092465753
1.0,8.0,8.0,1.0,1.0,1.0,543.0,32.0,0,0.5015625,8192.0,0.0625,6400000.0,0.5273919092465753
1.0,16.0,1.0,1.0,1.0,1.0,35.0,32.0,0,0.5015625,512.0,16.0,6400000.0,0.5273919092465753
1.0,8.0,4.0,1.0,1.0,1.0,63.0,32.0,0,0.5015625,1024.0,0.0078125,6400000.0,0.5273919092465753
8.0,8.0,8.0,5.0,51.0,47.0,3633.0,6496.0,0,0.940625,128.0,0.0,6400000.0,0.9409246575342465
1.0,16.0,1.0,1.0,1.0,1.0,35.0,32.0,0,0.5015625,512.0,16384.0,6400000.0,0.5273919092465753
1.0,16.0,1.0,1.0,1.0,1.0,35.0,32.0,0,0.5015625,1024.0,0.125,6400000.0,0.5273919092465753
8.0,8.0,8.0,5.0,51.0,47.0,3633.0,6496.0,0,0.940625,128.0,0.5,6400000.0,0.9409246575342465
1.0,8.0,8.0,1.0,1.0,1.0,543.0,32.0,0,0.5015625,128.0,512.0,6400000.0,0.5273919092465753
1.0,8.0,8.0,1.0,1.0,1.0,543.0,32.0,0,0.5015625,8192.0,64.0,6400000.0,0.5273919092465753
1.0,8.0,8.0,1.0,1.0,1.0,543.0,32.0,0,0.5015625,16384.0,0.0,6400000.0,0.5273919092465753
1.0,8.0,4.0,1.0,1.0,1.0,63.0,32.0,0,0.5015625,4096.0,0.25,6400000.0,0.5273919092465753
1.0,8.0,8.0,1.0,1.0,1.0,543.0,32.0,0,0.5015625,16384.0,0.5,6400000.0,0.5273919092465753
1.0,8.0,8.0,1.0,1.0,1.0,543.0,32.0,0,0.5015625,1.0,1024.0,6400000.0,0.5273919092465753
8.0,8.0,8.0,18.0,133.0,180.0,7138.0,27776.0,0,0.9625,1.0,1.0,6400000.0,0.9620543358610567
1.0,16.0,1.0,1.0,1.0,1.0,35.0,32.0,0,0.5015625,1024.0,128.0,6400000.0,0.5273919092465753
1.0,16.0,1.0,1.0,1.0,1.0,35.0,32.0,0,0.5015625,2048.0,0.000976562,6400000.0,0.5273919092465753
1.0,8.0,8.0,1.0,1.0,1.0,543.0,32.0,0,0.5015625,32768.0,4096.0,6400000.0,0.5273919092465753
1.0,16.0,1.0,1.0,1.0,1.0,35.0,32.0,0,0.5015625,2048.0,1.0,6400000.0,0.5273919092465753
1.0,8.0,8.0,1.0,1.0,1.0,543.0,32.0,0,0.5015625,32768.0,0.00390625,6400000.0,0.5273919092465753
1.0,8.0,8.0,1.0,1.0,1.0,543.0,32.0,0,0.5015625,16384.0,512.0,6400000.0,0.5273919092465753
1.0,16.0,1.0,1.0,1.0,1.0,35.0,32.0,0,0.5015625,2048.0,1024.0,6400000.0,0.5273919092465753
16.0,16.0,1.0,4.0,35.0,32.0,1085.0,3072.0,0,0.9078125,0.0,32.0,6400000.0,0.9033657962328766
1.0,8.0,8.0,1.0,1.0,1.0,543.0,32.0,0,0.5015625,32768.0,4.0,6400000.0,0.5273919092465753
1.0,8.0,4.0,1.0,1.0,1.0,63.0,32.0,0,0.5015625,4096.0,256.0,6400000.0,0.5273919092465753
8.0,8.0,8.0,19.0,147.0,193.0,7578.0,29856.0,0,0.9640625,0.00195312,0.03125,6400000.0,0.9628371147260273
8.0,8.0,8.0,9.0,102.0,133.0,5778.0,20256.0,0,0.959375,16.0,0.00195312,6400000.0,0.961271556996086
1.0,16.0,1.0,1.0,1.0,1.0,35.0,32.0,0,0.5015625,4096.0,0.0078125,6400000.0,0.5273919092465753
16.0,16.0,1.0,4.0,35.0,32.0,1085.0,3072.0,0,0.9078125,0.0,0.03125,6400000.0,0.9033657962328766
8.0,8.0,8.0,18.0,141.0,189.0,7403.0,29216.0,0,0.9640625,0.25,0.03125,6400000.0,0.9628371147260273
1.0,8.0,4.0,1.0,1.0,1.0,63.0,32.0,0,0.5015625,1024.0,8.0,6400000.0,0.5273919092465753
1.0,16.0,1.0,1.0,1.0,1.0,35.0,32.0,0,0.5015625,0.0,32768.0,6400000.0,0.5273919092465753
1.0,8.0,4.0,1.0,1.0,1.0,63.0,32.0,0,0.5015625,8192.0,0.00195312,6400000.0,0.5273919092465753
8.0,8.0,8.0,5.0,51.0,47.0,3633.0,6496.0,0,0.940625,256.0,0.00390625,6400000.0,0.9033657962328766
16.0,16.0,1.0,4.0,35.0,32.0,1085.0,3072.0,0,0.75,0.000976562,256.0,6400000.0,0.7707512842465754
16.0,16.0,1.0,4.0,35.0,32.0,1085.0,3072.0,0,0.9078125,0.00195312,0.00195312,6400000.0,0.9033657962328766
1.0,16.0,1.0,1.0,1.0,1.0,35.0,32.0,0,0.5015625,4096.0,8.0,6400000.0,0.5273919092465753
1.0,8.0,8.0,1.0,1.0,1.0,543.0,32.0,0,0.5015625,0.00195312,32768.0,6400000.0,0.5273919092465753
8.0,8.0,8.0,5.0,51.0,47.0,3633.0,6496.0,0,0.940625,256.0,4.0,6400000.0,0.9033657962328766
16.0,16.0,1.0,4.0,35.0,32.0,1085.0,3072.0,0,0.9078125,0.000976562,0.25,6400000.0,0.9033657962328766
1.0,16.0,1.0,1.0,1.0,1.0,35.0,32.0,0,0.5015625,0.00195312,2048.0,6400000.0,0.5273919092465753
16.0,16.0,1.0,4.0,35.0,32.0,1085.0,3072.0,0,0.9078125,0.00195312,2.0,6400000.0,0.9033657962328766
8.0,8.0,8.0,8.0,99.0,132.0,5702.0,20096.0,0,0.959375,0.00195312,32.0,6400000.0,0.9597059992661447
1.0,8.0,4.0,1.0,1.0,1.0,63.0,32.0,0,0.5015625,16384.0,0.015625,6400000.0,0.5273919092465753
16.0,16.0,1.0,4.0,35.0,32.0,1085.0,3072.0,0,0.9078125,0.00390625,0.015625,6400000.0,0.9033657962328766
1.0,8.0,4.0,1.0,1.0,1.0,63.0,32.0,0,0.5015625,8192.0,2048.0,6400000.0,0.5273919092465753
1.0,8.0,4.0,1.0,1.0,1.0,63.0,32.0,0,0.5015625,128.0,32768.0,6400000.0,0.5273919092465753
8.0,8.0,8.0,5.0,51.0,47.0,3633.0,6496.0,0,0.940625,0.00390625,256.0,6400000.0,0.9033657962328766
1.0,8.0,4.0,1.0,1.0,1.0,63.0,32.0,0,0.5015625,8192.0,2.0,6400000.0,0.5273919092465753
8.0,8.0,8.0,18.0,141.0,189.0,7403.0,29216.0,0,0.9640625,0.00390625,0.25,6400000.0,0.9628371147260273
1.0,8.0,4.0,1.0,1.0,1.0,63.0,32.0,0,0.5015625,1024.0,8192.0,6400000.0,0.5273919092465753
16.0,16.0,1.0,4.0,35.0,32.0,1085.0,3072.0,0,0.9078125,0.00390625,16.0,6400000.0,0.9033657962328766
1.0,16.0,1.0,1.0,1.0,1.0,35.0,32.0,0,0.5015625,0.00390625,16384.0,6400000.0,0.5273919092465753
16.0,16.0,1.0,4.0,35.0,32.0,1085.0,3072.0,0,0.9078125,0.0078125,0.125,6400000.0,0.9033657962328766
8.0,8.0,8.0,18.0,133.0,180.0,7138.0,27776.0,0,0.9625,2.0,0.0078125,6400000.0,0.9620543358610567
1.0,16.0,1.0,1.0,1.0,1.0,35.0,32.0,0,0.5015625,4096.0,8192.0,6400000.0,0.5273919092465753
1.0,8.0,4.0,1.0,1.0,1.0,63.0,32.0,0,0.5015625,16384.0,16.0,6400000.0,0.5273919092465753
1.0,8.0,8.0,1.0,1.0,1.0,543.0,32.0,0,0.5015625,256.0,4096.0,6400000.0,0.5273919092465753
1.0,8.0,8.0,1.0,1.0,1.0,543.0,32.0,0,0.5015625,512.0,0.03125,6400000.0,0.5273919092465753
16.0,16.0,1.0,4.0,35.0,32.0,1085.0,3072.0,0,0.9078125,0.0078125,128.0,6400000.0,0.9033657962328766
16.0,16.0,1.0,4.0,35.0,32.0,1085.0,3072.0,0,0.9078125,0.015625,0.000976562,6400000.0,0.9033657962328766
1.0,8.0,4.0,1.0,1.0,1.0,63.0,32.0,0,0.5015625,32768.0,0.125,6400000.0,0.5273919092465753
16.0,16.0,1.0,4.0,35.0,32.0,1085.0,3072.0,0,0.9078125,0.015625,1.0,6400000.0,0.9033657962328766
1.0,16.0,1.0,1.0,1.0,1.0,35.0,32.0,0,0.5015625,8192.0,0.0625,6400000.0,0.5273919092465753
1.0,8.0,4.0,1.0,1.0,1.0,63.0,32.0,0,0.5015625,32768.0,128.0,6400000.0,0.5273919092465753
8.0,8.0,8.0,19.0,147.0,193.0,7578.0,29856.0,0,0.9640625,0.0078125,0.00195312,6400000.0,0.9628371147260273
1.0,16.0,1.0,1.0,1.0,1.0,35.0,32.0,0,0.5015625,8192.0,64.0,6400000.0,0.5273919092465753
16.0,16.0,1.0,4.0,35.0,32.0,1085.0,3072.0,0,0.9078125,0.03125,0.0078125,6400000.0,0.9033657962328766
8.0,8.0,8.0,18.0,133.0,180.0,7138.0,27776.0,0,0.9625,0.0078125,2.0,6400000.0,0.9620543358610567
1.0,8.0,8.0,1.0,1.0,1.0,543.0,32.0,0,0.5015625,2.0,8192.0,6400000.0,0.5273919092465753
1.0,16.0,1.0,1.0,1.0,1.0,35.0,32.0,0,0.5015625,0.015625,1024.0,6400000.0,0.5273919092465753
8.0,8.0,8.0,12.0,125.0,175.0,6748.0,26976.0,0,0.959375,2.0,8.0,6400000.0,0.9589232204011742
1.0,8.0,8.0,1.0,1.0,1.0,543.0,32.0,0,0.5015625,512.0,32.0,6400000.0,0.5273919092465753
16.0,16.0,1.0,4.0,35.0,32.0,1085.0,3072.0,0,0.9078125,0.03125,8.0,6400000.0,0.9033657962328766
1.0,8.0,8.0,1.0,1.0,1.0,543.0,32.0,0,0.5015625,512.0,32768.0,6400000.0,0.5273919092465753
1.0,8.0,8.0,1.0,1.0,1.0,543.0,32.0,0,0.5015625,0.0078125,2048.0,6400000.0,0.5273919092465753
1.0,8.0,4.0,1.0,1.0,1.0,63.0,32.0,0,0.5015625,16384.0,16384.0,6400000.0,0.5273919092465753
1.0,8.0,8.0,1.0,1.0,1.0,543.0,32.0,0,0.5015625,16.0,2048.0,6400000.0,0.5273919092465753
16.0,16.0,1.0,4.0,35.0,32.0,1085.0,3072.0,0,0.9078125,0.0625,64.0,6400000.0,0.9033657962328766
8.0,8.0,8.0,8.0,100.0,133.0,5735.0,20256.0,0,0.959375,16.0,2.0,6400000.0,0.961271556996086
16.0,16.0,1.0,4.0,35.0,32.0,1085.0,3072.0,0,0.9078125,0.125,0.0,6400000.0,0.9033657962328766
8.0,8.0,8.0,19.0,147.0,193.0,7578.0,29856.0,0,0.9640625,0.015625,0.015625,6400000.0,0.9628371147260273
16.0,16.0,1.0,4.0,35.0,32.0,1085.0,3072.0,0,0.9078125,0.125,0.5,6400000.0,0.9033657962328766
8.0,8.0,8.0,9.0,101.0,132.0,5745.0,20096.0,0,0.959375,0.015625,16.0,6400000.0,0.9597059992661447
1.0,16.0,1.0,1.0,1.0,1.0,35.0,32.0,0,0.5015625,0.03125,8192.0,6400000.0,0.5273919092465753
1.0,16.0,1.0,1.0,1.0,1.0,35.0,32.0,0,0.5015625,0.125,512.0,6400000.0,0.5273919092465753
16.0,16.0,1.0,4.0,35.0,32.0,1085.0,3072.0,0,0.9078125,0.0625,0.0625,6400000.0,0.9033657962328766
1.0,8.0,8.0,1.0,1.0,1.0,543.0,32.0,0,0.5015625,1024.0,256.0,6400000.0,0.5273919092465753
8.0,8.0,4.0,5.0,51.0,47.0,1713.0,6496.0,0,0.940625,256.0,0.25,6400000.0,0.9033657962328766
8.0,8.0,8.0,8.0,100.0,133.0,5735.0,20256.0,0,0.959375,32.0,0.015625,6400000.0,0.961271556996086
16.0,16.0,1.0,4.0,35.0,32.0,1085.0,3072.0,0,0.9078125,0.25,0.00390625,6400000.0,0.9033657962328766
8.0,8.0,8.0,19.0,147.0,193.0,7578.0,29856.0,0,0.9640625,0.0,0.000976562,6400000.0,0.9628371147260273
16.0,16.0,1.0,4.0,35.0,32.0,1085.0,3072.0,0,0.9078125,0.25,4.0,6400000.0,0.9033657962328766
16.0,16.0,1.0,4.0,35.0,32.0,1085.0,3072.0,0,0.9078125,0.5,0.03125,6400000.0,0.9033657962328766
1.0,8.0,8.0,1.0,1.0,1.0,543.0,32.0,0,0.5015625,1024.0,0.25,6400000.0,0.5273919092465753
1.0,16.0,1.0,1.0,1.0,1.0,35.0,32.0,0,0.5015625,0.25,4096.0,6400000.0,0.5273919092465753
1.0,8.0,4.0,1.0,1.0,1.0,63.0,32.0,0,0.5015625,256.0,256.0,6400000.0,0.5273919092465753
8.0,8.0,8.0,15.0,125.0,179.0,6689.0,27616.0,0,0.9640625,4.0,0.0625,6400000.0,0.9612715569960862
1.0,8.0,8.0,1.0,1.0,1.0,543.0,32.0,0,0.5015625,0.015625,16384.0,6400000.0,0.5273919092465753
16.0,16.0,1.0,4.0,35.0,32.0,1085.0,3072.0,0,0.9078125,0.5,32.0,6400000.0,0.9033657962328766
1.0,16.0,1.0,1.0,1.0,1.0,35.0,32.0,0,0.5015625,0.5,32768.0,6400000.0,0.5273919092465753
8.0,8.0,8.0,17.0,129.0,178.0,6774.0,27456.0,0,0.9640625,0.0,1.0,6400000.0,0.962445725293542
8.0,8.0,8.0,8.0,99.0,132.0,5702.0,20096.0,0,0.959375,0.25,32.0,6400000.0,0.9597059992661447
8.0,8.0,8.0,19.0,147.0,193.0,7578.0,29856.0,0,0.9640625,0.0625,0.000976562,6400000.0,0.9628371147260273
8.0,8.0,8.0,5.0,51.0,47.0,3633.0,6496.0,0,0.940625,0.03125,128.0,6400000.0,0.9409246575342465
8.0,8.0,8.0,8.0,103.0,128.0,5826.0,19456.0,0,0.959375,32.0,16.0,6400000.0,0.9385824363992171
8.0,8.0,8.0,19.0,147.0,193.0,7578.0,29856.0,0,0.9640625,0.03125,0.125,6400000.0,0.9628371147260273
16.0,16.0,1.0,4.0,35.0,32.0,1085.0,3072.0,0,0.75,1.0,256.0,6400000.0,0.7707512842465754
1.0,16.0,1.0,1.0,1.0,1.0,35.0,32.0,0,0.5015625,16384.0,0.0,6400000.0,0.5273919092465753
1.0,8.0,8.0,1.0,1.0,1.0,543.0,32.0,0,0.5015625,0.0,1024.0,6400000.0,0.5273919092465753
1.0,8.0,8.0,1.0,1.0,1.0,543.0,32.0,0,0.5015625,2048.0,0.00195312,6400000.0,0.5273919092465753
16.0,16.0,1.0,4.0,35.0,32.0,1085.0,3072.0,0,0.9078125,1.0,0.25,6400000.0,0.9033657962328766
1.0,8.0,8.0,1.0,1.0,1.0,543.0,32.0,0,0.5015625,0.25,32768.0,6400000.0,0.5273919092465753
1.0,8.0,4.0,1.0,1.0,1.0,63.0,32.0,0,0.5015625,2048.0,0.0625,6400000.0,0.5273919092465753
1.0,8.0,4.0,1.0,1.0,1.0,63.0,32.0,0,0.5015625,512.0,2.0,6400000.0,0.5273919092465753
8.0,8.0,8.0,17.0,129.0,178.0,6774.0,27456.0,0,0.9640625,0.0625,1.0,6400000.0,0.962445725293542
16.0,16.0,1.0,4.0,35.0,32.0,1085.0,3072.0,0,0.9078125,2.0,0.00195312,6400000.0,0.9033657962328766
1.0,8.0,4.0,1.0,1.0,1.0,63.0,32.0,0,0.5015625,512.0,0.00195312,6400000.0,0.5273919092465753
1.0,16.0,1.0,1.0,1.0,1.0,35.0,32.0,0,0.5015625,16384.0,0.5,6400000.0,0.5273919092465753
1.0,8.0,8.0,1.0,1.0,1.0,543.0,32.0,0,0.5015625,0.0625,1024.0,6400000.0,0.5273919092465753
16.0,16.0,1.0,4.0,35.0,32.0,1085.0,3072.0,0,0.9078125,4.0,16.0,6400000.0,0.9033657962328766
16.0,16.0,1.0,4.0,35.0,32.0,1085.0,3072.0,0,0.9078125,2.0,2.0,6400000.0,0.9033657962328766
1.0,8.0,4.0,1.0,1.0,1.0,63.0,32.0,0,0.5015625,512.0,2048.0,6400000.0,0.5273919092465753
1.0,16.0,1.0,1.0,1.0,1.0,35.0,32.0,0,0.5015625,4.0,16384.0,6400000.0,0.5273919092465753
16.0,16.0,1.0,4.0,35.0,32.0,1085.0,3072.0,0,0.9078125,4.0,0.015625,6400000.0,0.9033657962328766
1.0,16.0,1.0,1.0,1.0,1.0,35.0,32.0,0,0.5015625,2.0,2048.0,6400000.0,0.5273919092465753
8.0,8.0,8.0,12.0,121.0,187.0,6632.0,28896.0,0,0.959375,0.125,8.0,6400000.0,0.9581404415362036
8.0,8.0,8.0,17.0,128.0,178.0,6742.0,27456.0,0,0.9640625,0.5,0.25,6400000.0,0.9628371147260273
16.0,16.0,1.0,4.0,35.0,32.0,1085.0,3072.0,0,0.9078125,8.0,128.0,6400000.0,0.9033657962328766
16.0,16.0,1.0,4.0,35.0,32.0,1085.0,3072.0,0,0.9078125,16.0,1.0,6400000.0,0.9033657962328766
16.0,16.0,1.0,4.0,35.0,32.0,1085.0,3072.0,0,0.9078125,16.0,0.000976562,6400000.0,0.9033657962328766
16.0,16.0,1.0,4.0,35.0,32.0,1085.0,3072.0,0,0.9078125,8.0,0.125,6400000.0,0.9033657962328766
1.0,16.0,1.0,1.0,1.0,1.0,35.0,32.0,0,0.5015625,16.0,1024.0,6400000.0,0.5273919092465753
8.0,8.0,8.0,8.0,56.0,51.0,4020.0,7136.0,0,0.940625,4.0,64.0,6400000.0,0.9409246575342465
8.0,8.0,8.0,12.0,121.0,187.0,6632.0,28896.0,0,0.959375,8.0,0.0,6400000.0,0.9597059992661447
8.0,8.0,8.0,5.0,51.0,47.0,3633.0,6496.0,0,0.940625,0.5,256.0,6400000.0,0.9033657962328766
8.0,8.0,8.0,19.0,147.0,193.0,7578.0,29856.0,0,0.9640625,0.125,0.0078125,6400000.0,0.9628371147260273
16.0,16.0,1.0,4.0,35.0,32.0,1085.0,3072.0,0,0.9078125,32.0,0.0078125,6400000.0,0.9033657962328766
16.0,16.0,1.0,4.0,35.0,32.0,1085.0,3072.0,0,0.9078125,32.0,8.0,6400000.0,0.9033657962328766
1.0,16.0,1.0,1.0,1.0,1.0,35.0,32.0,0,0.5015625,32.0,8192.0,6400000.0,0.5273919092465753
1.0,16.0,1.0,1.0,1.0,1.0,35.0,32.0,0,0.5015625,16384.0,512.0,6400000.0,0.5273919092465753
16.0,16.0,1.0,4.0,35.0,32.0,1085.0,3072.0,0,0.9078125,64.0,64.0,6400000.0,0.9033657962328766
8.0,8.0,8.0,19.0,147.0,193.0,7578.0,29856.0,0,0.9640625,0.000976562,0.0078125,6400000.0,0.9628371147260273
8.0,8.0,8.0,12.0,121.0,187.0,6632.0,28896.0,0,0.959375,0.000976562,8.0,6400000.0,0.9581404415362036
1.0,8.0,4.0,1.0,1.0,1.0,63.0,32.0,0,0.5015625,4096.0,0.0,6400000.0,0.5273919092465753
1.0,8.0,8.0,1.0,1.0,1.0,543.0,32.0,0,0.5015625,2048.0,2.0,6400000.0,0.5273919092465753
16.0,16.0,1.0,4.0,35.0,32.0,1085.0,3072.0,0,0.9078125,64.0,0.0625,6400000.0,0.9033657962328766
1.0,8.0,4.0,1.0,1.0,1.0,63.0,32.0,0,0.5015625,2048.0,64.0,6400000.0,0.5273919092465753
16.0,16.0,1.0,4.0,35.0,32.0,1085.0,3072.0,0,0.9078125,128.0,0.0,6400000.0,0.9033657962328766
1.0,8.0,8.0,1.0,1.0,1.0,543.0,32.0,0,0.5015625,32.0,16384.0,6400000.0,0.5273919092465753
8.0,8.0,8.0,12.0,121.0,187.0,6632.0,28896.0,0,0.959375,8.0,0.5,6400000.0,0.9597059992661447
1.0,8.0,8.0,1.0,1.0,1.0,543.0,32.0,0,0.5015625,0.000976562,8192.0,6400000.0,0.5273919092465753
1.0,8.0,8.0,1.0,1.0,1.0,543.0,32.0,0,0.5015625,0.125,8192.0,6400000.0,0.5273919092465753
8.0,8.0,8.0,17.0,129.0,178.0,6774.0,27456.0,0,0.9640625,1.0,0.00195312,6400000.0,0.962445725293542
1.0,16.0,1.0,1.0,1.0,1.0,35.0,32.0,0,0.5015625,32768.0,4.0,6400000.0,0.5273919092465753
1.0,16.0,1.0,1.0,1.0,1.0,35.0,32.0,0,0.5015625,32768.0,0.00390625,6400000.0,0.5273919092465753
16.0,16.0,1.0,4.0,35.0,32.0,1085.0,3072.0,0,0.9078125,128.0,0.5,6400000.0,0.9033657962328766
1.0,8.0,8.0,1.0,1.0,1.0,543.0,32.0,0,0.5015625,4096.0,0.015625,6400000.0,0.5273919092465753
1.0,16.0,1.0,1.0,1.0,1.0,35.0,32.0,0,0.5015625,128.0,512.0,6400000.0,0.5273919092465753
16.0,16.0,1.0,4.0,35.0,32.0,1085.0,3072.0,0,0.75,256.0,0.00390625,6400000.0,0.7707512842465754
1.0,8.0,8.0,1.0,1.0,1.0,543.0,32.0,0,0.5015625,2048.0,2048.0,6400000.0,0.5273919092465753
1.0,8.0,8.0,1.0,1.0,1.0,543.0,32.0,0,0.5015625,4096.0,16384.0,6400000.0,0.5273919092465753
16.0,16.0,1.0,4.0,35.0,32.0,1085.0,3072.0,0,0.75,256.0,4.0,6400000.0,0.7707512842465754
8.0,8.0,8.0,8.0,77.0,78.0,4944.0,11456.0,0,0.940625,64.0,0.125,6400000.0,0.9409246575342465
1.0,16.0,1.0,1.0,1.0,1.0,35.0,32.0,0,0.5015625,256.0,4096.0,6400000.0,0.5273919092465753
16.0,16.0,2.0,5.0,65.0,61.0,2071.0,7712.0,0,0.9078125,0.0,0.03125,6400000.0,0.9033657962328766
1.0,16.0,1.0,1.0,1.0,1.0,35.0,32.0,0,0.5015625,32768.0,4096.0,6400000.0,0.5273919092465753
8.0,8.0,8.0,5.0,51.0,47.0,3633.0,6496.0,0,0.940625,128.0,0.000976562,6400000.0,0.9409246575342465
1.0,8.0,8.0,1.0,1.0,1.0,543.0,32.0,0,0.5015625,8.0,512.0,6400000.0,0.5273919092465753
1.0,8.0,8.0,1.0,1.0,1.0,543.0,32.0,0,0.5015625,4096.0,16.0,6400000.0,0.5273919092465753
8.0,8.0,8.0,5.0,51.0,47.0,3633.0,6496.0,0,0.940625,64.0,128.0,6400000.0,0.9409246575342465
1.0,8.0,4.0,1.0,1.0,1.0,63.0,32.0,0,0.5015625,1024.0,0.015625,6400000.0,0.5273919092465753
1.0,16.0,1.0,1.0,1.0,1.0,35.0,32.0,0,0.5015625,512.0,0.03125,6400000.0,0.5273919092465753
1.0,16.0,1.0,1.0,1.0,1.0,35.0,32.0,0,0.5015625,512.0,32.0,6400000.0,0.5273919092465753
1.0,16.0,1.0,1.0,1.0,1.0,35.0,32.0,0,0.5015625,512.0,32768.0,6400000.0,0.5273919092465753
1.0,8.0,8.0,1.0,1.0,1.0,543.0,32.0,0,0.5015625,8192.0,0.125,6400000.0,0.5273919092465753
1.0,16.0,1.0,1.0,1.0,1.0,35.0,32.0,0,0.5015625,1024.0,0.25,6400000.0,0.5273919092465753
8.0,8.0,8.0,5.0,51.0,47.0,3633.0,6496.0,0,0.940625,128.0,1.0,6400000.0,0.9409246575342465
1.0,8.0,8.0,1.0,1.0,1.0,543.0,32.0,0,0.5015625,16384.0,0.000976562,6400000.0,0.5273919092465753
1.0,8.0,8.0,1.0,1.0,1.0,543.0,32.0,0,0.5015625,128.0,1024.0,6400000.0,0.5273919092465753
1.0,8.0,8.0,1.0,1.0,1.0,543.0,32.0,0,0.5015625,16384.0,1.0,6400000.0,0.5273919092465753
1.0,8.0,8.0,1.0,1.0,1.0,543.0,32.0,0,0.5015625,1.0,2048.0,6400000.0,0.5273919092465753
1.0,8.0,8.0,1.0,1.0,1.0,543.0,32.0,0,0.5015625,8192.0,128.0,6400000.0,0.5273919092465753
1.0,8.0,4.0,1.0,1.0,1.0,63.0,32.0,0,0.5015625,4096.0,0.5,6400000.0,0.5273919092465753
1.0,16.0,1.0,1.0,1.0,1.0,35.0,32.0,0,0.5015625,2048.0,0.00195312,6400000.0,0.5273919092465753
1.0,16.0,1.0,1.0,1.0,1.0,35.0,32.0,0,0.5015625,1024.0,256.0,6400000.0,0.5273919092465753
1.0,8.0,8.0,1.0,1.0,1.0,543.0,32.0,0,0.5015625,32768.0,8192.0,6400000.0,0.5273919092465753
8.0,8.0,8.0,15.0,128.0,178.0,6784.0,27456.0,0,0.9640625,1.0,2.0,6400000.0,0.961271556996086
1.0,16.0,1.0,1.0,1.0,1.0,35.0,32.0,0,0.5015625,2048.0,2.0,6400000.0,0.5273919092465753
1.0,8.0,8.0,1.0,1.0,1.0,543.0,32.0,0,0.5015625,16384.0,1024.0,6400000.0,0.5273919092465753
1.0,8.0,4.0,1.0,1.0,1.0,63.0,32.0,0,0.5015625,4096.0,512.0,6400000.0,0.5273919092465753
1.0,16.0,1.0,1.0,1.0,1.0,35.0,32.0,0,0.5015625,2048.0,2048.0,6400000.0,0.5273919092465753
1.0,8.0,8.0,1.0,1.0,1.0,543.0,32.0,0,0.5015625,32768.0,0.0078125,6400000.0,0.5273919092465753
16.0,16.0,1.0,4.0,35.0,32.0,1085.0,3072.0,0,0.9078125,0.0,64.0,6400000.0,0.9033657962328766
1.0,16.0,1.0,1.0,1.0,1.0,35.0,32.0,0,0.5015625,4096.0,0.015625,6400000.0,0.5273919092465753
1.0,8.0,8.0,1.0,1.0,1.0,543.0,32.0,0,0.5015625,32768.0,8.0,6400000.0,0.5273919092465753
8.0,8.0,8.0,9.0,102.0,133.0,5778.0,20256.0,0,0.959375,16.0,0.00390625,6400000.0,0.961271556996086
16.0,16.0,1.0,4.0,35.0,32.0,1085.0,3072.0,0,0.9078125,0.0,0.0625,6400000.0,0.9033657962328766
8.0,8.0,8.0,18.0,141.0,189.0,7403.0,29216.0,0,0.9640625,0.25,0.0625,6400000.0,0.9628371147260273
1.0,8.0,4.0,1.0,1.0,1.0,63.0,32.0,0,0.5015625,1024.0,16.0,6400000.0,0.5273919092465753
16.0,16.0,1.0,4.0,35.0,32.0,1085.0,3072.0,0,0.9078125,0.000976562,0.0,6400000.0,0.9033657962328766
8.0,8.0,8.0,19.0,147.0,193.0,7578.0,29856.0,0,0.9640625,0.00195312,0.0625,6400000.0,0.9628371147260273
8.0,8.0,8.0,5.0,51.0,47.0,3633.0,6496.0,0,0.940625,256.0,0.0078125,6400000.0,0.9033657962328766
1.0,8.0,4.0,1.0,1.0,1.0,63.0,32.0,0,0.5015625,8192.0,0.00390625,6400000.0,0.5273919092465753
1.0,16.0,1.0,1.0,1.0,1.0,35.0,32.0,0,0.5015625,4096.0,16.0,6400000.0,0.5273919092465753
8.0,8.0,8.0,5.0,51.0,47.0,3633.0,6496.0,0,0.940625,256.0,8.0,6400000.0,0.9033657962328766
1.0,16.0,1.0,1.0,1.0,1.0,35.0,32.0,0,0.5015625,0.000976562,512.0,6400000.0,0.5273919092465753
8.0,8.0,8.0,19.0,147.0,193.0,7578.0,29856.0,0,0.9640625,0.00390625,0.0,6400000.0,0.9628371147260273
8.0,8.0,8.0,8.0,66.0,67.0,4356.0,9696.0,0,0.940625,0.00195312,64.0,6400000.0,0.9409246575342465
1.0,16.0,1.0,1.0,1.0,1.0,35.0,32.0,0,0.5015625,0.00195312,4096.0,6400000.0,0.5273919092465753
16.0,16.0,1.0,4.0,35.0,32.0,1085.0,3072.0,0,0.9078125,0.00195312,0.00390625,6400000.0,0.9033657962328766
16.0,16.0,1.0,4.0,35.0,32.0,1085.0,3072.0,0,0.9078125,0.000976562,0.5,6400000.0,0.9033657962328766
16.0,16.0,1.0,4.0,35.0,32.0,1085.0,3072.0,0,0.9078125,0.00390625,0.03125,6400000.0,0.9033657962328766
16.0,16.0,1.0,4.0,35.0,32.0,1085.0,3072.0,0,0.9078125,0.00195312,4.0,6400000.0,0.9033657962328766
1.0,8.0,4.0,1.0,1.0,1.0,63.0,32.0,0,0.5015625,16384.0,0.03125,6400000.0,0.5273919092465753
1.0,8.0,4.0,1.0,1.0,1.0,63.0,32.0,0,0.5015625,1024.0,16384.0,6400000.0,0.5273919092465753
8.0,8.0,8.0,18.0,141.0,189.0,7403.0,29216.0,0,0.9640625,0.00390625,0.5,6400000.0,0.9628371147260273
16.0,16.0,1.0,4.0,35.0,32.0,1085.0,3072.0,0,0.9078125,0.00390625,32.0,6400000.0,0.9033657962328766
16.0,16.0,1.0,4.0,35.0,32.0,1085.0,3072.0,0,0.9078125,0.0078125,0.25,6400000.0,0.9033657962328766
1.0,8.0,8.0,1.0,1.0,1.0,543.0,32.0,0,0.5015625,0.00390625,512.0,6400000.0,0.5273919092465753
8.0,8.0,8.0,18.0,133.0,180.0,7138.0,27776.0,0,0.9625,2.0,0.015625,6400000.0,0.9620543358610567
1.0,8.0,4.0,1.0,1.0,1.0,63.0,32.0,0,0.5015625,8192.0,4.0,6400000.0,0.5273919092465753
1.0,8.0,4.0,1.0,1.0,1.0,63.0,32.0,0,0.5015625,8192.0,4096.0,6400000.0,0.5273919092465753
16.0,16.0,2.0,5.0,65.0,61.0,2071.0,7712.0,0,0.940625,0.0,32.0,6400000.0,0.9088452482876711
1.0,16.0,1.0,1.0,1.0,1.0,35.0,32.0,0,0.5015625,0.00390625,32768.0,6400000.0,0.5273919092465753
1.0,16.0,1.0,1.0,1.0,1.0,35.0,32.0,0,0.5015625,4096.0,16384.0,6400000.0,0.5273919092465753
1.0,8.0,8.0,1.0,1.0,1.0,543.0,32.0,0,0.5015625,256.0,8192.0,6400000.0,0.5273919092465753
1.0,8.0,4.0,1.0,1.0,1.0,63.0,32.0,0,0.5015625,16384.0,32.0,6400000.0,0.5273919092465753
1.0,8.0,8.0,1.0,1.0,1.0,543.0,32.0,0,0.5015625,512.0,0.0625,6400000.0,0.5273919092465753
16.0,16.0,1.0,4.0,35.0,32.0,1085.0,3072.0,0,0.9078125,0.015625,0.00195312,6400000.0,0.9033657962328766
16.0,16.0,1.0,4.0,35.0,32.0,1085.0,3072.0,0,0.75,0.0078125,256.0,6400000.0,0.7707512842465754
1.0,16.0,1.0,1.0,1.0,1.0,35.0,32.0,0,0.5015625,8192.0,0.125,6400000.0,0.5273919092465753
16.0,16.0,1.0,4.0,35.0,32.0,1085.0,3072.0,0,0.9078125,0.015625,2.0,6400000.0,0.9033657962328766
1.0,8.0,4.0,1.0,1.0,1.0,63.0,32.0,0,0.5015625,32768.0,0.25,6400000.0,0.5273919092465753
1.0,8.0,4.0,1.0,1.0,1.0,63.0,32.0,0,0.5015625,32768.0,256.0,6400000.0,0.5273919092465753
1.0,16.0,1.0,1.0,1.0,1.0,35.0,32.0,0,0.5015625,0.015625,2048.0,6400000.0,0.5273919092465753
1.0,16.0,1.0,1.0,1.0,1.0,35.0,32.0,0,0.5015625,8192.0,128.0,6400000.0,0.5273919092465753
1.0,8.0,8.0,1.0,1.0,1.0,543.0,32.0,0,0.5015625,1024.0,0.0,6400000.0,0.5273919092465753
8.0,8.0,8.0,15.0,125.0,179.0,6689.0,27616.0,0,0.9640625,0.0078125,4.0,6400000.0,0.9612715569960862
16.0,16.0,1.0,4.0,35.0,32.0,1085.0,3072.0,0,0.9078125,0.125,1.0,6400000.0,0.9033657962328766
8.0,8.0,8.0,19.0,147.0,193.0,7578.0,29856.0,0,0.9640625,0.0078125,0.00390625,6400000.0,0.9628371147260273
8.0,8.0,8.0,8.0,99.0,132.0,5702.0,20096.0,0,0.959375,2.0,16.0,6400000.0,0.9597059992661447
1.0,8.0,8.0,1.0,1.0,1.0,543.0,32.0,0,0.5015625,2.0,16384.0,6400000.0,0.5273919092465753
16.0,16.0,1.0,4.0,35.0,32.0,1085.0,3072.0,0,0.9078125,0.03125,0.015625,6400000.0,0.9033657962328766
1.0,8.0,8.0,1.0,1.0,1.0,543.0,32.0,0,0.5015625,512.0,64.0,6400000.0,0.5273919092465753
16.0,16.0,1.0,4.0,35.0,32.0,1085.0,3072.0,0,0.9078125,0.03125,16.0,6400000.0,0.9033657962328766
1.0,8.0,8.0,1.0,1.0,1.0,543.0,32.0,0,0.5015625,16.0,4096.0,6400000.0,0.5273919092465753
1.0,8.0,8.0,1.0,1.0,1.0,543.0,32.0,0,0.5015625,0.0078125,4096.0,6400000.0,0.5273919092465753
1.0,8.0,4.0,1.0,1.0,1.0,63.0,32.0,0,0.5015625,16384.0,32768.0,6400000.0,0.5273919092465753
16.0,16.0,1.0,4.0,35.0,32.0,1085.0,3072.0,0,0.9078125,0.125,0.000976562,6400000.0,0.9033657962328766
8.0,8.0,8.0,8.0,100.0,133.0,5735.0,20256.0,0,0.959375,16.0,4.0,6400000.0,0.961271556996086
8.0,8.0,8.0,19.0,147.0,193.0,7578.0,29856.0,0,0.9640625,0.015625,0.03125,6400000.0,0.9628371147260273
16.0,16.0,1.0,4.0,35.0,32.0,1085.0,3072.0,0,0.9078125,0.0625,128.0,6400000.0,0.9033657962328766
1.0,16.0,1.0,1.0,1.0,1.0,35.0,32.0,0,0.5015625,0.125,1024.0,6400000.0,0.5273919092465753
8.0,8.0,8.0,8.0,99.0,132.0,5702.0,20096.0,0,0.959375,0.015625,32.0,6400000.0,0.9597059992661447
16.0,16.0,1.0,4.0,35.0,32.0,1085.0,3072.0,0,0.9078125,0.0625,0.125,6400000.0,0.9033657962328766
1.0,16.0,1.0,1.0,1.0,1.0,35.0,32.0,0,0.5015625,0.03125,16384.0,6400000.0,0.5273919092465753
1.0,16.0,2.0,1.0,1.0,1.0,39.0,32.0,0,0.5015625,0.0,32768.0,6400000.0,0.5273919092465753
1.0,8.0,8.0,1.0,1.0,1.0,543.0,32.0,0,0.5015625,1024.0,512.0,6400000.0,0.5273919092465753
8.0,8.0,8.0,8.0,100.0,133.0,5735.0,20256.0,0,0.959375,32.0,0.03125,6400000.0,0.961271556996086
8.0,8.0,8.0,19.0,147.0,193.0,7578.0,29856.0,0,0.9640625,0.0,0.00195312,6400000.0,0.9628371147260273
1.0,16.0,1.0,1.0,1.0,1.0,35.0,32.0,0,0.5015625,0.25,8192.0,6400000.0,0.5273919092465753
16.0,16.0,1.0,4.0,35.0,32.0,1085.0,3072.0,0,0.9078125,0.25,0.0078125,6400000.0,0.9033657962328766
16.0,16.0,1.0,4.0,35.0,32.0,1085.0,3072.0,0,0.9078125,0.25,8.0,6400000.0,0.9033657962328766
16.0,16.0,1.0,4.0,35.0,32.0,1085.0,3072.0,0,0.9078125,0.5,0.0625,6400000.0,0.9033657962328766
1.0,8.0,8.0,1.0,1.0,1.0,543.0,32.0,0,0.5015625,1024.0,0.5,6400000.0,0.5273919092465753
16.0,16.0,2.0,5.0,65.0,61.0,2071.0,7712.0,0,0.9078125,0.000976562,0.25,6400000.0,0.9033657962328766
8.0,8.0,8.0,15.0,125.0,179.0,6689.0,27616.0,0,0.9640625,4.0,0.125,6400000.0,0.9612715569960862
1.0,8.0,8.0,1.0,1.0,1.0,543.0,32.0,0,0.5015625,0.015625,32768.0,6400000.0,0.5273919092465753
16.0,16.0,1.0,4.0,35.0,32.0,1085.0,3072.0,0,0.9078125,0.5,64.0,6400000.0,0.9033657962328766
16.0,16.0,1.0,4.0,35.0,32.0,1085.0,3072.0,0,0.9078125,1.0,0.0,6400000.0,0.9033657962328766
8.0,8.0,8.0,18.0,133.0,180.0,7138.0,27776.0,0,0.9625,0.0,2.0,6400000.0,0.9620543358610567
8.0,8.0,8.0,19.0,147.0,193.0,7578.0,29856.0,0,0.9640625,0.0625,0.00195312,6400000.0,0.9628371147260273
8.0,8.0,8.0,5.0,51.0,47.0,3633.0,6496.0,0,0.940625,0.03125,256.0,6400000.0,0.9033657962328766
8.0,8.0,8.0,8.0,75.0,76.0,4878.0,11136.0,0,0.940625,32.0,32.0,6400000.0,0.9409246575342465
1.0,16.0,1.0,1.0,1.0,1.0,35.0,32.0,0,0.5015625,1.0,512.0,6400000.0,0.5273919092465753
8.0,8.0,8.0,8.0,66.0,67.0,4356.0,9696.0,0,0.940625,0.25,64.0,6400000.0,0.9409246575342465
8.0,8.0,8.0,18.0,141.0,189.0,7403.0,29216.0,0,0.9640625,0.03125,0.25,6400000.0,0.9628371147260273
1.0,16.0,1.0,1.0,1.0,1.0,35.0,32.0,0,0.5015625,16384.0,0.000976562,6400000.0,0.5273919092465753
1.0,8.0,8.0,1.0,1.0,1.0,543.0,32.0,0,0.5015625,0.0,2048.0,6400000.0,0.5273919092465753
16.0,16.0,1.0,4.0,35.0,32.0,1085.0,3072.0,0,0.9078125,1.0,0.5,6400000.0,0.9033657962328766
1.0,8.0,8.0,1.0,1.0,1.0,543.0,32.0,0,0.5015625,2048.0,0.00390625,6400000.0,0.5273919092465753
8.0,8.0,8.0,18.0,141.0,189.0,7403.0,29216.0,0,0.9640625,0.5,0.0,6400000.0,0.9628371147260273
1.0,8.0,4.0,1.0,1.0,1.0,63.0,32.0,0,0.5015625,2048.0,0.125,6400000.0,0.5273919092465753
16.0,16.0,2.0,4.0,61.0,58.0,1961.0,7232.0,0,0.9078125,0.000976562,256.0,6400000.0,0.9033657962328766
16.0,16.0,2.0,5.0,65.0,61.0,2071.0,7712.0,0,0.9078125,0.00195312,0.00195312,6400000.0,0.9033657962328766
16.0,16.0,1.0,4.0,35.0,32.0,1085.0,3072.0,0,0.9078125,2.0,0.00390625,6400000.0,0.9033657962328766
8.0,8.0,8.0,18.0,133.0,180.0,7138.0,27776.0,0,0.9625,0.0625,2.0,6400000.0,0.9616629464285713
1.0,16.0,1.0,1.0,1.0,1.0,35.0,32.0,0,0.5015625,16384.0,1.0,6400000.0,0.5273919092465753
1.0,8.0,8.0,1.0,1.0,1.0,543.0,32.0,0,0.5015625,0.0625,2048.0,6400000.0,0.5273919092465753
16.0,16.0,1.0,4.0,35.0,32.0,1085.0,3072.0,0,0.9078125,4.0,32.0,6400000.0,0.9033657962328766
1.0,16.0,1.0,1.0,1.0,1.0,35.0,32.0,0,0.5015625,4.0,32768.0,6400000.0,0.5273919092465753
16.0,16.0,1.0,4.0,35.0,32.0,1085.0,3072.0,0,0.9078125,4.0,0.03125,6400000.0,0.9033657962328766
16.0,16.0,1.0,4.0,35.0,32.0,1085.0,3072.0,0,0.9078125,2.0,4.0,6400000.0,0.9033657962328766
1.0,16.0,1.0,1.0,1.0,1.0,35.0,32.0,0,0.5015625,2.0,4096.0,6400000.0,0.5273919092465753
8.0,8.0,8.0,17.0,129.0,178.0,6774.0,27456.0,0,0.9640625,0.5,0.5,6400000.0,0.962445725293542
8.0,8.0,8.0,9.0,101.0,132.0,5745.0,20096.0,0,0.959375,0.125,16.0,6400000.0,0.9597059992661447
16.0,16.0,1.0,3.0,34.0,32.0,1073.0,3072.0,0,0.75,8.0,256.0,6400000.0,0.7707512842465754
16.0,16.0,1.0,4.0,35.0,32.0,1085.0,3072.0,0,0.9078125,16.0,0.00195312,6400000.0,0.9033657962328766
16.0,16.0,2.0,5.0,65.0,61.0,2071.0,7712.0,0,0.9078125,0.00195312,2.0,6400000.0,0.9033657962328766
16.0,16.0,1.0,4.0,35.0,32.0,1085.0,3072.0,0,0.9078125,16.0,2.0,6400000.0,0.9033657962328766
1.0,8.0,8.0,1.0,1.0,1.0,543.0,32.0,0,0.5015625,0.5,512.0,6400000.0,0.5273919092465753
8.0,8.0,8.0,5.0,51.0,47.0,3633.0,6496.0,0,0.940625,4.0,128.0,6400000.0,0.9409246575342465
16.0,16.0,1.0,4.0,35.0,32.0,1085.0,3072.0,0,0.9078125,32.0,0.015625,6400000.0,0.9033657962328766
8.0,8.0,8.0,12.0,121.0,187.0,6632.0,28896.0,0,0.959375,8.0,0.000976562,6400000.0,0.9597059992661447
1.0,16.0,1.0,1.0,1.0,1.0,35.0,32.0,0,0.5015625,16.0,2048.0,6400000.0,0.5273919092465753
8.0,8.0,8.0,19.0,147.0,193.0,7578.0,29856.0,0,0.9640625,0.125,0.015625,6400000.0,0.9628371147260273
16.0,16.0,1.0,4.0,35.0,32.0,1085.0,3072.0,0,0.9078125,32.0,16.0,6400000.0,0.9033657962328766
16.0,16.0,1.0,4.0,35.0,32.0,1085.0,3072.0,0,0.9078125,8.0,0.25,6400000.0,0.9033657962328766
1.0,16.0,1.0,1.0,1.0,1.0,35.0,32.0,0,0.5015625,16384.0,1024.0,6400000.0,0.5273919092465753
1.0,16.0,1.0,1.0,1.0,1.0,35.0,32.0,0,0.5015625,32.0,16384.0,6400000.0,0.5273919092465753
16.0,16.0,1.0,4.0,35.0,32.0,1085.0,3072.0,0,0.9078125,64.0,128.0,6400000.0,0.8157610689823874
8.0,8.0,8.0,19.0,147.0,193.0,7578.0,29856.0,0,0.9640625,0.000976562,0.015625,6400000.0,0.9628371147260273
8.0,8.0,8.0,9.0,101.0,132.0,5745.0,20096.0,0,0.959375,0.000976562,16.0,6400000.0,0.9597059992661447
1.0,8.0,4.0,1.0,1.0,1.0,63.0,32.0,0,0.5015625,2048.0,128.0,6400000.0,0.5273919092465753
1.0,8.0,8.0,1.0,1.0,1.0,543.0,32.0,0,0.5015625,2048.0,4.0,6400000.0,0.5273919092465753
1.0,8.0,4.0,1.0,1.0,1.0,63.0,32.0,0,0.5015625,4096.0,0.000976562,6400000.0,0.5273919092465753
16.0,16.0,1.0,4.0,35.0,32.0,1085.0,3072.0,0,0.9078125,128.0,0.000976562,6400000.0,0.9033657962328766
16.0,16.0,1.0,4.0,35.0,32.0,1085.0,3072.0,0,0.9078125,64.0,0.125,6400000.0,0.9033657962328766
1.0,16.0,1.0,1.0,1.0,1.0,35.0,32.0,0,0.5015625,128.0,1024.0,6400000.0,0.5273919092465753
1.0,16.0,1.0,1.0,1.0,1.0,35.0,32.0,0,0.5015625,32768.0,8.0,6400000.0,0.5273919092465753
8.0,8.0,8.0,12.0,121.0,187.0,6632.0,28896.0,0,0.959375,8.0,1.0,6400000.0,0.9604887781311154
1.0,8.0,8.0,1.0,1.0,1.0,543.0,32.0,0,0.5015625,32.0,32768.0,6400000.0,0.5273919092465753
8.0,8.0,8.0,17.0,129.0,178.0,6774.0,27456.0,0,0.9640625,1.0,0.00390625,6400000.0,0.962445725293542
1.0,16.0,1.0,1.0,1.0,1.0,35.0,32.0,0,0.5015625,32768.0,0.0078125,6400000.0,0.5273919092465753
16.0,16.0,1.0,4.0,35.0,32.0,1085.0,3072.0,0,0.9078125,128.0,1.0,6400000.0,0.9033657962328766
1.0,8.0,8.0,1.0,1.0,1.0,543.0,32.0,0,0.5015625,0.125,16384.0,6400000.0,0.5273919092465753
1.0,8.0,8.0,1.0,1.0,1.0,543.0,32.0,0,0.5015625,0.000976562,16384.0,6400000.0,0.5273919092465753
1.0,8.0,8.0,1.0,1.0,1.0,543.0,32.0,0,0.5015625,4096.0,0.03125,6400000.0,0.5273919092465753
1.0,8.0,8.0,1.0,1.0,1.0,543.0,32.0,0,0.5015625,2048.0,4096.0,6400000.0,0.5273919092465753
16.0,16.0,1.0,4.0,35.0,32.0,1085.0,3072.0,0,0.75,256.0,0.0078125,6400000.0,0.7707512842465754
8.0,8.0,8.0,8.0,77.0,78.0,4944.0,11456.0,0,0.940625,64.0,0.25,6400000.0,0.9409246575342465
1.0,16.0,1.0,1.0,1.0,1.0,35.0,32.0,0,0.5015625,256.0,8192.0,6400000.0,0.5273919092465753
16.0,16.0,1.0,3.0,34.0,32.0,1073.0,3072.0,0,0.75,256.0,8.0,6400000.0,0.7707512842465754
1.0,8.0,8.0,1.0,1.0,1.0,543.0,32.0,0,0.5015625,4096.0,32.0,6400000.0,0.5273919092465753
1.0,8.0,8.0,1.0,1.0,1.0,543.0,32.0,0,0.5015625,8.0,1024.0,6400000.0,0.5273919092465753
1.0,8.0,8.0,1.0,1.0,1.0,543.0,32.0,0,0.5015625,4096.0,32768.0,6400000.0,0.5273919092465753
1.0,16.0,1.0,1.0,1.0,1.0,35.0,32.0,0,0.5015625,32768.0,8192.0,6400000.0,0.5273919092465753
8.0,8.0,8.0,4.0,42.0,39.0,3358.0,5216.0,0,0.9078125,64.0,256.0,6400000.0,0.9033657962328766
16.0,16.0,2.0,5.0,65.0,61.0,2071.0,7712.0,0,0.9078125,0.0,0.0625,6400000.0,0.9033657962328766
1.0,8.0,8.0,1.0,1.0,1.0,543.0,32.0,0,0.5015625,16384.0,0.00195312,6400000.0,0.5273919092465753
8.0,8.0,8.0,5.0,51.0,47.0,3633.0,6496.0,0,0.940625,128.0,0.00195312,6400000.0,0.9409246575342465
1.0,16.0,1.0,1.0,1.0,1.0,35.0,32.0,0,0.5015625,512.0,0.0625,6400000.0,0.5273919092465753
1.0,16.0,1.0,1.0,1.0,1.0,35.0,32.0,0,0.5015625,1024.0,0.5,6400000.0,0.5273919092465753
1.0,16.0,1.0,1.0,1.0,1.0,35.0,32.0,0,0.5015625,512.0,64.0,6400000.0,0.5273919092465753
1.0,8.0,8.0,1.0,1.0,1.0,543.0,32.0,0,0.5015625,8192.0,0.25,6400000.0,0.5273919092465753
1.0,16.0,2.0,1.0,1.0,1.0,39.0,32.0,0,0.5015625,0.00195312,2048.0,6400000.0,0.5273919092465753
8.0,8.0,8.0,5.0,51.0,47.0,3633.0,6496.0,0,0.940625,128.0,2.0,6400000.0,0.9409246575342465
1.0,16.0,1.0,1.0,1.0,1.0,35.0,32.0,0,0.5015625,1024.0,0.0,6400000.0,0.5273919092465753
1.0,8.0,4.0,1.0,1.0,1.0,63.0,32.0,0,0.5015625,4096.0,1.0,6400000.0,0.5273919092465753
1.0,8.0,8.0,1.0,1.0,1.0,543.0,32.0,0,0.5015625,16384.0,2.0,6400000.0,0.5273919092465753
1.0,8.0,8.0,1.0,1.0,1.0,543.0,32.0,0,0.5015625,8192.0,256.0,6400000.0,0.5273919092465753
1.0,8.0,8.0,1.0,1.0,1.0,543.0,32.0,0,0.5015625,128.0,2048.0,6400000.0,0.5273919092465753
1.0,16.0,1.0,1.0,1.0,1.0,35.0,32.0,0,0.5015625,2048.0,0.00390625,6400000.0,0.5273919092465753
1.0,8.0,8.0,1.0,1.0,1.0,543.0,32.0,0,0.5015625,1.0,4096.0,6400000.0,0.5273919092465753
1.0,16.0,1.0,1.0,1.0,1.0,35.0,32.0,0,0.5015625,1024.0,512.0,6400000.0,0.5273919092465753
1.0,8.0,8.0,1.0,1.0,1.0,543.0,32.0,0,0.5015625,32768.0,16384.0,6400000.0,0.5273919092465753
1.0,16.0,1.0,1.0,1.0,1.0,35.0,32.0,0,0.5015625,2048.0,4.0,6400000.0,0.5273919092465753
1.0,8.0,8.0,1.0,1.0,1.0,543.0,32.0,0,0.5015625,32768.0,0.015625,6400000.0,0.5273919092465753
1.0,8.0,8.0,1.0,1.0,1.0,543.0,32.0,0,0.5015625,16384.0,2048.0,6400000.0,0.5273919092465753
8.0,8.0,8.0,15.0,125.0,179.0,6689.0,27616.0,0,0.9640625,1.0,4.0,6400000.0,0.9577490521037182
1.0,8.0,4.0,1.0,1.0,1.0,63.0,32.0,0,0.5015625,4096.0,1024.0,6400000.0,0.5273919092465753
16.0,16.0,1.0,4.0,35.0,32.0,1085.0,3072.0,0,0.9078125,0.0,128.0,6400000.0,0.9033657962328766
1.0,16.0,1.0,1.0,1.0,1.0,35.0,32.0,0,0.5015625,2048.0,4096.0,6400000.0,0.5273919092465753
16.0,16.0,2.0,5.0,65.0,61.0,2071.0,7712.0,0,0.9078125,0.00390625,0.015625,6400000.0,0.9033657962328766
1.0,16.0,1.0,1.0,1.0,1.0,35.0,32.0,0,0.5015625,4096.0,0.03125,6400000.0,0.5273919092465753
1.0,8.0,8.0,1.0,1.0,1.0,543.0,32.0,0,0.5015625,32768.0,16.0,6400000.0,0.5273919092465753
8.0,8.0,8.0,9.0,102.0,133.0,5778.0,20256.0,0,0.959375,16.0,0.0078125,6400000.0,0.961271556996086
1.0,16.0,1.0,1.0,1.0,1.0,35.0,32.0,0,0.5015625,4096.0,32.0,6400000.0,0.5273919092465753
8.0,8.0,8.0,18.0,141.0,189.0,7403.0,29216.0,0,0.9640625,0.25,0.125,6400000.0,0.9628371147260273
16.0,16.0,1.0,4.0,35.0,32.0,1085.0,3072.0,0,0.9078125,0.0,0.125,6400000.0,0.9033657962328766
1.0,8.0,4.0,1.0,1.0,1.0,63.0,32.0,0,0.5015625,8192.0,0.0078125,6400000.0,0.5273919092465753
16.0,16.0,1.0,4.0,35.0,32.0,1085.0,3072.0,0,0.9078125,0.000976562,0.000976562,6400000.0,0.9033657962328766
8.0,8.0,8.0,19.0,147.0,193.0,7578.0,29856.0,0,0.9640625,0.00195312,0.125,6400000.0,0.9628371147260273
8.0,8.0,8.0,5.0,51.0,47.0,3633.0,6496.0,0,0.940625,256.0,0.015625,6400000.0,0.9033657962328766
8.0,8.0,8.0,19.0,147.0,193.0,7578.0,29856.0,0,0.9640625,0.00390625,0.000976562,6400000.0,0.9628371147260273
8.0,8.0,8.0,5.0,50.0,46.0,3600.0,6336.0,0,0.940625,256.0,16.0,6400000.0,0.9033657962328766
1.0,16.0,1.0,1.0,1.0,1.0,35.0,32.0,0,0.5015625,0.000976562,1024.0,6400000.0,0.5273919092465753
8.0,8.0,8.0,5.0,51.0,47.0,3633.0,6496.0,0,0.940625,0.00195312,128.0,6400000.0,0.9409246575342465
16.0,16.0,1.0,4.0,35.0,32.0,1085.0,3072.0,0,0.9078125,0.000976562,1.0,6400000.0,0.9033657962328766
16.0,16.0,1.0,4.0,35.0,32.0,1085.0,3072.0,0,0.9078125,0.00195312,0.0078125,6400000.0,0.9033657962328766
1.0,16.0,1.0,1.0,1.0,1.0,35.0,32.0,0,0.5015625,0.00195312,8192.0,6400000.0,0.5273919092465753
16.0,16.0,1.0,4.0,35.0,32.0,1085.0,3072.0,0,0.9078125,0.00390625,0.0625,6400000.0,0.9033657962328766
1.0,8.0,4.0,1.0,1.0,1.0,63.0,32.0,0,0.5015625,16384.0,0.0625,6400000.0,0.5273919092465753
16.0,16.0,1.0,4.0,35.0,32.0,1085.0,3072.0,0,0.9078125,0.00195312,8.0,6400000.0,0.9033657962328766
16.0,16.0,2.0,5.0,65.0,61.0,2071.0,7712.0,0,0.940625,0.00390625,16.0,6400000.0,0.9033657962328766
1.0,8.0,8.0,1.0,1.0,1.0,543.0,32.0,0,0.5015625,0.00390625,1024.0,6400000.0,0.5273919092465753
8.0,8.0,8.0,18.0,133.0,180.0,7138.0,27776.0,0,0.9625,2.0,0.03125,6400000.0,0.9616629464285713
1.0,8.0,4.0,1.0,1.0,1.0,63.0,32.0,0,0.5015625,8192.0,8.0,6400000.0,0.5273919092465753
1.0,8.0,4.0,1.0,1.0,1.0,63.0,32.0,0,0.5015625,8192.0,8192.0,6400000.0,0.5273919092465753
16.0,16.0,1.0,4.0,35.0,32.0,1085.0,3072.0,0,0.9078125,0.0078125,0.0,6400000.0,0.9033657962328766
16.0,16.0,1.0,4.0,35.0,32.0,1085.0,3072.0,0,0.9078125,0.00390625,64.0,6400000.0,0.9033657962328766
16.0,16.0,1.0,4.0,35.0,32.0,1085.0,3072.0,0,0.9078125,0.0078125,0.5,6400000.0,0.9033657962328766
8.0,8.0,8.0,17.0,129.0,178.0,6774.0,27456.0,0,0.9640625,0.00390625,1.0,6400000.0,0.962445725293542
1.0,16.0,1.0,1.0,1.0,1.0,35.0,32.0,0,0.5015625,4096.0,32768.0,6400000.0,0.5273919092465753
16.0,16.0,2.0,5.0,65.0,61.0,2071.0,7712.0,0,0.940625,0.0,64.0,6400000.0,0.9088452482876711
1.0,8.0,8.0,1.0,1.0,1.0,543.0,32.0,0,0.5015625,256.0,16384.0,6400000.0,0.5273919092465753
1.0,8.0,8.0,1.0,1.0,1.0,543.0,32.0,0,0.5015625,512.0,0.125,6400000.0,0.5273919092465753
1.0,8.0,4.0,1.0,1.0,1.0,63.0,32.0,0,0.5015625,16384.0,64.0,6400000.0,0.5273919092465753
1.0,16.0,1.0,1.0,1.0,1.0,35.0,32.0,0,0.5015625,0.0078125,512.0,6400000.0,0.5273919092465753
1.0,16.0,1.0,1.0,1.0,1.0,35.0,32.0,0,0.5015625,8192.0,0.25,6400000.0,0.5273919092465753
16.0,16.0,1.0,4.0,35.0,32.0,1085.0,3072.0,0,0.9078125,0.015625,0.00390625,6400000.0,0.9033657962328766
1.0,8.0,4.0,1.0,1.0,1.0,63.0,32.0,0,0.5015625,32768.0,0.5,6400000.0,0.5273919092465753
16.0,16.0,1.0,4.0,35.0,32.0,1085.0,3072.0,0,0.9078125,0.015625,4.0,6400000.0,0.9033657962328766
1.0,8.0,4.0,1.0,1.0,1.0,63.0,32.0,0,0.5015625,32768.0,512.0,6400000.0,0.5273919092465753
1.0,16.0,1.0,1.0,1.0,1.0,35.0,32.0,0,0.5015625,0.015625,4096.0,6400000.0,0.5273919092465753
1.0,16.0,1.0,1.0,1.0,1.0,35.0,32.0,0,0.5015625,8192.0,256.0,6400000.0,0.5273919092465753
16.0,16.0,1.0,4.0,35.0,32.0,1085.0,3072.0,0,0.9078125,0.03125,0.03125,6400000.0,0.9033657962328766
16.0,16.0,1.0,4.0,35.0,32.0,1085.0,3072.0,0,0.9078125,0.125,2.0,6400000.0,0.9033657962328766
1.0,8.0,8.0,1.0,1.0,1.0,543.0,32.0,0,0.5015625,0.0078125,8192.0,6400000.0,0.5273919092465753
1.0,8.0,8.0,1.0,1.0,1.0,543.0,32.0,0,0.5015625,1024.0,0.000976562,6400000.0,0.5273919092465753
8.0,8.0,8.0,19.0,147.0,193.0,7578.0,29856.0,0,0.9640625,0.0078125,0.0078125,6400000.0,0.9628371147260273
16.0,16.0,1.0,4.0,35.0,32.0,1085.0,3072.0,0,0.9078125,0.03125,32.0,6400000.0,0.9033657962328766
1.0,8.0,8.0,1.0,1.0,1.0,543.0,32.0,0,0.5015625,2.0,32768.0,6400000.0,0.5273919092465753
1.0,8.0,8.0,1.0,1.0,1.0,543.0,32.0,0,0.5015625,512.0,128.0,6400000.0,0.5273919092465753
8.0,8.0,8.0,12.0,121.0,187.0,6632.0,28896.0,0,0.959375,0.0078125,8.0,6400000.0,0.9581404415362036
1.0,8.0,8.0,1.0,1.0,1.0,543.0,32.0,0,0.5015625,16.0,8192.0,6400000.0,0.5273919092465753
8.0,8.0,8.0,8.0,99.0,132.0,5702.0,20096.0,0,0.959375,2.0,32.0,6400000.0,0.9597059992661447
1.0,16.0,1.0,1.0,1.0,1.0,35.0,32.0,0,0.5015625,0.03125,32768.0,6400000.0,0.5273919092465753
16.0,16.0,1.0,4.0,35.0,32.0,1085.0,3072.0,0,0.9078125,0.125,0.00195312,6400000.0,0.9033657962328766
16.0,16.0,1.0,4.0,35.0,32.0,1085.0,3072.0,0,0.9078125,0.0625,0.25,6400000.0,0.9033657962328766
8.0,8.0,8.0,8.0,66.0,67.0,4356.0,9696.0,0,0.940625,0.015625,64.0,6400000.0,0.9409246575342465
1.0,8.0,4.0,1.0,1.0,1.0,63.0,32.0,0,0.5015625,32768.0,0.0,6400000.0,0.5273919092465753
8.0,8.0,8.0,8.0,100.0,133.0,5735.0,20256.0,0,0.959375,16.0,8.0,6400000.0,0.9597059992661447
16.0,16.0,1.0,4.0,35.0,32.0,1085.0,3072.0,0,0.75,0.0625,256.0,6400000.0,0.7707512842465754
1.0,16.0,1.0,1.0,1.0,1.0,35.0,32.0,0,0.5015625,0.125,2048.0,6400000.0,0.5273919092465753
1.0,8.0,8.0,1.0,1.0,1.0,543.0,32.0,0,0.5015625,1024.0,1024.0,6400000.0,0.5273919092465753
8.0,8.0,8.0,19.0,147.0,193.0,7578.0,29856.0,0,0.9640625,0.015625,0.0625,6400000.0,0.9628371147260273
16.0,16.0,2.0,5.0,65.0,61.0,2071.0,7712.0,0,0.9078125,0.000976562,0.0,6400000.0,0.9033657962328766
1.0,8.0,8.0,1.0,1.0,1.0,543.0,32.0,0,0.5015625,1024.0,1.0,6400000.0,0.5273919092465753
16.0,16.0,1.0,4.0,35.0,32.0,1085.0,3072.0,0,0.9078125,0.25,0.015625,6400000.0,0.9033657962328766
16.0,16.0,1.0,4.0,35.0,32.0,1085.0,3072.0,0,0.9078125,0.5,0.125,6400000.0,0.9033657962328766
8.0,8.0,8.0,19.0,147.0,193.0,7578.0,29856.0,0,0.9640625,0.0,0.00390625,6400000.0,0.9628371147260273
1.0,16.0,1.0,1.0,1.0,1.0,35.0,32.0,0,0.5015625,0.25,16384.0,6400000.0,0.5273919092465753
8.0,8.0,8.0,8.0,100.0,133.0,5735.0,20256.0,0,0.959375,32.0,0.0625,6400000.0,0.961271556996086
16.0,16.0,1.0,4.0,35.0,32.0,1085.0,3072.0,0,0.9078125,0.25,16.0,6400000.0,0.9033657962328766
16.0,16.0,2.0,5.0,65.0,61.0,2071.0,7712.0,0,0.9078125,0.000976562,0.5,6400000.0,0.9033657962328766
16.0,16.0,1.0,4.0,35.0,32.0,1085.0,3072.0,0,0.9078125,0.5,128.0,6400000.0,0.9033657962328766
16.0,16.0,1.0,4.0,35.0,32.0,1085.0,3072.0,0,0.9078125,1.0,0.000976562,6400000.0,0.9033657962328766
8.0,8.0,8.0,15.0,125.0,179.0,6689.0,27616.0,0,0.9640625,4.0,0.25,6400000.0,0.9604887781311156
8.0,8.0,8.0,19.0,147.0,193.0,7578.0,29856.0,0,0.9640625,0.03125,0.0,6400000.0,0.9628371147260273
8.0,8.0,8.0,5.0,51.0,47.0,3633.0,6496.0,0,0.940625,32.0,64.0,6400000.0,0.9409246575342465
1.0,8.0,8.0,1.0,1.0,1.0,543.0,32.0,0,0.5015625,0.03125,512.0,6400000.0,0.5273919092465753
8.0,8.0,8.0,19.0,147.0,193.0,7578.0,29856.0,0,0.9640625,0.0625,0.00390625,6400000.0,0.9628371147260273
1.0,16.0,1.0,1.0,1.0,1.0,35.0,32.0,0,0.5015625,1.0,1024.0,6400000.0,0.5273919092465753
8.0,8.0,8.0,15.0,125.0,179.0,6689.0,27616.0,0,0.9640625,0.0,4.0,6400000.0,0.9612715569960862
8.0,8.0,8.0,5.0,51.0,47.0,3633.0,6496.0,0,0.940625,0.25,128.0,6400000.0,0.9409246575342465
8.0,8.0,8.0,18.0,141.0,189.0,7403.0,29216.0,0,0.9640625,0.03125,0.5,6400000.0,0.9628371147260273
16.0,16.0,1.0,4.0,35.0,32.0,1085.0,3072.0,0,0.9078125,1.0,1.0,6400000.0,0.9033657962328766
1.0,8.0,8.0,1.0,1.0,1.0,543.0,32.0,0,0.5015625,0.0,4096.0,6400000.0,0.5273919092465753
1.0,16.0,1.0,1.0,1.0,1.0,35.0,32.0,0,0.5015625,16384.0,0.00195312,6400000.0,0.5273919092465753
1.0,8.0,8.0,1.0,1.0,1.0,543.0,32.0,0,0.5015625,2048.0,0.0078125,6400000.0,0.5273919092465753
1.0,16.0,2.0,1.0,1.0,1.0,39.0,32.0,0,0.5015625,0.000976562,512.0,6400000.0,0.5273919092465753
16.0,16.0,2.0,5.0,65.0,61.0,2071.0,7712.0,0,0.9078125,0.00195312,0.00390625,6400000.0,0.9033657962328766
8.0,8.0,8.0,18.0,141.0,189.0,7403.0,29216.0,0,0.9640625,0.5,0.000976562,6400000.0,0.9628371147260273
1.0,16.0,2.0,1.0,1.0,1.0,39.0,32.0,0,0.5015625,0.00390625,16384.0,6400000.0,0.5273919092465753
8.0,8.0,8.0,15.0,125.0,179.0,6689.0,27616.0,0,0.9640625,0.0625,4.0,6400000.0,0.9612715569960862
16.0,16.0,1.0,4.0,35.0,32.0,1085.0,3072.0,0,0.9078125,2.0,0.0078125,6400000.0,0.9033657962328766
1.0,8.0,8.0,1.0,1.0,1.0,543.0,32.0,0,0.5015625,0.0625,4096.0,6400000.0,0.5273919092465753
1.0,16.0,1.0,1.0,1.0,1.0,35.0,32.0,0,0.5015625,16384.0,2.0,6400000.0,0.5273919092465753
16.0,16.0,1.0,4.0,35.0,32.0,1085.0,3072.0,0,0.9078125,8.0,0.0,6400000.0,0.9033657962328766
16.0,16.0,1.0,4.0,35.0,32.0,1085.0,3072.0,0,0.9078125,4.0,0.0625,6400000.0,0.9033657962328766
16.0,16.0,1.0,4.0,35.0,32.0,1085.0,3072.0,0,0.9078125,4.0,64.0,6400000.0,0.9033657962328766
16.0,16.0,1.0,4.0,35.0,32.0,1085.0,3072.0,0,0.9078125,2.0,8.0,6400000.0,0.9033657962328766
8.0,8.0,8.0,18.0,133.0,180.0,7138.0,27776.0,0,0.9625,0.5,1.0,6400000.0,0.9616629464285713
1.0,16.0,1.0,1.0,1.0,1.0,35.0,32.0,0,0.5015625,2.0,8192.0,6400000.0,0.5273919092465753
8.0,8.0,8.0,8.0,99.0,132.0,5702.0,20096.0,0,0.959375,0.125,32.0,6400000.0,0.9597059992661447
16.0,16.0,1.0,4.0,35.0,32.0,1085.0,3072.0,0,0.9078125,16.0,0.00390625,6400000.0,0.9033657962328766
16.0,16.0,2.0,5.0,65.0,61.0,2071.0,7712.0,0,0.9078125,0.00195312,4.0,6400000.0,0.9033657962328766
1.0,16.0,1.0,1.0,1.0,1.0,35.0,32.0,0,0.5015625,8.0,512.0,6400000.0,0.5273919092465753
16.0,16.0,1.0,4.0,35.0,32.0,1085.0,3072.0,0,0.9078125,16.0,4.0,6400000.0,0.9033657962328766
1.0,8.0,8.0,1.0,1.0,1.0,543.0,32.0,0,0.5015625,0.5,1024.0,6400000.0,0.5273919092465753
16.0,16.0,1.0,4.0,35.0,32.0,1085.0,3072.0,0,0.9078125,32.0,0.03125,6400000.0,0.9033657962328766
1.0,16.0,1.0,1.0,1.0,1.0,35.0,32.0,0,0.5015625,16.0,4096.0,6400000.0,0.5273919092465753
8.0,8.0,8.0,12.0,121.0,187.0,6632.0,28896.0,0,0.959375,8.0,0.00195312,6400000.0,0.9597059992661447
8.0,8.0,8.0,5.0,51.0,47.0,3633.0,6496.0,0,0.940625,4.0,256.0,6400000.0,0.9033657962328766
16.0,16.0,1.0,4.0,35.0,32.0,1085.0,3072.0,0,0.9078125,8.0,0.5,6400000.0,0.9033657962328766
1.0,16.0,1.0,1.0,1.0,1.0,35.0,32.0,0,0.5015625,16384.0,2048.0,6400000.0,0.5273919092465753
8.0,8.0,8.0,19.0,147.0,193.0,7578.0,29856.0,0,0.9640625,0.125,0.03125,6400000.0,0.9628371147260273
1.0,16.0,1.0,1.0,1.0,1.0,35.0,32.0,0,0.5015625,32.0,32768.0,6400000.0,0.5273919092465753
16.0,16.0,1.0,3.0,34.0,32.0,1073.0,3072.0,0,0.75,64.0,256.0,6400000.0,0.7707512842465754
16.0,16.0,1.0,4.0,35.0,32.0,1085.0,3072.0,0,0.9078125,32.0,32.0,6400000.0,0.9033657962328766
1.0,8.0,8.0,1.0,1.0,1.0,543.0,32.0,0,0.5015625,2048.0,8.0,6400000.0,0.5273919092465753
8.0,8.0,8.0,19.0,147.0,193.0,7578.0,29856.0,0,0.9640625,0.000976562,0.03125,6400000.0,0.9628371147260273
1.0,16.0,1.0,1.0,1.0,1.0,35.0,32.0,0,0.5015625,32768.0,16.0,6400000.0,0.5273919092465753
16.0,16.0,2.0,5.0,65.0,61.0,2071.0,7712.0,0,0.9078125,0.0078125,0.125,6400000.0,0.9033657962328766
8.0,8.0,8.0,8.0,77.0,78.0,4944.0,11456.0,0,0.940625,64.0,0.0,6400000.0,0.9409246575342465
16.0,16.0,1.0,4.0,35.0,32.0,1085.0,3072.0,0,0.9078125,128.0,0.00195312,6400000.0,0.9033657962328766
8.0,8.0,8.0,8.0,99.0,132.0,5702.0,20096.0,0,0.959375,0.000976562,32.0,6400000.0,0.9597059992661447
16.0,16.0,2.0,5.0,65.0,61.0,2071.0,7712.0,0,0.9078125,0.0078125,128.0,6400000.0,0.9033657962328766
16.0,16.0,1.0,4.0,35.0,32.0,1085.0,3072.0,0,0.9078125,64.0,0.25,6400000.0,0.9033657962328766
1.0,8.0,8.0,1.0,1.0,1.0,543.0,32.0,0,0.5015625,0.125,32768.0,6400000.0,0.5273919092465753
1.0,8.0,8.0,1.0,1.0,1.0,543.0,32.0,0,0.5015625,4096.0,0.0625,6400000.0,0.5273919092465753
8.0,8.0,8.0,12.0,125.0,175.0,6748.0,26976.0,0,0.959375,8.0,2.0,6400000.0,0.9604887781311154
8.0,8.0,8.0,17.0,129.0,178.0,6774.0,27456.0,0,0.9640625,1.0,0.0078125,6400000.0,0.962445725293542
16.0,16.0,1.0,4.0,35.0,32.0,1085.0,3072.0,0,0.9078125,128.0,2.0,6400000.0,0.9033657962328766
1.0,16.0,1.0,1.0,1.0,1.0,35.0,32.0,0,0.5015625,32768.0,0.015625,6400000.0,0.5273919092465753
1.0,16.0,1.0,1.0,1.0,1.0,35.0,32.0,0,0.5015625,128.0,2048.0,6400000.0,0.5273919092465753
1.0,8.0,8.0,1.0,1.0,1.0,543.0,32.0,0,0.5015625,2048.0,8192.0,6400000.0,0.5273919092465753
16.0,16.0,1.0,4.0,35.0,32.0,1085.0,3072.0,0,0.75,256.0,0.015625,6400000.0,0.7707512842465754
1.0,8.0,8.0,1.0,1.0,1.0,543.0,32.0,0,0.5015625,0.000976562,32768.0,6400000.0,0.5273919092465753
8.0,8.0,8.0,8.0,69.0,66.0,4420.0,9536.0,0,0.940625,64.0,0.5,6400000.0,0.9409246575342465
16.0,16.0,1.0,3.0,34.0,32.0,1073.0,3072.0,0,0.75,256.0,16.0,6400000.0,0.7707512842465754
1.0,8.0,8.0,1.0,1.0,1.0,543.0,32.0,0,0.5015625,8.0,2048.0,6400000.0,0.5273919092465753
1.0,16.0,1.0,1.0,1.0,1.0,35.0,32.0,0,0.5015625,256.0,16384.0,6400000.0,0.5273919092465753
1.0,8.0,8.0,1.0,1.0,1.0,543.0,32.0,0,0.5015625,64.0,512.0,6400000.0,0.5273919092465753
1.0,16.0,1.0,1.0,1.0,1.0,35.0,32.0,0,0.5015625,32768.0,16384.0,6400000.0,0.5273919092465753
1.0,8.0,8.0,1.0,1.0,1.0,543.0,32.0,0,0.5015625,8192.0,0.0,6400000.0,0.5273919092465753
1.0,8.0,8.0,1.0,1.0,1.0,543.0,32.0,0,0.5015625,4096.0,64.0,6400000.0,0.5273919092465753
16.0,16.0,2.0,5.0,65.0,61.0,2071.0,7712.0,0,0.9078125,0.0,0.125,6400000.0,0.9033657962328766
8.0,8.0,8.0,5.0,51.0,47.0,3633.0,6496.0,0,0.940625,128.0,0.00390625,6400000.0,0.9409246575342465
1.0,16.0,1.0,1.0,1.0,1.0,35.0,32.0,0,0.5015625,512.0,0.125,6400000.0,0.5273919092465753
1.0,16.0,2.0,1.0,1.0,1.0,39.0,32.0,0,0.5015625,0.00195312,4096.0,6400000.0,0.5273919092465753
1.0,8.0,8.0,1.0,1.0,1.0,543.0,32.0,0,0.5015625,16384.0,0.00390625,6400000.0,0.5273919092465753
1.0,8.0,8.0,1.0,1.0,1.0,543.0,32.0,0,0.5015625,8192.0,0.5,6400000.0,0.5273919092465753
1.0,16.0,1.0,1.0,1.0,1.0,35.0,32.0,0,0.5015625,1024.0,1.0,6400000.0,0.5273919092465753
8.0,8.0,8.0,5.0,51.0,47.0,3633.0,6496.0,0,0.940625,128.0,4.0,6400000.0,0.9409246575342465
1.0,16.0,1.0,1.0,1.0,1.0,35.0,32.0,0,0.5015625,512.0,128.0,6400000.0,0.5273919092465753
1.0,16.0,1.0,1.0,1.0,1.0,35.0,32.0,0,0.5015625,1024.0,0.000976562,6400000.0,0.5273919092465753
1.0,8.0,8.0,1.0,1.0,1.0,543.0,32.0,0,0.5015625,16384.0,4.0,6400000.0,0.5273919092465753
1.0,8.0,8.0,1.0,1.0,1.0,543.0,32.0,0,0.5015625,8192.0,512.0,6400000.0,0.5273919092465753
1.0,8.0,8.0,1.0,1.0,1.0,543.0,32.0,0,0.5015625,128.0,4096.0,6400000.0,0.5273919092465753
16.0,16.0,2.0,5.0,65.0,61.0,2071.0,7712.0,0,0.9078125,0.015625,0.000976562,6400000.0,0.9033657962328766
1.0,8.0,8.0,1.0,1.0,1.0,543.0,32.0,0,0.5015625,1.0,8192.0,6400000.0,0.5273919092465753
1.0,8.0,8.0,1.0,1.0,1.0,543.0,32.0,0,0.5015625,32768.0,32768.0,6400000.0,0.5273919092465753
1.0,16.0,1.0,1.0,1.0,1.0,35.0,32.0,0,0.5015625,1024.0,1024.0,6400000.0,0.5273919092465753
1.0,16.0,1.0,1.0,1.0,1.0,35.0,32.0,0,0.5015625,2048.0,0.0078125,6400000.0,0.5273919092465753
1.0,8.0,8.0,1.0,1.0,1.0,543.0,32.0,0,0.5015625,32768.0,0.03125,6400000.0,0.5273919092465753
8.0,8.0,8.0,12.0,121.0,187.0,6632.0,28896.0,0,0.959375,1.0,8.0,6400000.0,0.9589232204011742
1.0,16.0,1.0,1.0,1.0,1.0,35.0,32.0,0,0.5015625,2048.0,8.0,6400000.0,0.5273919092465753
1.0,8.0,8.0,1.0,1.0,1.0,543.0,32.0,0,0.5015625,16384.0,4096.0,6400000.0,0.5273919092465753
16.0,16.0,2.0,5.0,65.0,61.0,2071.0,7712.0,0,0.9078125,0.015625,1.0,6400000.0,0.9033657962328766
16.0,16.0,1.0,4.0,35.0,32.0,1085.0,3072.0,0,0.75,0.0,256.0,6400000.0,0.7707512842465754
16.0,16.0,2.0,5.0,65.0,61.0,2071.0,7712.0,0,0.9078125,0.00390625,0.03125,6400000.0,0.9033657962328766
1.0,8.0,8.0,1.0,1.0,1.0,543.0,32.0,0,0.5015625,32768.0,32.0,6400000.0,0.5273919092465753
1.0,16.0,1.0,1.0,1.0,1.0,35.0,32.0,0,0.5015625,4096.0,0.0625,6400000.0,0.5273919092465753
1.0,16.0,1.0,1.0,1.0,1.0,35.0,32.0,0,0.5015625,2048.0,8192.0,6400000.0,0.5273919092465753
1.0,16.0,2.0,1.0,1.0,1.0,39.0,32.0,0,0.5015625,0.015625,1024.0,6400000.0,0.5273919092465753
16.0,16.0,1.0,4.0,35.0,32.0,1085.0,3072.0,0,0.9078125,0.0,0.25,6400000.0,0.9033657962328766
8.0,8.0,8.0,9.0,102.0,133.0,5778.0,20256.0,0,0.959375,16.0,0.015625,6400000.0,0.961271556996086
16.0,16.0,1.0,4.0,35.0,32.0,1085.0,3072.0,0,0.9078125,0.000976562,0.00195312,6400000.0,0.9033657962328766
8.0,8.0,8.0,18.0,141.0,189.0,7403.0,29216.0,0,0.9640625,0.25,0.25,6400000.0,0.9628371147260273
8.0,8.0,8.0,5.0,51.0,47.0,3633.0,6496.0,0,0.940625,256.0,0.03125,6400000.0,0.9033657962328766
1.0,16.0,1.0,1.0,1.0,1.0,35.0,32.0,0,0.5015625,4096.0,64.0,6400000.0,0.5273919092465753
8.0,8.0,8.0,5.0,46.0,42.0,3468.0,5696.0,0,0.940625,256.0,32.0,6400000.0,0.9033657962328766
8.0,8.0,8.0,18.0,141.0,189.0,7403.0,29216.0,0,0.9640625,0.00195312,0.25,6400000.0,0.9628371147260273
8.0,8.0,8.0,19.0,147.0,193.0,7578.0,29856.0,0,0.9640625,0.00390625,0.00195312,6400000.0,0.9628371147260273
16.0,16.0,1.0,4.0,35.0,32.0,1085.0,3072.0,0,0.9078125,0.00195312,0.015625,6400000.0,0.9033657962328766
1.0,16.0,1.0,1.0,1.0,1.0,35.0,32.0,0,0.5015625,0.00195312,16384.0,6400000.0,0.5273919092465753
1.0,16.0,1.0,1.0,1.0,1.0,35.0,32.0,0,0.5015625,0.000976562,2048.0,6400000.0,0.5273919092465753
8.0,8.0,8.0,5.0,51.0,47.0,3633.0,6496.0,0,0.940625,0.00195312,256.0,6400000.0,0.9033657962328766
16.0,16.0,1.0,4.0,35.0,32.0,1085.0,3072.0,0,0.9078125,0.000976562,2.0,6400000.0,0.9033657962328766
16.0,16.0,2.0,5.0,65.0,61.0,2071.0,7712.0,0,0.9078125,0.03125,0.0078125,6400000.0,0.9033657962328766
16.0,16.0,2.0,5.0,65.0,61.0,2071.0,7712.0,0,0.940625,0.03125,8.0,6400000.0,0.9033657962328766
16.0,16.0,1.0,4.0,35.0,32.0,1085.0,3072.0,0,0.9078125,0.00390625,0.125,6400000.0,0.9033657962328766
8.0,8.0,8.0,18.0,133.0,180.0,7138.0,27776.0,0,0.9625,2.0,0.0625,6400000.0,0.9616629464285713
1.0,16.0,2.0,1.0,1.0,1.0,39.0,32.0,0,0.5015625,0.03125,8192.0,6400000.0,0.5273919092465753
16.0,16.0,2.0,5.0,65.0,61.0,2071.0,7712.0,0,0.940625,0.00390625,32.0,6400000.0,0.9088452482876711
1.0,8.0,8.0,1.0,1.0,1.0,543.0,32.0,0,0.5015625,0.00390625,2048.0,6400000.0,0.5273919092465753
8.0,8.0,8.0,18.0,133.0,180.0,7138.0,27776.0,0,0.9625,0.00390625,2.0,6400000.0,0.9620543358610567
16.0,16.0,1.0,4.0,35.0,32.0,1085.0,3072.0,0,0.9078125,0.0078125,1.0,6400000.0,0.9033657962328766
16.0,16.0,1.0,4.0,35.0,32.0,1085.0,3072.0,0,0.9078125,0.00390625,128.0,6400000.0,0.9033657962328766
16.0,16.0,1.0,4.0,35.0,32.0,1085.0,3072.0,0,0.9078125,0.00195312,16.0,6400000.0,0.9033657962328766
1.0,16.0,1.0,1.0,1.0,1.0,35.0,32.0,0,0.5015625,8192.0,0.0,6400000.0,0.5273919092465753
16.0,16.0,2.0,5.0,65.0,61.0,2071.0,7712.0,0,0.9078125,0.0,128.0,6400000.0,0.9033657962328766
16.0,16.0,1.0,4.0,35.0,32.0,1085.0,3072.0,0,0.9078125,0.0078125,0.000976562,6400000.0,0.9033657962328766
1.0,16.0,1.0,1.0,1.0,1.0,35.0,32.0,0,0.5015625,0.0078125,1024.0,6400000.0,0.5273919092465753
16.0,16.0,1.0,4.0,35.0,32.0,1085.0,3072.0,0,0.9078125,0.015625,8.0,6400000.0,0.9033657962328766
1.0,8.0,8.0,1.0,1.0,1.0,543.0,32.0,0,0.5015625,512.0,0.25,6400000.0,0.5273919092465753
16.0,16.0,2.0,5.0,65.0,61.0,2071.0,7712.0,0,0.9078125,0.0625,0.0625,6400000.0,0.9033657962328766
1.0,16.0,1.0,1.0,1.0,1.0,35.0,32.0,0,0.5015625,8192.0,0.5,6400000.0,0.5273919092465753
1.0,8.0,8.0,1.0,1.0,1.0,543.0,32.0,0,0.5015625,256.0,32768.0,6400000.0,0.5273919092465753
16.0,16.0,1.0,4.0,35.0,32.0,1085.0,3072.0,0,0.9078125,0.015625,0.0078125,6400000.0,0.9033657962328766
1.0,16.0,1.0,1.0,1.0,1.0,35.0,32.0,0,0.5015625,0.015625,8192.0,6400000.0,0.5273919092465753
16.0,16.0,2.0,5.0,65.0,61.0,2071.0,7712.0,0,0.940625,0.0625,64.0,6400000.0,0.9088452482876711
16.0,16.0,2.0,5.0,65.0,61.0,2071.0,7712.0,0,0.9078125,0.125,0.0,6400000.0,0.9033657962328766
16.0,16.0,1.0,4.0,35.0,32.0,1085.0,3072.0,0,0.9078125,0.03125,0.0625,6400000.0,0.9033657962328766
1.0,16.0,1.0,1.0,1.0,1.0,35.0,32.0,0,0.5015625,8192.0,512.0,6400000.0,0.5273919092465753
1.0,8.0,8.0,1.0,1.0,1.0,543.0,32.0,0,0.5015625,0.0078125,16384.0,6400000.0,0.5273919092465753
8.0,8.0,8.0,19.0,147.0,193.0,7578.0,29856.0,0,0.9640625,0.0078125,0.015625,6400000.0,0.9628371147260273
16.0,16.0,1.0,4.0,35.0,32.0,1085.0,3072.0,0,0.9078125,0.03125,64.0,6400000.0,0.9033657962328766
1.0,8.0,8.0,1.0,1.0,1.0,543.0,32.0,0,0.5015625,1024.0,0.00195312,6400000.0,0.5273919092465753
1.0,8.0,8.0,1.0,1.0,1.0,543.0,32.0,0,0.5015625,512.0,256.0,6400000.0,0.5273919092465753
16.0,16.0,1.0,4.0,35.0,32.0,1085.0,3072.0,0,0.9078125,0.125,4.0,6400000.0,0.9033657962328766
8.0,8.0,8.0,9.0,101.0,132.0,5745.0,20096.0,0,0.959375,0.0078125,16.0,6400000.0,0.9597059992661447
8.0,8.0,8.0,8.0,63.0,61.0,4254.0,8736.0,0,0.940625,2.0,64.0,6400000.0,0.9409246575342465
8.0,8.0,8.0,15.0,125.0,179.0,6689.0,27616.0,0,0.9640625,4.0,0.0,6400000.0,0.9612715569960862
16.0,16.0,1.0,4.0,35.0,32.0,1085.0,3072.0,0,0.9078125,0.0625,0.0,6400000.0,0.9033657962328766
1.0,8.0,8.0,1.0,1.0,1.0,543.0,32.0,0,0.5015625,16.0,16384.0,6400000.0,0.5273919092465753
16.0,16.0,1.0,4.0,35.0,32.0,1085.0,3072.0,0,0.9078125,0.0625,0.5,6400000.0,0.9033657962328766
8.0,8.0,8.0,8.0,99.0,132.0,5702.0,20096.0,0,0.959375,16.0,16.0,6400000.0,0.9597059992661447
1.0,16.0,1.0,1.0,1.0,1.0,35.0,32.0,0,0.5015625,0.125,4096.0,6400000.0,0.5273919092465753
16.0,16.0,1.0,4.0,35.0,32.0,1085.0,3072.0,0,0.9078125,0.25,0.03125,6400000.0,0.9033657962328766
1.0,8.0,8.0,1.0,1.0,1.0,543.0,32.0,0,0.5015625,1024.0,2.0,6400000.0,0.5273919092465753
8.0,8.0,8.0,5.0,51.0,47.0,3633.0,6496.0,0,0.940625,0.015625,128.0,6400000.0,0.9409246575342465
1.0,8.0,8.0,1.0,1.0,1.0,543.0,32.0,0,0.5015625,1024.0,2048.0,6400000.0,0.5273919092465753
16.0,16.0,1.0,4.0,35.0,32.0,1085.0,3072.0,0,0.9078125,0.125,0.00390625,6400000.0,0.9033657962328766
16.0,16.0,2.0,5.0,65.0,61.0,2071.0,7712.0,0,0.9078125,0.125,0.5,6400000.0,0.9033657962328766
8.0,8.0,8.0,8.0,100.0,133.0,5735.0,20256.0,0,0.959375,32.0,0.125,6400000.0,0.961271556996086
16.0,16.0,2.0,5.0,65.0,61.0,2071.0,7712.0,0,0.9078125,0.000976562,0.000976562,6400000.0,0.9033657962328766
1.0,16.0,1.0,1.0,1.0,1.0,35.0,32.0,0,0.5015625,0.0625,512.0,6400000.0,0.5273919092465753
8.0,8.0,8.0,19.0,147.0,193.0,7578.0,29856.0,0,0.9640625,0.015625,0.125,6400000.0,0.9628371147260273
16.0,16.0,1.0,4.0,35.0,32.0,1085.0,3072.0,0,0.9078125,0.25,32.0,6400000.0,0.9033657962328766
1.0,16.0,1.0,1.0,1.0,1.0,35.0,32.0,0,0.5015625,0.25,32768.0,6400000.0,0.5273919092465753
16.0,16.0,1.0,4.0,35.0,32.0,1085.0,3072.0,0,0.9078125,0.5,0.25,6400000.0,0.9033657962328766
1.0,16.0,2.0,1.0,1.0,1.0,39.0,32.0,0,0.5015625,0.125,512.0,6400000.0,0.5273919092465753
16.0,16.0,1.0,4.0,35.0,32.0,1085.0,3072.0,0,0.75,0.5,256.0,6400000.0,0.7707512842465754
8.0,8.0,8.0,19.0,147.0,193.0,7578.0,29856.0,0,0.9640625,0.03125,0.000976562,6400000.0,0.9628371147260273
16.0,16.0,1.0,4.0,35.0,32.0,1085.0,3072.0,0,0.9078125,1.0,0.00195312,6400000.0,0.9033657962328766
16.0,16.0,2.0,5.0,65.0,61.0,2071.0,7712.0,0,0.9078125,0.000976562,1.0,6400000.0,0.9033657962328766
8.0,8.0,8.0,15.0,125.0,179.0,6689.0,27616.0,0,0.9640625,4.0,0.5,6400000.0,0.9585318309686889
1.0,8.0,8.0,1.0,1.0,1.0,543.0,32.0,0,0.5015625,0.03125,1024.0,6400000.0,0.5273919092465753
1.0,16.0,1.0,1.0,1.0,1.0,35.0,32.0,0,0.5015625,1.0,2048.0,6400000.0,0.5273919092465753
8.0,8.0,8.0,5.0,51.0,47.0,3633.0,6496.0,0,0.940625,32.0,128.0,6400000.0,0.9409246575342465
16.0,16.0,2.0,5.0,65.0,61.0,2071.0,7712.0,0,0.9078125,0.25,0.00390625,6400000.0,0.9033657962328766
8.0,8.0,8.0,19.0,147.0,193.0,7578.0,29856.0,0,0.9640625,0.0625,0.0078125,6400000.0,0.9628371147260273
8.0,8.0,8.0,17.0,129.0,178.0,6774.0,27456.0,0,0.9640625,0.03125,1.0,6400000.0,0.962445725293542
16.0,16.0,2.0,5.0,65.0,61.0,2071.0,7712.0,0,0.9078125,0.25,4.0,6400000.0,0.9033657962328766
8.0,8.0,8.0,5.0,51.0,47.0,3633.0,6496.0,0,0.940625,0.25,256.0,6400000.0,0.9033657962328766
16.0,16.0,1.0,4.0,35.0,32.0,1085.0,3072.0,0,0.9078125,1.0,2.0,6400000.0,0.9033657962328766
1.0,8.0,8.0,1.0,1.0,1.0,543.0,32.0,0,0.5015625,2048.0,0.015625,6400000.0,0.5273919092465753
1.0,16.0,1.0,1.0,1.0,1.0,35.0,32.0,0,0.5015625,16384.0,0.00390625,6400000.0,0.5273919092465753
1.0,16.0,2.0,1.0,1.0,1.0,39.0,32.0,0,0.5015625,0.000976562,1024.0,6400000.0,0.5273919092465753
8.0,8.0,8.0,18.0,141.0,189.0,7403.0,29216.0,0,0.9640625,0.5,0.00195312,6400000.0,0.9628371147260273
16.0,16.0,2.0,5.0,65.0,61.0,2071.0,7712.0,0,0.9078125,0.00195312,0.0078125,6400000.0,0.9033657962328766
1.0,16.0,2.0,1.0,1.0,1.0,39.0,32.0,0,0.5015625,0.00390625,32768.0,6400000.0,0.5273919092465753
8.0,8.0,8.0,12.0,121.0,187.0,6632.0,28896.0,0,0.959375,0.0625,8.0,6400000.0,0.9581404415362036
16.0,16.0,1.0,4.0,35.0,32.0,1085.0,3072.0,0,0.9078125,2.0,0.015625,6400000.0,0.9033657962328766
1.0,8.0,8.0,1.0,1.0,1.0,543.0,32.0,0,0.5015625,0.0625,8192.0,6400000.0,0.5273919092465753
1.0,16.0,1.0,1.0,1.0,1.0,35.0,32.0,0,0.5015625,2.0,16384.0,6400000.0,0.5273919092465753
16.0,16.0,1.0,4.0,35.0,32.0,1085.0,3072.0,0,0.9078125,8.0,0.000976562,6400000.0,0.9033657962328766
8.0,8.0,8.0,17.0,132.0,180.0,6872.0,27776.0,0,0.9640625,0.5,2.0,6400000.0,0.961271556996086
1.0,16.0,1.0,1.0,1.0,1.0,35.0,32.0,0,0.5015625,16384.0,4.0,6400000.0,0.5273919092465753
16.0,16.0,1.0,4.0,35.0,32.0,1085.0,3072.0,0,0.9078125,4.0,0.125,6400000.0,0.9033657962328766
8.0,8.0,8.0,8.0,66.0,67.0,4356.0,9696.0,0,0.940625,0.125,64.0,6400000.0,0.9409246575342465
16.0,16.0,1.0,4.0,35.0,32.0,1085.0,3072.0,0,0.9078125,4.0,128.0,6400000.0,0.9033657962328766
16.0,16.0,1.0,4.0,35.0,32.0,1085.0,3072.0,0,0.9078125,2.0,16.0,6400000.0,0.9033657962328766
1.0,16.0,1.0,1.0,1.0,1.0,35.0,32.0,0,0.5015625,8.0,1024.0,6400000.0,0.5273919092465753
16.0,16.0,1.0,4.0,35.0,32.0,1085.0,3072.0,0,0.9078125,16.0,0.0078125,6400000.0,0.9033657962328766
16.0,16.0,2.0,5.0,65.0,61.0,2071.0,7712.0,0,0.940625,0.00195312,8.0,6400000.0,0.9033657962328766
16.0,16.0,1.0,4.0,35.0,32.0,1085.0,3072.0,0,0.9078125,16.0,8.0,6400000.0,0.9033657962328766
1.0,8.0,8.0,1.0,1.0,1.0,543.0,32.0,0,0.5015625,0.5,2048.0,6400000.0,0.5273919092465753
1.0,16.0,1.0,1.0,1.0,1.0,35.0,32.0,0,0.5015625,16.0,8192.0,6400000.0,0.5273919092465753
16.0,16.0,1.0,4.0,35.0,32.0,1085.0,3072.0,0,0.9078125,32.0,0.0625,6400000.0,0.9033657962328766
8.0,8.0,8.0,19.0,147.0,193.0,7578.0,29856.0,0,0.9640625,0.125,0.0625,6400000.0,0.9628371147260273
1.0,8.0,8.0,1.0,1.0,1.0,543.0,32.0,0,0.5015625,4.0,512.0,6400000.0,0.5273919092465753
1.0,16.0,1.0,1.0,1.0,1.0,35.0,32.0,0,0.5015625,16384.0,4096.0,6400000.0,0.5273919092465753
8.0,8.0,8.0,12.0,121.0,187.0,6632.0,28896.0,0,0.959375,8.0,0.00390625,6400000.0,0.9597059992661447
1.0,16.0,1.0,1.0,1.0,1.0,35.0,32.0,0,0.5015625,64.0,512.0,6400000.0,0.5273919092465753
16.0,16.0,1.0,4.0,35.0,32.0,1085.0,3072.0,0,0.9078125,8.0,1.0,6400000.0,0.9033657962328766
16.0,16.0,1.0,4.0,35.0,32.0,1085.0,3072.0,0,0.9078125,64.0,0.0,6400000.0,0.9033657962328766
1.0,16.0,2.0,1.0,1.0,1.0,39.0,32.0,0,0.5015625,0.25,4096.0,6400000.0,0.5273919092465753
1.0,8.0,8.0,1.0,1.0,1.0,543.0,32.0,0,0.5015625,2048.0,16.0,6400000.0,0.5273919092465753
16.0,16.0,1.0,4.0,35.0,32.0,1085.0,3072.0,0,0.9078125,32.0,64.0,6400000.0,0.9033657962328766
1.0,16.0,1.0,1.0,1.0,1.0,35.0,32.0,0,0.5015625,32768.0,32.0,6400000.0,0.5273919092465753
16.0,16.0,1.0,4.0,35.0,32.0,1085.0,3072.0,0,0.9078125,64.0,0.5,6400000.0,0.9033657962328766
16.0,16.0,1.0,4.0,35.0,32.0,1085.0,3072.0,0,0.9078125,128.0,0.00390625,6400000.0,0.9033657962328766
8.0,8.0,8.0,18.0,141.0,189.0,7403.0,29216.0,0,0.9640625,0.25,0.0,6400000.0,0.9628371147260273
16.0,16.0,2.0,5.0,65.0,61.0,2071.0,7712.0,0,0.9078125,0.0078125,0.25,6400000.0,0.9033657962328766
16.0,16.0,2.0,4.0,61.0,58.0,1961.0,7232.0,0,0.9078125,0.0078125,256.0,6400000.0,0.9033657962328766
16.0,16.0,2.0,5.0,65.0,61.0,2071.0,7712.0,0,0.9078125,0.5,0.03125,6400000.0,0.9033657962328766
8.0,8.0,8.0,8.0,77.0,78.0,4944.0,11456.0,0,0.940625,64.0,0.000976562,6400000.0,0.9409246575342465
8.0,8.0,8.0,12.0,157.0,182.0,8035.0,28096.0,0,0.959375,8.0,4.0,6400000.0,0.9608801675636007
8.0,8.0,8.0,17.0,129.0,178.0,6774.0,27456.0,0,0.9640625,1.0,0.015625,6400000.0,0.962445725293542
1.0,16.0,1.0,1.0,1.0,1.0,35.0,32.0,0,0.5015625,32768.0,0.03125,6400000.0,0.5273919092465753
1.0,8.0,8.0,1.0,1.0,1.0,543.0,32.0,0,0.5015625,4096.0,0.125,6400000.0,0.5273919092465753
16.0,16.0,2.0,5.0,65.0,61.0,2071.0,7712.0,0,0.940625,0.5,32.0,6400000.0,0.9088452482876711
1.0,16.0,1.0,1.0,1.0,1.0,35.0,32.0,0,0.5015625,128.0,4096.0,6400000.0,0.5273919092465753
8.0,8.0,8.0,8.0,69.0,66.0,4420.0,9536.0,0,0.940625,64.0,1.0,6400000.0,0.9409246575342465
1.0,8.0,8.0,1.0,1.0,1.0,543.0,32.0,0,0.5015625,2048.0,16384.0,6400000.0,0.5273919092465753
16.0,16.0,1.0,4.0,35.0,32.0,1085.0,3072.0,0,0.9078125,128.0,4.0,6400000.0,0.9033657962328766
16.0,16.0,1.0,4.0,35.0,32.0,1085.0,3072.0,0,0.75,256.0,0.03125,6400000.0,0.7707512842465754
1.0,8.0,8.0,1.0,1.0,1.0,543.0,32.0,0,0.5015625,4096.0,128.0,6400000.0,0.5273919092465753
1.0,8.0,8.0,1.0,1.0,1.0,543.0,32.0,0,0.5015625,8192.0,0.000976562,6400000.0,0.5273919092465753
1.0,8.0,8.0,1.0,1.0,1.0,543.0,32.0,0,0.5015625,64.0,1024.0,6400000.0,0.5273919092465753
1.0,16.0,1.0,1.0,1.0,1.0,35.0,32.0,0,0.5015625,32768.0,32768.0,6400000.0,0.5273919092465753
1.0,16.0,1.0,1.0,1.0,1.0,35.0,32.0,0,0.5015625,256.0,32768.0,6400000.0,0.5273919092465753
1.0,8.0,8.0,1.0,1.0,1.0,543.0,32.0,0,0.5015625,8.0,4096.0,6400000.0,0.5273919092465753
16.0,16.0,1.0,3.0,34.0,32.0,1073.0,3072.0,0,0.75,256.0,32.0,6400000.0,0.7707512842465754
1.0,16.0,1.0,1.0,1.0,1.0,35.0,32.0,0,0.5015625,512.0,0.25,6400000.0,0.5273919092465753
1.0,16.0,2.0,1.0,1.0,1.0,39.0,32.0,0,0.5015625,0.00195312,8192.0,6400000.0,0.5273919092465753
1.0,16.0,1.0,1.0,1.0,1.0,35.0,32.0,0,0.5015625,1024.0,2.0,6400000.0,0.5273919092465753
1.0,8.0,8.0,1.0,1.0,1.0,543.0,32.0,0,0.5015625,16384.0,0.0078125,6400000.0,0.5273919092465753
16.0,16.0,2.0,5.0,65.0,61.0,2071.0,7712.0,0,0.9078125,0.0,0.25,6400000.0,0.9033657962328766
8.0,8.0,8.0,5.0,51.0,47.0,3633.0,6496.0,0,0.940625,128.0,0.0078125,6400000.0,0.9409246575342465
1.0,16.0,1.0,1.0,1.0,1.0,35.0,32.0,0,0.5015625,1024.0,0.00195312,6400000.0,0.5273919092465753
1.0,8.0,8.0,1.0,1.0,1.0,543.0,32.0,0,0.5015625,8192.0,1.0,6400000.0,0.5273919092465753
1.0,16.0,1.0,1.0,1.0,1.0,35.0,32.0,0,0.5015625,512.0,256.0,6400000.0,0.5273919092465753
1.0,8.0,8.0,1.0,1.0,1.0,543.0,32.0,0,0.5015625,16384.0,8.0,6400000.0,0.5273919092465753
1.0,8.0,8.0,1.0,1.0,1.0,543.0,32.0,0,0.5015625,128.0,8192.0,6400000.0,0.5273919092465753
8.0,8.0,8.0,5.0,51.0,47.0,3633.0,6496.0,0,0.940625,128.0,8.0,6400000.0,0.9409246575342465
1.0,8.0,8.0,1.0,1.0,1.0,543.0,32.0,0,0.5015625,8192.0,1024.0,6400000.0,0.5273919092465753
16.0,16.0,1.0,4.0,35.0,32.0,1085.0,3072.0,0,0.9078125,0.0,0.0,6400000.0,0.9033657962328766
16.0,16.0,2.0,5.0,65.0,61.0,2071.0,7712.0,0,0.9078125,0.015625,0.00195312,6400000.0,0.9033657962328766
1.0,8.0,8.0,1.0,1.0,1.0,543.0,32.0,0,0.5015625,1.0,16384.0,6400000.0,0.5273919092465753
1.0,16.0,1.0,1.0,1.0,1.0,35.0,32.0,0,0.5015625,1024.0,2048.0,6400000.0,0.5273919092465753
1.0,8.0,8.0,1.0,1.0,1.0,543.0,32.0,0,0.5015625,32768.0,0.0625,6400000.0,0.5273919092465753
1.0,16.0,1.0,1.0,1.0,1.0,35.0,32.0,0,0.5015625,2048.0,0.015625,6400000.0,0.5273919092465753
8.0,8.0,8.0,8.0,99.0,132.0,5702.0,20096.0,0,0.959375,1.0,16.0,6400000.0,0.9597059992661447
16.0,16.0,2.0,5.0,65.0,61.0,2071.0,7712.0,0,0.9078125,0.015625,2.0,6400000.0,0.9033657962328766
1.0,8.0,8.0,1.0,1.0,1.0,543.0,32.0,0,0.5015625,32768.0,64.0,6400000.0,0.5273919092465753
1.0,8.0,8.0,1.0,1.0,1.0,543.0,32.0,0,0.5015625,16384.0,8192.0,6400000.0,0.5273919092465753
1.0,16.0,1.0,1.0,1.0,1.0,35.0,32.0,0,0.5015625,2048.0,16.0,6400000.0,0.5273919092465753
8.0,8.0,8.0,9.0,102.0,133.0,5778.0,20256.0,0,0.959375,16.0,0.03125,6400000.0,0.961271556996086
1.0,16.0,1.0,1.0,1.0,1.0,35.0,32.0,0,0.5015625,0.0,512.0,6400000.0,0.5273919092465753
16.0,16.0,2.0,5.0,65.0,61.0,2071.0,7712.0,0,0.9078125,0.00390625,0.0625,6400000.0,0.9033657962328766
16.0,16.0,1.0,4.0,35.0,32.0,1085.0,3072.0,0,0.9078125,0.000976562,0.00390625,6400000.0,0.9033657962328766
1.0,16.0,1.0,1.0,1.0,1.0,35.0,32.0,0,0.5015625,2048.0,16384.0,6400000.0,0.5273919092465753
1.0,16.0,1.0,1.0,1.0,1.0,35.0,32.0,0,0.5015625,4096.0,0.125,6400000.0,0.5273919092465753
16.0,16.0,1.0,4.0,35.0,32.0,1085.0,3072.0,0,0.9078125,0.0,0.5,6400000.0,0.9033657962328766
1.0,16.0,2.0,1.0,1.0,1.0,39.0,32.0,0,0.5015625,0.015625,2048.0,6400000.0,0.5273919092465753
8.0,8.0,8.0,17.0,128.0,178.0,6742.0,27456.0,0,0.9640625,0.25,0.5,6400000.0,0.9628371147260273
8.0,8.0,8.0,4.0,42.0,39.0,3358.0,5216.0,0,0.9078125,256.0,64.0,6400000.0,0.9033657962328766
8.0,8.0,8.0,5.0,51.0,47.0,3633.0,6496.0,0,0.940625,256.0,0.0625,6400000.0,0.9033657962328766
1.0,16.0,1.0,1.0,1.0,1.0,35.0,32.0,0,0.5015625,4096.0,128.0,6400000.0,0.5273919092465753
1.0,16.0,2.0,1.0,1.0,1.0,39.0,32.0,0,0.5015625,0.5,32768.0,6400000.0,0.5273919092465753
16.0,16.0,2.0,5.0,65.0,61.0,2071.0,7712.0,0,0.9078125,1.0,0.25,6400000.0,0.9033657962328766
1.0,16.0,1.0,1.0,1.0,1.0,35.0,32.0,0,0.5015625,0.00195312,32768.0,6400000.0,0.5273919092465753
1.0,16.0,1.0,1.0,1.0,1.0,35.0,32.0,0,0.5015625,0.000976562,4096.0,6400000.0,0.5273919092465753
16.0,16.0,2.0,5.0,65.0,61.0,2071.0,7712.0,0,0.940625,0.03125,16.0,6400000.0,0.9033657962328766
16.0,16.0,1.0,4.0,35.0,32.0,1085.0,3072.0,0,0.9078125,0.00195312,0.03125,6400000.0,0.9033657962328766
16.0,16.0,1.0,4.0,35.0,32.0,1085.0,3072.0,0,0.9078125,0.000976562,4.0,6400000.0,0.9033657962328766
16.0,16.0,2.0,5.0,65.0,61.0,2071.0,7712.0,0,0.9078125,0.03125,0.015625,6400000.0,0.9033657962328766
16.0,16.0,1.0,4.0,35.0,32.0,1085.0,3072.0,0,0.9078125,0.00390625,0.25,6400000.0,0.9033657962328766
1.0,16.0,2.0,1.0,1.0,1.0,39.0,32.0,0,0.5015625,0.03125,16384.0,6400000.0,0.5273919092465753
16.0,16.0,2.0,5.0,65.0,61.0,2071.0,7712.0,0,0.940625,0.00390625,64.0,6400000.0,0.9088452482876711
16.0,16.0,2.0,4.0,61.0,58.0,1961.0,7232.0,0,0.9078125,1.0,256.0,6400000.0,0.9033657962328766
16.0,16.0,1.0,4.0,35.0,32.0,1085.0,3072.0,0,0.9078125,0.0078125,2.0,6400000.0,0.9033657962328766
16.0,16.0,1.0,4.0,35.0,32.0,1085.0,3072.0,0,0.9078125,0.00195312,32.0,6400000.0,0.9033657962328766
16.0,16.0,2.0,5.0,65.0,61.0,2071.0,7712.0,0,0.9078125,2.0,2.0,6400000.0,0.9033657962328766
16.0,16.0,1.0,4.0,35.0,32.0,1085.0,3072.0,0,0.75,0.00390625,256.0,6400000.0,0.7707512842465754
8.0,8.0,8.0,18.0,133.0,180.0,7138.0,27776.0,0,0.9625,2.0,0.125,6400000.0,0.9616629464285713
1.0,16.0,1.0,1.0,1.0,1.0,35.0,32.0,0,0.5015625,8192.0,0.000976562,6400000.0,0.5273919092465753
16.0,16.0,2.0,5.0,65.0,61.0,2071.0,7712.0,0,0.9078125,2.0,0.00195312,6400000.0,0.9033657962328766
16.0,16.0,1.0,4.0,35.0,32.0,1085.0,3072.0,0,0.9078125,0.015625,16.0,6400000.0,0.9033657962328766
16.0,16.0,1.0,4.0,35.0,32.0,1085.0,3072.0,0,0.9078125,0.0078125,0.00195312,6400000.0,0.9033657962328766
1.0,16.0,1.0,1.0,1.0,1.0,35.0,32.0,0,0.5015625,0.0078125,2048.0,6400000.0,0.5273919092465753
16.0,16.0,2.0,4.0,61.0,58.0,1961.0,7232.0,0,0.9078125,0.0,256.0,6400000.0,0.9033657962328766
1.0,8.0,8.0,1.0,1.0,1.0,543.0,32.0,0,0.5015625,512.0,0.5,6400000.0,0.5273919092465753
1.0,16.0,1.0,1.0,1.0,1.0,35.0,32.0,0,0.5015625,8192.0,1.0,6400000.0,0.5273919092465753
1.0,16.0,1.0,1.0,1.0,1.0,35.0,32.0,0,0.5015625,0.015625,16384.0,6400000.0,0.5273919092465753
1.0,8.0,8.0,1.0,1.0,1.0,543.0,32.0,0,0.5015625,512.0,0.0,6400000.0,0.5273919092465753
16.0,16.0,2.0,5.0,65.0,61.0,2071.0,7712.0,0,0.9078125,0.0625,0.125,6400000.0,0.9033657962328766
16.0,16.0,2.0,5.0,65.0,61.0,2071.0,7712.0,0,0.9078125,0.125,0.000976562,6400000.0,0.9033657962328766
16.0,16.0,1.0,4.0,35.0,32.0,1085.0,3072.0,0,0.9078125,0.015625,0.015625,6400000.0,0.9033657962328766
1.0,16.0,2.0,1.0,1.0,1.0,39.0,32.0,0,0.5015625,2.0,2048.0,6400000.0,0.5273919092465753
16.0,16.0,2.0,5.0,65.0,61.0,2071.0,7712.0,0,0.9078125,0.0625,128.0,6400000.0,0.9033657962328766
16.0,16.0,1.0,4.0,35.0,32.0,1085.0,3072.0,0,0.9078125,0.03125,0.125,6400000.0,0.9033657962328766
1.0,16.0,1.0,1.0,1.0,1.0,35.0,32.0,0,0.5015625,8192.0,1024.0,6400000.0,0.5273919092465753
16.0,16.0,1.0,4.0,35.0,32.0,1085.0,3072.0,0,0.9078125,0.03125,128.0,6400000.0,0.9033657962328766
1.0,8.0,8.0,1.0,1.0,1.0,543.0,32.0,0,0.5015625,512.0,512.0,6400000.0,0.5273919092465753
16.0,16.0,1.0,4.0,35.0,32.0,1085.0,3072.0,0,0.9078125,0.125,8.0,6400000.0,0.9033657962328766
1.0,8.0,8.0,1.0,1.0,1.0,543.0,32.0,0,0.5015625,1024.0,0.00390625,6400000.0,0.5273919092465753
16.0,16.0,1.0,4.0,35.0,32.0,1085.0,3072.0,0,0.9078125,0.25,0.0625,6400000.0,0.9033657962328766
8.0,8.0,8.0,5.0,51.0,47.0,3633.0,6496.0,0,0.940625,2.0,128.0,6400000.0,0.9409246575342465
16.0,16.0,1.0,4.0,35.0,32.0,1085.0,3072.0,0,0.9078125,0.0625,1.0,6400000.0,0.9033657962328766
1.0,8.0,8.0,1.0,1.0,1.0,543.0,32.0,0,0.5015625,16.0,32768.0,6400000.0,0.5273919092465753
16.0,16.0,2.0,5.0,65.0,61.0,2071.0,7712.0,0,0.9078125,4.0,0.015625,6400000.0,0.9033657962328766
16.0,16.0,2.0,5.0,65.0,61.0,2071.0,7712.0,0,0.940625,4.0,16.0,6400000.0,0.9033657962328766
8.0,8.0,8.0,15.0,125.0,179.0,6689.0,27616.0,0,0.9640625,4.0,0.000976562,6400000.0,0.9612715569960862
1.0,16.0,2.0,1.0,1.0,1.0,39.0,32.0,0,0.5015625,4.0,16384.0,6400000.0,0.5273919092465753
1.0,8.0,8.0,1.0,1.0,1.0,543.0,32.0,0,0.5015625,1024.0,4.0,6400000.0,0.5273919092465753
8.0,8.0,8.0,8.0,103.0,128.0,5826.0,19456.0,0,0.959375,16.0,32.0,6400000.0,0.9385824363992171
1.0,16.0,1.0,1.0,1.0,1.0,35.0,32.0,0,0.5015625,0.125,8192.0,6400000.0,0.5273919092465753
1.0,8.0,8.0,1.0,1.0,1.0,543.0,32.0,0,0.5015625,1024.0,4096.0,6400000.0,0.5273919092465753
16.0,16.0,1.0,4.0,35.0,32.0,1085.0,3072.0,0,0.9078125,0.0625,0.000976562,6400000.0,0.9033657962328766
16.0,16.0,2.0,5.0,65.0,61.0,2071.0,7712.0,0,0.9078125,0.000976562,0.00195312,6400000.0,0.9033657962328766
16.0,16.0,1.0,4.0,35.0,32.0,1085.0,3072.0,0,0.9078125,0.125,0.0078125,6400000.0,0.9033657962328766
16.0,16.0,2.0,5.0,65.0,61.0,2071.0,7712.0,0,0.9078125,0.125,1.0,6400000.0,0.9033657962328766
8.0,8.0,8.0,8.0,100.0,133.0,5735.0,20256.0,0,0.959375,32.0,0.25,6400000.0,0.961271556996086
16.0,16.0,1.0,4.0,35.0,32.0,1085.0,3072.0,0,0.9078125,0.5,0.5,6400000.0,0.9033657962328766
16.0,16.0,1.0,4.0,35.0,32.0,1085.0,3072.0,0,0.9078125,0.5,0.0,6400000.0,0.9033657962328766
1.0,16.0,1.0,1.0,1.0,1.0,35.0,32.0,0,0.5015625,0.0625,1024.0,6400000.0,0.5273919092465753
16.0,16.0,1.0,4.0,35.0,32.0,1085.0,3072.0,0,0.9078125,0.25,64.0,6400000.0,0.9033657962328766
1.0,16.0,2.0,1.0,1.0,1.0,39.0,32.0,0,0.5015625,0.125,1024.0,6400000.0,0.5273919092465753
16.0,16.0,2.0,5.0,65.0,61.0,2071.0,7712.0,0,0.940625,8.0,0.125,6400000.0,0.9033657962328766
16.0,16.0,2.0,5.0,64.0,60.0,2038.0,7552.0,0,0.9078125,8.0,128.0,6400000.0,0.9033657962328766
1.0,16.0,1.0,1.0,1.0,1.0,35.0,32.0,0,0.5015625,1.0,4096.0,6400000.0,0.5273919092465753
16.0,16.0,1.0,4.0,35.0,32.0,1085.0,3072.0,0,0.9078125,1.0,0.00390625,6400000.0,0.9033657962328766
1.0,16.0,1.0,1.0,1.0,1.0,35.0,32.0,0,0.5015625,0.5,512.0,6400000.0,0.5273919092465753
16.0,16.0,2.0,5.0,65.0,61.0,2071.0,7712.0,0,0.940625,16.0,0.000976562,6400000.0,0.9033657962328766
16.0,16.0,2.0,5.0,65.0,61.0,2071.0,7712.0,0,0.9078125,0.000976562,2.0,6400000.0,0.9033657962328766
8.0,8.0,8.0,5.0,46.0,42.0,3468.0,5696.0,0,0.940625,32.0,256.0,6400000.0,0.9033657962328766
8.0,8.0,8.0,15.0,125.0,179.0,6689.0,27616.0,0,0.9640625,4.0,1.0,6400000.0,0.9577490521037182
16.0,16.0,2.0,5.0,65.0,61.0,2071.0,7712.0,0,0.9078125,0.25,0.0078125,6400000.0,0.9033657962328766
16.0,16.0,2.0,5.0,65.0,61.0,2071.0,7712.0,0,0.940625,16.0,1.0,6400000.0,0.9033657962328766
16.0,16.0,2.0,5.0,65.0,61.0,2071.0,7712.0,0,0.940625,0.25,8.0,6400000.0,0.9033657962328766
1.0,16.0,2.0,1.0,1.0,1.0,39.0,32.0,0,0.5015625,16.0,1024.0,6400000.0,0.5273919092465753
1.0,8.0,8.0,1.0,1.0,1.0,543.0,32.0,0,0.5015625,0.25,512.0,6400000.0,0.5273919092465753
1.0,16.0,1.0,1.0,1.0,1.0,35.0,32.0,0,0.5015625,16384.0,0.0078125,6400000.0,0.5273919092465753
16.0,16.0,1.0,4.0,35.0,32.0,1085.0,3072.0,0,0.9078125,1.0,4.0,6400000.0,0.9033657962328766
1.0,8.0,8.0,1.0,1.0,1.0,543.0,32.0,0,0.5015625,2048.0,0.03125,6400000.0,0.5273919092465753
1.0,16.0,2.0,1.0,1.0,1.0,39.0,32.0,0,0.5015625,0.000976562,2048.0,6400000.0,0.5273919092465753
16.0,16.0,2.0,5.0,65.0,61.0,2071.0,7712.0,0,0.940625,32.0,0.0078125,6400000.0,0.9088452482876711
16.0,16.0,2.0,5.0,65.0,61.0,2071.0,7712.0,0,0.9078125,0.00195312,0.015625,6400000.0,0.9033657962328766
16.0,16.0,1.0,4.0,35.0,32.0,1085.0,3072.0,0,0.9078125,2.0,0.03125,6400000.0,0.9033657962328766
16.0,16.0,2.0,5.0,65.0,61.0,2071.0,7712.0,0,0.9078125,0.0078125,0.0,6400000.0,0.9033657962328766
16.0,16.0,2.0,5.0,65.0,61.0,2071.0,7712.0,0,0.940625,32.0,8.0,6400000.0,0.9088452482876711
8.0,8.0,8.0,18.0,141.0,189.0,7403.0,29216.0,0,0.9640625,0.5,0.00390625,6400000.0,0.9628371147260273
1.0,16.0,1.0,1.0,1.0,1.0,35.0,32.0,0,0.5015625,2.0,32768.0,6400000.0,0.5273919092465753
1.0,16.0,1.0,1.0,1.0,1.0,35.0,32.0,0,0.5015625,16384.0,8.0,6400000.0,0.5273919092465753
16.0,16.0,1.0,4.0,35.0,32.0,1085.0,3072.0,0,0.9078125,8.0,0.00195312,6400000.0,0.9033657962328766
1.0,16.0,2.0,1.0,1.0,1.0,39.0,32.0,0,0.5015625,32.0,8192.0,6400000.0,0.5273919092465753
8.0,8.0,8.0,15.0,125.0,179.0,6689.0,27616.0,0,0.9640625,0.5,4.0,6400000.0,0.9585318309686889
16.0,16.0,1.0,4.0,35.0,32.0,1085.0,3072.0,0,0.9078125,4.0,0.25,6400000.0,0.9033657962328766
16.0,16.0,1.0,4.0,35.0,32.0,1085.0,3072.0,0,0.75,4.0,256.0,6400000.0,0.7707512842465754
1.0,16.0,1.0,1.0,1.0,1.0,35.0,32.0,0,0.5015625,8.0,2048.0,6400000.0,0.5273919092465753
16.0,16.0,1.0,4.0,35.0,32.0,1085.0,3072.0,0,0.9078125,16.0,0.015625,6400000.0,0.9033657962328766
16.0,16.0,1.0,4.0,35.0,32.0,1085.0,3072.0,0,0.9078125,2.0,32.0,6400000.0,0.9033657962328766
16.0,16.0,1.0,4.0,35.0,32.0,1085.0,3072.0,0,0.9078125,16.0,16.0,6400000.0,0.9033657962328766
16.0,16.0,1.0,4.0,35.0,32.0,1085.0,3072.0,0,0.9078125,32.0,0.125,6400000.0,0.9033657962328766
1.0,8.0,8.0,1.0,1.0,1.0,543.0,32.0,0,0.5015625,0.5,4096.0,6400000.0,0.5273919092465753
16.0,16.0,2.0,5.0,65.0,61.0,2071.0,7712.0,0,0.940625,0.00195312,16.0,6400000.0,0.9033657962328766
16.0,16.0,2.0,5.0,65.0,61.0,2071.0,7712.0,0,0.940625,64.0,0.0625,6400000.0,0.9088452482876711
1.0,16.0,1.0,1.0,1.0,1.0,35.0,32.0,0,0.5015625,16.0,16384.0,6400000.0,0.5273919092465753
16.0,16.0,1.0,4.0,35.0,32.0,1085.0,3072.0,0,0.9078125,8.0,2.0,6400000.0,0.9033657962328766
1.0,8.0,8.0,1.0,1.0,1.0,543.0,32.0,0,0.5015625,4.0,1024.0,6400000.0,0.5273919092465753
8.0,8.0,8.0,12.0,121.0,187.0,6632.0,28896.0,0,0.959375,8.0,0.0078125,6400000.0,0.9597059992661447
1.0,16.0,1.0,1.0,1.0,1.0,35.0,32.0,0,0.5015625,16384.0,8192.0,6400000.0,0.5273919092465753
1.0,16.0,2.0,1.0,1.0,1.0,39.0,32.0,0,0.5015625,0.25,8192.0,6400000.0,0.5273919092465753
1.0,16.0,1.0,1.0,1.0,1.0,35.0,32.0,0,0.5015625,64.0,1024.0,6400000.0,0.5273919092465753
16.0,16.0,1.0,4.0,35.0,32.0,1085.0,3072.0,0,0.9078125,64.0,0.000976562,6400000.0,0.9033657962328766
1.0,16.0,1.0,1.0,1.0,1.0,35.0,32.0,0,0.5015625,32768.0,64.0,6400000.0,0.5273919092465753
1.0,8.0,8.0,1.0,1.0,1.0,543.0,32.0,0,0.5015625,2048.0,32.0,6400000.0,0.5273919092465753
16.0,16.0,1.0,4.0,35.0,32.0,1085.0,3072.0,0,0.9078125,32.0,128.0,6400000.0,0.9033657962328766
1.0,16.0,2.0,1.0,1.0,1.0,39.0,32.0,0,0.5015625,0.0078125,512.0,6400000.0,0.5273919092465753
16.0,16.0,2.0,5.0,65.0,61.0,2071.0,7712.0,0,0.9078125,0.0078125,0.5,6400000.0,0.9033657962328766
16.0,16.0,2.0,5.0,65.0,61.0,2071.0,7712.0,0,0.9078125,64.0,64.0,6400000.0,0.9033657962328766
16.0,16.0,1.0,4.0,35.0,32.0,1085.0,3072.0,0,0.9078125,64.0,1.0,6400000.0,0.9033657962328766
16.0,16.0,2.0,5.0,65.0,61.0,2071.0,7712.0,0,0.9078125,0.5,0.0625,6400000.0,0.9033657962328766
16.0,16.0,1.0,4.0,35.0,32.0,1085.0,3072.0,0,0.9078125,128.0,0.0078125,6400000.0,0.9033657962328766
16.0,16.0,2.0,5.0,65.0,61.0,2071.0,7712.0,0,0.940625,0.5,64.0,6400000.0,0.9088452482876711
8.0,8.0,8.0,8.0,77.0,78.0,4944.0,11456.0,0,0.940625,64.0,0.00195312,6400000.0,0.9409246575342465
1.0,16.0,1.0,1.0,1.0,1.0,35.0,32.0,0,0.5015625,32768.0,0.0625,6400000.0,0.5273919092465753
8.0,8.0,8.0,8.0,69.0,66.0,4420.0,9536.0,0,0.940625,64.0,2.0,6400000.0,0.9409246575342465
1.0,8.0,8.0,1.0,1.0,1.0,543.0,32.0,0,0.5015625,2048.0,32768.0,6400000.0,0.5273919092465753
1.0,8.0,8.0,1.0,1.0,1.0,543.0,32.0,0,0.5015625,4096.0,0.25,6400000.0,0.5273919092465753
8.0,8.0,8.0,9.0,102.0,133.0,5778.0,20256.0,0,0.959375,8.0,8.0,6400000.0,0.9597059992661447
16.0,16.0,1.0,4.0,35.0,32.0,1085.0,3072.0,0,0.9078125,128.0,8.0,6400000.0,0.9033657962328766
8.0,8.0,8.0,17.0,129.0,178.0,6774.0,27456.0,0,0.9640625,1.0,0.03125,6400000.0,0.962445725293542
16.0,16.0,1.0,4.0,35.0,32.0,1085.0,3072.0,0,0.75,256.0,0.0625,6400000.0,0.7707512842465754
1.0,8.0,8.0,1.0,1.0,1.0,543.0,32.0,0,0.5015625,64.0,2048.0,6400000.0,0.5273919092465753
1.0,8.0,8.0,1.0,1.0,1.0,543.0,32.0,0,0.5015625,8192.0,0.00195312,6400000.0,0.5273919092465753
1.0,8.0,8.0,1.0,1.0,1.0,543.0,32.0,0,0.5015625,8.0,8192.0,6400000.0,0.5273919092465753
1.0,8.0,8.0,1.0,1.0,1.0,543.0,32.0,0,0.5015625,4096.0,256.0,6400000.0,0.5273919092465753
16.0,16.0,2.0,7.0,67.0,63.0,2098.0,8032.0,0,0.9078125,0.0,0.0,6400000.0,0.9033657962328766
1.0,16.0,1.0,1.0,1.0,1.0,35.0,32.0,0,0.5015625,128.0,8192.0,6400000.0,0.5273919092465753
16.0,16.0,1.0,3.0,34.0,32.0,1073.0,3072.0,0,0.75,256.0,64.0,6400000.0,0.7707512842465754
1.0,16.0,1.0,1.0,1.0,1.0,35.0,32.0,0,0.5015625,512.0,0.0,6400000.0,0.5273919092465753
1.0,16.0,2.0,1.0,1.0,1.0,39.0,32.0,0,0.5015625,0.00195312,16384.0,6400000.0,0.5273919092465753
1.0,16.0,1.0,1.0,1.0,1.0,35.0,32.0,0,0.5015625,1024.0,0.00390625,6400000.0,0.5273919092465753
1.0,16.0,1.0,1.0,1.0,1.0,35.0,32.0,0,0.5015625,1024.0,4.0,6400000.0,0.5273919092465753
1.0,8.0,8.0,1.0,1.0,1.0,543.0,32.0,0,0.5015625,8192.0,2.0,6400000.0,0.5273919092465753
8.0,8.0,8.0,5.0,51.0,47.0,3633.0,6496.0,0,0.940625,128.0,0.015625,6400000.0,0.9409246575342465
1.0,8.0,8.0,1.0,1.0,1.0,543.0,32.0,0,0.5015625,16384.0,0.015625,6400000.0,0.5273919092465753
1.0,16.0,1.0,1.0,1.0,1.0,35.0,32.0,0,0.5015625,512.0,512.0,6400000.0,0.5273919092465753
1.0,16.0,1.0,1.0,1.0,1.0,35.0,32.0,0,0.5015625,512.0,0.5,6400000.0,0.5273919092465753
1.0,8.0,8.0,1.0,1.0,1.0,543.0,32.0,0,0.5015625,128.0,16384.0,6400000.0,0.5273919092465753
1.0,8.0,8.0,1.0,1.0,1.0,543.0,32.0,0,0.5015625,16384.0,16.0,6400000.0,0.5273919092465753
16.0,16.0,2.0,5.0,65.0,61.0,2071.0,7712.0,0,0.9078125,0.0,0.5,6400000.0,0.9033657962328766
16.0,16.0,1.0,4.0,35.0,32.0,1085.0,3072.0,0,0.9078125,0.0,0.000976562,6400000.0,0.9033657962328766
8.0,8.0,8.0,5.0,51.0,47.0,3633.0,6496.0,0,0.940625,128.0,16.0,6400000.0,0.9409246575342465
1.0,8.0,8.0,1.0,1.0,1.0,543.0,32.0,0,0.5015625,1.0,32768.0,6400000.0,0.5273919092465753
1.0,8.0,8.0,1.0,1.0,1.0,543.0,32.0,0,0.5015625,8192.0,2048.0,6400000.0,0.5273919092465753
1.0,16.0,1.0,1.0,1.0,1.0,35.0,32.0,0,0.5015625,1024.0,4096.0,6400000.0,0.5273919092465753
1.0,8.0,8.0,1.0,1.0,1.0,543.0,32.0,0,0.5015625,32768.0,0.125,6400000.0,0.5273919092465753
16.0,16.0,2.0,5.0,65.0,61.0,2071.0,7712.0,0,0.9078125,0.015625,0.00390625,6400000.0,0.9033657962328766
8.0,8.0,8.0,8.0,99.0,132.0,5702.0,20096.0,0,0.959375,1.0,32.0,6400000.0,0.9597059992661447
1.0,8.0,8.0,1.0,1.0,1.0,543.0,32.0,0,0.5015625,32768.0,128.0,6400000.0,0.5273919092465753
16.0,16.0,2.0,5.0,65.0,61.0,2071.0,7712.0,0,0.9078125,0.015625,4.0,6400000.0,0.9033657962328766
1.0,16.0,1.0,1.0,1.0,1.0,35.0,32.0,0,0.5015625,2048.0,0.03125,6400000.0,0.5273919092465753
1.0,8.0,8.0,1.0,1.0,1.0,543.0,32.0,0,0.5015625,16384.0,16384.0,6400000.0,0.5273919092465753
1.0,16.0,1.0,1.0,1.0,1.0,35.0,32.0,0,0.5015625,2048.0,32768.0,6400000.0,0.5273919092465753
1.0,16.0,1.0,1.0,1.0,1.0,35.0,32.0,0,0.5015625,0.0,1024.0,6400000.0,0.5273919092465753
1.0,16.0,1.0,1.0,1.0,1.0,35.0,32.0,0,0.5015625,2048.0,32.0,6400000.0,0.5273919092465753
16.0,16.0,2.0,5.0,65.0,61.0,2071.0,7712.0,0,0.9078125,128.0,0.0,6400000.0,0.9033657962328766
16.0,16.0,1.0,4.0,35.0,32.0,1085.0,3072.0,0,0.9078125,0.000976562,0.0078125,6400000.0,0.9033657962328766
8.0,8.0,8.0,9.0,102.0,133.0,5778.0,20256.0,0,0.959375,16.0,0.0625,6400000.0,0.961271556996086
1.0,16.0,1.0,1.0,1.0,1.0,35.0,32.0,0,0.5015625,4096.0,0.25,6400000.0,0.5273919092465753
16.0,16.0,1.0,4.0,35.0,32.0,1085.0,3072.0,0,0.9078125,0.0,1.0,6400000.0,0.9033657962328766
16.0,16.0,2.0,5.0,65.0,61.0,2071.0,7712.0,0,0.9078125,0.00390625,0.125,6400000.0,0.9033657962328766
8.0,8.0,8.0,5.0,51.0,47.0,3633.0,6496.0,0,0.940625,256.0,0.125,6400000.0,0.9033657962328766
1.0,16.0,2.0,1.0,1.0,1.0,39.0,32.0,0,0.5015625,0.015625,4096.0,6400000.0,0.5273919092465753
1.0,16.0,1.0,1.0,1.0,1.0,35.0,32.0,0,0.5015625,4096.0,256.0,6400000.0,0.5273919092465753
8.0,8.0,8.0,4.0,42.0,39.0,3358.0,5216.0,0,0.9078125,256.0,128.0,6400000.0,0.9033657962328766
16.0,16.0,2.0,5.0,65.0,61.0,2071.0,7712.0,0,0.9078125,1.0,0.0,6400000.0,0.9033657962328766
16.0,16.0,1.0,4.0,35.0,32.0,1085.0,3072.0,0,0.9078125,0.00390625,0.0,6400000.0,0.9033657962328766
16.0,16.0,2.0,5.0,65.0,61.0,2071.0,7712.0,0,0.9078125,128.0,0.5,6400000.0,0.9033657962328766
16.0,16.0,2.0,5.0,65.0,61.0,2071.0,7712.0,0,0.9078125,1.0,0.5,6400000.0,0.9033657962328766
16.0,16.0,1.0,4.0,35.0,32.0,1085.0,3072.0,0,0.9078125,0.00195312,0.0625,6400000.0,0.9033657962328766
16.0,16.0,2.0,5.0,65.0,61.0,2071.0,7712.0,0,0.940625,0.03125,32.0,6400000.0,0.9088452482876711
1.0,16.0,1.0,1.0,1.0,1.0,35.0,32.0,0,0.5015625,0.000976562,8192.0,6400000.0,0.5273919092465753
16.0,16.0,1.0,4.0,35.0,32.0,1085.0,3072.0,0,0.9078125,0.000976562,8.0,6400000.0,0.9033657962328766
16.0,16.0,2.0,5.0,65.0,61.0,2071.0,7712.0,0,0.9078125,0.00390625,128.0,6400000.0,0.9033657962328766
1.0,16.0,2.0,1.0,1.0,1.0,39.0,32.0,0,0.5015625,0.03125,32768.0,6400000.0,0.5273919092465753
16.0,16.0,2.0,5.0,65.0,61.0,2071.0,7712.0,0,0.9078125,2.0,4.0,6400000.0,0.9033657962328766
16.0,16.0,1.0,4.0,35.0,32.0,1085.0,3072.0,0,0.9078125,0.00390625,0.5,6400000.0,0.9033657962328766
16.0,16.0,2.0,5.0,65.0,61.0,2071.0,7712.0,0,0.9078125,0.03125,0.03125,6400000.0,0.9033657962328766
16.0,16.0,1.0,4.0,35.0,32.0,1085.0,3072.0,0,0.9078125,0.0078125,4.0,6400000.0,0.9033657962328766
8.0,8.0,8.0,18.0,133.0,180.0,7138.0,27776.0,0,0.9625,2.0,0.25,6400000.0,0.9616629464285713
16.0,16.0,2.0,5.0,65.0,61.0,2071.0,7712.0,0,0.9078125,2.0,0.00390625,6400000.0,0.9033657962328766
1.0,16.0,2.0,1.0,1.0,1.0,39.0,32.0,0,0.5015625,0.0,512.0,6400000.0,0.5273919092465753
1.0,16.0,2.0,1.0,1.0,1.0,39.0,32.0,0,0.5015625,1.0,512.0,6400000.0,0.5273919092465753
16.0,16.0,1.0,4.0,35.0,32.0,1085.0,3072.0,0,0.9078125,0.00195312,64.0,6400000.0,0.9033657962328766
1.0,8.0,8.0,1.0,1.0,1.0,543.0,32.0,0,0.5015625,512.0,0.000976562,6400000.0,0.5273919092465753
1.0,16.0,1.0,1.0,1.0,1.0,35.0,32.0,0,0.5015625,0.00390625,512.0,6400000.0,0.5273919092465753
1.0,16.0,1.0,1.0,1.0,1.0,35.0,32.0,0,0.5015625,8192.0,0.00195312,6400000.0,0.5273919092465753
16.0,16.0,1.0,4.0,35.0,32.0,1085.0,3072.0,0,0.9078125,0.015625,32.0,6400000.0,0.9033657962328766
16.0,16.0,1.0,4.0,35.0,32.0,1085.0,3072.0,0,0.9078125,0.0078125,0.00390625,6400000.0,0.9033657962328766
1.0,16.0,1.0,1.0,1.0,1.0,35.0,32.0,0,0.5015625,0.0078125,4096.0,6400000.0,0.5273919092465753
1.0,8.0,8.0,1.0,1.0,1.0,543.0,32.0,0,0.5015625,512.0,1.0,6400000.0,0.5273919092465753
1.0,16.0,1.0,1.0,1.0,1.0,35.0,32.0,0,0.5015625,8192.0,2.0,6400000.0,0.5273919092465753
16.0,16.0,2.0,5.0,65.0,61.0,2071.0,7712.0,0,0.9078125,0.0625,0.25,6400000.0,0.9033657962328766
1.0,16.0,1.0,1.0,1.0,1.0,35.0,32.0,0,0.5015625,0.015625,32768.0,6400000.0,0.5273919092465753
16.0,16.0,2.0,5.0,65.0,61.0,2071.0,7712.0,0,0.9078125,0.125,0.00195312,6400000.0,0.9033657962328766
16.0,16.0,1.0,4.0,35.0,32.0,1085.0,3072.0,0,0.9078125,0.015625,0.03125,6400000.0,0.9033657962328766
16.0,16.0,1.0,4.0,35.0,32.0,1085.0,3072.0,0,0.9078125,0.03125,0.25,6400000.0,0.9033657962328766
1.0,16.0,2.0,1.0,1.0,1.0,39.0,32.0,0,0.5015625,2.0,4096.0,6400000.0,0.5273919092465753
1.0,16.0,1.0,1.0,1.0,1.0,35.0,32.0,0,0.5015625,8192.0,2048.0,6400000.0,0.5273919092465753
16.0,16.0,1.0,4.0,35.0,32.0,1085.0,3072.0,0,0.75,0.03125,256.0,6400000.0,0.7707512842465754
1.0,8.0,8.0,1.0,1.0,1.0,543.0,32.0,0,0.5015625,512.0,1024.0,6400000.0,0.5273919092465753
16.0,16.0,2.0,4.0,61.0,58.0,1961.0,7232.0,0,0.9078125,0.0625,256.0,6400000.0,0.9033657962328766
16.0,16.0,1.0,4.0,35.0,32.0,1085.0,3072.0,0,0.9078125,0.0625,2.0,6400000.0,0.9033657962328766
16.0,16.0,1.0,4.0,35.0,32.0,1085.0,3072.0,0,0.9078125,0.125,16.0,6400000.0,0.9033657962328766
16.0,16.0,2.0,5.0,65.0,61.0,2071.0,7712.0,0,0.9078125,4.0,0.03125,6400000.0,0.9033657962328766
16.0,16.0,2.0,5.0,65.0,61.0,2071.0,7712.0,0,0.940625,4.0,32.0,6400000.0,0.9088452482876711
8.0,8.0,8.0,8.0,100.0,133.0,5735.0,20256.0,0,0.959375,32.0,0.0,6400000.0,0.961271556996086
1.0,8.0,8.0,1.0,1.0,1.0,543.0,32.0,0,0.5015625,1024.0,0.0078125,6400000.0,0.5273919092465753
8.0,8.0,8.0,5.0,51.0,47.0,3633.0,6496.0,0,0.940625,2.0,256.0,6400000.0,0.9033657962328766
8.0,8.0,8.0,15.0,125.0,179.0,6689.0,27616.0,0,0.9640625,4.0,0.00195312,6400000.0,0.9612715569960862
16.0,16.0,1.0,4.0,35.0,32.0,1085.0,3072.0,0,0.9078125,0.125,0.015625,6400000.0,0.9033657962328766
16.0,16.0,1.0,4.0,35.0,32.0,1085.0,3072.0,0,0.9078125,0.25,0.125,6400000.0,0.9033657962328766
1.0,16.0,1.0,1.0,1.0,1.0,35.0,32.0,0,0.5015625,0.125,16384.0,6400000.0,0.5273919092465753
1.0,8.0,8.0,1.0,1.0,1.0,543.0,32.0,0,0.5015625,1024.0,8.0,6400000.0,0.5273919092465753
1.0,8.0,8.0,1.0,1.0,1.0,543.0,32.0,0,0.5015625,1024.0,8192.0,6400000.0,0.5273919092465753
16.0,16.0,1.0,4.0,35.0,32.0,1085.0,3072.0,0,0.9078125,0.0625,0.00195312,6400000.0,0.9033657962328766
8.0,8.0,8.0,5.0,51.0,47.0,3633.0,6496.0,0,0.940625,16.0,64.0,6400000.0,0.9409246575342465
1.0,16.0,2.0,1.0,1.0,1.0,39.0,32.0,0,0.5015625,4.0,32768.0,6400000.0,0.5273919092465753
16.0,16.0,1.0,4.0,35.0,32.0,1085.0,3072.0,0,0.9078125,0.5,0.000976562,6400000.0,0.9033657962328766
8.0,8.0,8.0,8.0,100.0,133.0,5735.0,20256.0,0,0.959375,32.0,0.5,6400000.0,0.961271556996086
16.0,16.0,2.0,5.0,65.0,61.0,2071.0,7712.0,0,0.9078125,0.000976562,0.00390625,6400000.0,0.9033657962328766
1.0,16.0,1.0,1.0,1.0,1.0,35.0,32.0,0,0.5015625,0.0625,2048.0,6400000.0,0.5273919092465753
16.0,16.0,2.0,5.0,65.0,61.0,2071.0,7712.0,0,0.9078125,0.125,2.0,6400000.0,0.9033657962328766
16.0,16.0,1.0,4.0,35.0,32.0,1085.0,3072.0,0,0.9078125,0.5,1.0,6400000.0,0.9033657962328766
1.0,16.0,2.0,1.0,1.0,1.0,39.0,32.0,0,0.5015625,0.125,2048.0,6400000.0,0.5273919092465753
16.0,16.0,1.0,4.0,35.0,32.0,1085.0,3072.0,0,0.9078125,0.25,128.0,6400000.0,0.9033657962328766
16.0,16.0,2.0,4.0,61.0,58.0,1961.0,7232.0,0,0.9078125,8.0,256.0,6400000.0,0.9033657962328766
16.0,16.0,2.0,5.0,65.0,61.0,2071.0,7712.0,0,0.940625,8.0,0.25,6400000.0,0.9033657962328766
1.0,8.0,8.0,1.0,1.0,1.0,543.0,32.0,0,0.5015625,32.0,512.0,6400000.0,0.5273919092465753
1.0,16.0,1.0,1.0,1.0,1.0,35.0,32.0,0,0.5015625,1.0,8192.0,6400000.0,0.5273919092465753
16.0,16.0,2.0,5.0,65.0,61.0,2071.0,7712.0,0,0.9078125,0.25,0.015625,6400000.0,0.9033657962328766
16.0,16.0,2.0,5.0,65.0,61.0,2071.0,7712.0,0,0.9078125,0.000976562,4.0,6400000.0,0.9033657962328766
16.0,16.0,2.0,5.0,65.0,61.0,2071.0,7712.0,0,0.940625,16.0,0.00195312,6400000.0,0.9033657962328766
16.0,16.0,1.0,4.0,35.0,32.0,1085.0,3072.0,0,0.9078125,1.0,0.0078125,6400000.0,0.9033657962328766
8.0,8.0,8.0,15.0,124.0,178.0,6656.0,27456.0,0,0.9640625,4.0,2.0,6400000.0,0.9577490521037182
16.0,16.0,2.0,5.0,65.0,61.0,2071.0,7712.0,0,0.940625,0.25,16.0,6400000.0,0.9033657962328766
1.0,16.0,1.0,1.0,1.0,1.0,35.0,32.0,0,0.5015625,0.5,1024.0,6400000.0,0.5273919092465753
1.0,16.0,2.0,1.0,1.0,1.0,39.0,32.0,0,0.5015625,128.0,512.0,6400000.0,0.5273919092465753
1.0,16.0,2.0,1.0,1.0,1.0,39.0,32.0,0,0.5015625,16.0,2048.0,6400000.0,0.5273919092465753
16.0,16.0,2.0,5.0,65.0,61.0,2071.0,7712.0,0,0.940625,16.0,2.0,6400000.0,0.9033657962328766
1.0,8.0,8.0,1.0,1.0,1.0,543.0,32.0,0,0.5015625,2048.0,0.0625,6400000.0,0.5273919092465753
1.0,16.0,2.0,1.0,1.0,1.0,39.0,32.0,0,0.5015625,0.000976562,4096.0,6400000.0,0.5273919092465753
16.0,16.0,1.0,4.0,35.0,32.0,1085.0,3072.0,0,0.9078125,1.0,8.0,6400000.0,0.9033657962328766
1.0,16.0,1.0,1.0,1.0,1.0,35.0,32.0,0,0.5015625,16384.0,0.015625,6400000.0,0.5273919092465753
16.0,16.0,2.0,5.0,65.0,61.0,2071.0,7712.0,0,0.940625,32.0,0.015625,6400000.0,0.9088452482876711
16.0,16.0,2.0,4.0,61.0,58.0,1961.0,7232.0,0,0.9078125,256.0,0.00390625,6400000.0,0.9033657962328766
16.0,16.0,2.0,5.0,65.0,61.0,2071.0,7712.0,0,0.9078125,0.00195312,0.03125,6400000.0,0.9033657962328766
16.0,16.0,1.0,4.0,35.0,32.0,1085.0,3072.0,0,0.9078125,2.0,0.0625,6400000.0,0.9033657962328766
16.0,16.0,2.0,5.0,65.0,61.0,2071.0,7712.0,0,0.9078125,0.0078125,0.000976562,6400000.0,0.9033657962328766
16.0,16.0,1.0,4.0,35.0,32.0,1085.0,3072.0,0,0.9078125,4.0,0.0,6400000.0,0.9033657962328766
16.0,16.0,2.0,5.0,65.0,61.0,2071.0,7712.0,0,0.940625,32.0,16.0,6400000.0,0.9088452482876711
16.0,16.0,1.0,4.0,35.0,32.0,1085.0,3072.0,0,0.9078125,8.0,0.00390625,6400000.0,0.9033657962328766
16.0,16.0,1.0,4.0,35.0,32.0,1085.0,3072.0,0,0.9078125,16.0,32.0,6400000.0,0.9033657962328766
1.0,16.0,1.0,1.0,1.0,1.0,35.0,32.0,0,0.5015625,8.0,4096.0,6400000.0,0.5273919092465753
1.0,16.0,2.0,1.0,1.0,1.0,39.0,32.0,0,0.5015625,32.0,16384.0,6400000.0,0.5273919092465753
1.0,16.0,1.0,1.0,1.0,1.0,35.0,32.0,0,0.5015625,16384.0,16.0,6400000.0,0.5273919092465753
16.0,16.0,2.0,5.0,65.0,61.0,2071.0,7712.0,0,0.940625,0.00195312,32.0,6400000.0,0.9088452482876711
16.0,16.0,2.0,4.0,61.0,58.0,1961.0,7232.0,0,0.9078125,256.0,4.0,6400000.0,0.9033657962328766
16.0,16.0,1.0,4.0,35.0,32.0,1085.0,3072.0,0,0.9078125,4.0,0.5,6400000.0,0.9033657962328766
16.0,16.0,1.0,4.0,35.0,32.0,1085.0,3072.0,0,0.9078125,16.0,0.03125,6400000.0,0.9033657962328766
1.0,16.0,2.0,1.0,1.0,1.0,39.0,32.0,0,0.5015625,256.0,4096.0,6400000.0,0.5273919092465753
1.0,16.0,1.0,1.0,1.0,1.0,35.0,32.0,0,0.5015625,4.0,512.0,6400000.0,0.5273919092465753
16.0,16.0,1.0,4.0,35.0,32.0,1085.0,3072.0,0,0.9078125,2.0,64.0,6400000.0,0.9033657962328766
16.0,16.0,1.0,4.0,35.0,32.0,1085.0,3072.0,0,0.9078125,8.0,4.0,6400000.0,0.9033657962328766
1.0,16.0,1.0,1.0,1.0,1.0,35.0,32.0,0,0.5015625,16.0,32768.0,6400000.0,0.5273919092465753
16.0,16.0,2.0,5.0,65.0,61.0,2071.0,7712.0,0,0.940625,64.0,0.125,6400000.0,0.9088452482876711
1.0,16.0,2.0,1.0,1.0,1.0,39.0,32.0,0,0.5015625,0.25,16384.0,6400000.0,0.5273919092465753
16.0,16.0,1.0,4.0,35.0,32.0,1085.0,3072.0,0,0.9078125,32.0,0.25,6400000.0,0.9033657962328766
8.0,8.0,8.0,12.0,121.0,187.0,6632.0,28896.0,0,0.959375,8.0,0.015625,6400000.0,0.9597059992661447
1.0,8.0,8.0,1.0,1.0,1.0,543.0,32.0,0,0.5015625,4.0,2048.0,6400000.0,0.5273919092465753
1.0,16.0,1.0,1.0,1.0,1.0,35.0,32.0,0,0.5015625,16384.0,16384.0,6400000.0,0.5273919092465753
1.0,16.0,1.0,1.0,1.0,1.0,35.0,32.0,0,0.5015625,64.0,2048.0,6400000.0,0.5273919092465753
1.0,16.0,1.0,1.0,1.0,1.0,35.0,32.0,0,0.5015625,32768.0,128.0,6400000.0,0.5273919092465753
16.0,16.0,1.0,3.0,34.0,32.0,1073.0,3072.0,0,0.75,32.0,256.0,6400000.0,0.7707512842465754
1.0,8.0,8.0,1.0,1.0,1.0,543.0,32.0,0,0.5015625,2048.0,64.0,6400000.0,0.5273919092465753
16.0,16.0,1.0,4.0,35.0,32.0,1085.0,3072.0,0,0.9078125,64.0,0.00195312,6400000.0,0.9033657962328766
16.0,16.0,1.0,4.0,35.0,32.0,1085.0,3072.0,0,0.9078125,64.0,2.0,6400000.0,0.9033657962328766
16.0,16.0,2.0,5.0,65.0,61.0,2071.0,7712.0,0,0.9078125,0.0078125,1.0,6400000.0,0.9033657962328766
16.0,16.0,2.0,5.0,65.0,61.0,2071.0,7712.0,0,0.9078125,0.5,0.125,6400000.0,0.9033657962328766
1.0,16.0,2.0,1.0,1.0,1.0,39.0,32.0,0,0.5015625,0.0078125,1024.0,6400000.0,0.5273919092465753
16.0,16.0,2.0,4.0,62.0,59.0,1994.0,7392.0,0,0.9078125,64.0,128.0,6400000.0,0.9033657962328766
16.0,16.0,1.0,4.0,35.0,32.0,1085.0,3072.0,0,0.9078125,128.0,0.015625,6400000.0,0.9033657962328766
16.0,16.0,2.0,5.0,65.0,61.0,2071.0,7712.0,0,0.9078125,0.5,128.0,6400000.0,0.9033657962328766
1.0,8.0,8.0,1.0,1.0,1.0,543.0,32.0,0,0.5015625,4096.0,0.0,6400000.0,0.5273919092465753
1.0,8.0,8.0,1.0,1.0,1.0,543.0,32.0,0,0.5015625,4096.0,0.5,6400000.0,0.5273919092465753
1.0,16.0,1.0,1.0,1.0,1.0,35.0,32.0,0,0.5015625,32768.0,0.125,6400000.0,0.5273919092465753
8.0,8.0,8.0,8.0,77.0,78.0,4944.0,11456.0,0,0.940625,64.0,0.00390625,6400000.0,0.9409246575342465
16.0,16.0,1.0,4.0,35.0,32.0,1085.0,3072.0,0,0.9078125,128.0,16.0,6400000.0,0.9033657962328766
1.0,16.0,2.0,1.0,1.0,1.0,39.0,32.0,0,0.5015625,512.0,0.03125,6400000.0,0.5273919092465753
8.0,8.0,8.0,8.0,58.0,52.0,4054.0,7296.0,0,0.940625,64.0,4.0,6400000.0,0.9409246575342465
1.0,8.0,8.0,1.0,1.0,1.0,543.0,32.0,0,0.5015625,8192.0,0.00390625,6400000.0,0.5273919092465753
1.0,8.0,8.0,1.0,1.0,1.0,543.0,32.0,0,0.5015625,64.0,4096.0,6400000.0,0.5273919092465753
8.0,8.0,8.0,8.0,99.0,132.0,5702.0,20096.0,0,0.959375,8.0,16.0,6400000.0,0.9597059992661447
16.0,16.0,1.0,4.0,35.0,32.0,1085.0,3072.0,0,0.75,256.0,0.125,6400000.0,0.7707512842465754
1.0,16.0,1.0,1.0,1.0,1.0,35.0,32.0,0,0.5015625,128.0,16384.0,6400000.0,0.5273919092465753
1.0,8.0,8.0,1.0,1.0,1.0,543.0,32.0,0,0.5015625,8.0,16384.0,6400000.0,0.5273919092465753
1.0,16.0,1.0,1.0,1.0,1.0,35.0,32.0,0,0.5015625,512.0,0.000976562,6400000.0,0.5273919092465753
1.0,16.0,1.0,1.0,1.0,1.0,35.0,32.0,0,0.5015625,1024.0,0.0078125,6400000.0,0.5273919092465753
16.0,16.0,2.0,5.0,65.0,61.0,2071.0,7712.0,0,0.9078125,0.0,0.000976562,6400000.0,0.9033657962328766
1.0,8.0,8.0,1.0,1.0,1.0,543.0,32.0,0,0.5015625,4096.0,512.0,6400000.0,0.5273919092465753
1.0,16.0,1.0,1.0,1.0,1.0,35.0,32.0,0,0.5015625,1024.0,8.0,6400000.0,0.5273919092465753
16.0,16.0,1.0,3.0,34.0,32.0,1073.0,3072.0,0,0.75,256.0,128.0,6400000.0,0.6533696183953033
1.0,8.0,8.0,1.0,1.0,1.0,543.0,32.0,0,0.5015625,8192.0,4.0,6400000.0,0.5273919092465753
1.0,16.0,2.0,1.0,1.0,1.0,39.0,32.0,0,0.5015625,0.00195312,32768.0,6400000.0,0.5273919092465753
1.0,8.0,8.0,1.0,1.0,1.0,543.0,32.0,0,0.5015625,16384.0,0.03125,6400000.0,0.5273919092465753
1.0,16.0,1.0,1.0,1.0,1.0,35.0,32.0,0,0.5015625,512.0,1024.0,6400000.0,0.5273919092465753
8.0,8.0,8.0,5.0,51.0,47.0,3633.0,6496.0,0,0.940625,128.0,0.03125,6400000.0,0.9409246575342465
1.0,16.0,1.0,1.0,1.0,1.0,35.0,32.0,0,0.5015625,512.0,1.0,6400000.0,0.5273919092465753
16.0,16.0,2.0,5.0,65.0,61.0,2071.0,7712.0,0,0.9078125,0.0,1.0,6400000.0,0.9033657962328766
1.0,8.0,8.0,1.0,1.0,1.0,543.0,32.0,0,0.5015625,128.0,32768.0,6400000.0,0.5273919092465753
16.0,16.0,1.0,4.0,35.0,32.0,1085.0,3072.0,0,0.9078125,0.0,0.00195312,6400000.0,0.9033657962328766
1.0,8.0,8.0,1.0,1.0,1.0,543.0,32.0,0,0.5015625,8192.0,4096.0,6400000.0,0.5273919092465753
1.0,8.0,8.0,1.0,1.0,1.0,543.0,32.0,0,0.5015625,16384.0,32.0,6400000.0,0.5273919092465753
1.0,16.0,2.0,1.0,1.0,1.0,39.0,32.0,0,0.5015625,512.0,32.0,6400000.0,0.5273919092465753
1.0,8.0,8.0,1.0,1.0,1.0,543.0,32.0,0,0.5015625,32768.0,0.25,6400000.0,0.5273919092465753
8.0,8.0,8.0,5.0,51.0,47.0,3633.0,6496.0,0,0.940625,128.0,32.0,6400000.0,0.9409246575342465
1.0,16.0,1.0,1.0,1.0,1.0,35.0,32.0,0,0.5015625,1024.0,8192.0,6400000.0,0.5273919092465753
1.0,16.0,2.0,1.0,1.0,1.0,39.0,32.0,0,0.5015625,512.0,32768.0,6400000.0,0.5273919092465753
16.0,16.0,2.0,5.0,65.0,61.0,2071.0,7712.0,0,0.9078125,0.015625,0.0078125,6400000.0,0.9033657962328766
1.0,8.0,8.0,1.0,1.0,1.0,543.0,32.0,0,0.5015625,32768.0,256.0,6400000.0,0.5273919092465753
1.0,16.0,1.0,1.0,1.0,1.0,35.0,32.0,0,0.5015625,4096.0,0.0,6400000.0,0.5273919092465753
1.0,16.0,1.0,1.0,1.0,1.0,35.0,32.0,0,0.5015625,2048.0,0.0625,6400000.0,0.5273919092465753
16.0,16.0,2.0,5.0,65.0,61.0,2071.0,7712.0,0,0.940625,0.015625,8.0,6400000.0,0.9033657962328766
1.0,16.0,1.0,1.0,1.0,1.0,35.0,32.0,0,0.5015625,0.0,2048.0,6400000.0,0.5273919092465753
1.0,16.0,1.0,1.0,1.0,1.0,35.0,32.0,0,0.5015625,4096.0,0.5,6400000.0,0.5273919092465753
1.0,8.0,8.0,1.0,1.0,1.0,543.0,32.0,0,0.5015625,16384.0,32768.0,6400000.0,0.5273919092465753
16.0,16.0,2.0,5.0,65.0,61.0,2071.0,7712.0,0,0.9078125,128.0,0.000976562,6400000.0,0.9033657962328766
1.0,16.0,1.0,1.0,1.0,1.0,35.0,32.0,0,0.5015625,2048.0,64.0,6400000.0,0.5273919092465753
16.0,16.0,1.0,4.0,35.0,32.0,1085.0,3072.0,0,0.9078125,0.0,2.0,6400000.0,0.9033657962328766
8.0,8.0,8.0,9.0,102.0,133.0,5778.0,20256.0,0,0.959375,16.0,0.125,6400000.0,0.961271556996086
1.0,16.0,1.0,1.0,1.0,1.0,35.0,32.0,0,0.5015625,4096.0,512.0,6400000.0,0.5273919092465753
16.0,16.0,1.0,4.0,35.0,32.0,1085.0,3072.0,0,0.9078125,0.000976562,0.015625,6400000.0,0.9033657962328766
16.0,16.0,2.0,5.0,65.0,61.0,2071.0,7712.0,0,0.9078125,0.00390625,0.25,6400000.0,0.9033657962328766
1.0,16.0,2.0,1.0,1.0,1.0,39.0,32.0,0,0.5015625,0.015625,8192.0,6400000.0,0.5273919092465753
16.0,16.0,2.0,5.0,65.0,61.0,2071.0,7712.0,0,0.9078125,1.0,0.000976562,6400000.0,0.9033657962328766
8.0,8.0,8.0,5.0,51.0,47.0,3633.0,6496.0,0,0.940625,256.0,0.25,6400000.0,0.9033657962328766
1.0,8.0,8.0,1.0,1.0,1.0,543.0,32.0,0,0.5015625,256.0,256.0,6400000.0,0.5273919092465753
16.0,16.0,2.0,5.0,65.0,61.0,2071.0,7712.0,0,0.9078125,128.0,1.0,6400000.0,0.9033657962328766
16.0,16.0,1.0,4.0,35.0,32.0,1085.0,3072.0,0,0.9078125,0.00195312,0.125,6400000.0,0.9033657962328766
16.0,16.0,2.0,5.0,65.0,61.0,2071.0,7712.0,0,0.9078125,1.0,1.0,6400000.0,0.9033657962328766
1.0,16.0,1.0,1.0,1.0,1.0,35.0,32.0,0,0.5015625,0.000976562,16384.0,6400000.0,0.5273919092465753
16.0,16.0,1.0,4.0,35.0,32.0,1085.0,3072.0,0,0.9078125,0.00390625,0.000976562,6400000.0,0.9033657962328766
16.0,16.0,2.0,4.0,61.0,58.0,1961.0,7232.0,0,0.9078125,0.00390625,256.0,6400000.0,0.9033657962328766
16.0,16.0,2.0,5.0,65.0,61.0,2071.0,7712.0,0,0.940625,0.03125,64.0,6400000.0,0.9088452482876711
16.0,16.0,2.0,5.0,65.0,61.0,2071.0,7712.0,0,0.9078125,0.0625,0.0,6400000.0,0.9033657962328766
16.0,16.0,1.0,4.0,35.0,32.0,1085.0,3072.0,0,0.9078125,0.000976562,16.0,6400000.0,0.9033657962328766
16.0,16.0,1.0,4.0,35.0,32.0,1085.0,3072.0,0,0.9078125,0.00390625,1.0,6400000.0,0.9033657962328766
16.0,16.0,2.0,5.0,65.0,61.0,2071.0,7712.0,0,0.9078125,0.03125,0.0625,6400000.0,0.9033657962328766
16.0,16.0,2.0,5.0,65.0,61.0,2071.0,7712.0,0,0.940625,2.0,8.0,6400000.0,0.9033657962328766
1.0,16.0,1.0,1.0,1.0,1.0,35.0,32.0,0,0.5015625,8192.0,0.00390625,6400000.0,0.5273919092465753
16.0,16.0,1.0,4.0,35.0,32.0,1085.0,3072.0,0,0.9078125,0.0078125,8.0,6400000.0,0.9033657962328766
1.0,16.0,2.0,1.0,1.0,1.0,39.0,32.0,0,0.5015625,1024.0,0.25,6400000.0,0.5273919092465753
1.0,8.0,8.0,1.0,1.0,1.0,543.0,32.0,0,0.5015625,512.0,0.00195312,6400000.0,0.5273919092465753
16.0,16.0,2.0,5.0,65.0,61.0,2071.0,7712.0,0,0.9078125,2.0,0.0078125,6400000.0,0.9033657962328766
1.0,16.0,2.0,1.0,1.0,1.0,39.0,32.0,0,0.5015625,0.0,1024.0,6400000.0,0.5273919092465753
1.0,16.0,2.0,1.0,1.0,1.0,39.0,32.0,0,0.5015625,1.0,1024.0,6400000.0,0.5273919092465753
16.0,16.0,1.0,4.0,35.0,32.0,1085.0,3072.0,0,0.9078125,0.015625,64.0,6400000.0,0.9033657962328766
1.0,16.0,1.0,1.0,1.0,1.0,35.0,32.0,0,0.5015625,0.0078125,8192.0,6400000.0,0.5273919092465753
16.0,16.0,1.0,4.0,35.0,32.0,1085.0,3072.0,0,0.9078125,0.00195312,128.0,6400000.0,0.9033657962328766
1.0,16.0,1.0,1.0,1.0,1.0,35.0,32.0,0,0.5015625,0.00390625,1024.0,6400000.0,0.5273919092465753
1.0,16.0,1.0,1.0,1.0,1.0,35.0,32.0,0,0.5015625,8192.0,4.0,6400000.0,0.5273919092465753
1.0,8.0,8.0,1.0,1.0,1.0,543.0,32.0,0,0.5015625,512.0,2.0,6400000.0,0.5273919092465753
16.0,16.0,1.0,4.0,35.0,32.0,1085.0,3072.0,0,0.9078125,0.0078125,0.0078125,6400000.0,0.9033657962328766
16.0,16.0,1.0,4.0,35.0,32.0,1085.0,3072.0,0,0.9078125,0.015625,0.0625,6400000.0,0.9033657962328766
16.0,16.0,2.0,5.0,65.0,61.0,2071.0,7712.0,0,0.9078125,0.0625,0.5,6400000.0,0.9033657962328766
16.0,16.0,1.0,4.0,35.0,32.0,1085.0,3072.0,0,0.9078125,0.03125,0.0,6400000.0,0.9033657962328766
16.0,16.0,2.0,5.0,65.0,61.0,2071.0,7712.0,0,0.9078125,0.125,0.00390625,6400000.0,0.9033657962328766
16.0,16.0,1.0,4.0,35.0,32.0,1085.0,3072.0,0,0.9078125,0.03125,0.5,6400000.0,0.9033657962328766
1.0,16.0,1.0,1.0,1.0,1.0,35.0,32.0,0,0.5015625,8192.0,4096.0,6400000.0,0.5273919092465753
1.0,16.0,2.0,1.0,1.0,1.0,39.0,32.0,0,0.5015625,2.0,8192.0,6400000.0,0.5273919092465753
1.0,8.0,8.0,1.0,1.0,1.0,543.0,32.0,0,0.5015625,512.0,2048.0,6400000.0,0.5273919092465753
1.0,16.0,1.0,1.0,1.0,1.0,35.0,32.0,0,0.5015625,0.03125,512.0,6400000.0,0.5273919092465753
16.0,16.0,1.0,4.0,35.0,32.0,1085.0,3072.0,0,0.9078125,0.0625,4.0,6400000.0,0.9033657962328766
1.0,16.0,2.0,1.0,1.0,1.0,39.0,32.0,0,0.5015625,0.0625,512.0,6400000.0,0.5273919092465753
16.0,16.0,2.0,5.0,65.0,61.0,2071.0,7712.0,0,0.9078125,4.0,0.0625,6400000.0,0.9033657962328766
16.0,16.0,1.0,4.0,35.0,32.0,1085.0,3072.0,0,0.9078125,0.125,0.03125,6400000.0,0.9033657962328766
16.0,16.0,2.0,5.0,65.0,61.0,2071.0,7712.0,0,0.940625,4.0,64.0,6400000.0,0.9088452482876711
1.0,16.0,2.0,1.0,1.0,1.0,39.0,32.0,0,0.5015625,1024.0,256.0,6400000.0,0.5273919092465753
1.0,8.0,8.0,1.0,1.0,1.0,543.0,32.0,0,0.5015625,1024.0,0.015625,6400000.0,0.5273919092465753
8.0,8.0,8.0,8.0,100.0,133.0,5735.0,20256.0,0,0.959375,32.0,0.000976562,6400000.0,0.961271556996086
16.0,16.0,1.0,4.0,35.0,32.0,1085.0,3072.0,0,0.9078125,0.125,32.0,6400000.0,0.9033657962328766
16.0,16.0,1.0,4.0,35.0,32.0,1085.0,3072.0,0,0.9078125,0.0625,0.00390625,6400000.0,0.9033657962328766
1.0,8.0,8.0,1.0,1.0,1.0,543.0,32.0,0,0.5015625,1024.0,16.0,6400000.0,0.5273919092465753
1.0,8.0,8.0,1.0,1.0,1.0,543.0,32.0,0,0.5015625,1024.0,16384.0,6400000.0,0.5273919092465753
16.0,16.0,1.0,4.0,35.0,32.0,1085.0,3072.0,0,0.9078125,0.25,0.25,6400000.0,0.9033657962328766
1.0,16.0,1.0,1.0,1.0,1.0,35.0,32.0,0,0.5015625,0.125,32768.0,6400000.0,0.5273919092465753
8.0,8.0,8.0,5.0,51.0,47.0,3633.0,6496.0,0,0.940625,16.0,128.0,6400000.0,0.9409246575342465
16.0,16.0,1.0,4.0,35.0,32.0,1085.0,3072.0,0,0.9078125,0.5,0.00195312,6400000.0,0.9033657962328766
16.0,16.0,2.0,5.0,65.0,61.0,2071.0,7712.0,0,0.9078125,0.125,4.0,6400000.0,0.9033657962328766
8.0,8.0,8.0,8.0,100.0,133.0,5735.0,20256.0,0,0.959375,32.0,1.0,6400000.0,0.961271556996086
1.0,16.0,2.0,1.0,1.0,1.0,39.0,32.0,0,0.5015625,0.125,4096.0,6400000.0,0.5273919092465753
16.0,16.0,2.0,5.0,65.0,61.0,2071.0,7712.0,0,0.940625,8.0,0.0,6400000.0,0.9033657962328766
1.0,16.0,2.0,1.0,1.0,1.0,39.0,32.0,0,0.5015625,2048.0,0.00195312,6400000.0,0.5273919092465753
16.0,16.0,1.0,4.0,35.0,32.0,1085.0,3072.0,0,0.9078125,0.5,2.0,6400000.0,0.9033657962328766
1.0,16.0,2.0,1.0,1.0,1.0,39.0,32.0,0,0.5015625,8.0,512.0,6400000.0,0.5273919092465753
16.0,16.0,2.0,5.0,65.0,61.0,2071.0,7712.0,0,0.9078125,0.000976562,0.0078125,6400000.0,0.9033657962328766
1.0,16.0,1.0,1.0,1.0,1.0,35.0,32.0,0,0.5015625,0.0625,4096.0,6400000.0,0.5273919092465753
16.0,16.0,1.0,4.0,35.0,32.0,1085.0,3072.0,0,0.75,0.25,256.0,6400000.0,0.7707512842465754
1.0,16.0,1.0,1.0,1.0,1.0,35.0,32.0,0,0.5015625,1.0,16384.0,6400000.0,0.5273919092465753
16.0,16.0,2.0,5.0,65.0,61.0,2071.0,7712.0,0,0.940625,8.0,0.5,6400000.0,0.9033657962328766
1.0,8.0,8.0,1.0,1.0,1.0,543.0,32.0,0,0.5015625,32.0,1024.0,6400000.0,0.5273919092465753
16.0,16.0,2.0,5.0,65.0,61.0,2071.0,7712.0,0,0.9078125,0.25,0.03125,6400000.0,0.9033657962328766
1.0,16.0,1.0,1.0,1.0,1.0,35.0,32.0,0,0.5015625,0.5,2048.0,6400000.0,0.5273919092465753
16.0,16.0,2.0,5.0,65.0,61.0,2071.0,7712.0,0,0.940625,16.0,0.00390625,6400000.0,0.9033657962328766
16.0,16.0,2.0,5.0,65.0,61.0,2071.0,7712.0,0,0.940625,0.000976562,8.0,6400000.0,0.9033657962328766
16.0,16.0,1.0,4.0,35.0,32.0,1085.0,3072.0,0,0.9078125,1.0,0.015625,6400000.0,0.9033657962328766
16.0,16.0,2.0,5.0,65.0,61.0,2071.0,7712.0,0,0.940625,0.25,32.0,6400000.0,0.9088452482876711
1.0,16.0,2.0,1.0,1.0,1.0,39.0,32.0,0,0.5015625,16.0,4096.0,6400000.0,0.5273919092465753
1.0,16.0,2.0,1.0,1.0,1.0,39.0,32.0,0,0.5015625,2048.0,2.0,6400000.0,0.5273919092465753
1.0,16.0,2.0,1.0,1.0,1.0,39.0,32.0,0,0.5015625,128.0,1024.0,6400000.0,0.5273919092465753
16.0,16.0,2.0,5.0,65.0,61.0,2071.0,7712.0,0,0.940625,16.0,4.0,6400000.0,0.9033657962328766
1.0,8.0,8.0,1.0,1.0,1.0,543.0,32.0,0,0.5015625,2048.0,0.125,6400000.0,0.5273919092465753
1.0,16.0,2.0,1.0,1.0,1.0,39.0,32.0,0,0.5015625,0.000976562,8192.0,6400000.0,0.5273919092465753
16.0,16.0,1.0,4.0,35.0,32.0,1085.0,3072.0,0,0.9078125,1.0,16.0,6400000.0,0.9033657962328766
16.0,16.0,2.0,5.0,65.0,61.0,2071.0,7712.0,0,0.9078125,0.00195312,0.0625,6400000.0,0.9033657962328766
1.0,16.0,1.0,1.0,1.0,1.0,35.0,32.0,0,0.5015625,16384.0,0.03125,6400000.0,0.5273919092465753
16.0,16.0,2.0,4.0,61.0,58.0,1961.0,7232.0,0,0.9078125,256.0,0.0078125,6400000.0,0.9033657962328766
16.0,16.0,1.0,4.0,35.0,32.0,1085.0,3072.0,0,0.9078125,2.0,0.125,6400000.0,0.9033657962328766
16.0,16.0,2.0,5.0,65.0,61.0,2071.0,7712.0,0,0.940625,32.0,0.03125,6400000.0,0.9088452482876711
16.0,16.0,1.0,4.0,35.0,32.0,1085.0,3072.0,0,0.9078125,4.0,0.000976562,6400000.0,0.9033657962328766
16.0,16.0,2.0,5.0,65.0,61.0,2071.0,7712.0,0,0.940625,32.0,32.0,6400000.0,0.9088452482876711
16.0,16.0,1.0,4.0,35.0,32.0,1085.0,3072.0,0,0.9078125,16.0,64.0,6400000.0,0.9033657962328766
1.0,16.0,1.0,1.0,1.0,1.0,35.0,32.0,0,0.5015625,8.0,8192.0,6400000.0,0.5273919092465753
16.0,16.0,1.0,4.0,35.0,32.0,1085.0,3072.0,0,0.9078125,8.0,0.0078125,6400000.0,0.9033657962328766
16.0,16.0,2.0,5.0,65.0,61.0,2071.0,7712.0,0,0.9078125,0.0078125,0.00195312,6400000.0,0.9033657962328766
1.0,16.0,1.0,1.0,1.0,1.0,35.0,32.0,0,0.5015625,16384.0,32.0,6400000.0,0.5273919092465753
1.0,16.0,2.0,1.0,1.0,1.0,39.0,32.0,0,0.5015625,256.0,8192.0,6400000.0,0.5273919092465753
16.0,16.0,1.0,4.0,35.0,32.0,1085.0,3072.0,0,0.9078125,4.0,1.0,6400000.0,0.9033657962328766
16.0,16.0,1.0,4.0,35.0,32.0,1085.0,3072.0,0,0.9078125,32.0,0.0,6400000.0,0.9033657962328766
16.0,16.0,1.0,4.0,35.0,32.0,1085.0,3072.0,0,0.9078125,16.0,0.0625,6400000.0,0.9033657962328766
16.0,16.0,2.0,4.0,61.0,58.0,1961.0,7232.0,0,0.9078125,256.0,8.0,6400000.0,0.9033657962328766
1.0,16.0,1.0,1.0,1.0,1.0,35.0,32.0,0,0.5015625,4.0,1024.0,6400000.0,0.5273919092465753
16.0,16.0,2.0,5.0,65.0,61.0,2071.0,7712.0,0,0.940625,0.00195312,64.0,6400000.0,0.9088452482876711
1.0,16.0,2.0,1.0,1.0,1.0,39.0,32.0,0,0.5015625,32.0,32768.0,6400000.0,0.5273919092465753
16.0,16.0,1.0,4.0,35.0,32.0,1085.0,3072.0,0,0.9078125,8.0,8.0,6400000.0,0.9033657962328766
16.0,16.0,1.0,4.0,35.0,32.0,1085.0,3072.0,0,0.9078125,2.0,128.0,6400000.0,0.9033657962328766
1.0,16.0,2.0,1.0,1.0,1.0,39.0,32.0,0,0.5015625,0.25,32768.0,6400000.0,0.5273919092465753
16.0,16.0,2.0,5.0,65.0,61.0,2071.0,7712.0,0,0.940625,64.0,0.25,6400000.0,0.9088452482876711
1.0,16.0,2.0,1.0,1.0,1.0,39.0,32.0,0,0.5015625,4096.0,0.015625,6400000.0,0.5273919092465753
1.0,16.0,1.0,1.0,1.0,1.0,35.0,32.0,0,0.5015625,16384.0,32768.0,6400000.0,0.5273919092465753
1.0,16.0,2.0,1.0,1.0,1.0,39.0,32.0,0,0.5015625,2048.0,2048.0,6400000.0,0.5273919092465753
16.0,16.0,1.0,4.0,35.0,32.0,1085.0,3072.0,0,0.9078125,32.0,0.5,6400000.0,0.9033657962328766
1.0,16.0,1.0,1.0,1.0,1.0,35.0,32.0,0,0.5015625,32768.0,256.0,6400000.0,0.5273919092465753
1.0,16.0,1.0,1.0,1.0,1.0,35.0,32.0,0,0.5015625,32.0,512.0,6400000.0,0.5273919092465753
1.0,8.0,8.0,1.0,1.0,1.0,543.0,32.0,0,0.5015625,2048.0,128.0,6400000.0,0.5273919092465753
16.0,16.0,1.0,4.0,35.0,32.0,1085.0,3072.0,0,0.9078125,64.0,0.00390625,6400000.0,0.9033657962328766
16.0,16.0,1.0,4.0,35.0,32.0,1085.0,3072.0,0,0.9078125,64.0,4.0,6400000.0,0.9033657962328766
1.0,16.0,1.0,1.0,1.0,1.0,35.0,32.0,0,0.5015625,64.0,4096.0,6400000.0,0.5273919092465753
16.0,16.0,2.0,5.0,65.0,61.0,2071.0,7712.0,0,0.9078125,0.0078125,2.0,6400000.0,0.9033657962328766
1.0,16.0,2.0,1.0,1.0,1.0,39.0,32.0,0,0.5015625,0.0078125,2048.0,6400000.0,0.5273919092465753
16.0,16.0,2.0,4.0,59.0,56.0,1895.0,6912.0,0,0.9078125,64.0,256.0,6400000.0,0.9033657962328766
16.0,16.0,2.0,5.0,65.0,61.0,2071.0,7712.0,0,0.9078125,0.5,0.25,6400000.0,0.9033657962328766
16.0,16.0,1.0,4.0,35.0,32.0,1085.0,3072.0,0,0.9078125,128.0,0.03125,6400000.0,0.9033657962328766
1.0,8.0,8.0,1.0,1.0,1.0,543.0,32.0,0,0.5015625,4096.0,0.000976562,6400000.0,0.5273919092465753
16.0,16.0,2.0,4.0,61.0,58.0,1961.0,7232.0,0,0.9078125,0.5,256.0,6400000.0,0.9033657962328766
16.0,16.0,1.0,4.0,35.0,32.0,1085.0,3072.0,0,0.9078125,128.0,32.0,6400000.0,0.9033657962328766
1.0,16.0,1.0,1.0,1.0,1.0,35.0,32.0,0,0.5015625,32768.0,0.25,6400000.0,0.5273919092465753
8.0,8.0,8.0,8.0,77.0,78.0,4944.0,11456.0,0,0.940625,64.0,0.0078125,6400000.0,0.9409246575342465
1.0,16.0,2.0,1.0,1.0,1.0,39.0,32.0,0,0.5015625,512.0,0.0625,6400000.0,0.5273919092465753
1.0,8.0,8.0,1.0,1.0,1.0,543.0,32.0,0,0.5015625,64.0,8192.0,6400000.0,0.5273919092465753
1.0,16.0,2.0,1.0,1.0,1.0,39.0,32.0,0,0.5015625,4096.0,16.0,6400000.0,0.5273919092465753
1.0,8.0,8.0,1.0,1.0,1.0,543.0,32.0,0,0.5015625,4096.0,1.0,6400000.0,0.5273919092465753
16.0,16.0,1.0,4.0,35.0,32.0,1085.0,3072.0,0,0.75,256.0,0.25,6400000.0,0.7707512842465754
8.0,8.0,8.0,5.0,51.0,47.0,3633.0,6496.0,0,0.940625,64.0,8.0,6400000.0,0.9409246575342465
1.0,8.0,8.0,1.0,1.0,1.0,543.0,32.0,0,0.5015625,8192.0,0.0078125,6400000.0,0.5273919092465753
1.0,16.0,2.0,1.0,1.0,1.0,39.0,32.0,0,0.5015625,4096.0,16384.0,6400000.0,0.5273919092465753
1.0,16.0,1.0,1.0,1.0,1.0,35.0,32.0,0,0.5015625,1024.0,0.015625,6400000.0,0.5273919092465753
1.0,16.0,1.0,1.0,1.0,1.0,35.0,32.0,0,0.5015625,128.0,32768.0,6400000.0,0.5273919092465753
1.0,8.0,8.0,1.0,1.0,1.0,543.0,32.0,0,0.5015625,8192.0,8.0,6400000.0,0.5273919092465753
1.0,16.0,1.0,1.0,1.0,1.0,35.0,32.0,0,0.5015625,1024.0,16.0,6400000.0,0.5273919092465753
16.0,16.0,2.0,5.0,65.0,61.0,2071.0,7712.0,0,0.9078125,0.0,0.00195312,6400000.0,0.9033657962328766
1.0,16.0,1.0,1.0,1.0,1.0,35.0,32.0,0,0.5015625,512.0,0.00195312,6400000.0,0.5273919092465753
1.0,16.0,1.0,1.0,1.0,1.0,35.0,32.0,0,0.5015625,256.0,256.0,6400000.0,0.5273919092465753
1.0,8.0,8.0,1.0,1.0,1.0,543.0,32.0,0,0.5015625,4096.0,1024.0,6400000.0,0.5273919092465753
16.0,16.0,2.0,5.0,65.0,61.0,2071.0,7712.0,0,0.9078125,0.00390625,0.0,6400000.0,0.9033657962328766
1.0,8.0,8.0,1.0,1.0,1.0,543.0,32.0,0,0.5015625,16384.0,0.0625,6400000.0,0.5273919092465753
1.0,16.0,1.0,1.0,1.0,1.0,35.0,32.0,0,0.5015625,512.0,2048.0,6400000.0,0.5273919092465753
8.0,8.0,8.0,5.0,51.0,47.0,3633.0,6496.0,0,0.940625,128.0,0.0625,6400000.0,0.9409246575342465
8.0,8.0,8.0,5.0,51.0,47.0,3633.0,6496.0,0,0.940625,256.0,0.0,6400000.0,0.9033657962328766
1.0,8.0,8.0,1.0,1.0,1.0,543.0,32.0,0,0.5015625,16384.0,64.0,6400000.0,0.5273919092465753
1.0,16.0,1.0,1.0,1.0,1.0,35.0,32.0,0,0.5015625,512.0,2.0,6400000.0,0.5273919092465753
1.0,16.0,2.0,1.0,1.0,1.0,39.0,32.0,0,0.5015625,512.0,64.0,6400000.0,0.5273919092465753
16.0,16.0,1.0,4.0,35.0,32.0,1085.0,3072.0,0,0.9078125,0.0,0.00390625,6400000.0,0.9033657962328766
16.0,16.0,2.0,5.0,65.0,61.0,2071.0,7712.0,0,0.9078125,0.0,2.0,6400000.0,0.9033657962328766
1.0,8.0,8.0,1.0,1.0,1.0,543.0,32.0,0,0.5015625,8192.0,8192.0,6400000.0,0.5273919092465753
1.0,16.0,1.0,1.0,1.0,1.0,35.0,32.0,0,0.5015625,1024.0,16384.0,6400000.0,0.5273919092465753
1.0,8.0,8.0,1.0,1.0,1.0,543.0,32.0,0,0.5015625,32768.0,0.5,6400000.0,0.5273919092465753
8.0,8.0,8.0,5.0,51.0,47.0,3633.0,6496.0,0,0.940625,128.0,64.0,6400000.0,0.9409246575342465
1.0,16.0,2.0,1.0,1.0,1.0,39.0,32.0,0,0.5015625,1024.0,0.0,6400000.0,0.5273919092465753
16.0,16.0,2.0,5.0,65.0,61.0,2071.0,7712.0,0,0.9078125,0.015625,0.015625,6400000.0,0.9033657962328766
1.0,16.0,1.0,1.0,1.0,1.0,35.0,32.0,0,0.5015625,4096.0,0.000976562,6400000.0,0.5273919092465753
1.0,8.0,8.0,1.0,1.0,1.0,543.0,32.0,0,0.5015625,32768.0,512.0,6400000.0,0.5273919092465753
1.0,16.0,1.0,1.0,1.0,1.0,35.0,32.0,0,0.5015625,4096.0,1.0,6400000.0,0.5273919092465753
16.0,16.0,2.0,5.0,65.0,61.0,2071.0,7712.0,0,0.940625,0.015625,16.0,6400000.0,0.9033657962328766
16.0,16.0,1.0,4.0,35.0,32.0,1085.0,3072.0,0,0.9078125,0.0,4.0,6400000.0,0.9033657962328766
1.0,16.0,1.0,1.0,1.0,1.0,35.0,32.0,0,0.5015625,2048.0,0.125,6400000.0,0.5273919092465753
1.0,8.0,8.0,1.0,1.0,1.0,543.0,32.0,0,0.5015625,32768.0,0.0,6400000.0,0.5273919092465753
16.0,16.0,2.0,5.0,65.0,61.0,2071.0,7712.0,0,0.9078125,128.0,0.00195312,6400000.0,0.9033657962328766
1.0,16.0,1.0,1.0,1.0,1.0,35.0,32.0,0,0.5015625,0.0,4096.0,6400000.0,0.5273919092465753
1.0,16.0,2.0,1.0,1.0,1.0,39.0,32.0,0,0.5015625,8192.0,0.125,6400000.0,0.5273919092465753
16.0,16.0,2.0,5.0,65.0,61.0,2071.0,7712.0,0,0.9078125,1.0,0.00195312,6400000.0,0.9033657962328766
8.0,8.0,8.0,5.0,51.0,47.0,3633.0,6496.0,0,0.940625,256.0,0.5,6400000.0,0.9033657962328766
1.0,16.0,2.0,1.0,1.0,1.0,39.0,32.0,0,0.5015625,0.015625,16384.0,6400000.0,0.5273919092465753
1.0,16.0,1.0,1.0,1.0,1.0,35.0,32.0,0,0.5015625,4096.0,1024.0,6400000.0,0.5273919092465753
1.0,8.0,8.0,1.0,1.0,1.0,543.0,32.0,0,0.5015625,256.0,512.0,6400000.0,0.5273919092465753
16.0,16.0,1.0,4.0,35.0,32.0,1085.0,3072.0,0,0.9078125,0.000976562,0.03125,6400000.0,0.9033657962328766
16.0,16.0,2.0,5.0,65.0,61.0,2071.0,7712.0,0,0.9078125,0.00390625,0.5,6400000.0,0.9033657962328766
1.0,16.0,1.0,1.0,1.0,1.0,35.0,32.0,0,0.5015625,2048.0,128.0,6400000.0,0.5273919092465753
16.0,16.0,2.0,5.0,65.0,61.0,2071.0,7712.0,0,0.9078125,1.0,2.0,6400000.0,0.9033657962328766
16.0,16.0,2.0,5.0,64.0,60.0,2038.0,7552.0,0,0.9078125,128.0,2.0,6400000.0,0.9033657962328766
16.0,16.0,1.0,4.0,35.0,32.0,1085.0,3072.0,0,0.9078125,0.00195312,0.25,6400000.0,0.9033657962328766
1.0,16.0,1.0,1.0,1.0,1.0,35.0,32.0,0,0.5015625,0.000976562,32768.0,6400000.0,0.5273919092465753
1.0,16.0,2.0,1.0,1.0,1.0,39.0,32.0,0,0.5015625,0.00390625,512.0,6400000.0,0.5273919092465753
16.0,16.0,1.0,4.0,35.0,32.0,1085.0,3072.0,0,0.9078125,0.00390625,0.00195312,6400000.0,0.9033657962328766
1.0,16.0,1.0,1.0,1.0,1.0,35.0,32.0,0,0.5015625,8192.0,0.0078125,6400000.0,0.5273919092465753
16.0,16.0,2.0,5.0,65.0,61.0,2071.0,7712.0,0,0.9078125,0.03125,128.0,6400000.0,0.9033657962328766
16.0,16.0,2.0,5.0,65.0,61.0,2071.0,7712.0,0,0.9078125,0.0625,0.000976562,6400000.0,0.9033657962328766
16.0,16.0,1.0,4.0,35.0,32.0,1085.0,3072.0,0,0.9078125,0.00390625,2.0,6400000.0,0.9033657962328766
16.0,16.0,1.0,4.0,35.0,32.0,1085.0,3072.0,0,0.9078125,0.000976562,32.0,6400000.0,0.9033657962328766
16.0,16.0,2.0,5.0,65.0,61.0,2071.0,7712.0,0,0.9078125,0.03125,0.125,6400000.0,0.9033657962328766
1.0,8.0,8.0,1.0,1.0,1.0,543.0,32.0,0,0.5015625,512.0,0.00390625,6400000.0,0.5273919092465753
16.0,16.0,2.0,5.0,65.0,61.0,2071.0,7712.0,0,0.9078125,2.0,0.015625,6400000.0,0.9033657962328766
16.0,16.0,2.0,5.0,65.0,61.0,2071.0,7712.0,0,0.940625,2.0,16.0,6400000.0,0.9033657962328766
16.0,16.0,1.0,4.0,35.0,32.0,1085.0,3072.0,0,0.9078125,0.0078125,16.0,6400000.0,0.9033657962328766
1.0,16.0,2.0,1.0,1.0,1.0,39.0,32.0,0,0.5015625,1.0,2048.0,6400000.0,0.5273919092465753
1.0,16.0,1.0,1.0,1.0,1.0,35.0,32.0,0,0.5015625,0.00390625,2048.0,6400000.0,0.5273919092465753
1.0,16.0,2.0,1.0,1.0,1.0,39.0,32.0,0,0.5015625,0.0,2048.0,6400000.0,0.5273919092465753
1.0,16.0,2.0,1.0,1.0,1.0,39.0,32.0,0,0.5015625,1024.0,0.5,6400000.0,0.5273919092465753
16.0,16.0,1.0,4.0,35.0,32.0,1085.0,3072.0,0,0.75,0.00195312,256.0,6400000.0,0.7707512842465754
1.0,16.0,1.0,1.0,1.0,1.0,35.0,32.0,0,0.5015625,8192.0,8.0,6400000.0,0.5273919092465753
16.0,16.0,1.0,4.0,35.0,32.0,1085.0,3072.0,0,0.9078125,0.0078125,0.015625,6400000.0,0.9033657962328766
1.0,16.0,1.0,1.0,1.0,1.0,35.0,32.0,0,0.5015625,0.0078125,16384.0,6400000.0,0.5273919092465753
1.0,8.0,8.0,1.0,1.0,1.0,543.0,32.0,0,0.5015625,512.0,4.0,6400000.0,0.5273919092465753
16.0,16.0,1.0,4.0,35.0,32.0,1085.0,3072.0,0,0.9078125,0.03125,1.0,6400000.0,0.9033657962328766
16.0,16.0,1.0,4.0,35.0,32.0,1085.0,3072.0,0,0.9078125,0.015625,128.0,6400000.0,0.9033657962328766
16.0,16.0,1.0,4.0,35.0,32.0,1085.0,3072.0,0,0.9078125,0.03125,0.000976562,6400000.0,0.9033657962328766
16.0,16.0,2.0,5.0,65.0,61.0,2071.0,7712.0,0,0.9078125,0.0625,1.0,6400000.0,0.9033657962328766
16.0,16.0,1.0,4.0,35.0,32.0,1085.0,3072.0,0,0.9078125,0.015625,0.125,6400000.0,0.9033657962328766
1.0,16.0,1.0,1.0,1.0,1.0,35.0,32.0,0,0.5015625,8192.0,8192.0,6400000.0,0.5273919092465753
16.0,16.0,2.0,5.0,65.0,61.0,2071.0,7712.0,0,0.9078125,0.125,0.0078125,6400000.0,0.9033657962328766
1.0,16.0,2.0,1.0,1.0,1.0,39.0,32.0,0,0.5015625,2.0,16384.0,6400000.0,0.5273919092465753
1.0,8.0,8.0,1.0,1.0,1.0,543.0,32.0,0,0.5015625,512.0,4096.0,6400000.0,0.5273919092465753
1.0,16.0,1.0,1.0,1.0,1.0,35.0,32.0,0,0.5015625,0.03125,1024.0,6400000.0,0.5273919092465753
1.0,16.0,2.0,1.0,1.0,1.0,39.0,32.0,0,0.5015625,1024.0,512.0,6400000.0,0.5273919092465753
16.0,16.0,1.0,4.0,35.0,32.0,1085.0,3072.0,0,0.9078125,0.0625,8.0,6400000.0,0.9033657962328766
1.0,8.0,8.0,1.0,1.0,1.0,543.0,32.0,0,0.5015625,1024.0,32768.0,6400000.0,0.5273919092465753
1.0,16.0,2.0,1.0,1.0,1.0,39.0,32.0,0,0.5015625,0.0625,1024.0,6400000.0,0.5273919092465753
16.0,16.0,2.0,5.0,64.0,60.0,2038.0,7552.0,0,0.9078125,4.0,128.0,6400000.0,0.9033657962328766
1.0,8.0,8.0,1.0,1.0,1.0,543.0,32.0,0,0.5015625,1024.0,0.03125,6400000.0,0.5273919092465753
16.0,16.0,1.0,4.0,35.0,32.0,1085.0,3072.0,0,0.9078125,0.125,64.0,6400000.0,0.9033657962328766
16.0,16.0,1.0,4.0,35.0,32.0,1085.0,3072.0,0,0.9078125,0.125,0.0625,6400000.0,0.9033657962328766
16.0,16.0,2.0,5.0,65.0,61.0,2071.0,7712.0,0,0.9078125,4.0,0.125,6400000.0,0.9033657962328766
1.0,16.0,2.0,1.0,1.0,1.0,39.0,32.0,0,0.5015625,8192.0,128.0,6400000.0,0.5273919092465753
16.0,16.0,1.0,4.0,35.0,32.0,1085.0,3072.0,0,0.9078125,0.0625,0.0078125,6400000.0,0.9033657962328766
1.0,8.0,8.0,1.0,1.0,1.0,543.0,32.0,0,0.5015625,1024.0,32.0,6400000.0,0.5273919092465753
1.0,16.0,2.0,1.0,1.0,1.0,39.0,32.0,0,0.5015625,16384.0,0.000976562,6400000.0,0.5273919092465753
16.0,16.0,1.0,4.0,35.0,32.0,1085.0,3072.0,0,0.9078125,0.25,0.5,6400000.0,0.9033657962328766
16.0,16.0,2.0,5.0,65.0,61.0,2071.0,7712.0,0,0.940625,0.125,8.0,6400000.0,0.9033657962328766
16.0,16.0,1.0,4.0,35.0,32.0,1085.0,3072.0,0,0.9078125,0.25,0.0,6400000.0,0.9033657962328766
16.0,16.0,2.0,5.0,65.0,61.0,2071.0,7712.0,0,0.940625,8.0,0.000976562,6400000.0,0.9033657962328766
16.0,16.0,1.0,4.0,35.0,32.0,1085.0,3072.0,0,0.9078125,0.5,0.00390625,6400000.0,0.9033657962328766
1.0,16.0,2.0,1.0,1.0,1.0,39.0,32.0,0,0.5015625,16384.0,1.0,6400000.0,0.5273919092465753
1.0,16.0,2.0,1.0,1.0,1.0,39.0,32.0,0,0.5015625,0.125,8192.0,6400000.0,0.5273919092465753
1.0,16.0,1.0,1.0,1.0,1.0,35.0,32.0,0,0.5015625,0.0625,8192.0,6400000.0,0.5273919092465753
1.0,16.0,2.0,1.0,1.0,1.0,39.0,32.0,0,0.5015625,2048.0,0.00390625,6400000.0,0.5273919092465753
16.0,16.0,1.0,4.0,35.0,32.0,1085.0,3072.0,0,0.9078125,0.5,4.0,6400000.0,0.9033657962328766
1.0,16.0,2.0,1.0,1.0,1.0,39.0,32.0,0,0.5015625,8.0,1024.0,6400000.0,0.5273919092465753
1.0,16.0,1.0,1.0,1.0,1.0,35.0,32.0,0,0.5015625,0.25,512.0,6400000.0,0.5273919092465753
16.0,16.0,2.0,5.0,65.0,61.0,2071.0,7712.0,0,0.9078125,0.000976562,0.015625,6400000.0,0.9033657962328766
1.0,16.0,1.0,1.0,1.0,1.0,35.0,32.0,0,0.5015625,1.0,32768.0,6400000.0,0.5273919092465753
1.0,16.0,1.0,1.0,1.0,1.0,35.0,32.0,0,0.5015625,0.5,4096.0,6400000.0,0.5273919092465753
16.0,16.0,2.0,5.0,65.0,61.0,2071.0,7712.0,0,0.940625,8.0,1.0,6400000.0,0.9033657962328766
16.0,16.0,2.0,5.0,65.0,61.0,2071.0,7712.0,0,0.9078125,0.25,0.0625,6400000.0,0.9033657962328766
16.0,16.0,2.0,5.0,65.0,61.0,2071.0,7712.0,0,0.940625,0.25,64.0,6400000.0,0.9088452482876711
16.0,16.0,1.0,4.0,35.0,32.0,1085.0,3072.0,0,0.9078125,1.0,0.03125,6400000.0,0.9033657962328766
16.0,16.0,2.0,5.0,65.0,61.0,2071.0,7712.0,0,0.940625,0.000976562,16.0,6400000.0,0.9033657962328766
1.0,16.0,2.0,1.0,1.0,1.0,39.0,32.0,0,0.5015625,2048.0,4.0,6400000.0,0.5273919092465753
16.0,16.0,2.0,5.0,65.0,61.0,2071.0,7712.0,0,0.940625,16.0,0.0078125,6400000.0,0.9033657962328766
1.0,16.0,2.0,1.0,1.0,1.0,39.0,32.0,0,0.5015625,16.0,8192.0,6400000.0,0.5273919092465753
1.0,16.0,2.0,1.0,1.0,1.0,39.0,32.0,0,0.5015625,0.000976562,16384.0,6400000.0,0.5273919092465753
1.0,16.0,2.0,1.0,1.0,1.0,39.0,32.0,0,0.5015625,128.0,2048.0,6400000.0,0.5273919092465753
16.0,16.0,2.0,5.0,65.0,61.0,2071.0,7712.0,0,0.940625,16.0,8.0,6400000.0,0.9033657962328766
1.0,8.0,8.0,1.0,1.0,1.0,543.0,32.0,0,0.5015625,2048.0,0.25,6400000.0,0.5273919092465753
1.0,16.0,1.0,1.0,1.0,1.0,35.0,32.0,0,0.5015625,16384.0,0.0625,6400000.0,0.5273919092465753
16.0,16.0,1.0,4.0,35.0,32.0,1085.0,3072.0,0,0.9078125,1.0,32.0,6400000.0,0.9033657962328766
16.0,16.0,2.0,5.0,65.0,61.0,2071.0,7712.0,0,0.940625,32.0,0.0625,6400000.0,0.9088452482876711
16.0,16.0,1.0,4.0,35.0,32.0,1085.0,3072.0,0,0.9078125,2.0,0.25,6400000.0,0.9033657962328766
16.0,16.0,2.0,5.0,65.0,61.0,2071.0,7712.0,0,0.9078125,32.0,64.0,6400000.0,0.9088452482876711
16.0,16.0,1.0,4.0,35.0,32.0,1085.0,3072.0,0,0.9078125,4.0,0.00195312,6400000.0,0.9033657962328766
16.0,16.0,2.0,5.0,65.0,61.0,2071.0,7712.0,0,0.9078125,0.00195312,0.125,6400000.0,0.9033657962328766
16.0,16.0,2.0,4.0,61.0,58.0,1961.0,7232.0,0,0.9078125,256.0,0.015625,6400000.0,0.9033657962328766
16.0,16.0,1.0,4.0,35.0,32.0,1085.0,3072.0,0,0.9078125,8.0,0.015625,6400000.0,0.9033657962328766
1.0,16.0,1.0,1.0,1.0,1.0,35.0,32.0,0,0.5015625,8.0,16384.0,6400000.0,0.5273919092465753
16.0,16.0,1.0,4.0,35.0,32.0,1085.0,3072.0,0,0.9078125,16.0,128.0,6400000.0,0.9033657962328766
1.0,16.0,1.0,1.0,1.0,1.0,35.0,32.0,0,0.5015625,16384.0,64.0,6400000.0,0.5273919092465753
16.0,16.0,2.0,5.0,65.0,61.0,2071.0,7712.0,0,0.9078125,0.00195312,128.0,6400000.0,0.9033657962328766
16.0,16.0,2.0,5.0,65.0,61.0,2071.0,7712.0,0,0.9078125,0.0078125,0.00390625,6400000.0,0.9033657962328766
1.0,16.0,2.0,1.0,1.0,1.0,39.0,32.0,0,0.5015625,256.0,16384.0,6400000.0,0.5273919092465753
1.0,16.0,1.0,1.0,1.0,1.0,35.0,32.0,0,0.5015625,4.0,2048.0,6400000.0,0.5273919092465753
16.0,16.0,1.0,4.0,35.0,32.0,1085.0,3072.0,0,0.9078125,32.0,0.000976562,6400000.0,0.9033657962328766
16.0,16.0,1.0,4.0,35.0,32.0,1085.0,3072.0,0,0.9078125,16.0,0.125,6400000.0,0.9033657962328766
16.0,16.0,2.0,5.0,65.0,61.0,2071.0,7712.0,0,0.940625,64.0,0.0,6400000.0,0.9088452482876711
16.0,16.0,2.0,5.0,65.0,61.0,2071.0,7712.0,0,0.940625,64.0,0.5,6400000.0,0.9088452482876711
16.0,16.0,1.0,4.0,35.0,32.0,1085.0,3072.0,0,0.9078125,8.0,16.0,6400000.0,0.9033657962328766
16.0,16.0,2.0,5.0,65.0,61.0,2071.0,7712.0,0,0.9078125,0.5,0.0,6400000.0,0.9033657962328766
16.0,16.0,2.0,4.0,61.0,58.0,1961.0,7232.0,0,0.9078125,256.0,16.0,6400000.0,0.9033657962328766
16.0,16.0,1.0,4.0,35.0,32.0,1085.0,3072.0,0,0.9078125,4.0,2.0,6400000.0,0.9033657962328766
16.0,16.0,1.0,4.0,35.0,32.0,1085.0,3072.0,0,0.75,2.0,256.0,6400000.0,0.7707512842465754
1.0,16.0,2.0,1.0,1.0,1.0,39.0,32.0,0,0.5015625,4096.0,0.03125,6400000.0,0.5273919092465753
1.0,16.0,1.0,1.0,1.0,1.0,35.0,32.0,0,0.5015625,32768.0,0.0,6400000.0,0.5273919092465753
16.0,16.0,1.0,4.0,35.0,32.0,1085.0,3072.0,0,0.9078125,32.0,1.0,6400000.0,0.9033657962328766
1.0,16.0,1.0,1.0,1.0,1.0,35.0,32.0,0,0.5015625,32768.0,512.0,6400000.0,0.5273919092465753
1.0,16.0,2.0,1.0,1.0,1.0,39.0,32.0,0,0.5015625,2048.0,4096.0,6400000.0,0.5273919092465753
1.0,16.0,1.0,1.0,1.0,1.0,35.0,32.0,0,0.5015625,32.0,1024.0,6400000.0,0.5273919092465753
16.0,16.0,1.0,4.0,35.0,32.0,1085.0,3072.0,0,0.9078125,64.0,8.0,6400000.0,0.9033657962328766
1.0,16.0,2.0,1.0,1.0,1.0,39.0,32.0,0,0.5015625,16384.0,1024.0,6400000.0,0.5273919092465753
1.0,8.0,8.0,1.0,1.0,1.0,543.0,32.0,0,0.5015625,2048.0,256.0,6400000.0,0.5273919092465753
16.0,16.0,1.0,4.0,35.0,32.0,1085.0,3072.0,0,0.9078125,64.0,0.0078125,6400000.0,0.9033657962328766
1.0,16.0,2.0,1.0,1.0,1.0,39.0,32.0,0,0.5015625,0.0078125,4096.0,6400000.0,0.5273919092465753
1.0,16.0,1.0,1.0,1.0,1.0,35.0,32.0,0,0.5015625,64.0,8192.0,6400000.0,0.5273919092465753
16.0,16.0,2.0,5.0,65.0,61.0,2071.0,7712.0,0,0.9078125,0.0078125,4.0,6400000.0,0.9033657962328766
16.0,16.0,2.0,5.0,65.0,61.0,2071.0,7712.0,0,0.9078125,0.5,0.5,6400000.0,0.9033657962328766
1.0,16.0,2.0,1.0,1.0,1.0,39.0,32.0,0,0.5015625,64.0,512.0,6400000.0,0.5273919092465753
1.0,8.0,8.0,1.0,1.0,1.0,543.0,32.0,0,0.5015625,4096.0,0.00195312,6400000.0,0.5273919092465753
1.0,8.0,8.0,1.0,1.0,1.0,543.0,32.0,0,0.5015625,4096.0,2.0,6400000.0,0.5273919092465753
1.0,16.0,2.0,1.0,1.0,1.0,39.0,32.0,0,0.5015625,512.0,0.125,6400000.0,0.5273919092465753
1.0,16.0,2.0,1.0,1.0,1.0,39.0,32.0,0,0.5015625,4096.0,32.0,6400000.0,0.5273919092465753
1.0,16.0,2.0,1.0,1.0,1.0,39.0,32.0,0,0.5015625,0.5,512.0,6400000.0,0.5273919092465753
16.0,16.0,1.0,4.0,35.0,32.0,1085.0,3072.0,0,0.9078125,128.0,0.0625,6400000.0,0.9033657962328766
16.0,16.0,1.0,4.0,35.0,32.0,1085.0,3072.0,0,0.9078125,128.0,64.0,6400000.0,0.8157610689823874
16.0,16.0,1.0,4.0,35.0,32.0,1085.0,3072.0,0,0.75,256.0,0.5,6400000.0,0.7707512842465754
1.0,16.0,2.0,1.0,1.0,1.0,39.0,32.0,0,0.5015625,32768.0,0.0078125,6400000.0,0.5273919092465753
1.0,16.0,2.0,1.0,1.0,1.0,39.0,32.0,0,0.5015625,32768.0,8.0,6400000.0,0.5273919092465753
1.0,16.0,2.0,1.0,1.0,1.0,39.0,32.0,0,0.5015625,4096.0,32768.0,6400000.0,0.5273919092465753
1.0,8.0,8.0,1.0,1.0,1.0,543.0,32.0,0,0.5015625,8192.0,0.015625,6400000.0,0.5273919092465753
16.0,16.0,2.0,5.0,65.0,61.0,2071.0,7712.0,0,0.9078125,0.0,0.00390625,6400000.0,0.9033657962328766
1.0,16.0,1.0,1.0,1.0,1.0,35.0,32.0,0,0.5015625,1024.0,32.0,6400000.0,0.5273919092465753
1.0,16.0,1.0,1.0,1.0,1.0,35.0,32.0,0,0.5015625,32768.0,0.5,6400000.0,0.5273919092465753
1.0,16.0,2.0,1.0,1.0,1.0,39.0,32.0,0,0.5015625,32768.0,8192.0,6400000.0,0.5273919092465753
1.0,16.0,1.0,1.0,1.0,1.0,35.0,32.0,0,0.5015625,1024.0,0.03125,6400000.0,0.5273919092465753
16.0,16.0,1.0,4.0,35.0,32.0,1085.0,3072.0,0,0.75,256.0,0.0,6400000.0,0.7707512842465754
1.0,16.0,1.0,1.0,1.0,1.0,35.0,32.0,0,0.5015625,256.0,512.0,6400000.0,0.5273919092465753
1.0,16.0,1.0,1.0,1.0,1.0,35.0,32.0,0,0.5015625,512.0,0.00390625,6400000.0,0.5273919092465753
1.0,8.0,8.0,1.0,1.0,1.0,543.0,32.0,0,0.5015625,8192.0,16.0,6400000.0,0.5273919092465753
1.0,8.0,8.0,1.0,1.0,1.0,543.0,32.0,0,0.5015625,4096.0,2048.0,6400000.0,0.5273919092465753
16.0,16.0,2.0,5.0,65.0,61.0,2071.0,7712.0,0,0.9078125,0.00390625,0.000976562,6400000.0,0.9033657962328766
1.0,16.0,2.0,1.0,1.0,1.0,39.0,32.0,0,0.5015625,512.0,128.0,6400000.0,0.5273919092465753
16.0,16.0,4.0,10.0,134.0,142.0,4397.0,20672.0,0,0.940625,0.0,0.0625,6400000.0,0.9409246575342465
1.0,16.0,1.0,1.0,1.0,1.0,35.0,32.0,0,0.5015625,512.0,4096.0,6400000.0,0.5273919092465753
1.0,8.0,8.0,1.0,1.0,1.0,543.0,32.0,0,0.5015625,16384.0,128.0,6400000.0,0.5273919092465753
1.0,8.0,8.0,1.0,1.0,1.0,543.0,32.0,0,0.5015625,16384.0,0.125,6400000.0,0.5273919092465753
1.0,16.0,1.0,1.0,1.0,1.0,35.0,32.0,0,0.5015625,512.0,4.0,6400000.0,0.5273919092465753
16.0,16.0,4.0,6.0,106.0,104.0,3532.0,14592.0,0,0.940625,0.0,64.0,6400000.0,0.9409246575342465
16.0,16.0,1.0,4.0,35.0,32.0,1085.0,3072.0,0,0.9078125,0.0,0.0078125,6400000.0,0.9033657962328766
16.0,16.0,2.0,5.0,65.0,61.0,2071.0,7712.0,0,0.9078125,0.0,4.0,6400000.0,0.9033657962328766
1.0,16.0,1.0,1.0,1.0,1.0,35.0,32.0,0,0.5015625,1024.0,32768.0,6400000.0,0.5273919092465753
1.0,8.0,8.0,1.0,1.0,1.0,543.0,32.0,0,0.5015625,8192.0,16384.0,6400000.0,0.5273919092465753
16.0,16.0,4.0,11.0,134.0,142.0,4376.0,20672.0,0,0.940625,0.000976562,0.0,6400000.0,0.9409246575342465
1.0,16.0,2.0,1.0,1.0,1.0,39.0,32.0,0,0.5015625,1024.0,0.000976562,6400000.0,0.5273919092465753
1.0,8.0,8.0,1.0,1.0,1.0,543.0,32.0,0,0.5015625,32768.0,1.0,6400000.0,0.5273919092465753
1.0,16.0,1.0,1.0,1.0,1.0,35.0,32.0,0,0.5015625,4096.0,0.00195312,6400000.0,0.5273919092465753
1.0,8.0,8.0,1.0,1.0,1.0,543.0,32.0,0,0.5015625,32768.0,1024.0,6400000.0,0.5273919092465753
16.0,16.0,2.0,5.0,65.0,61.0,2071.0,7712.0,0,0.9078125,0.015625,0.03125,6400000.0,0.9033657962328766
16.0,16.0,2.0,5.0,65.0,61.0,2071.0,7712.0,0,0.940625,0.015625,32.0,6400000.0,0.9088452482876711
16.0,16.0,1.0,4.0,35.0,32.0,1085.0,3072.0,0,0.9078125,0.0,8.0,6400000.0,0.9033657962328766
1.0,16.0,1.0,1.0,1.0,1.0,35.0,32.0,0,0.5015625,2048.0,0.25,6400000.0,0.5273919092465753
1.0,16.0,1.0,1.0,1.0,1.0,35.0,32.0,0,0.5015625,0.0,8192.0,6400000.0,0.5273919092465753
1.0,16.0,1.0,1.0,1.0,1.0,35.0,32.0,0,0.5015625,4096.0,2.0,6400000.0,0.5273919092465753
1.0,8.0,8.0,1.0,1.0,1.0,543.0,32.0,0,0.5015625,32768.0,0.000976562,6400000.0,0.5273919092465753
16.0,16.0,2.0,5.0,65.0,61.0,2071.0,7712.0,0,0.9078125,128.0,0.00390625,6400000.0,0.9033657962328766
1.0,16.0,1.0,1.0,1.0,1.0,35.0,32.0,0,0.5015625,4096.0,2048.0,6400000.0,0.5273919092465753
1.0,16.0,2.0,1.0,1.0,1.0,39.0,32.0,0,0.5015625,0.015625,32768.0,6400000.0,0.5273919092465753
1.0,16.0,2.0,1.0,1.0,1.0,39.0,32.0,0,0.5015625,8192.0,0.25,6400000.0,0.5273919092465753
1.0,16.0,4.0,1.0,1.0,1.0,63.0,32.0,0,0.5015625,0.000976562,512.0,6400000.0,0.5273919092465753
16.0,16.0,2.0,5.0,65.0,61.0,2071.0,7712.0,0,0.9078125,1.0,0.00390625,6400000.0,0.9033657962328766
16.0,16.0,4.0,10.0,134.0,142.0,4397.0,20672.0,0,0.940625,0.000976562,0.5,6400000.0,0.9409246575342465
1.0,16.0,1.0,1.0,1.0,1.0,35.0,32.0,0,0.5015625,2048.0,256.0,6400000.0,0.5273919092465753
16.0,16.0,2.0,5.0,65.0,61.0,2071.0,7712.0,0,0.9078125,0.00390625,1.0,6400000.0,0.9033657962328766
16.0,16.0,1.0,4.0,35.0,32.0,1085.0,3072.0,0,0.9078125,0.00195312,0.0,6400000.0,0.9033657962328766
16.0,16.0,1.0,4.0,35.0,32.0,1085.0,3072.0,0,0.9078125,0.000976562,0.0625,6400000.0,0.9033657962328766
16.0,16.0,2.0,5.0,65.0,61.0,2071.0,7712.0,0,0.9078125,1.0,4.0,6400000.0,0.9033657962328766
1.0,16.0,2.0,1.0,1.0,1.0,39.0,32.0,0,0.5015625,0.00390625,1024.0,6400000.0,0.5273919092465753
1.0,16.0,1.0,1.0,1.0,1.0,35.0,32.0,0,0.5015625,8192.0,0.015625,6400000.0,0.5273919092465753
16.0,16.0,1.0,4.0,35.0,32.0,1085.0,3072.0,0,0.9078125,0.00390625,0.00390625,6400000.0,0.9033657962328766
16.0,16.0,1.0,4.0,35.0,32.0,1085.0,3072.0,0,0.9078125,0.00195312,0.5,6400000.0,0.9033657962328766
16.0,16.0,2.0,5.0,64.0,60.0,2038.0,7552.0,0,0.9078125,128.0,4.0,6400000.0,0.9033657962328766
16.0,16.0,2.0,5.0,65.0,61.0,2071.0,7712.0,0,0.9078125,0.03125,0.25,6400000.0,0.9033657962328766
16.0,16.0,2.0,4.0,61.0,58.0,1961.0,7232.0,0,0.9078125,0.03125,256.0,6400000.0,0.9033657962328766
16.0,16.0,4.0,11.0,134.0,142.0,4376.0,20672.0,0,0.940625,0.00195312,0.00390625,6400000.0,0.9409246575342465
16.0,16.0,2.0,5.0,65.0,61.0,2071.0,7712.0,0,0.940625,2.0,32.0,6400000.0,0.9088452482876711
16.0,16.0,2.0,5.0,65.0,61.0,2071.0,7712.0,0,0.9078125,0.0625,0.00195312,6400000.0,0.9033657962328766
1.0,16.0,1.0,1.0,1.0,1.0,35.0,32.0,0,0.5015625,8192.0,16.0,6400000.0,0.5273919092465753
16.0,16.0,1.0,4.0,35.0,32.0,1085.0,3072.0,0,0.9078125,0.000976562,64.0,6400000.0,0.9033657962328766
16.0,16.0,1.0,4.0,35.0,32.0,1085.0,3072.0,0,0.9078125,0.00390625,4.0,6400000.0,0.9033657962328766
1.0,16.0,2.0,1.0,1.0,1.0,39.0,32.0,0,0.5015625,1024.0,1.0,6400000.0,0.5273919092465753
1.0,16.0,2.0,1.0,1.0,1.0,39.0,32.0,0,0.5015625,1.0,4096.0,6400000.0,0.5273919092465753
16.0,16.0,1.0,4.0,35.0,32.0,1085.0,3072.0,0,0.9078125,0.0078125,32.0,6400000.0,0.9033657962328766
16.0,16.0,2.0,5.0,65.0,61.0,2071.0,7712.0,0,0.9078125,2.0,0.03125,6400000.0,0.9033657962328766
1.0,16.0,1.0,1.0,1.0,1.0,35.0,32.0,0,0.5015625,0.00390625,4096.0,6400000.0,0.5273919092465753
16.0,16.0,1.0,4.0,35.0,32.0,1085.0,3072.0,0,0.9078125,0.0078125,0.03125,6400000.0,0.9033657962328766
1.0,16.0,1.0,1.0,1.0,1.0,35.0,32.0,0,0.5015625,0.0078125,32768.0,6400000.0,0.5273919092465753
1.0,16.0,2.0,1.0,1.0,1.0,39.0,32.0,0,0.5015625,0.0,4096.0,6400000.0,0.5273919092465753
16.0,16.0,1.0,4.0,35.0,32.0,1085.0,3072.0,0,0.75,0.015625,256.0,6400000.0,0.7707512842465754
16.0,16.0,2.0,5.0,65.0,61.0,2071.0,7712.0,0,0.9078125,0.0625,2.0,6400000.0,0.9033657962328766
16.0,16.0,1.0,4.0,35.0,32.0,1085.0,3072.0,0,0.9078125,0.015625,0.25,6400000.0,0.9033657962328766
16.0,16.0,2.0,5.0,65.0,61.0,2071.0,7712.0,0,0.9078125,0.125,0.015625,6400000.0,0.9033657962328766
16.0,16.0,1.0,4.0,35.0,32.0,1085.0,3072.0,0,0.9078125,0.03125,0.00195312,6400000.0,0.9033657962328766
16.0,16.0,1.0,4.0,35.0,32.0,1085.0,3072.0,0,0.9078125,0.03125,2.0,6400000.0,0.9033657962328766
1.0,16.0,1.0,1.0,1.0,1.0,35.0,32.0,0,0.5015625,8192.0,16384.0,6400000.0,0.5273919092465753
1.0,16.0,1.0,1.0,1.0,1.0,35.0,32.0,0,0.5015625,0.00195312,512.0,6400000.0,0.5273919092465753
1.0,16.0,2.0,1.0,1.0,1.0,39.0,32.0,0,0.5015625,2.0,32768.0,6400000.0,0.5273919092465753
1.0,16.0,1.0,1.0,1.0,1.0,35.0,32.0,0,0.5015625,0.03125,2048.0,6400000.0,0.5273919092465753
1.0,16.0,2.0,1.0,1.0,1.0,39.0,32.0,0,0.5015625,1024.0,1024.0,6400000.0,0.5273919092465753
16.0,16.0,4.0,9.0,139.0,142.0,4579.0,20672.0,0,0.940625,0.00195312,4.0,6400000.0,0.9409246575342465
16.0,16.0,2.0,5.0,65.0,61.0,2071.0,7712.0,0,0.9078125,4.0,0.25,6400000.0,0.9033657962328766
16.0,16.0,1.0,4.0,35.0,32.0,1085.0,3072.0,0,0.9078125,0.0625,16.0,6400000.0,0.9033657962328766
16.0,16.0,1.0,4.0,35.0,32.0,1085.0,3072.0,0,0.9078125,0.125,128.0,6400000.0,0.9033657962328766
1.0,16.0,2.0,1.0,1.0,1.0,39.0,32.0,0,0.5015625,0.0625,2048.0,6400000.0,0.5273919092465753
16.0,16.0,2.0,4.0,61.0,58.0,1961.0,7232.0,0,0.9078125,4.0,256.0,6400000.0,0.9033657962328766
1.0,16.0,4.0,1.0,1.0,1.0,63.0,32.0,0,0.5015625,0.00195312,4096.0,6400000.0,0.5273919092465753
16.0,16.0,1.0,4.0,35.0,32.0,1085.0,3072.0,0,0.9078125,0.0625,0.015625,6400000.0,0.9033657962328766
16.0,16.0,4.0,10.0,134.0,142.0,4397.0,20672.0,0,0.940625,0.00390625,0.03125,6400000.0,0.9409246575342465
16.0,16.0,1.0,4.0,35.0,32.0,1085.0,3072.0,0,0.9078125,0.25,1.0,6400000.0,0.9033657962328766
16.0,16.0,1.0,4.0,35.0,32.0,1085.0,3072.0,0,0.9078125,0.25,0.000976562,6400000.0,0.9033657962328766
1.0,16.0,2.0,1.0,1.0,1.0,39.0,32.0,0,0.5015625,16384.0,2.0,6400000.0,0.5273919092465753
16.0,16.0,2.0,5.0,65.0,61.0,2071.0,7712.0,0,0.940625,0.125,16.0,6400000.0,0.9033657962328766
1.0,16.0,2.0,1.0,1.0,1.0,39.0,32.0,0,0.5015625,8192.0,256.0,6400000.0,0.5273919092465753
1.0,16.0,2.0,1.0,1.0,1.0,39.0,32.0,0,0.5015625,16384.0,0.00195312,6400000.0,0.5273919092465753
16.0,16.0,1.0,4.0,35.0,32.0,1085.0,3072.0,0,0.9078125,0.125,0.125,6400000.0,0.9033657962328766
16.0,16.0,4.0,7.0,113.0,112.0,3743.0,15872.0,0,0.940625,0.00390625,32.0,6400000.0,0.9409246575342465
16.0,16.0,1.0,4.0,35.0,32.0,1085.0,3072.0,0,0.9078125,0.5,0.0078125,6400000.0,0.9033657962328766
16.0,16.0,2.0,5.0,65.0,61.0,2071.0,7712.0,0,0.940625,8.0,0.00195312,6400000.0,0.9033657962328766
1.0,16.0,2.0,1.0,1.0,1.0,39.0,32.0,0,0.5015625,0.125,16384.0,6400000.0,0.5273919092465753
1.0,16.0,1.0,1.0,1.0,1.0,35.0,32.0,0,0.5015625,0.0625,16384.0,6400000.0,0.5273919092465753
1.0,16.0,2.0,1.0,1.0,1.0,39.0,32.0,0,0.5015625,8.0,2048.0,6400000.0,0.5273919092465753
1.0,16.0,2.0,1.0,1.0,1.0,39.0,32.0,0,0.5015625,2048.0,0.0078125,6400000.0,0.5273919092465753
16.0,16.0,2.0,5.0,65.0,61.0,2071.0,7712.0,0,0.9078125,0.000976562,0.03125,6400000.0,0.9033657962328766
16.0,16.0,1.0,4.0,35.0,32.0,1085.0,3072.0,0,0.9078125,0.5,8.0,6400000.0,0.9033657962328766
1.0,16.0,1.0,1.0,1.0,1.0,35.0,32.0,0,0.5015625,0.5,8192.0,6400000.0,0.5273919092465753
16.0,16.0,1.0,4.0,35.0,32.0,1085.0,3072.0,0,0.9078125,2.0,0.0,6400000.0,0.9033657962328766
16.0,16.0,2.0,5.0,65.0,61.0,2071.0,7712.0,0,0.940625,8.0,2.0,6400000.0,0.9033657962328766
16.0,16.0,2.0,5.0,65.0,61.0,2071.0,7712.0,0,0.940625,0.000976562,32.0,6400000.0,0.9088452482876711
1.0,16.0,1.0,1.0,1.0,1.0,35.0,32.0,0,0.5015625,0.25,1024.0,6400000.0,0.5273919092465753
16.0,16.0,2.0,5.0,65.0,61.0,2071.0,7712.0,0,0.9078125,0.25,0.125,6400000.0,0.9033657962328766
1.0,16.0,2.0,1.0,1.0,1.0,39.0,32.0,0,0.5015625,2048.0,8.0,6400000.0,0.5273919092465753
16.0,16.0,2.0,5.0,65.0,61.0,2071.0,7712.0,0,0.9078125,0.25,128.0,6400000.0,0.9033657962328766
1.0,16.0,2.0,1.0,1.0,1.0,39.0,32.0,0,0.5015625,16.0,16384.0,6400000.0,0.5273919092465753
16.0,16.0,1.0,4.0,35.0,32.0,1085.0,3072.0,0,0.9078125,1.0,0.0625,6400000.0,0.9033657962328766
16.0,16.0,2.0,5.0,65.0,61.0,2071.0,7712.0,0,0.940625,16.0,0.015625,6400000.0,0.9033657962328766
16.0,16.0,2.0,5.0,65.0,61.0,2071.0,7712.0,0,0.940625,16.0,16.0,6400000.0,0.9088452482876711
1.0,16.0,2.0,1.0,1.0,1.0,39.0,32.0,0,0.5015625,0.000976562,32768.0,6400000.0,0.5273919092465753
1.0,16.0,1.0,1.0,1.0,1.0,35.0,32.0,0,0.5015625,16384.0,0.125,6400000.0,0.5273919092465753
1.0,16.0,4.0,1.0,1.0,1.0,63.0,32.0,0,0.5015625,0.00390625,32768.0,6400000.0,0.5273919092465753
1.0,16.0,2.0,1.0,1.0,1.0,39.0,32.0,0,0.5015625,128.0,4096.0,6400000.0,0.5273919092465753
16.0,16.0,1.0,4.0,35.0,32.0,1085.0,3072.0,0,0.9078125,1.0,64.0,6400000.0,0.9033657962328766
16.0,16.0,2.0,4.0,63.0,60.0,2027.0,7552.0,0,0.9078125,32.0,128.0,6400000.0,0.9033657962328766
16.0,16.0,2.0,5.0,65.0,61.0,2071.0,7712.0,0,0.940625,32.0,0.125,6400000.0,0.9088452482876711
16.0,16.0,1.0,4.0,35.0,32.0,1085.0,3072.0,0,0.9078125,2.0,0.5,6400000.0,0.9033657962328766
16.0,16.0,1.0,4.0,35.0,32.0,1085.0,3072.0,0,0.9078125,8.0,0.03125,6400000.0,0.9033657962328766
16.0,16.0,2.0,5.0,65.0,61.0,2071.0,7712.0,0,0.9078125,0.00195312,0.25,6400000.0,0.9033657962328766
16.0,16.0,1.0,4.0,35.0,32.0,1085.0,3072.0,0,0.9078125,4.0,0.00390625,6400000.0,0.9033657962328766
16.0,16.0,2.0,4.0,61.0,58.0,1961.0,7232.0,0,0.9078125,256.0,0.03125,6400000.0,0.9033657962328766
1.0,16.0,1.0,1.0,1.0,1.0,35.0,32.0,0,0.5015625,8.0,32768.0,6400000.0,0.5273919092465753
16.0,16.0,1.0,3.0,34.0,32.0,1073.0,3072.0,0,0.75,16.0,256.0,6400000.0,0.7707512842465754
1.0,16.0,2.0,1.0,1.0,1.0,39.0,32.0,0,0.5015625,256.0,32768.0,6400000.0,0.5273919092465753
16.0,16.0,2.0,5.0,65.0,61.0,2071.0,7712.0,0,0.9078125,0.0078125,0.0078125,6400000.0,0.9033657962328766
16.0,16.0,1.0,4.0,35.0,32.0,1085.0,3072.0,0,0.9078125,32.0,0.00195312,6400000.0,0.9033657962328766
1.0,16.0,1.0,1.0,1.0,1.0,35.0,32.0,0,0.5015625,16384.0,128.0,6400000.0,0.5273919092465753
1.0,16.0,1.0,1.0,1.0,1.0,35.0,32.0,0,0.5015625,4.0,4096.0,6400000.0,0.5273919092465753
16.0,16.0,2.0,5.0,65.0,61.0,2071.0,7712.0,0,0.940625,64.0,0.000976562,6400000.0,0.9088452482876711
16.0,16.0,1.0,4.0,35.0,32.0,1085.0,3072.0,0,0.9078125,16.0,0.25,6400000.0,0.9033657962328766
16.0,16.0,2.0,5.0,65.0,61.0,2071.0,7712.0,0,0.940625,64.0,1.0,6400000.0,0.9088452482876711
16.0,16.0,1.0,4.0,35.0,32.0,1085.0,3072.0,0,0.9078125,8.0,32.0,6400000.0,0.9033657962328766
16.0,16.0,1.0,4.0,35.0,32.0,1085.0,3072.0,0,0.9078125,4.0,4.0,6400000.0,0.9033657962328766
16.0,16.0,2.0,4.0,61.0,58.0,1961.0,7232.0,0,0.9078125,0.00195312,256.0,6400000.0,0.9033657962328766
16.0,16.0,2.0,4.0,60.0,57.0,1928.0,7072.0,0,0.9078125,256.0,32.0,6400000.0,0.9033657962328766
16.0,16.0,2.0,5.0,65.0,61.0,2071.0,7712.0,0,0.9078125,0.5,0.000976562,6400000.0,0.9033657962328766
1.0,16.0,1.0,1.0,1.0,1.0,35.0,32.0,0,0.5015625,2.0,512.0,6400000.0,0.5273919092465753
1.0,16.0,1.0,1.0,1.0,1.0,35.0,32.0,0,0.5015625,32768.0,0.000976562,6400000.0,0.5273919092465753
1.0,16.0,2.0,1.0,1.0,1.0,39.0,32.0,0,0.5015625,4096.0,0.0625,6400000.0,0.5273919092465753
16.0,16.0,1.0,4.0,35.0,32.0,1085.0,3072.0,0,0.9078125,32.0,2.0,6400000.0,0.9033657962328766
1.0,16.0,1.0,1.0,1.0,1.0,35.0,32.0,0,0.5015625,32768.0,1024.0,6400000.0,0.5273919092465753
1.0,16.0,2.0,1.0,1.0,1.0,39.0,32.0,0,0.5015625,16384.0,2048.0,6400000.0,0.5273919092465753
1.0,16.0,1.0,1.0,1.0,1.0,35.0,32.0,0,0.5015625,32.0,2048.0,6400000.0,0.5273919092465753
1.0,16.0,2.0,1.0,1.0,1.0,39.0,32.0,0,0.5015625,2048.0,8192.0,6400000.0,0.5273919092465753
16.0,16.0,1.0,4.0,35.0,32.0,1085.0,3072.0,0,0.9078125,64.0,16.0,6400000.0,0.9033657962328766
1.0,16.0,1.0,1.0,1.0,1.0,35.0,32.0,0,0.5015625,64.0,16384.0,6400000.0,0.5273919092465753
16.0,16.0,2.0,5.0,65.0,61.0,2071.0,7712.0,0,0.940625,0.0078125,8.0,6400000.0,0.9033657962328766
1.0,16.0,2.0,1.0,1.0,1.0,39.0,32.0,0,0.5015625,0.0078125,8192.0,6400000.0,0.5273919092465753
16.0,16.0,4.0,10.0,134.0,142.0,4397.0,20672.0,0,0.940625,0.0078125,0.25,6400000.0,0.9409246575342465
16.0,16.0,1.0,4.0,35.0,32.0,1085.0,3072.0,0,0.9078125,64.0,0.015625,6400000.0,0.9033657962328766
16.0,16.0,2.0,5.0,65.0,61.0,2071.0,7712.0,0,0.9078125,0.5,1.0,6400000.0,0.9033657962328766
1.0,16.0,2.0,1.0,1.0,1.0,39.0,32.0,0,0.5015625,64.0,1024.0,6400000.0,0.5273919092465753
16.0,16.0,4.0,5.0,99.0,97.0,3307.0,13472.0,0,0.940625,0.0078125,256.0,6400000.0,0.9303571428571427
16.0,16.0,1.0,4.0,35.0,32.0,1085.0,3072.0,0,0.75,256.0,1.0,6400000.0,0.7707512842465754
16.0,16.0,4.0,10.0,134.0,142.0,4397.0,20672.0,0,0.940625,0.015625,0.00195312,6400000.0,0.9409246575342465
1.0,16.0,2.0,1.0,1.0,1.0,39.0,32.0,0,0.5015625,8192.0,0.0,6400000.0,0.5273919092465753
1.0,16.0,2.0,1.0,1.0,1.0,39.0,32.0,0,0.5015625,0.5,1024.0,6400000.0,0.5273919092465753
1.0,16.0,2.0,1.0,1.0,1.0,39.0,32.0,0,0.5015625,4096.0,64.0,6400000.0,0.5273919092465753
1.0,16.0,2.0,1.0,1.0,1.0,39.0,32.0,0,0.5015625,512.0,0.25,6400000.0,0.5273919092465753
16.0,16.0,1.0,4.0,35.0,32.0,1085.0,3072.0,0,0.9078125,128.0,0.125,6400000.0,0.9033657962328766
1.0,16.0,2.0,1.0,1.0,1.0,39.0,32.0,0,0.5015625,32768.0,16.0,6400000.0,0.5273919092465753
1.0,16.0,1.0,1.0,1.0,1.0,35.0,32.0,0,0.5015625,32768.0,1.0,6400000.0,0.5273919092465753
1.0,16.0,2.0,1.0,1.0,1.0,39.0,32.0,0,0.5015625,32768.0,0.015625,6400000.0,0.5273919092465753
16.0,16.0,4.0,10.0,140.0,142.0,4605.0,20672.0,0,0.940625,0.015625,2.0,6400000.0,0.9409246575342465
16.0,16.0,1.0,4.0,35.0,32.0,1085.0,3072.0,0,0.75,128.0,128.0,6400000.0,0.7707512842465754
1.0,16.0,1.0,1.0,1.0,1.0,35.0,32.0,0,0.5015625,1024.0,64.0,6400000.0,0.5273919092465753
16.0,16.0,2.0,5.0,65.0,61.0,2071.0,7712.0,0,0.9078125,0.0,0.0078125,6400000.0,0.9033657962328766
1.0,16.0,1.0,1.0,1.0,1.0,35.0,32.0,0,0.5015625,256.0,1024.0,6400000.0,0.5273919092465753
1.0,16.0,2.0,1.0,1.0,1.0,39.0,32.0,0,0.5015625,32768.0,16384.0,6400000.0,0.5273919092465753
16.0,16.0,1.0,4.0,35.0,32.0,1085.0,3072.0,0,0.75,256.0,0.000976562,6400000.0,0.7707512842465754
1.0,16.0,1.0,1.0,1.0,1.0,35.0,32.0,0,0.5015625,512.0,0.0078125,6400000.0,0.5273919092465753
1.0,16.0,1.0,1.0,1.0,1.0,35.0,32.0,0,0.5015625,1024.0,0.0625,6400000.0,0.5273919092465753
1.0,16.0,4.0,1.0,1.0,1.0,63.0,32.0,0,0.5015625,0.015625,2048.0,6400000.0,0.5273919092465753
16.0,16.0,2.0,5.0,65.0,61.0,2071.0,7712.0,0,0.9078125,0.00390625,0.00195312,6400000.0,0.9033657962328766
1.0,16.0,2.0,1.0,1.0,1.0,39.0,32.0,0,0.5015625,512.0,256.0,6400000.0,0.5273919092465753
1.0,16.0,1.0,1.0,1.0,1.0,35.0,32.0,0,0.5015625,512.0,8.0,6400000.0,0.5273919092465753
16.0,16.0,4.0,10.0,134.0,142.0,4397.0,20672.0,0,0.940625,0.03125,0.015625,6400000.0,0.9409246575342465
16.0,16.0,4.0,8.0,116.0,117.0,3823.0,16672.0,0,0.940625,0.03125,16.0,6400000.0,0.9409246575342465
1.0,16.0,1.0,1.0,1.0,1.0,35.0,32.0,0,0.5015625,512.0,8192.0,6400000.0,0.5273919092465753
16.0,16.0,2.0,5.0,65.0,61.0,2071.0,7712.0,0,0.940625,0.0,8.0,6400000.0,0.9033657962328766
16.0,16.0,4.0,10.0,134.0,142.0,4397.0,20672.0,0,0.940625,0.0,0.125,6400000.0,0.9409246575342465
1.0,16.0,1.0,1.0,1.0,1.0,35.0,32.0,0,0.5015625,2048.0,0.0,6400000.0,0.5273919092465753
1.0,16.0,4.0,1.0,1.0,1.0,63.0,32.0,0,0.5015625,0.03125,16384.0,6400000.0,0.5273919092465753
16.0,16.0,4.0,5.0,99.0,97.0,3307.0,13472.0,0,0.940625,0.0,128.0,6400000.0,0.9409246575342465
1.0,16.0,2.0,1.0,1.0,1.0,39.0,32.0,0,0.5015625,1024.0,0.00195312,6400000.0,0.5273919092465753
1.0,16.0,1.0,1.0,1.0,1.0,35.0,32.0,0,0.5015625,4096.0,0.00390625,6400000.0,0.5273919092465753
16.0,16.0,4.0,10.0,134.0,142.0,4397.0,20672.0,0,0.940625,0.0625,0.125,6400000.0,0.9409246575342465
16.0,16.0,4.0,5.0,99.0,97.0,3307.0,13472.0,0,0.940625,0.0625,128.0,6400000.0,0.9409246575342465
16.0,16.0,2.0,5.0,65.0,61.0,2071.0,7712.0,0,0.9078125,0.015625,0.0625,6400000.0,0.9033657962328766
16.0,16.0,4.0,10.0,134.0,142.0,4397.0,20672.0,0,0.940625,0.125,0.000976562,6400000.0,0.9409246575342465
16.0,16.0,4.0,11.0,134.0,142.0,4376.0,20672.0,0,0.940625,0.000976562,0.000976562,6400000.0,0.9409246575342465
1.0,16.0,4.0,1.0,1.0,1.0,63.0,32.0,0,0.5015625,0.125,1024.0,6400000.0,0.5273919092465753
1.0,16.0,1.0,1.0,1.0,1.0,35.0,32.0,0,0.5015625,4096.0,4.0,6400000.0,0.5273919092465753
16.0,16.0,2.0,5.0,65.0,61.0,2071.0,7712.0,0,0.940625,0.015625,64.0,6400000.0,0.9088452482876711
16.0,16.0,4.0,10.0,134.0,142.0,4397.0,20672.0,0,0.940625,0.25,0.0078125,6400000.0,0.9409246575342465
16.0,16.0,4.0,10.0,141.0,142.0,4637.0,20672.0,0,0.940625,0.125,1.0,6400000.0,0.9409246575342465
16.0,16.0,4.0,9.0,136.0,141.0,4466.0,20512.0,0,0.940625,0.25,8.0,6400000.0,0.9409246575342465
16.0,16.0,2.0,5.0,65.0,61.0,2071.0,7712.0,0,0.9078125,128.0,0.0078125,6400000.0,0.9033657962328766
1.0,16.0,1.0,1.0,1.0,1.0,35.0,32.0,0,0.5015625,2048.0,0.5,6400000.0,0.5273919092465753
1.0,16.0,4.0,1.0,1.0,1.0,63.0,32.0,0,0.5015625,0.000976562,1024.0,6400000.0,0.5273919092465753
1.0,16.0,2.0,1.0,1.0,1.0,39.0,32.0,0,0.5015625,8192.0,0.5,6400000.0,0.5273919092465753
16.0,16.0,2.0,5.0,65.0,61.0,2071.0,7712.0,0,0.9078125,0.03125,0.0,6400000.0,0.9033657962328766
16.0,16.0,4.0,10.0,134.0,142.0,4397.0,20672.0,0,0.940625,0.000976562,1.0,6400000.0,0.9409246575342465
16.0,16.0,2.0,5.0,65.0,61.0,2071.0,7712.0,0,0.9078125,0.00390625,2.0,6400000.0,0.9033657962328766
16.0,16.0,2.0,5.0,65.0,61.0,2071.0,7712.0,0,0.9078125,1.0,0.0078125,6400000.0,0.9033657962328766
1.0,16.0,1.0,1.0,1.0,1.0,35.0,32.0,0,0.5015625,4096.0,4096.0,6400000.0,0.5273919092465753
1.0,16.0,1.0,1.0,1.0,1.0,35.0,32.0,0,0.5015625,2048.0,512.0,6400000.0,0.5273919092465753
16.0,16.0,2.0,5.0,65.0,61.0,2071.0,7712.0,0,0.940625,1.0,8.0,6400000.0,0.9033657962328766
1.0,16.0,4.0,1.0,1.0,1.0,63.0,32.0,0,0.5015625,0.25,8192.0,6400000.0,0.5273919092465753
1.0,16.0,2.0,1.0,1.0,1.0,39.0,32.0,0,0.5015625,0.00390625,2048.0,6400000.0,0.5273919092465753
16.0,16.0,2.0,5.0,64.0,60.0,2038.0,7552.0,0,0.9078125,128.0,8.0,6400000.0,0.9033657962328766
1.0,16.0,1.0,1.0,1.0,1.0,35.0,32.0,0,0.5015625,8192.0,0.03125,6400000.0,0.5273919092465753
16.0,16.0,4.0,10.0,134.0,142.0,4397.0,20672.0,0,0.940625,0.5,0.0625,6400000.0,0.9409246575342465
16.0,16.0,4.0,10.0,134.0,142.0,4397.0,20672.0,0,0.940625,1.0,0.0,6400000.0,0.9409246575342465
16.0,16.0,4.0,6.0,106.0,104.0,3532.0,14592.0,0,0.940625,0.5,64.0,6400000.0,0.9409246575342465
16.0,16.0,2.0,5.0,65.0,61.0,2071.0,7712.0,0,0.9078125,0.03125,0.5,6400000.0,0.9033657962328766
1.0,16.0,2.0,1.0,1.0,1.0,39.0,32.0,0,0.5015625,0.03125,512.0,6400000.0,0.5273919092465753
16.0,16.0,4.0,11.0,134.0,142.0,4376.0,20672.0,0,0.940625,0.00195312,0.0078125,6400000.0,0.9409246575342465
1.0,16.0,2.0,1.0,1.0,1.0,39.0,32.0,0,0.5015625,1024.0,2.0,6400000.0,0.5273919092465753
16.0,16.0,2.0,5.0,65.0,61.0,2071.0,7712.0,0,0.940625,2.0,64.0,6400000.0,0.9088452482876711
1.0,16.0,1.0,1.0,1.0,1.0,35.0,32.0,0,0.5015625,8192.0,32.0,6400000.0,0.5273919092465753
16.0,16.0,4.0,10.0,140.0,142.0,4605.0,20672.0,0,0.940625,1.0,0.5,6400000.0,0.9409246575342465
1.0,16.0,2.0,1.0,1.0,1.0,39.0,32.0,0,0.5015625,1.0,8192.0,6400000.0,0.5273919092465753
16.0,16.0,2.0,5.0,65.0,61.0,2071.0,7712.0,0,0.9078125,2.0,0.0625,6400000.0,0.9033657962328766
16.0,16.0,2.0,5.0,65.0,61.0,2071.0,7712.0,0,0.9078125,0.0625,0.00390625,6400000.0,0.9033657962328766
1.0,16.0,4.0,1.0,1.0,1.0,63.0,32.0,0,0.5015625,2.0,4096.0,6400000.0,0.5273919092465753
16.0,16.0,4.0,9.0,139.0,142.0,4579.0,20672.0,0,0.940625,2.0,4.0,6400000.0,0.9409246575342465
1.0,16.0,4.0,1.0,1.0,1.0,63.0,32.0,0,0.5015625,1.0,512.0,6400000.0,0.5273919092465753
16.0,16.0,4.0,10.0,140.0,142.0,4605.0,20672.0,0,0.940625,2.0,0.00390625,6400000.0,0.9409246575342465
1.0,16.0,2.0,1.0,1.0,1.0,39.0,32.0,0,0.5015625,0.0,8192.0,6400000.0,0.5273919092465753
16.0,16.0,4.0,9.0,139.0,142.0,4579.0,20672.0,0,0.940625,4.0,0.03125,6400000.0,0.9409246575342465
16.0,16.0,2.0,5.0,65.0,61.0,2071.0,7712.0,0,0.9078125,0.0625,4.0,6400000.0,0.9033657962328766
16.0,16.0,4.0,7.0,113.0,111.0,3742.0,15712.0,0,0.940625,4.0,32.0,6400000.0,0.9409246575342465
16.0,16.0,2.0,5.0,65.0,61.0,2071.0,7712.0,0,0.9078125,0.125,0.03125,6400000.0,0.9033657962328766
1.0,16.0,1.0,1.0,1.0,1.0,35.0,32.0,0,0.5015625,8192.0,32768.0,6400000.0,0.5273919092465753
1.0,16.0,4.0,1.0,1.0,1.0,63.0,32.0,0,0.5015625,4.0,32768.0,6400000.0,0.5273919092465753
16.0,16.0,4.0,9.0,136.0,141.0,4466.0,20512.0,0,0.940625,8.0,0.25,6400000.0,0.9409246575342465
16.0,16.0,4.0,5.0,99.0,97.0,3307.0,13472.0,0,0.940625,8.0,256.0,6400000.0,0.9303571428571427
16.0,16.0,4.0,8.0,116.0,117.0,3823.0,16672.0,0,0.940625,16.0,0.00195312,6400000.0,0.9409246575342465
16.0,16.0,4.0,8.0,115.0,115.0,3789.0,16352.0,0,0.940625,16.0,2.0,6400000.0,0.9409246575342465
16.0,16.0,2.0,5.0,65.0,61.0,2071.0,7712.0,0,0.9078125,4.0,0.0,6400000.0,0.9033657962328766
1.0,16.0,4.0,1.0,1.0,1.0,63.0,32.0,0,0.5015625,16.0,2048.0,6400000.0,0.5273919092465753
1.0,16.0,2.0,1.0,1.0,1.0,39.0,32.0,0,0.5015625,1024.0,2048.0,6400000.0,0.5273919092465753
16.0,16.0,4.0,9.0,138.0,141.0,4546.0,20512.0,0,0.940625,0.00195312,8.0,6400000.0,0.9409246575342465
1.0,16.0,2.0,1.0,1.0,1.0,39.0,32.0,0,0.5015625,4.0,512.0,6400000.0,0.5273919092465753
1.0,16.0,4.0,1.0,1.0,1.0,63.0,32.0,0,0.5015625,0.00195312,8192.0,6400000.0,0.5273919092465753
16.0,16.0,2.0,5.0,65.0,61.0,2071.0,7712.0,0,0.9078125,4.0,0.5,6400000.0,0.9033657962328766
16.0,16.0,4.0,7.0,113.0,112.0,3743.0,15872.0,0,0.940625,32.0,0.015625,6400000.0,0.9409246575342465
1.0,16.0,2.0,1.0,1.0,1.0,39.0,32.0,0,0.5015625,0.0625,4096.0,6400000.0,0.5273919092465753
16.0,16.0,2.0,5.0,65.0,61.0,2071.0,7712.0,0,0.940625,8.0,0.00390625,6400000.0,0.9033657962328766
16.0,16.0,4.0,10.0,134.0,142.0,4397.0,20672.0,0,0.940625,0.00390625,0.0625,6400000.0,0.9409246575342465
1.0,16.0,2.0,1.0,1.0,1.0,39.0,32.0,0,0.5015625,16384.0,0.00390625,6400000.0,0.5273919092465753
1.0,16.0,2.0,1.0,1.0,1.0,39.0,32.0,0,0.5015625,16384.0,4.0,6400000.0,0.5273919092465753
16.0,16.0,4.0,7.0,111.0,108.0,3675.0,15232.0,0,0.940625,32.0,16.0,6400000.0,0.9409246575342465
1.0,16.0,4.0,1.0,1.0,1.0,63.0,32.0,0,0.5015625,32.0,16384.0,6400000.0,0.5273919092465753
16.0,16.0,2.0,5.0,65.0,61.0,2071.0,7712.0,0,0.940625,0.125,32.0,6400000.0,0.9088452482876711
16.0,16.0,4.0,5.0,99.0,97.0,3307.0,13472.0,0,0.940625,64.0,128.0,6400000.0,0.9409246575342465
1.0,16.0,2.0,1.0,1.0,1.0,39.0,32.0,0,0.5015625,8192.0,512.0,6400000.0,0.5273919092465753
16.0,16.0,4.0,6.0,106.0,104.0,3532.0,14592.0,0,0.940625,0.00390625,64.0,6400000.0,0.9409246575342465
16.0,16.0,4.0,6.0,106.0,104.0,3532.0,14592.0,0,0.940625,64.0,0.125,6400000.0,0.9409246575342465
16.0,16.0,4.0,5.0,99.0,97.0,3307.0,13472.0,0,0.940625,128.0,0.000976562,6400000.0,0.9409246575342465
1.0,16.0,2.0,1.0,1.0,1.0,39.0,32.0,0,0.5015625,0.125,32768.0,6400000.0,0.5273919092465753
1.0,16.0,2.0,1.0,1.0,1.0,39.0,32.0,0,0.5015625,2048.0,0.015625,6400000.0,0.5273919092465753
16.0,16.0,2.0,5.0,65.0,61.0,2071.0,7712.0,0,0.9078125,0.000976562,0.0625,6400000.0,0.9033657962328766
16.0,16.0,4.0,5.0,99.0,97.0,3307.0,13472.0,0,0.940625,128.0,1.0,6400000.0,0.9409246575342465
1.0,16.0,2.0,1.0,1.0,1.0,39.0,32.0,0,0.5015625,8.0,4096.0,6400000.0,0.5273919092465753
1.0,16.0,4.0,1.0,1.0,1.0,63.0,32.0,0,0.5015625,128.0,1024.0,6400000.0,0.5273919092465753
16.0,16.0,4.0,5.0,99.0,97.0,3307.0,13472.0,0,0.940625,256.0,0.0078125,6400000.0,0.9303571428571427
1.0,16.0,4.0,1.0,1.0,1.0,63.0,32.0,0,0.5015625,256.0,8192.0,6400000.0,0.5273919092465753
16.0,16.0,2.0,5.0,65.0,61.0,2071.0,7712.0,0,0.940625,8.0,4.0,6400000.0,0.9033657962328766
16.0,16.0,2.0,5.0,65.0,61.0,2071.0,7712.0,0,0.940625,0.000976562,64.0,6400000.0,0.9088452482876711
16.0,16.0,4.0,5.0,99.0,97.0,3307.0,13472.0,0,0.940625,256.0,8.0,6400000.0,0.9303571428571427
1.0,16.0,2.0,1.0,1.0,1.0,39.0,32.0,0,0.5015625,2048.0,16.0,6400000.0,0.5273919092465753
1.0,16.0,4.0,1.0,1.0,1.0,63.0,32.0,0,0.5015625,512.0,0.0625,6400000.0,0.5273919092465753
16.0,16.0,2.0,5.0,65.0,61.0,2071.0,7712.0,0,0.9078125,0.25,0.25,6400000.0,0.9033657962328766
16.0,16.0,2.0,4.0,61.0,58.0,1961.0,7232.0,0,0.9078125,0.25,256.0,6400000.0,0.9033657962328766
1.0,16.0,2.0,1.0,1.0,1.0,39.0,32.0,0,0.5015625,16.0,32768.0,6400000.0,0.5273919092465753
16.0,16.0,2.0,5.0,65.0,61.0,2071.0,7712.0,0,0.940625,16.0,0.03125,6400000.0,0.9033657962328766
16.0,16.0,2.0,5.0,65.0,61.0,2071.0,7712.0,0,0.940625,16.0,32.0,6400000.0,0.9088452482876711
16.0,16.0,2.0,5.0,65.0,61.0,2071.0,7712.0,0,0.9078125,0.00195312,0.0,6400000.0,0.9033657962328766
1.0,16.0,1.0,1.0,1.0,1.0,35.0,32.0,0,0.5015625,16384.0,0.25,6400000.0,0.5273919092465753
16.0,16.0,4.0,11.0,134.0,142.0,4376.0,20672.0,0,0.940625,0.0078125,0.0,6400000.0,0.9409246575342465
1.0,16.0,2.0,1.0,1.0,1.0,39.0,32.0,0,0.5015625,128.0,8192.0,6400000.0,0.5273919092465753
1.0,16.0,4.0,1.0,1.0,1.0,63.0,32.0,0,0.5015625,512.0,64.0,6400000.0,0.5273919092465753
16.0,16.0,2.0,4.0,60.0,57.0,1928.0,7072.0,0,0.9078125,32.0,256.0,6400000.0,0.9033657962328766
16.0,16.0,2.0,5.0,65.0,61.0,2071.0,7712.0,0,0.940625,32.0,0.25,6400000.0,0.9088452482876711
16.0,16.0,2.0,5.0,65.0,61.0,2071.0,7712.0,0,0.9078125,0.00195312,0.5,6400000.0,0.9033657962328766
1.0,16.0,2.0,1.0,1.0,1.0,39.0,32.0,0,0.5015625,512.0,0.0,6400000.0,0.5273919092465753
16.0,16.0,2.0,4.0,61.0,58.0,1961.0,7232.0,0,0.9078125,256.0,0.0625,6400000.0,0.9033657962328766
1.0,16.0,4.0,1.0,1.0,1.0,63.0,32.0,0,0.5015625,1024.0,512.0,6400000.0,0.5273919092465753
1.0,16.0,4.0,1.0,1.0,1.0,63.0,32.0,0,0.5015625,1024.0,0.5,6400000.0,0.5273919092465753
1.0,16.0,4.0,1.0,1.0,1.0,63.0,32.0,0,0.5015625,1024.0,0.0,6400000.0,0.5273919092465753
1.0,16.0,4.0,1.0,1.0,1.0,63.0,32.0,0,0.5015625,2048.0,0.00390625,6400000.0,0.5273919092465753
1.0,16.0,4.0,1.0,1.0,1.0,63.0,32.0,0,0.5015625,2048.0,4096.0,6400000.0,0.5273919092465753
1.0,16.0,1.0,1.0,1.0,1.0,35.0,32.0,0,0.5015625,16384.0,256.0,6400000.0,0.5273919092465753
1.0,16.0,4.0,1.0,1.0,1.0,63.0,32.0,0,0.5015625,2048.0,4.0,6400000.0,0.5273919092465753
1.0,16.0,4.0,1.0,1.0,1.0,63.0,32.0,0,0.5015625,4096.0,32.0,6400000.0,0.5273919092465753
16.0,16.0,2.0,5.0,65.0,61.0,2071.0,7712.0,0,0.9078125,0.0078125,0.015625,6400000.0,0.9033657962328766
1.0,16.0,4.0,1.0,1.0,1.0,63.0,32.0,0,0.5015625,4096.0,0.03125,6400000.0,0.5273919092465753
16.0,16.0,2.0,5.0,65.0,61.0,2071.0,7712.0,0,0.940625,64.0,2.0,6400000.0,0.9088452482876711
1.0,16.0,4.0,1.0,1.0,1.0,63.0,32.0,0,0.5015625,4096.0,32768.0,6400000.0,0.5273919092465753
16.0,16.0,2.0,5.0,65.0,61.0,2071.0,7712.0,0,0.940625,64.0,0.00195312,6400000.0,0.9088452482876711
1.0,16.0,2.0,1.0,1.0,1.0,39.0,32.0,0,0.5015625,0.00195312,512.0,6400000.0,0.5273919092465753
1.0,16.0,4.0,1.0,1.0,1.0,63.0,32.0,0,0.5015625,8192.0,0.25,6400000.0,0.5273919092465753
1.0,16.0,1.0,1.0,1.0,1.0,35.0,32.0,0,0.5015625,32768.0,0.00195312,6400000.0,0.5273919092465753
16.0,16.0,2.0,5.0,65.0,61.0,2071.0,7712.0,0,0.9078125,0.5,0.00195312,6400000.0,0.9033657962328766
16.0,16.0,2.0,4.0,59.0,56.0,1895.0,6912.0,0,0.9078125,256.0,64.0,6400000.0,0.9033657962328766
1.0,16.0,4.0,1.0,1.0,1.0,63.0,32.0,0,0.5015625,8192.0,256.0,6400000.0,0.5273919092465753
1.0,16.0,4.0,1.0,1.0,1.0,63.0,32.0,0,0.5015625,16384.0,0.00195312,6400000.0,0.5273919092465753
1.0,16.0,2.0,1.0,1.0,1.0,39.0,32.0,0,0.5015625,4096.0,0.125,6400000.0,0.5273919092465753
1.0,16.0,2.0,1.0,1.0,1.0,39.0,32.0,0,0.5015625,16384.0,4096.0,6400000.0,0.5273919092465753
1.0,16.0,1.0,1.0,1.0,1.0,35.0,32.0,0,0.5015625,32768.0,2048.0,6400000.0,0.5273919092465753
16.0,16.0,2.0,5.0,65.0,61.0,2071.0,7712.0,0,0.940625,0.0078125,16.0,6400000.0,0.9033657962328766
1.0,16.0,4.0,1.0,1.0,1.0,63.0,32.0,0,0.5015625,16384.0,2048.0,6400000.0,0.5273919092465753
1.0,16.0,4.0,1.0,1.0,1.0,63.0,32.0,0,0.5015625,16384.0,2.0,6400000.0,0.5273919092465753
1.0,16.0,2.0,1.0,1.0,1.0,39.0,32.0,0,0.5015625,2048.0,16384.0,6400000.0,0.5273919092465753
1.0,16.0,4.0,1.0,1.0,1.0,63.0,32.0,0,0.5015625,32768.0,0.015625,6400000.0,0.5273919092465753
1.0,16.0,2.0,1.0,1.0,1.0,39.0,32.0,0,0.5015625,0.0078125,16384.0,6400000.0,0.5273919092465753
1.0,16.0,2.0,1.0,1.0,1.0,39.0,32.0,0,0.5015625,64.0,2048.0,6400000.0,0.5273919092465753
1.0,16.0,4.0,1.0,1.0,1.0,63.0,32.0,0,0.5015625,32768.0,16.0,6400000.0,0.5273919092465753
16.0,16.0,4.0,10.0,134.0,142.0,4397.0,20672.0,0,0.940625,0.0078125,0.5,6400000.0,0.9409246575342465
16.0,16.0,2.0,5.0,65.0,61.0,2071.0,7712.0,0,0.9078125,0.5,2.0,6400000.0,0.9033657962328766
1.0,16.0,2.0,1.0,1.0,1.0,39.0,32.0,0,0.5015625,0.5,2048.0,6400000.0,0.5273919092465753
1.0,16.0,2.0,1.0,1.0,1.0,39.0,32.0,0,0.5015625,512.0,0.5,6400000.0,0.5273919092465753
1.0,16.0,4.0,1.0,1.0,1.0,63.0,32.0,0,0.5015625,0.0078125,512.0,6400000.0,0.5273919092465753
1.0,16.0,2.0,1.0,1.0,1.0,39.0,32.0,0,0.5015625,4096.0,128.0,6400000.0,0.5273919092465753
16.0,16.0,4.0,10.0,134.0,142.0,4397.0,20672.0,0,0.940625,0.015625,0.00390625,6400000.0,0.9409246575342465
1.0,16.0,4.0,1.0,1.0,1.0,63.0,32.0,0,0.5015625,32768.0,16384.0,6400000.0,0.5273919092465753
1.0,16.0,2.0,1.0,1.0,1.0,39.0,32.0,0,0.5015625,8192.0,0.000976562,6400000.0,0.5273919092465753
1.0,16.0,2.0,1.0,1.0,1.0,39.0,32.0,0,0.5015625,32768.0,32.0,6400000.0,0.5273919092465753
16.0,16.0,8.0,22.0,338.0,426.0,14364.0,66112.0,0,0.9640625,0.0,0.125,6400000.0,0.9644019080234832
16.0,16.0,8.0,5.0,99.0,97.0,5467.0,13472.0,0,0.940625,0.0,128.0,6400000.0,0.9409246575342465
1.0,16.0,2.0,1.0,1.0,1.0,39.0,32.0,0,0.5015625,32768.0,0.03125,6400000.0,0.5273919092465753
16.0,16.0,8.0,26.0,351.0,429.0,14699.0,66592.0,0,0.9640625,0.000976562,0.000976562,6400000.0,0.9644019080234832
16.0,16.0,4.0,9.0,139.0,142.0,4579.0,20672.0,0,0.940625,0.015625,4.0,6400000.0,0.9409246575342465
1.0,16.0,2.0,1.0,1.0,1.0,39.0,32.0,0,0.5015625,32768.0,32768.0,6400000.0,0.5273919092465753
16.0,16.0,2.0,5.0,65.0,61.0,2071.0,7712.0,0,0.9078125,0.0,0.015625,6400000.0,0.9033657962328766
1.0,16.0,1.0,1.0,1.0,1.0,35.0,32.0,0,0.5015625,32768.0,2.0,6400000.0,0.5273919092465753
1.0,16.0,8.0,1.0,1.0,1.0,543.0,32.0,0,0.5015625,0.000976562,1024.0,6400000.0,0.5273919092465753
16.0,16.0,8.0,26.0,351.0,429.0,14699.0,66592.0,0,0.9640625,0.00195312,0.0078125,6400000.0,0.9644019080234832
16.0,16.0,2.0,5.0,65.0,61.0,2071.0,7712.0,0,0.9078125,0.00390625,0.00390625,6400000.0,0.9033657962328766
16.0,16.0,8.0,22.0,321.0,412.0,13806.0,63872.0,0,0.9640625,0.000976562,1.0,6400000.0,0.9651854513209394
16.0,16.0,8.0,15.0,264.0,389.0,11595.0,60192.0,0,0.9640625,0.00195312,8.0,6400000.0,0.961271556996086
1.0,16.0,4.0,1.0,1.0,1.0,63.0,32.0,0,0.5015625,0.015625,4096.0,6400000.0,0.5273919092465753
1.0,16.0,8.0,1.0,1.0,1.0,543.0,32.0,0,0.5015625,0.00195312,8192.0,6400000.0,0.5273919092465753
1.0,16.0,2.0,1.0,1.0,1.0,39.0,32.0,0,0.5015625,512.0,512.0,6400000.0,0.5273919092465753
16.0,16.0,8.0,24.0,342.0,426.0,14450.0,66112.0,0,0.9640625,0.00390625,0.0625,6400000.0,0.9644019080234832
16.0,16.0,4.0,10.0,134.0,142.0,4397.0,20672.0,0,0.940625,0.03125,0.03125,6400000.0,0.9409246575342465
16.0,16.0,8.0,8.0,172.0,187.0,8341.0,27872.0,0,0.959375,0.00390625,64.0,6400000.0,0.9409246575342465
16.0,16.0,4.0,7.0,113.0,112.0,3743.0,15872.0,0,0.940625,0.03125,32.0,6400000.0,0.9409246575342465
16.0,16.0,2.0,5.0,65.0,61.0,2071.0,7712.0,0,0.940625,0.0,16.0,6400000.0,0.9033657962328766
16.0,16.0,8.0,26.0,351.0,429.0,14699.0,66592.0,0,0.9640625,0.0078125,0.0,6400000.0,0.9644019080234832
16.0,16.0,4.0,10.0,134.0,142.0,4397.0,20672.0,0,0.940625,0.0,0.25,6400000.0,0.9409246575342465
1.0,16.0,2.0,1.0,1.0,1.0,39.0,32.0,0,0.5015625,1024.0,0.00390625,6400000.0,0.5273919092465753
1.0,16.0,4.0,1.0,1.0,1.0,63.0,32.0,0,0.5015625,0.03125,32768.0,6400000.0,0.5273919092465753
16.0,16.0,4.0,5.0,99.0,97.0,3307.0,13472.0,0,0.940625,0.0,256.0,6400000.0,0.9303571428571427
16.0,16.0,8.0,22.0,332.0,420.0,14166.0,65152.0,0,0.9640625,0.0078125,0.5,6400000.0,0.9644019080234832
16.0,16.0,4.0,5.0,99.0,97.0,3307.0,13472.0,0,0.940625,0.0625,256.0,6400000.0,0.9303571428571427
16.0,16.0,2.0,5.0,65.0,61.0,2071.0,7712.0,0,0.9078125,0.015625,0.125,6400000.0,0.9033657962328766
16.0,16.0,4.0,11.0,134.0,142.0,4376.0,20672.0,0,0.940625,0.000976562,0.00195312,6400000.0,0.9409246575342465
16.0,16.0,4.0,10.0,134.0,142.0,4397.0,20672.0,0,0.940625,0.0625,0.25,6400000.0,0.9409246575342465
16.0,16.0,4.0,10.0,134.0,142.0,4397.0,20672.0,0,0.940625,0.125,0.00195312,6400000.0,0.9409246575342465
1.0,16.0,4.0,1.0,1.0,1.0,63.0,32.0,0,0.5015625,0.125,2048.0,6400000.0,0.5273919092465753
1.0,16.0,8.0,1.0,1.0,1.0,543.0,32.0,0,0.5015625,0.0078125,512.0,6400000.0,0.5273919092465753
16.0,16.0,2.0,5.0,65.0,61.0,2071.0,7712.0,0,0.9078125,0.015625,128.0,6400000.0,0.9033657962328766
16.0,16.0,4.0,10.0,134.0,142.0,4397.0,20672.0,0,0.940625,0.25,0.015625,6400000.0,0.9409246575342465
16.0,16.0,4.0,10.0,140.0,142.0,4605.0,20672.0,0,0.940625,0.125,2.0,6400000.0,0.9409246575342465
16.0,16.0,4.0,8.0,116.0,117.0,3823.0,16672.0,0,0.940625,0.25,16.0,6400000.0,0.9409246575342465
1.0,16.0,2.0,1.0,1.0,1.0,39.0,32.0,0,0.5015625,8192.0,1.0,6400000.0,0.5273919092465753
16.0,16.0,8.0,25.0,348.0,428.0,14623.0,66432.0,0,0.9640625,0.015625,0.00390625,6400000.0,0.9644019080234832
16.0,16.0,2.0,5.0,65.0,61.0,2071.0,7712.0,0,0.9078125,128.0,0.015625,6400000.0,0.9033657962328766
16.0,16.0,2.0,5.0,65.0,61.0,2071.0,7712.0,0,0.9078125,1.0,0.015625,6400000.0,0.9033657962328766
16.0,16.0,2.0,5.0,65.0,61.0,2071.0,7712.0,0,0.9078125,0.00390625,4.0,6400000.0,0.9033657962328766
1.0,16.0,4.0,1.0,1.0,1.0,63.0,32.0,0,0.5015625,0.000976562,2048.0,6400000.0,0.5273919092465753
16.0,16.0,2.0,5.0,65.0,61.0,2071.0,7712.0,0,0.9078125,0.03125,0.000976562,6400000.0,0.9033657962328766
16.0,16.0,8.0,16.0,308.0,415.0,13264.0,64352.0,0,0.965625,0.015625,4.0,6400000.0,0.9636176002935419
16.0,16.0,4.0,10.0,140.0,142.0,4605.0,20672.0,0,0.940625,0.000976562,2.0,6400000.0,0.9409246575342465
1.0,16.0,4.0,1.0,1.0,1.0,63.0,32.0,0,0.5015625,0.25,16384.0,6400000.0,0.5273919092465753
16.0,16.0,2.0,5.0,65.0,61.0,2071.0,7712.0,0,0.940625,1.0,16.0,6400000.0,0.9033657962328766
1.0,16.0,8.0,1.0,1.0,1.0,543.0,32.0,0,0.5015625,0.015625,4096.0,6400000.0,0.5273919092465753
16.0,16.0,8.0,24.0,342.0,426.0,14450.0,66112.0,0,0.9640625,0.03125,0.03125,6400000.0,0.9644019080234832
1.0,16.0,2.0,1.0,1.0,1.0,39.0,32.0,0,0.5015625,0.00390625,4096.0,6400000.0,0.5273919092465753
16.0,16.0,2.0,5.0,64.0,60.0,2038.0,7552.0,0,0.9078125,128.0,16.0,6400000.0,0.9033657962328766
16.0,16.0,4.0,10.0,134.0,142.0,4397.0,20672.0,0,0.940625,1.0,0.000976562,6400000.0,0.9409246575342465
16.0,16.0,4.0,10.0,134.0,142.0,4397.0,20672.0,0,0.940625,0.5,0.125,6400000.0,0.9409246575342465
1.0,16.0,2.0,1.0,1.0,1.0,39.0,32.0,0,0.5015625,0.03125,1024.0,6400000.0,0.5273919092465753
16.0,16.0,4.0,10.0,134.0,142.0,4397.0,20672.0,0,0.940625,0.00195312,0.015625,6400000.0,0.9409246575342465
16.0,16.0,4.0,5.0,99.0,97.0,3307.0,13472.0,0,0.940625,0.5,128.0,6400000.0,0.9409246575342465
1.0,16.0,2.0,1.0,1.0,1.0,39.0,32.0,0,0.5015625,1024.0,4.0,6400000.0,0.5273919092465753
16.0,16.0,2.0,5.0,65.0,61.0,2071.0,7712.0,0,0.9078125,0.03125,1.0,6400000.0,0.9033657962328766
16.0,16.0,2.0,5.0,64.0,60.0,2038.0,7552.0,0,0.9078125,2.0,128.0,6400000.0,0.9033657962328766
1.0,16.0,2.0,1.0,1.0,1.0,39.0,32.0,0,0.5015625,1.0,16384.0,6400000.0,0.5273919092465753
16.0,16.0,8.0,8.0,202.0,275.0,9389.0,41952.0,0,0.959375,0.03125,32.0,6400000.0,0.9600973886986301
1.0,16.0,2.0,1.0,1.0,1.0,39.0,32.0,0,0.5015625,0.0,16384.0,6400000.0,0.5273919092465753
16.0,16.0,2.0,5.0,65.0,61.0,2071.0,7712.0,0,0.9078125,2.0,0.125,6400000.0,0.9033657962328766
16.0,16.0,4.0,10.0,140.0,142.0,4605.0,20672.0,0,0.940625,2.0,0.0078125,6400000.0,0.9409246575342465
16.0,16.0,2.0,5.0,65.0,61.0,2071.0,7712.0,0,0.9078125,0.0625,0.0078125,6400000.0,0.9033657962328766
16.0,16.0,4.0,10.0,140.0,142.0,4605.0,20672.0,0,0.940625,1.0,1.0,6400000.0,0.9409246575342465
1.0,16.0,4.0,1.0,1.0,1.0,63.0,32.0,0,0.5015625,1.0,1024.0,6400000.0,0.5273919092465753
16.0,16.0,4.0,8.0,119.0,127.0,3929.0,18272.0,0,0.940625,2.0,8.0,6400000.0,0.9409246575342465
1.0,16.0,4.0,1.0,1.0,1.0,63.0,32.0,0,0.5015625,2.0,8192.0,6400000.0,0.5273919092465753
16.0,16.0,2.0,5.0,65.0,61.0,2071.0,7712.0,0,0.9078125,0.125,0.0625,6400000.0,0.9033657962328766
1.0,16.0,8.0,1.0,1.0,1.0,543.0,32.0,0,0.5015625,0.03125,32768.0,6400000.0,0.5273919092465753
16.0,16.0,4.0,9.0,138.0,141.0,4546.0,20512.0,0,0.940625,8.0,0.0,6400000.0,0.9409246575342465
16.0,16.0,4.0,6.0,106.0,104.0,3532.0,14592.0,0,0.940625,4.0,64.0,6400000.0,0.9409246575342465
16.0,16.0,4.0,9.0,139.0,142.0,4579.0,20672.0,0,0.940625,4.0,0.0625,6400000.0,0.9409246575342465
16.0,16.0,2.0,5.0,65.0,61.0,2071.0,7712.0,0,0.940625,0.0625,8.0,6400000.0,0.9033657962328766
1.0,16.0,4.0,1.0,1.0,1.0,63.0,32.0,0,0.5015625,8.0,512.0,6400000.0,0.5273919092465753
16.0,16.0,4.0,9.0,136.0,141.0,4466.0,20512.0,0,0.940625,8.0,0.5,6400000.0,0.9409246575342465
16.0,16.0,4.0,8.0,116.0,117.0,3823.0,16672.0,0,0.940625,16.0,0.00390625,6400000.0,0.9409246575342465
16.0,16.0,4.0,7.0,114.0,115.0,3778.0,16352.0,0,0.940625,16.0,4.0,6400000.0,0.9409246575342465
1.0,16.0,4.0,1.0,1.0,1.0,63.0,32.0,0,0.5015625,16.0,4096.0,6400000.0,0.5273919092465753
1.0,16.0,2.0,1.0,1.0,1.0,39.0,32.0,0,0.5015625,1024.0,4096.0,6400000.0,0.5273919092465753
16.0,16.0,2.0,5.0,65.0,61.0,2071.0,7712.0,0,0.9078125,4.0,0.000976562,6400000.0,0.9033657962328766
16.0,16.0,4.0,8.0,116.0,117.0,3823.0,16672.0,0,0.940625,0.00195312,16.0,6400000.0,0.9409246575342465
1.0,16.0,2.0,1.0,1.0,1.0,39.0,32.0,0,0.5015625,0.0625,8192.0,6400000.0,0.5273919092465753
16.0,16.0,2.0,5.0,65.0,61.0,2071.0,7712.0,0,0.940625,0.125,64.0,6400000.0,0.9088452482876711
16.0,16.0,4.0,7.0,113.0,112.0,3743.0,15872.0,0,0.940625,32.0,0.03125,6400000.0,0.9409246575342465
1.0,16.0,2.0,1.0,1.0,1.0,39.0,32.0,0,0.5015625,4.0,1024.0,6400000.0,0.5273919092465753
1.0,16.0,4.0,1.0,1.0,1.0,63.0,32.0,0,0.5015625,0.00195312,16384.0,6400000.0,0.5273919092465753
16.0,16.0,4.0,10.0,134.0,142.0,4397.0,20672.0,0,0.940625,0.00390625,0.125,6400000.0,0.9409246575342465
16.0,16.0,2.0,5.0,65.0,61.0,2071.0,7712.0,0,0.9078125,4.0,1.0,6400000.0,0.9033657962328766
16.0,16.0,2.0,5.0,65.0,61.0,2071.0,7712.0,0,0.940625,8.0,0.0078125,6400000.0,0.9033657962328766
1.0,16.0,2.0,1.0,1.0,1.0,39.0,32.0,0,0.5015625,8192.0,1024.0,6400000.0,0.5273919092465753
1.0,16.0,2.0,1.0,1.0,1.0,39.0,32.0,0,0.5015625,16384.0,8.0,6400000.0,0.5273919092465753
1.0,16.0,4.0,1.0,1.0,1.0,63.0,32.0,0,0.5015625,32.0,32768.0,6400000.0,0.5273919092465753
1.0,16.0,2.0,1.0,1.0,1.0,39.0,32.0,0,0.5015625,16384.0,0.0078125,6400000.0,0.5273919092465753
16.0,16.0,4.0,6.0,106.0,104.0,3532.0,14592.0,0,0.940625,32.0,32.0,6400000.0,0.9409246575342465
16.0,16.0,4.0,5.0,99.0,97.0,3307.0,13472.0,0,0.940625,128.0,0.00195312,6400000.0,0.9409246575342465
16.0,16.0,4.0,5.0,96.0,102.0,3216.0,14272.0,0,0.940625,64.0,256.0,6400000.0,0.9033657962328766
16.0,16.0,4.0,6.0,106.0,104.0,3532.0,14592.0,0,0.940625,64.0,0.25,6400000.0,0.9409246575342465
16.0,16.0,2.0,5.0,65.0,61.0,2071.0,7712.0,0,0.9078125,0.000976562,0.125,6400000.0,0.9033657962328766
16.0,16.0,4.0,5.0,99.0,97.0,3307.0,13472.0,0,0.940625,0.00390625,128.0,6400000.0,0.9409246575342465
1.0,16.0,2.0,1.0,1.0,1.0,39.0,32.0,0,0.5015625,2048.0,0.03125,6400000.0,0.5273919092465753
1.0,16.0,4.0,1.0,1.0,1.0,63.0,32.0,0,0.5015625,256.0,16384.0,6400000.0,0.5273919092465753
16.0,16.0,2.0,5.0,65.0,61.0,2071.0,7712.0,0,0.9078125,0.25,0.0,6400000.0,0.9033657962328766
16.0,16.0,4.0,5.0,99.0,97.0,3307.0,13472.0,0,0.940625,128.0,2.0,6400000.0,0.9409246575342465
1.0,16.0,4.0,1.0,1.0,1.0,63.0,32.0,0,0.5015625,128.0,2048.0,6400000.0,0.5273919092465753
16.0,16.0,4.0,5.0,99.0,97.0,3307.0,13472.0,0,0.940625,256.0,0.015625,6400000.0,0.9303571428571427
1.0,16.0,2.0,1.0,1.0,1.0,39.0,32.0,0,0.5015625,8.0,8192.0,6400000.0,0.5273919092465753
16.0,16.0,2.0,5.0,65.0,61.0,2071.0,7712.0,0,0.940625,8.0,8.0,6400000.0,0.9033657962328766
16.0,16.0,4.0,5.0,98.0,96.0,3274.0,13312.0,0,0.940625,256.0,16.0,6400000.0,0.9088452482876711
1.0,16.0,4.0,1.0,1.0,1.0,63.0,32.0,0,0.5015625,512.0,0.125,6400000.0,0.5273919092465753
16.0,16.0,2.0,5.0,65.0,61.0,2071.0,7712.0,0,0.9078125,0.000976562,128.0,6400000.0,0.9033657962328766
1.0,16.0,2.0,1.0,1.0,1.0,39.0,32.0,0,0.5015625,2048.0,32.0,6400000.0,0.5273919092465753
16.0,16.0,2.0,5.0,65.0,61.0,2071.0,7712.0,0,0.940625,32.0,0.0,6400000.0,0.9088452482876711
16.0,16.0,2.0,5.0,65.0,61.0,2071.0,7712.0,0,0.9078125,0.25,0.5,6400000.0,0.9033657962328766
1.0,16.0,2.0,1.0,1.0,1.0,39.0,32.0,0,0.5015625,0.25,512.0,6400000.0,0.5273919092465753
16.0,16.0,2.0,5.0,65.0,61.0,2071.0,7712.0,0,0.9078125,0.00195312,0.000976562,6400000.0,0.9033657962328766
16.0,16.0,2.0,5.0,65.0,61.0,2071.0,7712.0,0,0.940625,16.0,0.0625,6400000.0,0.9033657962328766
16.0,16.0,2.0,5.0,65.0,61.0,2071.0,7712.0,0,0.9078125,16.0,64.0,6400000.0,0.9088452482876711
16.0,16.0,8.0,22.0,332.0,420.0,14166.0,65152.0,0,0.9640625,0.0625,0.25,6400000.0,0.9644019080234832
16.0,16.0,4.0,11.0,134.0,142.0,4376.0,20672.0,0,0.940625,0.0078125,0.000976562,6400000.0,0.9409246575342465
1.0,16.0,2.0,1.0,1.0,1.0,39.0,32.0,0,0.5015625,128.0,16384.0,6400000.0,0.5273919092465753
1.0,16.0,4.0,1.0,1.0,1.0,63.0,32.0,0,0.5015625,512.0,128.0,6400000.0,0.5273919092465753
16.0,16.0,2.0,5.0,65.0,61.0,2071.0,7712.0,0,0.940625,32.0,0.5,6400000.0,0.9088452482876711
1.0,16.0,4.0,1.0,1.0,1.0,63.0,32.0,0,0.5015625,1024.0,0.000976562,6400000.0,0.5273919092465753
1.0,16.0,2.0,1.0,1.0,1.0,39.0,32.0,0,0.5015625,32.0,512.0,6400000.0,0.5273919092465753
1.0,16.0,4.0,1.0,1.0,1.0,63.0,32.0,0,0.5015625,1024.0,1.0,6400000.0,0.5273919092465753
1.0,16.0,2.0,1.0,1.0,1.0,39.0,32.0,0,0.5015625,512.0,0.000976562,6400000.0,0.5273919092465753
1.0,16.0,4.0,1.0,1.0,1.0,63.0,32.0,0,0.5015625,2048.0,0.0078125,6400000.0,0.5273919092465753
16.0,16.0,2.0,5.0,65.0,61.0,2071.0,7712.0,0,0.9078125,0.00195312,1.0,6400000.0,0.9033657962328766
16.0,16.0,2.0,4.0,61.0,58.0,1961.0,7232.0,0,0.9078125,256.0,0.125,6400000.0,0.9033657962328766
1.0,16.0,4.0,1.0,1.0,1.0,63.0,32.0,0,0.5015625,1024.0,1024.0,6400000.0,0.5273919092465753
1.0,16.0,4.0,1.0,1.0,1.0,63.0,32.0,0,0.5015625,2048.0,8.0,6400000.0,0.5273919092465753
1.0,16.0,4.0,1.0,1.0,1.0,63.0,32.0,0,0.5015625,2048.0,8192.0,6400000.0,0.5273919092465753
16.0,16.0,8.0,5.0,99.0,97.0,5467.0,13472.0,0,0.940625,0.0625,256.0,6400000.0,0.9303571428571427
1.0,16.0,4.0,1.0,1.0,1.0,63.0,32.0,0,0.5015625,4096.0,64.0,6400000.0,0.5273919092465753
1.0,16.0,4.0,1.0,1.0,1.0,63.0,32.0,0,0.5015625,8192.0,0.0,6400000.0,0.5273919092465753
16.0,16.0,2.0,5.0,65.0,61.0,2071.0,7712.0,0,0.940625,64.0,4.0,6400000.0,0.9088452482876711
1.0,16.0,4.0,1.0,1.0,1.0,63.0,32.0,0,0.5015625,8192.0,0.5,6400000.0,0.5273919092465753
1.0,16.0,4.0,1.0,1.0,1.0,63.0,32.0,0,0.5015625,4096.0,0.0625,6400000.0,0.5273919092465753
16.0,16.0,2.0,5.0,65.0,61.0,2071.0,7712.0,0,0.940625,64.0,0.00390625,6400000.0,0.9088452482876711
1.0,16.0,4.0,1.0,1.0,1.0,63.0,32.0,0,0.5015625,8192.0,512.0,6400000.0,0.5273919092465753
16.0,16.0,2.0,5.0,65.0,61.0,2071.0,7712.0,0,0.9078125,0.0078125,0.03125,6400000.0,0.9033657962328766
1.0,16.0,2.0,1.0,1.0,1.0,39.0,32.0,0,0.5015625,0.00195312,1024.0,6400000.0,0.5273919092465753
16.0,16.0,2.0,5.0,65.0,61.0,2071.0,7712.0,0,0.9078125,0.5,0.00390625,6400000.0,0.9033657962328766
16.0,16.0,2.0,4.0,57.0,55.0,1830.0,6752.0,0,0.9078125,256.0,128.0,6400000.0,0.8740115887964773
1.0,16.0,4.0,1.0,1.0,1.0,63.0,32.0,0,0.5015625,16384.0,0.00390625,6400000.0,0.5273919092465753
16.0,16.0,8.0,22.0,338.0,426.0,14364.0,66112.0,0,0.9640625,0.125,0.00195312,6400000.0,0.9644019080234832
1.0,16.0,2.0,1.0,1.0,1.0,39.0,32.0,0,0.5015625,16384.0,8192.0,6400000.0,0.5273919092465753
16.0,16.0,2.0,5.0,65.0,61.0,2071.0,7712.0,0,0.940625,0.0078125,32.0,6400000.0,0.9088452482876711
16.0,16.0,8.0,19.0,315.0,420.0,13685.0,65152.0,0,0.9625,0.125,2.0,6400000.0,0.9647940618884541
1.0,16.0,4.0,1.0,1.0,1.0,63.0,32.0,0,0.5015625,16384.0,4096.0,6400000.0,0.5273919092465753
1.0,16.0,4.0,1.0,1.0,1.0,63.0,32.0,0,0.5015625,16384.0,4.0,6400000.0,0.5273919092465753
1.0,16.0,2.0,1.0,1.0,1.0,39.0,32.0,0,0.5015625,4096.0,0.25,6400000.0,0.5273919092465753
1.0,16.0,2.0,1.0,1.0,1.0,39.0,32.0,0,0.5015625,2048.0,32768.0,6400000.0,0.5273919092465753
1.0,16.0,4.0,1.0,1.0,1.0,63.0,32.0,0,0.5015625,32768.0,0.03125,6400000.0,0.5273919092465753
1.0,16.0,2.0,1.0,1.0,1.0,39.0,32.0,0,0.5015625,64.0,4096.0,6400000.0,0.5273919092465753
1.0,16.0,2.0,1.0,1.0,1.0,39.0,32.0,0,0.5015625,0.0078125,32768.0,6400000.0,0.5273919092465753
1.0,16.0,4.0,1.0,1.0,1.0,63.0,32.0,0,0.5015625,32768.0,32.0,6400000.0,0.5273919092465753
16.0,16.0,2.0,5.0,65.0,61.0,2071.0,7712.0,0,0.9078125,0.5,4.0,6400000.0,0.9033657962328766
1.0,16.0,4.0,1.0,1.0,1.0,63.0,32.0,0,0.5015625,0.0078125,1024.0,6400000.0,0.5273919092465753
1.0,16.0,2.0,1.0,1.0,1.0,39.0,32.0,0,0.5015625,4096.0,256.0,6400000.0,0.5273919092465753
1.0,16.0,2.0,1.0,1.0,1.0,39.0,32.0,0,0.5015625,512.0,1.0,6400000.0,0.5273919092465753
1.0,16.0,2.0,1.0,1.0,1.0,39.0,32.0,0,0.5015625,0.5,4096.0,6400000.0,0.5273919092465753
1.0,16.0,4.0,1.0,1.0,1.0,63.0,32.0,0,0.5015625,32768.0,32768.0,6400000.0,0.5273919092465753
1.0,16.0,2.0,1.0,1.0,1.0,39.0,32.0,0,0.5015625,8192.0,0.00195312,6400000.0,0.5273919092465753
16.0,16.0,4.0,10.0,134.0,142.0,4397.0,20672.0,0,0.940625,0.0078125,1.0,6400000.0,0.9409246575342465
16.0,16.0,4.0,10.0,134.0,142.0,4397.0,20672.0,0,0.940625,0.015625,0.0078125,6400000.0,0.9409246575342465
1.0,16.0,8.0,1.0,1.0,1.0,543.0,32.0,0,0.5015625,0.000976562,2048.0,6400000.0,0.5273919092465753
16.0,16.0,8.0,26.0,351.0,429.0,14699.0,66592.0,0,0.9640625,0.000976562,0.00195312,6400000.0,0.9644019080234832
1.0,16.0,2.0,1.0,1.0,1.0,39.0,32.0,0,0.5015625,32768.0,0.0625,6400000.0,0.5273919092465753
16.0,16.0,8.0,22.0,332.0,420.0,14166.0,65152.0,0,0.9640625,0.0,0.25,6400000.0,0.9644019080234832
1.0,16.0,2.0,1.0,1.0,1.0,39.0,32.0,0,0.5015625,32768.0,64.0,6400000.0,0.5273919092465753
16.0,16.0,4.0,9.0,138.0,141.0,4546.0,20512.0,0,0.940625,0.015625,8.0,6400000.0,0.9409246575342465
16.0,16.0,8.0,5.0,99.0,97.0,5467.0,13472.0,0,0.940625,0.0,256.0,6400000.0,0.9303571428571427
16.0,16.0,4.0,17.0,143.0,149.0,4576.0,21792.0,0,0.940625,0.0,0.0,6400000.0,0.9409246575342465
16.0,16.0,8.0,22.0,332.0,420.0,14166.0,65152.0,0,0.9640625,0.25,0.015625,6400000.0,0.9644019080234832
1.0,16.0,8.0,1.0,1.0,1.0,543.0,32.0,0,0.5015625,0.125,2048.0,6400000.0,0.5273919092465753
1.0,16.0,8.0,1.0,1.0,1.0,543.0,32.0,0,0.5015625,0.00195312,16384.0,6400000.0,0.5273919092465753
16.0,16.0,8.0,20.0,315.0,418.0,13662.0,64832.0,0,0.9625,0.000976562,2.0,6400000.0,0.9651854513209394
16.0,16.0,8.0,12.0,258.0,319.0,11396.0,48992.0,0,0.9625,0.00195312,16.0,6400000.0,0.961271556996086
1.0,16.0,4.0,1.0,1.0,1.0,63.0,32.0,0,0.5015625,0.015625,8192.0,6400000.0,0.5273919092465753
16.0,16.0,8.0,25.0,348.0,428.0,14623.0,66432.0,0,0.9640625,0.00195312,0.015625,6400000.0,0.9644019080234832
16.0,16.0,2.0,5.0,65.0,61.0,2071.0,7712.0,0,0.9078125,0.00390625,0.0078125,6400000.0,0.9033657962328766
1.0,16.0,2.0,1.0,1.0,1.0,39.0,32.0,0,0.5015625,512.0,1024.0,6400000.0,0.5273919092465753
16.0,16.0,8.0,22.0,338.0,426.0,14364.0,66112.0,0,0.9640625,0.00390625,0.125,6400000.0,0.9644019080234832
16.0,16.0,4.0,10.0,134.0,142.0,4397.0,20672.0,0,0.940625,0.03125,0.0625,6400000.0,0.9409246575342465
16.0,16.0,8.0,5.0,99.0,97.0,5467.0,13472.0,0,0.940625,0.00390625,128.0,6400000.0,0.9409246575342465
1.0,16.0,2.0,1.0,1.0,1.0,39.0,32.0,0,0.5015625,1024.0,0.0078125,6400000.0,0.5273919092465753
16.0,16.0,4.0,6.0,106.0,104.0,3532.0,14592.0,0,0.940625,0.03125,64.0,6400000.0,0.9409246575342465
16.0,16.0,8.0,26.0,351.0,429.0,14699.0,66592.0,0,0.9640625,0.0078125,0.000976562,6400000.0,0.9644019080234832
16.0,16.0,8.0,12.0,257.0,319.0,11364.0,48992.0,0,0.9625,0.25,16.0,6400000.0,0.961271556996086
16.0,16.0,4.0,10.0,134.0,142.0,4397.0,20672.0,0,0.940625,0.0,0.5,6400000.0,0.9409246575342465
1.0,16.0,4.0,1.0,1.0,1.0,63.0,32.0,0,0.5015625,0.0,512.0,6400000.0,0.5273919092465753
16.0,16.0,4.0,10.0,134.0,142.0,4397.0,20672.0,0,0.940625,0.0625,0.0,6400000.0,0.9409246575342465
16.0,16.0,2.0,5.0,65.0,61.0,2071.0,7712.0,0,0.9078125,0.015625,0.25,6400000.0,0.9033657962328766
16.0,16.0,4.0,10.0,134.0,142.0,4397.0,20672.0,0,0.940625,0.125,0.00390625,6400000.0,0.9409246575342465
1.0,16.0,4.0,1.0,1.0,1.0,63.0,32.0,0,0.5015625,0.0625,512.0,6400000.0,0.5273919092465753
16.0,16.0,4.0,11.0,134.0,142.0,4376.0,20672.0,0,0.940625,0.000976562,0.00390625,6400000.0,0.9409246575342465
16.0,16.0,8.0,22.0,321.0,412.0,13806.0,63872.0,0,0.9640625,0.0078125,1.0,6400000.0,0.9651854513209394
1.0,16.0,8.0,1.0,1.0,1.0,543.0,32.0,0,0.5015625,0.0078125,1024.0,6400000.0,0.5273919092465753
1.0,16.0,4.0,1.0,1.0,1.0,63.0,32.0,0,0.5015625,0.125,4096.0,6400000.0,0.5273919092465753
16.0,16.0,4.0,10.0,134.0,142.0,4397.0,20672.0,0,0.940625,0.0625,0.5,6400000.0,0.9409246575342465
1.0,16.0,2.0,1.0,1.0,1.0,39.0,32.0,0,0.5015625,8192.0,2.0,6400000.0,0.5273919092465753
16.0,16.0,4.0,9.0,139.0,142.0,4579.0,20672.0,0,0.940625,0.125,4.0,6400000.0,0.9409246575342465
16.0,16.0,2.0,4.0,61.0,58.0,1961.0,7232.0,0,0.9078125,0.015625,256.0,6400000.0,0.9033657962328766
16.0,16.0,2.0,5.0,65.0,61.0,2071.0,7712.0,0,0.9078125,128.0,0.03125,6400000.0,0.9033657962328766
16.0,16.0,4.0,10.0,134.0,142.0,4397.0,20672.0,0,0.940625,0.25,0.03125,6400000.0,0.9409246575342465
1.0,16.0,4.0,1.0,1.0,1.0,63.0,32.0,0,0.5015625,0.000976562,4096.0,6400000.0,0.5273919092465753
16.0,16.0,2.0,5.0,65.0,61.0,2071.0,7712.0,0,0.9078125,1.0,0.03125,6400000.0,0.9033657962328766
16.0,16.0,2.0,5.0,65.0,61.0,2071.0,7712.0,0,0.9078125,0.03125,0.00195312,6400000.0,0.9033657962328766
16.0,16.0,2.0,5.0,65.0,61.0,2071.0,7712.0,0,0.940625,0.00390625,8.0,6400000.0,0.9033657962328766
16.0,16.0,4.0,7.0,113.0,112.0,3743.0,15872.0,0,0.940625,0.25,32.0,6400000.0,0.9409246575342465
16.0,16.0,8.0,25.0,348.0,428.0,14623.0,66432.0,0,0.9640625,0.015625,0.0078125,6400000.0,0.9644019080234832
16.0,16.0,8.0,15.0,264.0,389.0,11595.0,60192.0,0,0.9640625,0.015625,8.0,6400000.0,0.961271556996086
1.0,16.0,4.0,1.0,1.0,1.0,63.0,32.0,0,0.5015625,0.25,32768.0,6400000.0,0.5273919092465753
16.0,16.0,2.0,5.0,65.0,61.0,2071.0,7712.0,0,0.940625,1.0,32.0,6400000.0,0.9088452482876711
16.0,16.0,4.0,9.0,139.0,142.0,4579.0,20672.0,0,0.940625,0.000976562,4.0,6400000.0,0.9409246575342465
1.0,16.0,8.0,1.0,1.0,1.0,543.0,32.0,0,0.5015625,0.015625,8192.0,6400000.0,0.5273919092465753
16.0,16.0,2.0,4.0,63.0,60.0,2027.0,7552.0,0,0.9078125,128.0,32.0,6400000.0,0.9033657962328766
1.0,16.0,2.0,1.0,1.0,1.0,39.0,32.0,0,0.5015625,0.00390625,8192.0,6400000.0,0.5273919092465753
16.0,16.0,8.0,24.0,342.0,426.0,14450.0,66112.0,0,0.9640625,0.03125,0.0625,6400000.0,0.9644019080234832
16.0,16.0,4.0,10.0,134.0,142.0,4397.0,20672.0,0,0.940625,0.5,0.25,6400000.0,0.9409246575342465
16.0,16.0,4.0,10.0,134.0,142.0,4397.0,20672.0,0,0.940625,1.0,0.00195312,6400000.0,0.9409246575342465
1.0,16.0,2.0,1.0,1.0,1.0,39.0,32.0,0,0.5015625,1.0,32768.0,6400000.0,0.5273919092465753
1.0,16.0,2.0,1.0,1.0,1.0,39.0,32.0,0,0.5015625,0.03125,2048.0,6400000.0,0.5273919092465753
16.0,16.0,4.0,5.0,99.0,97.0,3307.0,13472.0,0,0.940625,0.5,256.0,6400000.0,0.9303571428571427
16.0,16.0,2.0,5.0,65.0,61.0,2071.0,7712.0,0,0.9078125,0.03125,2.0,6400000.0,0.9033657962328766
1.0,16.0,8.0,1.0,1.0,1.0,543.0,32.0,0,0.5015625,0.25,16384.0,6400000.0,0.5273919092465753
16.0,16.0,4.0,10.0,134.0,142.0,4397.0,20672.0,0,0.940625,0.00195312,0.03125,6400000.0,0.9409246575342465
16.0,16.0,2.0,5.0,65.0,61.0,2071.0,7712.0,0,0.9078125,2.0,0.25,6400000.0,0.9033657962328766
16.0,16.0,8.0,8.0,172.0,187.0,8341.0,27872.0,0,0.959375,0.03125,64.0,6400000.0,0.9409246575342465
1.0,16.0,2.0,1.0,1.0,1.0,39.0,32.0,0,0.5015625,1024.0,8.0,6400000.0,0.5273919092465753
16.0,16.0,4.0,8.0,115.0,115.0,3789.0,16352.0,0,0.940625,2.0,16.0,6400000.0,0.9409246575342465
16.0,16.0,2.0,5.0,65.0,61.0,2071.0,7712.0,0,0.9078125,0.0625,0.015625,6400000.0,0.9033657962328766
16.0,16.0,2.0,4.0,61.0,58.0,1961.0,7232.0,0,0.9078125,2.0,256.0,6400000.0,0.9033657962328766
16.0,16.0,4.0,10.0,140.0,142.0,4605.0,20672.0,0,0.940625,2.0,0.015625,6400000.0,0.9409246575342465
16.0,16.0,2.0,5.0,65.0,61.0,2071.0,7712.0,0,0.9078125,0.125,0.125,6400000.0,0.9033657962328766
16.0,16.0,4.0,9.0,139.0,142.0,4579.0,20672.0,0,0.940625,1.0,2.0,6400000.0,0.9409246575342465
1.0,16.0,4.0,1.0,1.0,1.0,63.0,32.0,0,0.5015625,1.0,2048.0,6400000.0,0.5273919092465753
1.0,16.0,4.0,1.0,1.0,1.0,63.0,32.0,0,0.5015625,2.0,16384.0,6400000.0,0.5273919092465753
16.0,16.0,8.0,24.0,342.0,426.0,14450.0,66112.0,0,0.9640625,0.0625,0.0,6400000.0,0.9644019080234832
16.0,16.0,2.0,5.0,65.0,61.0,2071.0,7712.0,0,0.940625,0.0625,16.0,6400000.0,0.9033657962328766
16.0,16.0,4.0,9.0,138.0,141.0,4546.0,20512.0,0,0.940625,8.0,0.000976562,6400000.0,0.9409246575342465
16.0,16.0,4.0,9.0,139.0,142.0,4579.0,20672.0,0,0.940625,4.0,0.125,6400000.0,0.9409246575342465
16.0,16.0,4.0,9.0,133.0,141.0,4370.0,20512.0,0,0.940625,8.0,1.0,6400000.0,0.9409246575342465
1.0,16.0,4.0,1.0,1.0,1.0,63.0,32.0,0,0.5015625,8.0,1024.0,6400000.0,0.5273919092465753
16.0,16.0,4.0,5.0,99.0,97.0,3307.0,13472.0,0,0.940625,4.0,128.0,6400000.0,0.9409246575342465
1.0,16.0,4.0,1.0,1.0,1.0,63.0,32.0,0,0.5015625,16.0,8192.0,6400000.0,0.5273919092465753
16.0,16.0,4.0,7.0,114.0,115.0,3778.0,16352.0,0,0.940625,16.0,8.0,6400000.0,0.9409246575342465
16.0,16.0,4.0,8.0,116.0,117.0,3823.0,16672.0,0,0.940625,16.0,0.0078125,6400000.0,0.9409246575342465
1.0,16.0,2.0,1.0,1.0,1.0,39.0,32.0,0,0.5015625,1024.0,8192.0,6400000.0,0.5273919092465753
1.0,16.0,2.0,1.0,1.0,1.0,39.0,32.0,0,0.5015625,0.0625,16384.0,6400000.0,0.5273919092465753
16.0,16.0,4.0,7.0,113.0,112.0,3743.0,15872.0,0,0.940625,0.00195312,32.0,6400000.0,0.9409246575342465
1.0,16.0,2.0,1.0,1.0,1.0,39.0,32.0,0,0.5015625,4.0,2048.0,6400000.0,0.5273919092465753
16.0,16.0,4.0,10.0,134.0,142.0,4397.0,20672.0,0,0.940625,0.00390625,0.25,6400000.0,0.9409246575342465
16.0,16.0,4.0,7.0,113.0,112.0,3743.0,15872.0,0,0.940625,32.0,0.0625,6400000.0,0.9409246575342465
1.0,16.0,2.0,1.0,1.0,1.0,39.0,32.0,0,0.5015625,16384.0,16.0,6400000.0,0.5273919092465753
16.0,16.0,2.0,5.0,65.0,61.0,2071.0,7712.0,0,0.9078125,4.0,0.00195312,6400000.0,0.9033657962328766
16.0,16.0,2.0,5.0,65.0,61.0,2071.0,7712.0,0,0.9078125,0.125,128.0,6400000.0,0.9033657962328766
1.0,16.0,4.0,1.0,1.0,1.0,63.0,32.0,0,0.5015625,0.00195312,32768.0,6400000.0,0.5273919092465753
16.0,16.0,2.0,5.0,65.0,61.0,2071.0,7712.0,0,0.9078125,4.0,2.0,6400000.0,0.9033657962328766
1.0,16.0,2.0,1.0,1.0,1.0,39.0,32.0,0,0.5015625,8192.0,2048.0,6400000.0,0.5273919092465753
16.0,16.0,4.0,6.0,106.0,104.0,3532.0,14592.0,0,0.940625,64.0,0.0,6400000.0,0.9409246575342465
16.0,16.0,2.0,5.0,65.0,61.0,2071.0,7712.0,0,0.940625,8.0,0.015625,6400000.0,0.9033657962328766
1.0,16.0,2.0,1.0,1.0,1.0,39.0,32.0,0,0.5015625,16384.0,0.015625,6400000.0,0.5273919092465753
16.0,16.0,4.0,5.0,99.0,97.0,3307.0,13472.0,0,0.940625,32.0,64.0,6400000.0,0.9409246575342465
1.0,16.0,4.0,1.0,1.0,1.0,63.0,32.0,0,0.5015625,64.0,512.0,6400000.0,0.5273919092465753
16.0,16.0,8.0,20.0,315.0,412.0,13656.0,63872.0,0,0.9640625,0.5,0.125,6400000.0,0.9644019080234832
16.0,16.0,4.0,5.0,99.0,97.0,3307.0,13472.0,0,0.940625,0.00390625,256.0,6400000.0,0.9303571428571427
16.0,16.0,4.0,5.0,99.0,97.0,3307.0,13472.0,0,0.940625,128.0,0.00390625,6400000.0,0.9409246575342465
1.0,16.0,2.0,1.0,1.0,1.0,39.0,32.0,0,0.5015625,2048.0,0.0625,6400000.0,0.5273919092465753
1.0,16.0,4.0,1.0,1.0,1.0,63.0,32.0,0,0.5015625,256.0,32768.0,6400000.0,0.5273919092465753
16.0,16.0,2.0,5.0,65.0,61.0,2071.0,7712.0,0,0.9078125,0.25,0.000976562,6400000.0,0.9033657962328766
16.0,16.0,2.0,5.0,65.0,61.0,2071.0,7712.0,0,0.940625,8.0,16.0,6400000.0,0.9033657962328766
16.0,16.0,4.0,6.0,106.0,104.0,3532.0,14592.0,0,0.940625,64.0,0.5,6400000.0,0.9409246575342465
1.0,16.0,4.0,1.0,1.0,1.0,63.0,32.0,0,0.5015625,128.0,4096.0,6400000.0,0.5273919092465753
1.0,16.0,2.0,1.0,1.0,1.0,39.0,32.0,0,0.5015625,8.0,16384.0,6400000.0,0.5273919092465753
16.0,16.0,4.0,5.0,99.0,97.0,3307.0,13472.0,0,0.940625,128.0,4.0,6400000.0,0.9409246575342465
16.0,16.0,4.0,5.0,94.0,92.0,3142.0,12672.0,0,0.940625,256.0,32.0,6400000.0,0.9033657962328766
16.0,16.0,4.0,5.0,99.0,97.0,3307.0,13472.0,0,0.940625,256.0,0.03125,6400000.0,0.9303571428571427
16.0,16.0,8.0,5.0,99.0,97.0,5467.0,13472.0,0,0.940625,0.5,128.0,6400000.0,0.9409246575342465
1.0,16.0,4.0,1.0,1.0,1.0,63.0,32.0,0,0.5015625,512.0,0.25,6400000.0,0.5273919092465753
1.0,16.0,2.0,1.0,1.0,1.0,39.0,32.0,0,0.5015625,2048.0,64.0,6400000.0,0.5273919092465753
16.0,16.0,2.0,5.0,65.0,61.0,2071.0,7712.0,0,0.940625,32.0,0.000976562,6400000.0,0.9088452482876711
1.0,16.0,2.0,1.0,1.0,1.0,39.0,32.0,0,0.5015625,0.25,1024.0,6400000.0,0.5273919092465753
16.0,16.0,2.0,5.0,65.0,61.0,2071.0,7712.0,0,0.940625,16.0,0.125,6400000.0,0.9033657962328766
16.0,16.0,8.0,22.0,321.0,412.0,13806.0,63872.0,0,0.9640625,1.0,0.000976562,6400000.0,0.9651854513209394
16.0,16.0,2.0,5.0,65.0,61.0,2071.0,7712.0,0,0.9078125,0.25,1.0,6400000.0,0.9033657962328766
16.0,16.0,4.0,11.0,134.0,142.0,4376.0,20672.0,0,0.940625,0.0078125,0.00195312,6400000.0,0.9409246575342465
16.0,16.0,2.0,5.0,64.0,60.0,2038.0,7552.0,0,0.9078125,16.0,128.0,6400000.0,0.9033657962328766
1.0,16.0,4.0,1.0,1.0,1.0,63.0,32.0,0,0.5015625,512.0,256.0,6400000.0,0.5273919092465753
16.0,16.0,8.0,22.0,332.0,420.0,14166.0,65152.0,0,0.9640625,0.0625,0.5,6400000.0,0.9644019080234832
1.0,16.0,2.0,1.0,1.0,1.0,39.0,32.0,0,0.5015625,128.0,32768.0,6400000.0,0.5273919092465753
16.0,16.0,2.0,5.0,65.0,61.0,2071.0,7712.0,0,0.940625,32.0,1.0,6400000.0,0.9088452482876711
1.0,16.0,4.0,1.0,1.0,1.0,63.0,32.0,0,0.5015625,1024.0,2.0,6400000.0,0.5273919092465753
1.0,16.0,4.0,1.0,1.0,1.0,63.0,32.0,0,0.5015625,1024.0,0.00195312,6400000.0,0.5273919092465753
1.0,16.0,2.0,1.0,1.0,1.0,39.0,32.0,0,0.5015625,32.0,1024.0,6400000.0,0.5273919092465753
1.0,16.0,4.0,1.0,1.0,1.0,63.0,32.0,0,0.5015625,2048.0,0.015625,6400000.0,0.5273919092465753
1.0,16.0,4.0,1.0,1.0,1.0,63.0,32.0,0,0.5015625,1024.0,2048.0,6400000.0,0.5273919092465753
16.0,16.0,2.0,4.0,61.0,58.0,1961.0,7232.0,0,0.9078125,256.0,0.25,6400000.0,0.9033657962328766
1.0,16.0,2.0,1.0,1.0,1.0,39.0,32.0,0,0.5015625,512.0,0.00195312,6400000.0,0.5273919092465753
16.0,16.0,8.0,20.0,315.0,418.0,13662.0,64832.0,0,0.9625,1.0,1.0,6400000.0,0.9651854513209394
1.0,16.0,4.0,1.0,1.0,1.0,63.0,32.0,0,0.5015625,2048.0,16384.0,6400000.0,0.5273919092465753
1.0,16.0,4.0,1.0,1.0,1.0,63.0,32.0,0,0.5015625,8192.0,0.000976562,6400000.0,0.5273919092465753
16.0,16.0,2.0,5.0,65.0,61.0,2071.0,7712.0,0,0.940625,64.0,8.0,6400000.0,0.9088452482876711
1.0,16.0,4.0,1.0,1.0,1.0,63.0,32.0,0,0.5015625,4096.0,128.0,6400000.0,0.5273919092465753
1.0,16.0,8.0,1.0,1.0,1.0,543.0,32.0,0,0.5015625,0.0625,512.0,6400000.0,0.5273919092465753
1.0,16.0,4.0,1.0,1.0,1.0,63.0,32.0,0,0.5015625,2048.0,16.0,6400000.0,0.5273919092465753
1.0,16.0,4.0,1.0,1.0,1.0,63.0,32.0,0,0.5015625,4096.0,0.125,6400000.0,0.5273919092465753
1.0,16.0,4.0,1.0,1.0,1.0,63.0,32.0,0,0.5015625,8192.0,1.0,6400000.0,0.5273919092465753
16.0,16.0,2.0,5.0,65.0,61.0,2071.0,7712.0,0,0.9078125,0.0078125,0.0625,6400000.0,0.9033657962328766
1.0,16.0,8.0,1.0,1.0,1.0,543.0,32.0,0,0.5015625,1.0,1024.0,6400000.0,0.5273919092465753
1.0,16.0,2.0,1.0,1.0,1.0,39.0,32.0,0,0.5015625,256.0,256.0,6400000.0,0.5273919092465753
16.0,16.0,2.0,5.0,65.0,61.0,2071.0,7712.0,0,0.940625,64.0,0.0078125,6400000.0,0.9088452482876711
16.0,16.0,2.0,5.0,65.0,61.0,2071.0,7712.0,0,0.9078125,0.5,0.0078125,6400000.0,0.9033657962328766
1.0,16.0,4.0,1.0,1.0,1.0,63.0,32.0,0,0.5015625,8192.0,1024.0,6400000.0,0.5273919092465753
1.0,16.0,2.0,1.0,1.0,1.0,39.0,32.0,0,0.5015625,16384.0,16384.0,6400000.0,0.5273919092465753
1.0,16.0,4.0,1.0,1.0,1.0,63.0,32.0,0,0.5015625,16384.0,0.0078125,6400000.0,0.5273919092465753
16.0,16.0,8.0,22.0,338.0,426.0,14364.0,66112.0,0,0.9640625,0.125,0.00390625,6400000.0,0.9644019080234832
16.0,16.0,2.0,5.0,65.0,61.0,2071.0,7712.0,0,0.940625,0.0078125,64.0,6400000.0,0.9088452482876711
1.0,16.0,4.0,1.0,1.0,1.0,63.0,32.0,0,0.5015625,16384.0,8192.0,6400000.0,0.5273919092465753
1.0,16.0,2.0,1.0,1.0,1.0,39.0,32.0,0,0.5015625,4096.0,0.5,6400000.0,0.5273919092465753
16.0,16.0,8.0,16.0,308.0,415.0,13264.0,64352.0,0,0.965625,0.125,4.0,6400000.0,0.9640089897260273
1.0,16.0,2.0,1.0,1.0,1.0,39.0,32.0,0,0.5015625,4096.0,0.0,6400000.0,0.5273919092465753
1.0,16.0,4.0,1.0,1.0,1.0,63.0,32.0,0,0.5015625,16384.0,8.0,6400000.0,0.5273919092465753
1.0,16.0,4.0,1.0,1.0,1.0,63.0,32.0,0,0.5015625,32768.0,0.0625,6400000.0,0.5273919092465753
1.0,16.0,2.0,1.0,1.0,1.0,39.0,32.0,0,0.5015625,64.0,8192.0,6400000.0,0.5273919092465753
16.0,16.0,2.0,5.0,65.0,61.0,2071.0,7712.0,0,0.9078125,0.015625,0.0,6400000.0,0.9033657962328766
1.0,16.0,4.0,1.0,1.0,1.0,63.0,32.0,0,0.5015625,32768.0,64.0,6400000.0,0.5273919092465753
1.0,16.0,4.0,1.0,1.0,1.0,63.0,32.0,0,0.5015625,0.0078125,2048.0,6400000.0,0.5273919092465753
1.0,16.0,2.0,1.0,1.0,1.0,39.0,32.0,0,0.5015625,512.0,2.0,6400000.0,0.5273919092465753
16.0,16.0,8.0,30.0,360.0,438.0,14912.0,68032.0,0,0.9640625,0.0,0.0,6400000.0,0.9644019080234832
1.0,16.0,2.0,1.0,1.0,1.0,39.0,32.0,0,0.5015625,0.5,8192.0,6400000.0,0.5273919092465753
1.0,16.0,2.0,1.0,1.0,1.0,39.0,32.0,0,0.5015625,4096.0,512.0,6400000.0,0.5273919092465753
16.0,16.0,4.0,10.0,140.0,142.0,4605.0,20672.0,0,0.940625,0.0078125,2.0,6400000.0,0.9409246575342465
16.0,16.0,2.0,5.0,65.0,61.0,2071.0,7712.0,0,0.940625,0.5,8.0,6400000.0,0.9033657962328766
1.0,16.0,2.0,1.0,1.0,1.0,39.0,32.0,0,0.5015625,32768.0,0.125,6400000.0,0.5273919092465753
16.0,16.0,8.0,26.0,351.0,429.0,14699.0,66592.0,0,0.9640625,0.000976562,0.00390625,6400000.0,0.9644019080234832
16.0,16.0,4.0,10.0,134.0,142.0,4397.0,20672.0,0,0.940625,0.015625,0.015625,6400000.0,0.9409246575342465
16.0,16.0,4.0,11.0,134.0,142.0,4376.0,20672.0,0,0.940625,0.0,0.000976562,6400000.0,0.9409246575342465
1.0,16.0,2.0,1.0,1.0,1.0,39.0,32.0,0,0.5015625,8192.0,0.00390625,6400000.0,0.5273919092465753
1.0,16.0,2.0,1.0,1.0,1.0,39.0,32.0,0,0.5015625,32768.0,128.0,6400000.0,0.5273919092465753
1.0,16.0,8.0,1.0,1.0,1.0,543.0,32.0,0,0.5015625,0.000976562,4096.0,6400000.0,0.5273919092465753
16.0,16.0,4.0,8.0,116.0,117.0,3823.0,16672.0,0,0.940625,0.015625,16.0,6400000.0,0.9409246575342465
16.0,16.0,8.0,22.0,332.0,420.0,14166.0,65152.0,0,0.9640625,0.0,0.5,6400000.0,0.9644019080234832
1.0,16.0,8.0,1.0,1.0,1.0,543.0,32.0,0,0.5015625,0.0,512.0,6400000.0,0.5273919092465753
1.0,16.0,8.0,1.0,1.0,1.0,543.0,32.0,0,0.5015625,0.00195312,32768.0,6400000.0,0.5273919092465753
1.0,16.0,8.0,1.0,1.0,1.0,543.0,32.0,0,0.5015625,0.125,4096.0,6400000.0,0.5273919092465753
1.0,16.0,4.0,1.0,1.0,1.0,63.0,32.0,0,0.5015625,0.015625,16384.0,6400000.0,0.5273919092465753
16.0,16.0,8.0,16.0,308.0,415.0,13264.0,64352.0,0,0.965625,0.000976562,4.0,6400000.0,0.9636176002935419
16.0,16.0,8.0,22.0,332.0,420.0,14166.0,65152.0,0,0.9640625,0.25,0.03125,6400000.0,0.9644019080234832
1.0,16.0,2.0,1.0,1.0,1.0,39.0,32.0,0,0.5015625,512.0,2048.0,6400000.0,0.5273919092465753
16.0,16.0,8.0,25.0,348.0,428.0,14623.0,66432.0,0,0.9640625,0.00195312,0.03125,6400000.0,0.9644019080234832
16.0,16.0,8.0,8.0,202.0,275.0,9389.0,41952.0,0,0.959375,0.00195312,32.0,6400000.0,0.9600973886986301
16.0,16.0,8.0,19.0,315.0,420.0,13685.0,65152.0,0,0.9625,2.0,0.0078125,6400000.0,0.9651854513209394
16.0,16.0,8.0,22.0,332.0,420.0,14166.0,65152.0,0,0.9640625,0.00390625,0.25,6400000.0,0.9644019080234832
16.0,16.0,4.0,10.0,134.0,142.0,4397.0,20672.0,0,0.940625,0.03125,0.125,6400000.0,0.9409246575342465
16.0,16.0,8.0,8.0,202.0,275.0,9389.0,41952.0,0,0.959375,0.25,32.0,6400000.0,0.9600973886986301
16.0,16.0,8.0,5.0,99.0,97.0,5467.0,13472.0,0,0.940625,0.00390625,256.0,6400000.0,0.9303571428571427
16.0,16.0,4.0,5.0,99.0,97.0,3307.0,13472.0,0,0.940625,0.03125,128.0,6400000.0,0.9409246575342465
1.0,16.0,2.0,1.0,1.0,1.0,39.0,32.0,0,0.5015625,1024.0,0.015625,6400000.0,0.5273919092465753
1.0,16.0,4.0,1.0,1.0,1.0,63.0,32.0,0,0.5015625,0.0,1024.0,6400000.0,0.5273919092465753
16.0,16.0,8.0,26.0,351.0,429.0,14699.0,66592.0,0,0.9640625,0.0078125,0.00195312,6400000.0,0.9644019080234832
16.0,16.0,4.0,10.0,134.0,142.0,4397.0,20672.0,0,0.940625,0.0,1.0,6400000.0,0.9409246575342465
16.0,16.0,2.0,5.0,65.0,61.0,2071.0,7712.0,0,0.9078125,0.015625,0.5,6400000.0,0.9033657962328766
16.0,16.0,4.0,10.0,134.0,142.0,4397.0,20672.0,0,0.940625,0.0625,0.000976562,6400000.0,0.9409246575342465
1.0,16.0,4.0,1.0,1.0,1.0,63.0,32.0,0,0.5015625,0.0625,1024.0,6400000.0,0.5273919092465753
16.0,16.0,4.0,11.0,134.0,142.0,4376.0,20672.0,0,0.940625,0.000976562,0.0078125,6400000.0,0.9409246575342465
1.0,16.0,4.0,1.0,1.0,1.0,63.0,32.0,0,0.5015625,0.125,8192.0,6400000.0,0.5273919092465753
1.0,16.0,2.0,1.0,1.0,1.0,39.0,32.0,0,0.5015625,8192.0,4.0,6400000.0,0.5273919092465753
16.0,16.0,4.0,10.0,140.0,142.0,4605.0,20672.0,0,0.940625,0.0625,1.0,6400000.0,0.9409246575342465
16.0,16.0,8.0,19.0,315.0,420.0,13685.0,65152.0,0,0.9625,0.0078125,2.0,6400000.0,0.9651854513209394
1.0,16.0,8.0,1.0,1.0,1.0,543.0,32.0,0,0.5015625,0.0078125,2048.0,6400000.0,0.5273919092465753
16.0,16.0,4.0,10.0,134.0,142.0,4397.0,20672.0,0,0.940625,0.125,0.0078125,6400000.0,0.9409246575342465
16.0,16.0,2.0,5.0,65.0,61.0,2071.0,7712.0,0,0.9078125,1.0,0.0625,6400000.0,0.9033657962328766
1.0,16.0,2.0,1.0,1.0,1.0,39.0,32.0,0,0.5015625,0.015625,512.0,6400000.0,0.5273919092465753
16.0,16.0,4.0,9.0,138.0,141.0,4546.0,20512.0,0,0.940625,0.125,8.0,6400000.0,0.9409246575342465
1.0,16.0,4.0,1.0,1.0,1.0,63.0,32.0,0,0.5015625,0.000976562,8192.0,6400000.0,0.5273919092465753
16.0,16.0,4.0,10.0,134.0,142.0,4397.0,20672.0,0,0.940625,0.25,0.0625,6400000.0,0.9409246575342465
16.0,16.0,4.0,6.0,106.0,104.0,3532.0,14592.0,0,0.940625,0.25,64.0,6400000.0,0.9409246575342465
16.0,16.0,2.0,5.0,65.0,61.0,2071.0,7712.0,0,0.9078125,0.03125,0.00390625,6400000.0,0.9033657962328766
16.0,16.0,2.0,5.0,65.0,61.0,2071.0,7712.0,0,0.9078125,128.0,0.0625,6400000.0,0.9033657962328766
16.0,16.0,4.0,9.0,138.0,141.0,4546.0,20512.0,0,0.940625,0.000976562,8.0,6400000.0,0.9409246575342465
16.0,16.0,8.0,12.0,258.0,319.0,11396.0,48992.0,0,0.9625,0.015625,16.0,6400000.0,0.961271556996086
16.0,16.0,4.0,10.0,134.0,142.0,4397.0,20672.0,0,0.940625,0.5,0.0,6400000.0,0.9409246575342465
16.0,16.0,8.0,25.0,348.0,428.0,14623.0,66432.0,0,0.9640625,0.015625,0.015625,6400000.0,0.9644019080234832
16.0,16.0,2.0,5.0,65.0,61.0,2071.0,7712.0,0,0.940625,1.0,64.0,6400000.0,0.9088452482876711
1.0,16.0,8.0,1.0,1.0,1.0,543.0,32.0,0,0.5015625,0.015625,16384.0,6400000.0,0.5273919092465753
16.0,16.0,2.0,4.0,62.0,59.0,1994.0,7392.0,0,0.9078125,128.0,64.0,6400000.0,0.9033657962328766
16.0,16.0,8.0,22.0,338.0,426.0,14364.0,66112.0,0,0.9640625,0.03125,0.125,6400000.0,0.9644019080234832
16.0,16.0,2.0,5.0,65.0,61.0,2071.0,7712.0,0,0.9078125,2.0,0.0,6400000.0,0.9033657962328766
1.0,16.0,2.0,1.0,1.0,1.0,39.0,32.0,0,0.5015625,0.03125,4096.0,6400000.0,0.5273919092465753
1.0,16.0,4.0,1.0,1.0,1.0,63.0,32.0,0,0.5015625,0.5,512.0,6400000.0,0.5273919092465753
16.0,16.0,4.0,10.0,134.0,142.0,4397.0,20672.0,0,0.940625,0.5,0.5,6400000.0,0.9409246575342465
16.0,16.0,2.0,5.0,65.0,61.0,2071.0,7712.0,0,0.9078125,0.03125,4.0,6400000.0,0.9033657962328766
16.0,16.0,4.0,10.0,134.0,142.0,4397.0,20672.0,0,0.940625,1.0,0.00390625,6400000.0,0.9409246575342465
16.0,16.0,8.0,14.0,260.0,358.0,11457.0,55232.0,0,0.965625,2.0,8.0,6400000.0,0.9620543358610567
16.0,16.0,2.0,5.0,65.0,61.0,2071.0,7712.0,0,0.9078125,2.0,0.5,6400000.0,0.9033657962328766
1.0,16.0,8.0,1.0,1.0,1.0,543.0,32.0,0,0.5015625,0.25,32768.0,6400000.0,0.5273919092465753
1.0,16.0,2.0,1.0,1.0,1.0,39.0,32.0,0,0.5015625,1024.0,16.0,6400000.0,0.5273919092465753
16.0,16.0,4.0,10.0,134.0,142.0,4397.0,20672.0,0,0.940625,0.00195312,0.0625,6400000.0,0.9409246575342465
16.0,16.0,4.0,7.0,113.0,111.0,3742.0,15712.0,0,0.940625,2.0,32.0,6400000.0,0.9409246575342465
1.0,16.0,2.0,1.0,1.0,1.0,39.0,32.0,0,0.5015625,2.0,512.0,6400000.0,0.5273919092465753
16.0,16.0,2.0,5.0,65.0,61.0,2071.0,7712.0,0,0.9078125,0.0625,0.03125,6400000.0,0.9033657962328766
16.0,16.0,4.0,10.0,140.0,142.0,4605.0,20672.0,0,0.940625,2.0,0.03125,6400000.0,0.9409246575342465
16.0,16.0,4.0,9.0,139.0,142.0,4579.0,20672.0,0,0.940625,1.0,4.0,6400000.0,0.9409246575342465
1.0,16.0,4.0,1.0,1.0,1.0,63.0,32.0,0,0.5015625,2.0,32768.0,6400000.0,0.5273919092465753
16.0,16.0,8.0,5.0,99.0,97.0,5467.0,13472.0,0,0.940625,0.03125,128.0,6400000.0,0.9409246575342465
1.0,16.0,4.0,1.0,1.0,1.0,63.0,32.0,0,0.5015625,1.0,4096.0,6400000.0,0.5273919092465753
16.0,16.0,2.0,5.0,65.0,61.0,2071.0,7712.0,0,0.9078125,0.125,0.25,6400000.0,0.9033657962328766
16.0,16.0,4.0,5.0,99.0,97.0,3307.0,13472.0,0,0.940625,4.0,256.0,6400000.0,0.9303571428571427
1.0,16.0,4.0,1.0,1.0,1.0,63.0,32.0,0,0.5015625,8.0,2048.0,6400000.0,0.5273919092465753
16.0,16.0,4.0,9.0,139.0,142.0,4579.0,20672.0,0,0.940625,4.0,0.25,6400000.0,0.9409246575342465
16.0,16.0,4.0,8.0,119.0,127.0,3929.0,18272.0,0,0.940625,8.0,2.0,6400000.0,0.9409246575342465
16.0,16.0,8.0,24.0,342.0,426.0,14450.0,66112.0,0,0.9640625,0.0625,0.000976562,6400000.0,0.9644019080234832
1.0,16.0,4.0,1.0,1.0,1.0,63.0,32.0,0,0.5015625,16.0,16384.0,6400000.0,0.5273919092465753
16.0,16.0,4.0,9.0,138.0,141.0,4546.0,20512.0,0,0.940625,8.0,0.00195312,6400000.0,0.9409246575342465
16.0,16.0,2.0,5.0,65.0,61.0,2071.0,7712.0,0,0.940625,0.0625,32.0,6400000.0,0.9088452482876711
16.0,16.0,4.0,7.0,113.0,112.0,3743.0,15872.0,0,0.940625,16.0,16.0,6400000.0,0.9409246575342465
16.0,16.0,4.0,8.0,116.0,117.0,3823.0,16672.0,0,0.940625,16.0,0.015625,6400000.0,0.9409246575342465
1.0,16.0,2.0,1.0,1.0,1.0,39.0,32.0,0,0.5015625,1024.0,16384.0,6400000.0,0.5273919092465753
16.0,16.0,4.0,6.0,106.0,104.0,3532.0,14592.0,0,0.940625,0.00195312,64.0,6400000.0,0.9409246575342465
1.0,16.0,2.0,1.0,1.0,1.0,39.0,32.0,0,0.5015625,0.0625,32768.0,6400000.0,0.5273919092465753
1.0,16.0,2.0,1.0,1.0,1.0,39.0,32.0,0,0.5015625,16384.0,32.0,6400000.0,0.5273919092465753
1.0,16.0,2.0,1.0,1.0,1.0,39.0,32.0,0,0.5015625,4.0,4096.0,6400000.0,0.5273919092465753
16.0,16.0,4.0,10.0,134.0,142.0,4397.0,20672.0,0,0.940625,0.00390625,0.5,6400000.0,0.9409246575342465
16.0,16.0,2.0,5.0,65.0,61.0,2071.0,7712.0,0,0.9078125,4.0,0.00390625,6400000.0,0.9033657962328766
16.0,16.0,4.0,7.0,113.0,112.0,3743.0,15872.0,0,0.940625,32.0,0.125,6400000.0,0.9409246575342465
16.0,16.0,4.0,6.0,106.0,104.0,3532.0,14592.0,0,0.940625,64.0,0.000976562,6400000.0,0.9409246575342465
16.0,16.0,2.0,5.0,65.0,61.0,2071.0,7712.0,0,0.940625,4.0,4.0,6400000.0,0.9033657962328766
1.0,16.0,2.0,1.0,1.0,1.0,39.0,32.0,0,0.5015625,16384.0,0.03125,6400000.0,0.5273919092465753
1.0,16.0,2.0,1.0,1.0,1.0,39.0,32.0,0,0.5015625,8192.0,4096.0,6400000.0,0.5273919092465753
16.0,16.0,8.0,21.0,320.0,412.0,13795.0,63872.0,0,0.9625,0.5,0.25,6400000.0,0.9636191291585126
16.0,16.0,2.0,5.0,65.0,61.0,2071.0,7712.0,0,0.940625,8.0,0.03125,6400000.0,0.9033657962328766
16.0,16.0,2.0,4.0,61.0,58.0,1961.0,7232.0,0,0.9078125,0.125,256.0,6400000.0,0.9033657962328766
16.0,16.0,4.0,11.0,134.0,142.0,4376.0,20672.0,0,0.940625,0.00390625,0.0,6400000.0,0.9409246575342465
1.0,16.0,4.0,1.0,1.0,1.0,63.0,32.0,0,0.5015625,64.0,1024.0,6400000.0,0.5273919092465753
1.0,16.0,2.0,1.0,1.0,1.0,39.0,32.0,0,0.5015625,2048.0,0.125,6400000.0,0.5273919092465753
1.0,16.0,4.0,1.0,1.0,1.0,63.0,32.0,0,0.5015625,512.0,0.0,6400000.0,0.5273919092465753
1.0,16.0,4.0,1.0,1.0,1.0,63.0,32.0,0,0.5015625,0.00390625,512.0,6400000.0,0.5273919092465753
16.0,16.0,2.0,5.0,65.0,61.0,2071.0,7712.0,0,0.940625,8.0,32.0,6400000.0,0.9088452482876711
16.0,16.0,4.0,5.0,99.0,97.0,3307.0,13472.0,0,0.940625,32.0,128.0,6400000.0,0.9409246575342465
16.0,16.0,4.0,5.0,99.0,97.0,3307.0,13472.0,0,0.940625,128.0,0.0078125,6400000.0,0.9409246575342465
16.0,16.0,2.0,5.0,65.0,61.0,2071.0,7712.0,0,0.9078125,0.25,0.00195312,6400000.0,0.9033657962328766
16.0,16.0,4.0,6.0,106.0,104.0,3532.0,14592.0,0,0.940625,64.0,1.0,6400000.0,0.9409246575342465
1.0,16.0,4.0,1.0,1.0,1.0,63.0,32.0,0,0.5015625,128.0,8192.0,6400000.0,0.5273919092465753
16.0,16.0,4.0,5.0,96.0,102.0,3216.0,14272.0,0,0.940625,256.0,64.0,6400000.0,0.9033657962328766
16.0,16.0,4.0,5.0,99.0,97.0,3307.0,13472.0,0,0.940625,256.0,0.0625,6400000.0,0.9303571428571427
1.0,16.0,4.0,1.0,1.0,1.0,63.0,32.0,0,0.5015625,512.0,0.5,6400000.0,0.5273919092465753
16.0,16.0,4.0,5.0,99.0,97.0,3307.0,13472.0,0,0.940625,128.0,8.0,6400000.0,0.9409246575342465
16.0,16.0,8.0,5.0,99.0,97.0,5467.0,13472.0,0,0.940625,0.5,256.0,6400000.0,0.9303571428571427
1.0,16.0,2.0,1.0,1.0,1.0,39.0,32.0,0,0.5015625,8.0,32768.0,6400000.0,0.5273919092465753
16.0,16.0,2.0,5.0,65.0,61.0,2071.0,7712.0,0,0.940625,32.0,0.00195312,6400000.0,0.9088452482876711
16.0,16.0,2.0,5.0,65.0,61.0,2071.0,7712.0,0,0.940625,16.0,0.25,6400000.0,0.9033657962328766
1.0,16.0,2.0,1.0,1.0,1.0,39.0,32.0,0,0.5015625,2048.0,128.0,6400000.0,0.5273919092465753
1.0,16.0,2.0,1.0,1.0,1.0,39.0,32.0,0,0.5015625,0.25,2048.0,6400000.0,0.5273919092465753
16.0,16.0,4.0,11.0,134.0,142.0,4376.0,20672.0,0,0.940625,0.0078125,0.00390625,6400000.0,0.9409246575342465
16.0,16.0,2.0,5.0,65.0,61.0,2071.0,7712.0,0,0.9078125,0.25,2.0,6400000.0,0.9033657962328766
16.0,16.0,2.0,4.0,61.0,58.0,1961.0,7232.0,0,0.9078125,16.0,256.0,6400000.0,0.9033657962328766
16.0,16.0,8.0,22.0,321.0,412.0,13806.0,63872.0,0,0.9640625,1.0,0.00195312,6400000.0,0.9651854513209394
16.0,16.0,2.0,4.0,61.0,58.0,1961.0,7232.0,0,0.9078125,256.0,0.0,6400000.0,0.9033657962328766
16.0,16.0,8.0,22.0,321.0,412.0,13806.0,63872.0,0,0.9640625,0.0625,1.0,6400000.0,0.9647940618884541
1.0,16.0,4.0,1.0,1.0,1.0,63.0,32.0,0,0.5015625,512.0,512.0,6400000.0,0.5273919092465753
1.0,16.0,4.0,1.0,1.0,1.0,63.0,32.0,0,0.5015625,1024.0,4.0,6400000.0,0.5273919092465753
16.0,16.0,2.0,5.0,65.0,61.0,2071.0,7712.0,0,0.940625,32.0,2.0,6400000.0,0.9088452482876711
1.0,16.0,4.0,1.0,1.0,1.0,63.0,32.0,0,0.5015625,1024.0,0.00390625,6400000.0,0.5273919092465753
1.0,16.0,2.0,1.0,1.0,1.0,39.0,32.0,0,0.5015625,32.0,2048.0,6400000.0,0.5273919092465753
1.0,16.0,4.0,1.0,1.0,1.0,63.0,32.0,0,0.5015625,2048.0,0.03125,6400000.0,0.5273919092465753
1.0,16.0,4.0,1.0,1.0,1.0,63.0,32.0,0,0.5015625,2048.0,32768.0,6400000.0,0.5273919092465753
16.0,16.0,2.0,5.0,65.0,61.0,2071.0,7712.0,0,0.9078125,64.0,16.0,6400000.0,0.9088452482876711
1.0,16.0,4.0,1.0,1.0,1.0,63.0,32.0,0,0.5015625,8192.0,0.00195312,6400000.0,0.5273919092465753
1.0,16.0,2.0,1.0,1.0,1.0,39.0,32.0,0,0.5015625,512.0,0.00390625,6400000.0,0.5273919092465753
1.0,16.0,4.0,1.0,1.0,1.0,63.0,32.0,0,0.5015625,1024.0,4096.0,6400000.0,0.5273919092465753
16.0,16.0,2.0,4.0,61.0,58.0,1961.0,7232.0,0,0.9078125,256.0,0.5,6400000.0,0.9033657962328766
1.0,16.0,4.0,1.0,1.0,1.0,63.0,32.0,0,0.5015625,4096.0,256.0,6400000.0,0.5273919092465753
1.0,16.0,4.0,1.0,1.0,1.0,63.0,32.0,0,0.5015625,2048.0,32.0,6400000.0,0.5273919092465753
16.0,16.0,8.0,17.0,325.0,416.0,13788.0,64512.0,0,0.9625,1.0,2.0,6400000.0,0.9616637108610566
16.0,16.0,2.0,5.0,65.0,61.0,2071.0,7712.0,0,0.9078125,0.5,0.015625,6400000.0,0.9033657962328766
1.0,16.0,8.0,1.0,1.0,1.0,543.0,32.0,0,0.5015625,0.0625,1024.0,6400000.0,0.5273919092465753
1.0,16.0,4.0,1.0,1.0,1.0,63.0,32.0,0,0.5015625,8192.0,2.0,6400000.0,0.5273919092465753
1.0,16.0,8.0,1.0,1.0,1.0,543.0,32.0,0,0.5015625,2.0,8192.0,6400000.0,0.5273919092465753
1.0,16.0,8.0,1.0,1.0,1.0,543.0,32.0,0,0.5015625,1.0,2048.0,6400000.0,0.5273919092465753
1.0,16.0,2.0,1.0,1.0,1.0,39.0,32.0,0,0.5015625,256.0,512.0,6400000.0,0.5273919092465753
1.0,16.0,4.0,1.0,1.0,1.0,63.0,32.0,0,0.5015625,4096.0,0.25,6400000.0,0.5273919092465753
1.0,16.0,4.0,1.0,1.0,1.0,63.0,32.0,0,0.5015625,8192.0,2048.0,6400000.0,0.5273919092465753
1.0,16.0,4.0,1.0,1.0,1.0,63.0,32.0,0,0.5015625,16384.0,0.015625,6400000.0,0.5273919092465753
1.0,16.0,2.0,1.0,1.0,1.0,39.0,32.0,0,0.5015625,16384.0,32768.0,6400000.0,0.5273919092465753
16.0,16.0,2.0,5.0,65.0,61.0,2071.0,7712.0,0,0.940625,64.0,0.015625,6400000.0,0.9088452482876711
16.0,16.0,8.0,16.0,308.0,415.0,13264.0,64352.0,0,0.965625,4.0,0.0625,6400000.0,0.9640089897260273
1.0,16.0,4.0,1.0,1.0,1.0,63.0,32.0,0,0.5015625,16384.0,16384.0,6400000.0,0.5273919092465753
16.0,16.0,8.0,15.0,264.0,389.0,11595.0,60192.0,0,0.9640625,0.125,8.0,6400000.0,0.9616629464285713
1.0,16.0,2.0,1.0,1.0,1.0,39.0,32.0,0,0.5015625,4096.0,1.0,6400000.0,0.5273919092465753
1.0,16.0,2.0,1.0,1.0,1.0,39.0,32.0,0,0.5015625,4096.0,0.000976562,6400000.0,0.5273919092465753
1.0,16.0,4.0,1.0,1.0,1.0,63.0,32.0,0,0.5015625,16384.0,16.0,6400000.0,0.5273919092465753
1.0,16.0,4.0,1.0,1.0,1.0,63.0,32.0,0,0.5015625,32768.0,0.125,6400000.0,0.5273919092465753
16.0,16.0,8.0,22.0,338.0,426.0,14364.0,66112.0,0,0.9640625,0.125,0.0078125,6400000.0,0.9644019080234832
1.0,16.0,2.0,1.0,1.0,1.0,39.0,32.0,0,0.5015625,64.0,16384.0,6400000.0,0.5273919092465753
1.0,16.0,4.0,1.0,1.0,1.0,63.0,32.0,0,0.5015625,32768.0,128.0,6400000.0,0.5273919092465753
1.0,16.0,4.0,1.0,1.0,1.0,63.0,32.0,0,0.5015625,0.0078125,4096.0,6400000.0,0.5273919092465753
16.0,16.0,8.0,8.0,159.0,170.0,7908.0,25152.0,0,0.959375,4.0,64.0,6400000.0,0.9409246575342465
1.0,16.0,2.0,1.0,1.0,1.0,39.0,32.0,0,0.5015625,0.5,16384.0,6400000.0,0.5273919092465753
16.0,16.0,2.0,5.0,65.0,61.0,2071.0,7712.0,0,0.940625,0.5,16.0,6400000.0,0.9033657962328766
16.0,16.0,8.0,26.0,351.0,429.0,14699.0,66592.0,0,0.9640625,0.0,0.000976562,6400000.0,0.9644019080234832
1.0,16.0,2.0,1.0,1.0,1.0,39.0,32.0,0,0.5015625,512.0,4.0,6400000.0,0.5273919092465753
1.0,16.0,2.0,1.0,1.0,1.0,39.0,32.0,0,0.5015625,32768.0,0.25,6400000.0,0.5273919092465753
1.0,16.0,2.0,1.0,1.0,1.0,39.0,32.0,0,0.5015625,4096.0,1024.0,6400000.0,0.5273919092465753
16.0,16.0,4.0,9.0,139.0,142.0,4579.0,20672.0,0,0.940625,0.0078125,4.0,6400000.0,0.9409246575342465
16.0,16.0,4.0,11.0,134.0,142.0,4376.0,20672.0,0,0.940625,0.0,0.00195312,6400000.0,0.9409246575342465
16.0,16.0,4.0,10.0,134.0,142.0,4397.0,20672.0,0,0.940625,0.015625,0.03125,6400000.0,0.9409246575342465
1.0,16.0,2.0,1.0,1.0,1.0,39.0,32.0,0,0.5015625,8192.0,0.0078125,6400000.0,0.5273919092465753
16.0,16.0,8.0,26.0,351.0,429.0,14699.0,66592.0,0,0.9640625,0.000976562,0.0078125,6400000.0,0.9644019080234832
1.0,16.0,2.0,1.0,1.0,1.0,39.0,32.0,0,0.5015625,32768.0,256.0,6400000.0,0.5273919092465753
1.0,16.0,8.0,1.0,1.0,1.0,543.0,32.0,0,0.5015625,0.000976562,8192.0,6400000.0,0.5273919092465753
16.0,16.0,8.0,22.0,332.0,420.0,14166.0,65152.0,0,0.9640625,0.25,0.0625,6400000.0,0.9644019080234832
1.0,16.0,8.0,1.0,1.0,1.0,543.0,32.0,0,0.5015625,0.125,8192.0,6400000.0,0.5273919092465753
16.0,16.0,8.0,26.0,351.0,429.0,14699.0,66592.0,0,0.9640625,0.00390625,0.0,6400000.0,0.9644019080234832
16.0,16.0,8.0,15.0,264.0,389.0,11595.0,60192.0,0,0.9640625,0.000976562,8.0,6400000.0,0.961271556996086
16.0,16.0,8.0,22.0,321.0,412.0,13806.0,63872.0,0,0.9640625,0.0,1.0,6400000.0,0.9651854513209394
16.0,16.0,4.0,7.0,113.0,112.0,3743.0,15872.0,0,0.940625,0.015625,32.0,6400000.0,0.9409246575342465
1.0,16.0,8.0,1.0,1.0,1.0,543.0,32.0,0,0.5015625,0.0,1024.0,6400000.0,0.5273919092465753
16.0,16.0,8.0,24.0,342.0,426.0,14450.0,66112.0,0,0.9640625,0.00195312,0.0625,6400000.0,0.9644019080234832
1.0,16.0,2.0,1.0,1.0,1.0,39.0,32.0,0,0.5015625,512.0,4096.0,6400000.0,0.5273919092465753
1.0,16.0,4.0,1.0,1.0,1.0,63.0,32.0,0,0.5015625,0.015625,32768.0,6400000.0,0.5273919092465753
16.0,16.0,8.0,19.0,315.0,420.0,13685.0,65152.0,0,0.9625,2.0,0.015625,6400000.0,0.9651854513209394
16.0,16.0,8.0,22.0,332.0,420.0,14166.0,65152.0,0,0.9640625,0.00390625,0.5,6400000.0,0.9644019080234832
16.0,16.0,8.0,8.0,172.0,187.0,8341.0,27872.0,0,0.959375,0.00195312,64.0,6400000.0,0.9409246575342465
16.0,16.0,8.0,8.0,172.0,187.0,8341.0,27872.0,0,0.959375,0.25,64.0,6400000.0,0.9409246575342465
16.0,16.0,4.0,10.0,134.0,142.0,4397.0,20672.0,0,0.940625,0.03125,0.25,6400000.0,0.9409246575342465
16.0,16.0,4.0,5.0,99.0,97.0,3307.0,13472.0,0,0.940625,0.03125,256.0,6400000.0,0.9303571428571427
1.0,16.0,8.0,1.0,1.0,1.0,543.0,32.0,0,0.5015625,0.00390625,512.0,6400000.0,0.5273919092465753
16.0,16.0,8.0,26.0,351.0,429.0,14699.0,66592.0,0,0.9640625,0.0078125,0.00390625,6400000.0,0.9644019080234832
1.0,16.0,2.0,1.0,1.0,1.0,39.0,32.0,0,0.5015625,1024.0,0.03125,6400000.0,0.5273919092465753
16.0,16.0,4.0,10.0,140.0,142.0,4605.0,20672.0,0,0.940625,0.0,2.0,6400000.0,0.9409246575342465
1.0,16.0,4.0,1.0,1.0,1.0,63.0,32.0,0,0.5015625,0.0,2048.0,6400000.0,0.5273919092465753
1.0,16.0,4.0,1.0,1.0,1.0,63.0,32.0,0,0.5015625,0.0625,2048.0,6400000.0,0.5273919092465753
16.0,16.0,8.0,15.0,264.0,389.0,11595.0,60192.0,0,0.9640625,8.0,0.0,6400000.0,0.9620543358610568
16.0,16.0,4.0,10.0,134.0,142.0,4397.0,20672.0,0,0.940625,0.0625,0.00195312,6400000.0,0.9409246575342465
1.0,16.0,4.0,1.0,1.0,1.0,63.0,32.0,0,0.5015625,0.125,16384.0,6400000.0,0.5273919092465753
1.0,16.0,2.0,1.0,1.0,1.0,39.0,32.0,0,0.5015625,8192.0,8.0,6400000.0,0.5273919092465753
1.0,16.0,8.0,1.0,1.0,1.0,543.0,32.0,0,0.5015625,0.0078125,4096.0,6400000.0,0.5273919092465753
16.0,16.0,8.0,16.0,308.0,415.0,13264.0,64352.0,0,0.965625,0.0078125,4.0,6400000.0,0.9636176002935419
16.0,16.0,4.0,10.0,140.0,142.0,4605.0,20672.0,0,0.940625,0.0625,2.0,6400000.0,0.9409246575342465
16.0,16.0,4.0,10.0,134.0,142.0,4397.0,20672.0,0,0.940625,0.000976562,0.015625,6400000.0,0.9409246575342465
16.0,16.0,4.0,10.0,134.0,142.0,4397.0,20672.0,0,0.940625,0.125,0.015625,6400000.0,0.9409246575342465
16.0,16.0,2.0,5.0,65.0,61.0,2071.0,7712.0,0,0.9078125,1.0,0.125,6400000.0,0.9033657962328766
16.0,16.0,4.0,8.0,116.0,117.0,3823.0,16672.0,0,0.940625,0.125,16.0,6400000.0,0.9409246575342465
1.0,16.0,4.0,1.0,1.0,1.0,63.0,32.0,0,0.5015625,0.000976562,16384.0,6400000.0,0.5273919092465753
16.0,16.0,4.0,8.0,116.0,117.0,3823.0,16672.0,0,0.940625,0.000976562,16.0,6400000.0,0.9409246575342465
16.0,16.0,4.0,5.0,99.0,97.0,3307.0,13472.0,0,0.940625,0.25,128.0,6400000.0,0.9409246575342465
16.0,16.0,2.0,5.0,65.0,61.0,2071.0,7712.0,0,0.9078125,128.0,0.125,6400000.0,0.9033657962328766
16.0,16.0,4.0,10.0,134.0,142.0,4397.0,20672.0,0,0.940625,0.25,0.125,6400000.0,0.9409246575342465
16.0,16.0,8.0,15.0,264.0,389.0,11595.0,60192.0,0,0.9640625,8.0,0.5,6400000.0,0.9608801675636007
1.0,16.0,8.0,1.0,1.0,1.0,543.0,32.0,0,0.5015625,8.0,512.0,6400000.0,0.5273919092465753
16.0,16.0,2.0,5.0,65.0,61.0,2071.0,7712.0,0,0.9078125,1.0,128.0,6400000.0,0.9033657962328766
16.0,16.0,4.0,10.0,134.0,142.0,4397.0,20672.0,0,0.940625,0.5,0.000976562,6400000.0,0.9409246575342465
16.0,16.0,8.0,8.0,202.0,275.0,9389.0,41952.0,0,0.959375,0.015625,32.0,6400000.0,0.9600973886986301
16.0,16.0,8.0,24.0,342.0,426.0,14450.0,66112.0,0,0.9640625,0.015625,0.03125,6400000.0,0.9644019080234832
1.0,16.0,8.0,1.0,1.0,1.0,543.0,32.0,0,0.5015625,0.015625,32768.0,6400000.0,0.5273919092465753
16.0,16.0,2.0,4.0,61.0,58.0,1961.0,7232.0,0,0.9078125,128.0,128.0,6400000.0,0.9033657962328766
16.0,16.0,2.0,5.0,65.0,61.0,2071.0,7712.0,0,0.9078125,2.0,0.000976562,6400000.0,0.9033657962328766
16.0,16.0,8.0,10.0,208.0,274.0,9793.0,41792.0,0,0.959375,16.0,4.0,6400000.0,0.961271556996086
16.0,16.0,2.0,5.0,65.0,61.0,2071.0,7712.0,0,0.9078125,2.0,1.0,6400000.0,0.9033657962328766
1.0,16.0,8.0,1.0,1.0,1.0,543.0,32.0,0,0.5015625,16.0,4096.0,6400000.0,0.5273919092465753
16.0,16.0,8.0,12.0,259.0,320.0,11429.0,49152.0,0,0.959375,16.0,0.00390625,6400000.0,0.961271556996086
1.0,16.0,2.0,1.0,1.0,1.0,39.0,32.0,0,0.5015625,1024.0,32.0,6400000.0,0.5273919092465753
1.0,16.0,4.0,1.0,1.0,1.0,63.0,32.0,0,0.5015625,0.5,1024.0,6400000.0,0.5273919092465753
16.0,16.0,4.0,6.0,106.0,104.0,3532.0,14592.0,0,0.940625,2.0,64.0,6400000.0,0.9409246575342465
16.0,16.0,4.0,10.0,134.0,142.0,4397.0,20672.0,0,0.940625,1.0,0.0078125,6400000.0,0.9409246575342465
16.0,16.0,8.0,22.0,332.0,420.0,14166.0,65152.0,0,0.9640625,0.03125,0.25,6400000.0,0.9644019080234832
1.0,16.0,2.0,1.0,1.0,1.0,39.0,32.0,0,0.5015625,2.0,1024.0,6400000.0,0.5273919092465753
16.0,16.0,4.0,9.0,139.0,142.0,4579.0,20672.0,0,0.940625,4.0,0.0,6400000.0,0.9409246575342465
16.0,16.0,4.0,10.0,140.0,142.0,4605.0,20672.0,0,0.940625,0.5,1.0,6400000.0,0.9409246575342465
16.0,16.0,4.0,10.0,134.0,142.0,4397.0,20672.0,0,0.940625,0.00195312,0.125,6400000.0,0.9409246575342465
16.0,16.0,8.0,22.0,332.0,420.0,14166.0,65152.0,0,0.9640625,0.5,0.0,6400000.0,0.9644019080234832
16.0,16.0,8.0,13.0,235.0,297.0,10617.0,45472.0,0,0.959375,2.0,16.0,6400000.0,0.9600973886986301
16.0,16.0,4.0,10.0,140.0,142.0,4605.0,20672.0,0,0.940625,2.0,0.0625,6400000.0,0.9409246575342465
16.0,16.0,4.0,9.0,133.0,141.0,4370.0,20512.0,0,0.940625,1.0,8.0,6400000.0,0.9409246575342465
1.0,16.0,4.0,1.0,1.0,1.0,63.0,32.0,0,0.5015625,4.0,512.0,6400000.0,0.5273919092465753
16.0,16.0,8.0,5.0,99.0,97.0,5467.0,13472.0,0,0.940625,0.03125,256.0,6400000.0,0.9303571428571427
1.0,16.0,4.0,1.0,1.0,1.0,63.0,32.0,0,0.5015625,8.0,4096.0,6400000.0,0.5273919092465753
16.0,16.0,4.0,9.0,139.0,142.0,4579.0,20672.0,0,0.940625,4.0,0.5,6400000.0,0.9409246575342465
1.0,16.0,4.0,1.0,1.0,1.0,63.0,32.0,0,0.5015625,1.0,8192.0,6400000.0,0.5273919092465753
16.0,16.0,4.0,8.0,126.0,127.0,4153.0,18272.0,0,0.940625,8.0,4.0,6400000.0,0.9409246575342465
1.0,16.0,4.0,1.0,1.0,1.0,63.0,32.0,0,0.5015625,16.0,32768.0,6400000.0,0.5273919092465753
16.0,16.0,8.0,24.0,342.0,426.0,14450.0,66112.0,0,0.9640625,0.0625,0.00195312,6400000.0,0.9644019080234832
16.0,16.0,8.0,8.0,203.0,276.0,9422.0,42112.0,0,0.959375,32.0,0.03125,6400000.0,0.9604887781311154
16.0,16.0,8.0,8.0,212.0,230.0,9664.0,34752.0,0,0.959375,32.0,32.0,6400000.0,0.9409246575342465
16.0,16.0,4.0,9.0,138.0,141.0,4546.0,20512.0,0,0.940625,8.0,0.00390625,6400000.0,0.9409246575342465
16.0,16.0,4.0,7.0,111.0,108.0,3675.0,15232.0,0,0.940625,16.0,32.0,6400000.0,0.9409246575342465
1.0,16.0,2.0,1.0,1.0,1.0,39.0,32.0,0,0.5015625,4.0,8192.0,6400000.0,0.5273919092465753
1.0,16.0,8.0,1.0,1.0,1.0,543.0,32.0,0,0.5015625,32.0,32768.0,6400000.0,0.5273919092465753
1.0,16.0,2.0,1.0,1.0,1.0,39.0,32.0,0,0.5015625,16384.0,64.0,6400000.0,0.5273919092465753
1.0,16.0,2.0,1.0,1.0,1.0,39.0,32.0,0,0.5015625,1024.0,32768.0,6400000.0,0.5273919092465753
16.0,16.0,4.0,8.0,116.0,117.0,3823.0,16672.0,0,0.940625,16.0,0.03125,6400000.0,0.9409246575342465
16.0,16.0,4.0,10.0,134.0,142.0,4397.0,20672.0,0,0.940625,0.00390625,1.0,6400000.0,0.9409246575342465
1.0,16.0,2.0,1.0,1.0,1.0,39.0,32.0,0,0.5015625,16384.0,0.0625,6400000.0,0.5273919092465753
16.0,16.0,4.0,5.0,99.0,97.0,3307.0,13472.0,0,0.940625,0.00195312,128.0,6400000.0,0.9409246575342465
16.0,16.0,2.0,5.0,65.0,61.0,2071.0,7712.0,0,0.940625,4.0,8.0,6400000.0,0.9033657962328766
16.0,16.0,4.0,7.0,113.0,112.0,3743.0,15872.0,0,0.940625,32.0,0.25,6400000.0,0.9409246575342465
16.0,16.0,2.0,5.0,65.0,61.0,2071.0,7712.0,0,0.9078125,4.0,0.0078125,6400000.0,0.9033657962328766
1.0,16.0,2.0,1.0,1.0,1.0,39.0,32.0,0,0.5015625,8192.0,8192.0,6400000.0,0.5273919092465753
1.0,16.0,4.0,1.0,1.0,1.0,63.0,32.0,0,0.5015625,512.0,0.000976562,6400000.0,0.5273919092465753
1.0,16.0,4.0,1.0,1.0,1.0,63.0,32.0,0,0.5015625,64.0,2048.0,6400000.0,0.5273919092465753
16.0,16.0,2.0,5.0,65.0,61.0,2071.0,7712.0,0,0.940625,8.0,0.0625,6400000.0,0.9033657962328766
16.0,16.0,8.0,22.0,321.0,412.0,13806.0,63872.0,0,0.9640625,0.5,0.5,6400000.0,0.9651854513209394
16.0,16.0,8.0,8.0,215.0,233.0,9763.0,35232.0,0,0.959375,64.0,0.25,6400000.0,0.9409246575342465
1.0,16.0,4.0,1.0,1.0,1.0,63.0,32.0,0,0.5015625,0.00390625,1024.0,6400000.0,0.5273919092465753
1.0,16.0,2.0,1.0,1.0,1.0,39.0,32.0,0,0.5015625,2048.0,0.25,6400000.0,0.5273919092465753
16.0,16.0,8.0,5.0,96.0,102.0,5376.0,14272.0,0,0.940625,64.0,256.0,6400000.0,0.9033657962328766
16.0,16.0,4.0,6.0,106.0,104.0,3532.0,14592.0,0,0.940625,64.0,0.00195312,6400000.0,0.9409246575342465
16.0,16.0,4.0,11.0,134.0,142.0,4376.0,20672.0,0,0.940625,0.00390625,0.000976562,6400000.0,0.9409246575342465
16.0,16.0,4.0,6.0,106.0,104.0,3532.0,14592.0,0,0.940625,64.0,2.0,6400000.0,0.9409246575342465
16.0,16.0,4.0,5.0,99.0,97.0,3307.0,13472.0,0,0.940625,128.0,0.015625,6400000.0,0.9409246575342465
16.0,16.0,4.0,5.0,94.0,92.0,3142.0,12672.0,0,0.940625,32.0,256.0,6400000.0,0.9033657962328766
16.0,16.0,2.0,5.0,65.0,61.0,2071.0,7712.0,0,0.940625,8.0,64.0,6400000.0,0.9088452482876711
16.0,16.0,4.0,4.0,82.0,81.0,2768.0,10912.0,0,0.9078125,256.0,128.0,6400000.0,0.9033657962328766
1.0,16.0,4.0,1.0,1.0,1.0,63.0,32.0,0,0.5015625,512.0,1.0,6400000.0,0.5273919092465753
1.0,16.0,4.0,1.0,1.0,1.0,63.0,32.0,0,0.5015625,128.0,16384.0,6400000.0,0.5273919092465753
16.0,16.0,4.0,5.0,99.0,97.0,3307.0,13472.0,0,0.940625,256.0,0.125,6400000.0,0.9303571428571427
1.0,16.0,8.0,1.0,1.0,1.0,543.0,32.0,0,0.5015625,0.5,512.0,6400000.0,0.5273919092465753
16.0,16.0,2.0,5.0,65.0,61.0,2071.0,7712.0,0,0.940625,16.0,0.0,6400000.0,0.9033657962328766
16.0,16.0,4.0,5.0,99.0,97.0,3307.0,13472.0,0,0.940625,128.0,16.0,6400000.0,0.9409246575342465
16.0,16.0,2.0,5.0,65.0,61.0,2071.0,7712.0,0,0.940625,16.0,0.5,6400000.0,0.9033657962328766
16.0,16.0,2.0,5.0,65.0,61.0,2071.0,7712.0,0,0.940625,32.0,0.00390625,6400000.0,0.9088452482876711
16.0,16.0,8.0,5.0,99.0,97.0,5467.0,13472.0,0,0.940625,128.0,0.00195312,6400000.0,0.9409246575342465
1.0,16.0,2.0,1.0,1.0,1.0,39.0,32.0,0,0.5015625,16.0,512.0,6400000.0,0.5273919092465753
1.0,16.0,2.0,1.0,1.0,1.0,39.0,32.0,0,0.5015625,2048.0,256.0,6400000.0,0.5273919092465753
16.0,16.0,2.0,4.0,61.0,58.0,1961.0,7232.0,0,0.9078125,256.0,0.000976562,6400000.0,0.9033657962328766
16.0,16.0,4.0,10.0,134.0,142.0,4397.0,20672.0,0,0.940625,0.0078125,0.0078125,6400000.0,0.9409246575342465
16.0,16.0,8.0,22.0,321.0,412.0,13806.0,63872.0,0,0.9640625,1.0,0.00390625,6400000.0,0.9651854513209394
16.0,16.0,8.0,5.0,99.0,97.0,5467.0,13472.0,0,0.940625,128.0,2.0,6400000.0,0.9409246575342465
1.0,16.0,4.0,1.0,1.0,1.0,63.0,32.0,0,0.5015625,512.0,1024.0,6400000.0,0.5273919092465753
16.0,16.0,8.0,19.0,315.0,420.0,13685.0,65152.0,0,0.9625,0.0625,2.0,6400000.0,0.9651854513209394
1.0,16.0,4.0,1.0,1.0,1.0,63.0,32.0,0,0.5015625,1024.0,8.0,6400000.0,0.5273919092465753
16.0,16.0,2.0,5.0,65.0,61.0,2071.0,7712.0,0,0.940625,32.0,4.0,6400000.0,0.9088452482876711
1.0,16.0,2.0,1.0,1.0,1.0,39.0,32.0,0,0.5015625,32.0,4096.0,6400000.0,0.5273919092465753
1.0,16.0,4.0,1.0,1.0,1.0,63.0,32.0,0,0.5015625,1024.0,0.0078125,6400000.0,0.5273919092465753
1.0,16.0,4.0,1.0,1.0,1.0,63.0,32.0,0,0.5015625,4096.0,0.0,6400000.0,0.5273919092465753
1.0,16.0,4.0,1.0,1.0,1.0,63.0,32.0,0,0.5015625,2048.0,0.0625,6400000.0,0.5273919092465753
1.0,16.0,8.0,1.0,1.0,1.0,543.0,32.0,0,0.5015625,0.0625,2048.0,6400000.0,0.5273919092465753
16.0,16.0,2.0,4.0,61.0,58.0,1961.0,7232.0,0,0.9078125,256.0,1.0,6400000.0,0.9033657962328766
1.0,16.0,4.0,1.0,1.0,1.0,63.0,32.0,0,0.5015625,2048.0,64.0,6400000.0,0.5273919092465753
1.0,16.0,4.0,1.0,1.0,1.0,63.0,32.0,0,0.5015625,1024.0,8192.0,6400000.0,0.5273919092465753
1.0,16.0,8.0,1.0,1.0,1.0,543.0,32.0,0,0.5015625,128.0,2048.0,6400000.0,0.5273919092465753
1.0,16.0,2.0,1.0,1.0,1.0,39.0,32.0,0,0.5015625,512.0,0.0078125,6400000.0,0.5273919092465753
1.0,16.0,4.0,1.0,1.0,1.0,63.0,32.0,0,0.5015625,4096.0,0.5,6400000.0,0.5273919092465753
1.0,16.0,4.0,1.0,1.0,1.0,63.0,32.0,0,0.5015625,4096.0,512.0,6400000.0,0.5273919092465753
1.0,16.0,4.0,1.0,1.0,1.0,63.0,32.0,0,0.5015625,8192.0,0.00390625,6400000.0,0.5273919092465753
1.0,16.0,8.0,1.0,1.0,1.0,543.0,32.0,0,0.5015625,2.0,16384.0,6400000.0,0.5273919092465753
16.0,16.0,2.0,5.0,65.0,61.0,2071.0,7712.0,0,0.9078125,64.0,32.0,6400000.0,0.9088452482876711
1.0,16.0,4.0,1.0,1.0,1.0,63.0,32.0,0,0.5015625,8192.0,4.0,6400000.0,0.5273919092465753
16.0,16.0,8.0,16.0,308.0,415.0,13264.0,64352.0,0,0.965625,1.0,4.0,6400000.0,0.9612715569960862
16.0,16.0,2.0,5.0,65.0,61.0,2071.0,7712.0,0,0.940625,64.0,0.03125,6400000.0,0.9088452482876711
1.0,16.0,2.0,1.0,1.0,1.0,39.0,32.0,0,0.5015625,256.0,1024.0,6400000.0,0.5273919092465753
1.0,16.0,8.0,1.0,1.0,1.0,543.0,32.0,0,0.5015625,1.0,4096.0,6400000.0,0.5273919092465753
1.0,16.0,4.0,1.0,1.0,1.0,63.0,32.0,0,0.5015625,16384.0,0.03125,6400000.0,0.5273919092465753
1.0,16.0,2.0,1.0,1.0,1.0,39.0,32.0,0,0.5015625,32768.0,0.0,6400000.0,0.5273919092465753
1.0,16.0,4.0,1.0,1.0,1.0,63.0,32.0,0,0.5015625,8192.0,4096.0,6400000.0,0.5273919092465753
1.0,16.0,2.0,1.0,1.0,1.0,39.0,32.0,0,0.5015625,4096.0,2.0,6400000.0,0.5273919092465753
1.0,16.0,2.0,1.0,1.0,1.0,39.0,32.0,0,0.5015625,4096.0,0.00195312,6400000.0,0.5273919092465753
16.0,16.0,8.0,16.0,308.0,415.0,13264.0,64352.0,0,0.965625,4.0,0.125,6400000.0,0.9640089897260273
1.0,16.0,4.0,1.0,1.0,1.0,63.0,32.0,0,0.5015625,32768.0,0.25,6400000.0,0.5273919092465753
1.0,16.0,4.0,1.0,1.0,1.0,63.0,32.0,0,0.5015625,16384.0,32768.0,6400000.0,0.5273919092465753
16.0,16.0,8.0,12.0,258.0,319.0,11396.0,48992.0,0,0.9625,0.125,16.0,6400000.0,0.961271556996086
1.0,16.0,4.0,1.0,1.0,1.0,63.0,32.0,0,0.5015625,16384.0,32.0,6400000.0,0.5273919092465753
1.0,16.0,2.0,1.0,1.0,1.0,39.0,32.0,0,0.5015625,64.0,32768.0,6400000.0,0.5273919092465753
16.0,16.0,8.0,22.0,338.0,426.0,14364.0,66112.0,0,0.9640625,0.125,0.015625,6400000.0,0.9644019080234832
1.0,16.0,2.0,1.0,1.0,1.0,39.0,32.0,0,0.5015625,512.0,8.0,6400000.0,0.5273919092465753
1.0,16.0,4.0,1.0,1.0,1.0,63.0,32.0,0,0.5015625,32768.0,256.0,6400000.0,0.5273919092465753
16.0,16.0,8.0,5.0,99.0,97.0,5467.0,13472.0,0,0.940625,256.0,0.015625,6400000.0,0.9303571428571427
1.0,16.0,4.0,1.0,1.0,1.0,63.0,32.0,0,0.5015625,0.0078125,8192.0,6400000.0,0.5273919092465753
16.0,16.0,8.0,5.0,98.0,96.0,5434.0,13312.0,0,0.940625,256.0,16.0,6400000.0,0.9088452482876711
16.0,16.0,8.0,5.0,99.0,97.0,5467.0,13472.0,0,0.940625,4.0,128.0,6400000.0,0.9409246575342465
16.0,16.0,4.0,11.0,134.0,142.0,4376.0,20672.0,0,0.940625,0.0,0.00390625,6400000.0,0.9409246575342465
1.0,16.0,2.0,1.0,1.0,1.0,39.0,32.0,0,0.5015625,32768.0,0.5,6400000.0,0.5273919092465753
16.0,16.0,8.0,26.0,351.0,429.0,14699.0,66592.0,0,0.9640625,0.0,0.00195312,6400000.0,0.9644019080234832
16.0,16.0,4.0,9.0,138.0,141.0,4546.0,20512.0,0,0.940625,0.0078125,8.0,6400000.0,0.9409246575342465
1.0,16.0,2.0,1.0,1.0,1.0,39.0,32.0,0,0.5015625,8192.0,0.015625,6400000.0,0.5273919092465753
1.0,16.0,2.0,1.0,1.0,1.0,39.0,32.0,0,0.5015625,4096.0,2048.0,6400000.0,0.5273919092465753
16.0,16.0,4.0,10.0,134.0,142.0,4397.0,20672.0,0,0.940625,0.015625,0.0625,6400000.0,0.9409246575342465
1.0,16.0,8.0,1.0,1.0,1.0,543.0,32.0,0,0.5015625,0.000976562,16384.0,6400000.0,0.5273919092465753
16.0,16.0,8.0,25.0,348.0,428.0,14623.0,66432.0,0,0.9640625,0.000976562,0.015625,6400000.0,0.9644019080234832
1.0,16.0,2.0,1.0,1.0,1.0,39.0,32.0,0,0.5015625,32768.0,512.0,6400000.0,0.5273919092465753
1.0,16.0,8.0,1.0,1.0,1.0,543.0,32.0,0,0.5015625,0.125,16384.0,6400000.0,0.5273919092465753
16.0,16.0,4.0,6.0,106.0,104.0,3532.0,14592.0,0,0.940625,0.015625,64.0,6400000.0,0.9409246575342465
16.0,16.0,8.0,22.0,332.0,420.0,14166.0,65152.0,0,0.9640625,0.25,0.125,6400000.0,0.9644019080234832
16.0,16.0,8.0,12.0,258.0,319.0,11396.0,48992.0,0,0.9625,0.000976562,16.0,6400000.0,0.961271556996086
16.0,16.0,8.0,22.0,338.0,426.0,14364.0,66112.0,0,0.9640625,0.00195312,0.125,6400000.0,0.9644019080234832
1.0,16.0,2.0,1.0,1.0,1.0,39.0,32.0,0,0.5015625,512.0,8192.0,6400000.0,0.5273919092465753
16.0,16.0,8.0,26.0,351.0,429.0,14699.0,66592.0,0,0.9640625,0.00390625,0.000976562,6400000.0,0.9644019080234832
16.0,16.0,4.0,10.0,134.0,142.0,4397.0,20672.0,0,0.940625,0.03125,0.0,6400000.0,0.9409246575342465
1.0,16.0,8.0,1.0,1.0,1.0,543.0,32.0,0,0.5015625,0.0,2048.0,6400000.0,0.5273919092465753
16.0,16.0,8.0,20.0,315.0,418.0,13662.0,64832.0,0,0.9625,0.0,2.0,6400000.0,0.9651854513209394
16.0,16.0,4.0,10.0,134.0,142.0,4397.0,20672.0,0,0.940625,0.03125,0.5,6400000.0,0.9409246575342465
16.0,16.0,8.0,5.0,99.0,97.0,5467.0,13472.0,0,0.940625,0.25,128.0,6400000.0,0.9409246575342465
1.0,16.0,2.0,1.0,1.0,1.0,39.0,32.0,0,0.5015625,1024.0,0.0625,6400000.0,0.5273919092465753
16.0,16.0,8.0,22.0,321.0,412.0,13806.0,63872.0,0,0.9640625,0.00390625,1.0,6400000.0,0.9651854513209394
16.0,16.0,8.0,5.0,99.0,97.0,5467.0,13472.0,0,0.940625,0.00195312,128.0,6400000.0,0.9409246575342465
1.0,16.0,4.0,1.0,1.0,1.0,63.0,32.0,0,0.5015625,0.03125,512.0,6400000.0,0.5273919092465753
16.0,16.0,8.0,19.0,315.0,420.0,13685.0,65152.0,0,0.9625,2.0,0.03125,6400000.0,0.9651854513209394
1.0,16.0,4.0,1.0,1.0,1.0,63.0,32.0,0,0.5015625,0.0,4096.0,6400000.0,0.5273919092465753
1.0,16.0,8.0,1.0,1.0,1.0,543.0,32.0,0,0.5015625,0.00390625,1024.0,6400000.0,0.5273919092465753
16.0,16.0,8.0,25.0,349.0,428.0,14655.0,66432.0,0,0.9640625,0.0078125,0.0078125,6400000.0,0.9644019080234832
16.0,16.0,8.0,15.0,264.0,389.0,11595.0,60192.0,0,0.9640625,8.0,0.000976562,6400000.0,0.9620543358610568
1.0,16.0,8.0,1.0,1.0,1.0,543.0,32.0,0,0.5015625,0.0078125,8192.0,6400000.0,0.5273919092465753
1.0,16.0,4.0,1.0,1.0,1.0,63.0,32.0,0,0.5015625,0.125,32768.0,6400000.0,0.5273919092465753
16.0,16.0,4.0,10.0,134.0,142.0,4397.0,20672.0,0,0.940625,0.0625,0.00390625,6400000.0,0.9409246575342465
1.0,16.0,4.0,1.0,1.0,1.0,63.0,32.0,0,0.5015625,0.0625,4096.0,6400000.0,0.5273919092465753
16.0,16.0,4.0,9.0,139.0,142.0,4579.0,20672.0,0,0.940625,0.0,4.0,6400000.0,0.9409246575342465
1.0,16.0,2.0,1.0,1.0,1.0,39.0,32.0,0,0.5015625,8192.0,16.0,6400000.0,0.5273919092465753
16.0,16.0,4.0,10.0,134.0,142.0,4397.0,20672.0,0,0.940625,0.000976562,0.03125,6400000.0,0.9409246575342465
16.0,16.0,8.0,15.0,264.0,389.0,11595.0,60192.0,0,0.9640625,0.0078125,8.0,6400000.0,0.961271556996086
16.0,16.0,4.0,9.0,139.0,142.0,4579.0,20672.0,0,0.940625,0.0625,4.0,6400000.0,0.9409246575342465
16.0,16.0,4.0,10.0,134.0,142.0,4397.0,20672.0,0,0.940625,0.125,0.03125,6400000.0,0.9409246575342465
16.0,16.0,4.0,7.0,113.0,112.0,3743.0,15872.0,0,0.940625,0.125,32.0,6400000.0,0.9409246575342465
1.0,16.0,4.0,1.0,1.0,1.0,63.0,32.0,0,0.5015625,0.000976562,32768.0,6400000.0,0.5273919092465753
16.0,16.0,4.0,7.0,113.0,112.0,3743.0,15872.0,0,0.940625,0.000976562,32.0,6400000.0,0.9409246575342465
16.0,16.0,8.0,15.0,264.0,389.0,11595.0,60192.0,0,0.9640625,8.0,1.0,6400000.0,0.9620543358610567
16.0,16.0,4.0,5.0,99.0,97.0,3307.0,13472.0,0,0.940625,0.25,256.0,6400000.0,0.9303571428571427
16.0,16.0,2.0,5.0,65.0,61.0,2071.0,7712.0,0,0.9078125,128.0,0.25,6400000.0,0.9033657962328766
16.0,16.0,4.0,10.0,134.0,142.0,4397.0,20672.0,0,0.940625,0.5,0.00195312,6400000.0,0.9409246575342465
1.0,16.0,8.0,1.0,1.0,1.0,543.0,32.0,0,0.5015625,512.0,0.125,6400000.0,0.5273919092465753
16.0,16.0,4.0,10.0,134.0,142.0,4397.0,20672.0,0,0.940625,0.25,0.25,6400000.0,0.9409246575342465
16.0,16.0,8.0,8.0,172.0,187.0,8341.0,27872.0,0,0.959375,0.015625,64.0,6400000.0,0.9409246575342465
1.0,16.0,8.0,1.0,1.0,1.0,543.0,32.0,0,0.5015625,256.0,16384.0,6400000.0,0.5273919092465753
1.0,16.0,8.0,1.0,1.0,1.0,543.0,32.0,0,0.5015625,8.0,1024.0,6400000.0,0.5273919092465753
16.0,16.0,8.0,25.0,348.0,428.0,14623.0,66432.0,0,0.9640625,0.03125,0.0,6400000.0,0.9644019080234832
16.0,16.0,2.0,4.0,57.0,55.0,1830.0,6752.0,0,0.9078125,128.0,256.0,6400000.0,0.8740115887964773
16.0,16.0,8.0,24.0,342.0,426.0,14450.0,66112.0,0,0.9640625,0.015625,0.0625,6400000.0,0.9644019080234832
1.0,16.0,8.0,1.0,1.0,1.0,543.0,32.0,0,0.5015625,16.0,8192.0,6400000.0,0.5273919092465753
1.0,16.0,8.0,1.0,1.0,1.0,543.0,32.0,0,0.5015625,512.0,128.0,6400000.0,0.5273919092465753
16.0,16.0,4.0,5.0,99.0,97.0,3307.0,13472.0,0,0.940625,2.0,128.0,6400000.0,0.9409246575342465
16.0,16.0,8.0,9.0,205.0,276.0,9465.0,42112.0,0,0.959375,16.0,8.0,6400000.0,0.9604887781311154
1.0,16.0,8.0,1.0,1.0,1.0,543.0,32.0,0,0.5015625,1024.0,0.000976562,6400000.0,0.5273919092465753
1.0,16.0,4.0,1.0,1.0,1.0,63.0,32.0,0,0.5015625,0.5,2048.0,6400000.0,0.5273919092465753
16.0,16.0,4.0,10.0,134.0,142.0,4397.0,20672.0,0,0.940625,1.0,0.015625,6400000.0,0.9409246575342465
1.0,16.0,2.0,1.0,1.0,1.0,39.0,32.0,0,0.5015625,1024.0,64.0,6400000.0,0.5273919092465753
16.0,16.0,8.0,12.0,259.0,320.0,11429.0,49152.0,0,0.959375,16.0,0.0078125,6400000.0,0.961271556996086
1.0,16.0,8.0,1.0,1.0,1.0,543.0,32.0,0,0.5015625,1024.0,1.0,6400000.0,0.5273919092465753
16.0,16.0,4.0,10.0,134.0,142.0,4397.0,20672.0,0,0.940625,0.00195312,0.25,6400000.0,0.9409246575342465
16.0,16.0,8.0,22.0,332.0,420.0,14166.0,65152.0,0,0.9640625,0.03125,0.5,6400000.0,0.9644019080234832
16.0,16.0,4.0,10.0,140.0,142.0,4605.0,20672.0,0,0.940625,0.5,2.0,6400000.0,0.9409246575342465
16.0,16.0,8.0,8.0,202.0,275.0,9389.0,41952.0,0,0.959375,2.0,32.0,6400000.0,0.9600973886986301
16.0,16.0,4.0,9.0,139.0,142.0,4579.0,20672.0,0,0.940625,4.0,0.000976562,6400000.0,0.9409246575342465
16.0,16.0,4.0,10.0,140.0,142.0,4605.0,20672.0,0,0.940625,2.0,0.125,6400000.0,0.9409246575342465
1.0,16.0,4.0,1.0,1.0,1.0,63.0,32.0,0,0.5015625,4.0,1024.0,6400000.0,0.5273919092465753
16.0,16.0,4.0,8.0,116.0,116.0,3822.0,16512.0,0,0.940625,1.0,16.0,6400000.0,0.9409246575342465
16.0,16.0,8.0,22.0,332.0,420.0,14166.0,65152.0,0,0.9640625,0.5,0.000976562,6400000.0,0.9644019080234832
1.0,16.0,8.0,1.0,1.0,1.0,543.0,32.0,0,0.5015625,0.03125,512.0,6400000.0,0.5273919092465753
1.0,16.0,4.0,1.0,1.0,1.0,63.0,32.0,0,0.5015625,8.0,8192.0,6400000.0,0.5273919092465753
1.0,16.0,4.0,1.0,1.0,1.0,63.0,32.0,0,0.5015625,1.0,16384.0,6400000.0,0.5273919092465753
16.0,16.0,4.0,9.0,139.0,142.0,4579.0,20672.0,0,0.940625,4.0,1.0,6400000.0,0.9409246575342465
16.0,16.0,4.0,8.0,116.0,117.0,3823.0,16672.0,0,0.940625,8.0,8.0,6400000.0,0.9409246575342465
16.0,16.0,8.0,24.0,342.0,426.0,14450.0,66112.0,0,0.9640625,0.0625,0.00390625,6400000.0,0.9644019080234832
16.0,16.0,4.0,6.0,103.0,101.0,3433.0,14112.0,0,0.940625,16.0,64.0,6400000.0,0.9409246575342465
16.0,16.0,4.0,7.0,113.0,112.0,3743.0,15872.0,0,0.940625,32.0,0.0,6400000.0,0.9409246575342465
16.0,16.0,8.0,8.0,203.0,276.0,9422.0,42112.0,0,0.959375,32.0,0.0625,6400000.0,0.9604887781311154
16.0,16.0,4.0,9.0,138.0,141.0,4546.0,20512.0,0,0.940625,8.0,0.0078125,6400000.0,0.9409246575342465
16.0,16.0,8.0,5.0,99.0,97.0,5467.0,13472.0,0,0.940625,32.0,64.0,6400000.0,0.9409246575342465
16.0,16.0,8.0,8.0,215.0,233.0,9763.0,35232.0,0,0.959375,64.0,0.0,6400000.0,0.9409246575342465
1.0,16.0,2.0,1.0,1.0,1.0,39.0,32.0,0,0.5015625,16384.0,128.0,6400000.0,0.5273919092465753
16.0,16.0,4.0,10.0,140.0,142.0,4605.0,20672.0,0,0.940625,0.00390625,2.0,6400000.0,0.9409246575342465
1.0,16.0,2.0,1.0,1.0,1.0,39.0,32.0,0,0.5015625,2048.0,0.0,6400000.0,0.5273919092465753
1.0,16.0,2.0,1.0,1.0,1.0,39.0,32.0,0,0.5015625,16384.0,0.125,6400000.0,0.5273919092465753
16.0,16.0,4.0,8.0,116.0,117.0,3823.0,16672.0,0,0.940625,16.0,0.0625,6400000.0,0.9409246575342465
1.0,16.0,8.0,1.0,1.0,1.0,543.0,32.0,0,0.5015625,2048.0,0.0078125,6400000.0,0.5273919092465753
1.0,16.0,2.0,1.0,1.0,1.0,39.0,32.0,0,0.5015625,8192.0,16384.0,6400000.0,0.5273919092465753
1.0,16.0,4.0,1.0,1.0,1.0,63.0,32.0,0,0.5015625,512.0,0.00195312,6400000.0,0.5273919092465753
1.0,16.0,8.0,1.0,1.0,1.0,543.0,32.0,0,0.5015625,1024.0,1024.0,6400000.0,0.5273919092465753
1.0,16.0,8.0,1.0,1.0,1.0,543.0,32.0,0,0.5015625,2048.0,8.0,6400000.0,0.5273919092465753
16.0,16.0,4.0,5.0,99.0,97.0,3307.0,13472.0,0,0.940625,0.00195312,256.0,6400000.0,0.9303571428571427
16.0,16.0,4.0,7.0,113.0,112.0,3743.0,15872.0,0,0.940625,32.0,0.5,6400000.0,0.9409246575342465
1.0,16.0,8.0,1.0,1.0,1.0,543.0,32.0,0,0.5015625,2048.0,8192.0,6400000.0,0.5273919092465753
1.0,16.0,4.0,1.0,1.0,1.0,63.0,32.0,0,0.5015625,64.0,4096.0,6400000.0,0.5273919092465753
16.0,16.0,8.0,8.0,203.0,218.0,9364.0,32832.0,0,0.959375,64.0,0.5,6400000.0,0.9409246575342465
16.0,16.0,4.0,6.0,106.0,104.0,3532.0,14592.0,0,0.940625,64.0,0.00390625,6400000.0,0.9409246575342465
16.0,16.0,4.0,11.0,134.0,142.0,4376.0,20672.0,0,0.940625,0.00390625,0.00195312,6400000.0,0.9409246575342465
1.0,16.0,4.0,1.0,1.0,1.0,63.0,32.0,0,0.5015625,32.0,512.0,6400000.0,0.5273919092465753
1.0,16.0,8.0,1.0,1.0,1.0,543.0,32.0,0,0.5015625,64.0,512.0,6400000.0,0.5273919092465753
16.0,16.0,8.0,20.0,315.0,418.0,13662.0,64832.0,0,0.9625,0.5,1.0,6400000.0,0.9651854513209394
1.0,16.0,4.0,1.0,1.0,1.0,63.0,32.0,0,0.5015625,0.00390625,2048.0,6400000.0,0.5273919092465753
1.0,16.0,2.0,1.0,1.0,1.0,39.0,32.0,0,0.5015625,2048.0,0.5,6400000.0,0.5273919092465753
1.0,16.0,8.0,1.0,1.0,1.0,543.0,32.0,0,0.5015625,4096.0,0.0625,6400000.0,0.5273919092465753
16.0,16.0,4.0,6.0,106.0,104.0,3532.0,14592.0,0,0.940625,64.0,4.0,6400000.0,0.9409246575342465
16.0,16.0,4.0,5.0,99.0,97.0,3307.0,13472.0,0,0.940625,128.0,0.03125,6400000.0,0.9409246575342465
1.0,16.0,4.0,1.0,1.0,1.0,63.0,32.0,0,0.5015625,256.0,256.0,6400000.0,0.5273919092465753
1.0,16.0,4.0,1.0,1.0,1.0,63.0,32.0,0,0.5015625,512.0,2.0,6400000.0,0.5273919092465753
16.0,16.0,4.0,5.0,99.0,97.0,3307.0,13472.0,0,0.940625,256.0,0.25,6400000.0,0.9303571428571427
1.0,16.0,4.0,1.0,1.0,1.0,63.0,32.0,0,0.5015625,128.0,32768.0,6400000.0,0.5273919092465753
1.0,16.0,8.0,1.0,1.0,1.0,543.0,32.0,0,0.5015625,0.5,1024.0,6400000.0,0.5273919092465753
1.0,16.0,8.0,1.0,1.0,1.0,543.0,32.0,0,0.5015625,4096.0,64.0,6400000.0,0.5273919092465753
1.0,16.0,8.0,1.0,1.0,1.0,543.0,32.0,0,0.5015625,8192.0,0.0,6400000.0,0.5273919092465753
16.0,16.0,4.0,5.0,99.0,97.0,3307.0,13472.0,0,0.940625,128.0,32.0,6400000.0,0.9409246575342465
1.0,16.0,8.0,1.0,1.0,1.0,543.0,32.0,0,0.5015625,8192.0,0.5,6400000.0,0.5273919092465753
16.0,16.0,8.0,5.0,99.0,97.0,5467.0,13472.0,0,0.940625,128.0,0.00390625,6400000.0,0.9409246575342465
1.0,16.0,2.0,1.0,1.0,1.0,39.0,32.0,0,0.5015625,2048.0,512.0,6400000.0,0.5273919092465753
1.0,16.0,8.0,1.0,1.0,1.0,543.0,32.0,0,0.5015625,8192.0,512.0,6400000.0,0.5273919092465753
1.0,16.0,4.0,1.0,1.0,1.0,63.0,32.0,0,0.5015625,512.0,2048.0,6400000.0,0.5273919092465753
16.0,16.0,2.0,4.0,61.0,58.0,1961.0,7232.0,0,0.9078125,256.0,0.00195312,6400000.0,0.9033657962328766
16.0,16.0,4.0,10.0,134.0,142.0,4397.0,20672.0,0,0.940625,0.0078125,0.015625,6400000.0,0.9409246575342465
16.0,16.0,8.0,5.0,99.0,97.0,5467.0,13472.0,0,0.940625,128.0,4.0,6400000.0,0.9409246575342465
16.0,16.0,8.0,22.0,321.0,412.0,13806.0,63872.0,0,0.9640625,1.0,0.0078125,6400000.0,0.9651854513209394
1.0,16.0,4.0,1.0,1.0,1.0,63.0,32.0,0,0.5015625,1024.0,16.0,6400000.0,0.5273919092465753
1.0,16.0,8.0,1.0,1.0,1.0,543.0,32.0,0,0.5015625,16384.0,0.00390625,6400000.0,0.5273919092465753
1.0,16.0,4.0,1.0,1.0,1.0,63.0,32.0,0,0.5015625,2048.0,0.125,6400000.0,0.5273919092465753
1.0,16.0,4.0,1.0,1.0,1.0,63.0,32.0,0,0.5015625,4096.0,0.000976562,6400000.0,0.5273919092465753
1.0,16.0,4.0,1.0,1.0,1.0,63.0,32.0,0,0.5015625,1024.0,0.015625,6400000.0,0.5273919092465753
16.0,16.0,8.0,16.0,308.0,415.0,13264.0,64352.0,0,0.965625,0.0625,4.0,6400000.0,0.9640089897260273
16.0,16.0,2.0,4.0,61.0,58.0,1961.0,7232.0,0,0.9078125,256.0,2.0,6400000.0,0.9033657962328766
1.0,16.0,8.0,1.0,1.0,1.0,543.0,32.0,0,0.5015625,0.0625,4096.0,6400000.0,0.5273919092465753
1.0,16.0,4.0,1.0,1.0,1.0,63.0,32.0,0,0.5015625,2048.0,128.0,6400000.0,0.5273919092465753
1.0,16.0,8.0,1.0,1.0,1.0,543.0,32.0,0,0.5015625,16384.0,4.0,6400000.0,0.5273919092465753
1.0,16.0,8.0,1.0,1.0,1.0,543.0,32.0,0,0.5015625,128.0,4096.0,6400000.0,0.5273919092465753
1.0,16.0,2.0,1.0,1.0,1.0,39.0,32.0,0,0.5015625,512.0,0.015625,6400000.0,0.5273919092465753
1.0,16.0,4.0,1.0,1.0,1.0,63.0,32.0,0,0.5015625,1024.0,16384.0,6400000.0,0.5273919092465753
1.0,16.0,4.0,1.0,1.0,1.0,63.0,32.0,0,0.5015625,8192.0,0.0078125,6400000.0,0.5273919092465753
1.0,16.0,2.0,1.0,1.0,1.0,39.0,32.0,0,0.5015625,256.0,2048.0,6400000.0,0.5273919092465753
1.0,16.0,8.0,1.0,1.0,1.0,543.0,32.0,0,0.5015625,16384.0,4096.0,6400000.0,0.5273919092465753
1.0,16.0,8.0,1.0,1.0,1.0,543.0,32.0,0,0.5015625,1.0,8192.0,6400000.0,0.5273919092465753
1.0,16.0,4.0,1.0,1.0,1.0,63.0,32.0,0,0.5015625,8192.0,8.0,6400000.0,0.5273919092465753
1.0,16.0,8.0,1.0,1.0,1.0,543.0,32.0,0,0.5015625,2.0,32768.0,6400000.0,0.5273919092465753
1.0,16.0,8.0,1.0,1.0,1.0,543.0,32.0,0,0.5015625,32768.0,0.03125,6400000.0,0.5273919092465753
1.0,16.0,4.0,1.0,1.0,1.0,63.0,32.0,0,0.5015625,4096.0,1024.0,6400000.0,0.5273919092465753
16.0,16.0,8.0,15.0,264.0,389.0,11595.0,60192.0,0,0.9640625,1.0,8.0,6400000.0,0.961271556996086
1.0,16.0,4.0,1.0,1.0,1.0,63.0,32.0,0,0.5015625,4096.0,1.0,6400000.0,0.5273919092465753
1.0,16.0,4.0,1.0,1.0,1.0,63.0,32.0,0,0.5015625,8192.0,8192.0,6400000.0,0.5273919092465753
1.0,16.0,4.0,1.0,1.0,1.0,63.0,32.0,0,0.5015625,16384.0,0.0625,6400000.0,0.5273919092465753
1.0,16.0,2.0,1.0,1.0,1.0,39.0,32.0,0,0.5015625,4096.0,4.0,6400000.0,0.5273919092465753
1.0,16.0,2.0,1.0,1.0,1.0,39.0,32.0,0,0.5015625,32768.0,0.000976562,6400000.0,0.5273919092465753
1.0,16.0,4.0,1.0,1.0,1.0,63.0,32.0,0,0.5015625,32768.0,0.5,6400000.0,0.5273919092465753
1.0,16.0,2.0,1.0,1.0,1.0,39.0,32.0,0,0.5015625,4096.0,0.00390625,6400000.0,0.5273919092465753
1.0,16.0,4.0,1.0,1.0,1.0,63.0,32.0,0,0.5015625,16384.0,64.0,6400000.0,0.5273919092465753
1.0,16.0,8.0,1.0,1.0,1.0,543.0,32.0,0,0.5015625,32768.0,32.0,6400000.0,0.5273919092465753
16.0,16.0,8.0,8.0,202.0,275.0,9389.0,41952.0,0,0.959375,0.125,32.0,6400000.0,0.9600973886986301
1.0,16.0,2.0,1.0,1.0,1.0,39.0,32.0,0,0.5015625,512.0,16.0,6400000.0,0.5273919092465753
16.0,16.0,8.0,16.0,308.0,415.0,13264.0,64352.0,0,0.965625,4.0,0.25,6400000.0,0.9620543358610568
1.0,16.0,4.0,1.0,1.0,1.0,63.0,32.0,0,0.5015625,32768.0,0.0,6400000.0,0.5273919092465753
16.0,16.0,8.0,5.0,94.0,92.0,5302.0,12672.0,0,0.940625,256.0,32.0,6400000.0,0.9033657962328766
1.0,16.0,4.0,1.0,1.0,1.0,63.0,32.0,0,0.5015625,32768.0,512.0,6400000.0,0.5273919092465753
16.0,16.0,8.0,22.0,338.0,426.0,14364.0,66112.0,0,0.9640625,0.125,0.03125,6400000.0,0.9644019080234832
16.0,16.0,8.0,5.0,99.0,97.0,5467.0,13472.0,0,0.940625,256.0,0.03125,6400000.0,0.9303571428571427
16.0,16.0,4.0,8.0,116.0,117.0,3823.0,16672.0,0,0.940625,0.0078125,16.0,6400000.0,0.9409246575342465
1.0,16.0,2.0,1.0,1.0,1.0,39.0,32.0,0,0.5015625,32768.0,1.0,6400000.0,0.5273919092465753
1.0,16.0,2.0,1.0,1.0,1.0,39.0,32.0,0,0.5015625,4096.0,4096.0,6400000.0,0.5273919092465753
1.0,16.0,4.0,1.0,1.0,1.0,63.0,32.0,0,0.5015625,0.0078125,16384.0,6400000.0,0.5273919092465753
16.0,16.0,8.0,5.0,99.0,97.0,5467.0,13472.0,0,0.940625,4.0,256.0,6400000.0,0.9303571428571427
16.0,16.0,4.0,10.0,134.0,142.0,4397.0,20672.0,0,0.940625,0.015625,0.125,6400000.0,0.9409246575342465
1.0,16.0,2.0,1.0,1.0,1.0,39.0,32.0,0,0.5015625,8192.0,0.03125,6400000.0,0.5273919092465753
16.0,16.0,4.0,11.0,134.0,142.0,4376.0,20672.0,0,0.940625,0.0,0.0078125,6400000.0,0.9409246575342465
16.0,16.0,8.0,26.0,351.0,429.0,14699.0,66592.0,0,0.9640625,0.0,0.00390625,6400000.0,0.9644019080234832
1.0,16.0,8.0,1.0,1.0,1.0,543.0,32.0,0,0.5015625,0.125,32768.0,6400000.0,0.5273919092465753
1.0,16.0,2.0,1.0,1.0,1.0,39.0,32.0,0,0.5015625,32768.0,1024.0,6400000.0,0.5273919092465753
1.0,16.0,8.0,1.0,1.0,1.0,543.0,32.0,0,0.5015625,0.000976562,32768.0,6400000.0,0.5273919092465753
16.0,16.0,4.0,10.0,134.0,142.0,4397.0,20672.0,0,0.940625,0.03125,0.000976562,6400000.0,0.9409246575342465
1.0,16.0,8.0,1.0,1.0,1.0,543.0,32.0,0,0.5015625,0.0,4096.0,6400000.0,0.5273919092465753
16.0,16.0,8.0,25.0,348.0,428.0,14623.0,66432.0,0,0.9640625,0.000976562,0.03125,6400000.0,0.9644019080234832
1.0,16.0,2.0,1.0,1.0,1.0,39.0,32.0,0,0.5015625,512.0,16384.0,6400000.0,0.5273919092465753
16.0,16.0,4.0,5.0,99.0,97.0,3307.0,13472.0,0,0.940625,0.015625,128.0,6400000.0,0.9409246575342465
16.0,16.0,8.0,22.0,332.0,420.0,14166.0,65152.0,0,0.9640625,0.00195312,0.25,6400000.0,0.9644019080234832
16.0,16.0,8.0,8.0,202.0,275.0,9389.0,41952.0,0,0.959375,0.000976562,32.0,6400000.0,0.9600973886986301
16.0,16.0,8.0,22.0,332.0,420.0,14166.0,65152.0,0,0.9640625,0.25,0.25,6400000.0,0.9644019080234832
16.0,16.0,8.0,16.0,308.0,415.0,13264.0,64352.0,0,0.965625,0.0,4.0,6400000.0,0.9636176002935419
16.0,16.0,8.0,26.0,351.0,429.0,14699.0,66592.0,0,0.9640625,0.00390625,0.00195312,6400000.0,0.9644019080234832
16.0,16.0,8.0,5.0,99.0,97.0,5467.0,13472.0,0,0.940625,0.25,256.0,6400000.0,0.9303571428571427
1.0,16.0,2.0,1.0,1.0,1.0,39.0,32.0,0,0.5015625,1024.0,0.125,6400000.0,0.5273919092465753
16.0,16.0,4.0,10.0,134.0,142.0,4397.0,20672.0,0,0.940625,0.03125,1.0,6400000.0,0.9409246575342465
16.0,16.0,8.0,5.0,99.0,97.0,5467.0,13472.0,0,0.940625,0.00195312,256.0,6400000.0,0.9303571428571427
1.0,16.0,4.0,1.0,1.0,1.0,63.0,32.0,0,0.5015625,0.0,8192.0,6400000.0,0.5273919092465753
1.0,16.0,4.0,1.0,1.0,1.0,63.0,32.0,0,0.5015625,0.03125,1024.0,6400000.0,0.5273919092465753
16.0,16.0,8.0,15.0,264.0,389.0,11595.0,60192.0,0,0.9640625,8.0,0.00195312,6400000.0,0.9620543358610568
1.0,16.0,8.0,1.0,1.0,1.0,543.0,32.0,0,0.5015625,0.00390625,2048.0,6400000.0,0.5273919092465753
16.0,16.0,8.0,20.0,315.0,418.0,13662.0,64832.0,0,0.9625,0.00390625,2.0,6400000.0,0.9651854513209394
16.0,16.0,8.0,19.0,315.0,420.0,13685.0,65152.0,0,0.9625,2.0,0.0625,6400000.0,0.9651854513209394
16.0,16.0,4.0,10.0,134.0,142.0,4397.0,20672.0,0,0.940625,0.0625,0.0078125,6400000.0,0.9409246575342465
16.0,16.0,8.0,25.0,348.0,428.0,14623.0,66432.0,0,0.9640625,0.0078125,0.015625,6400000.0,0.9644019080234832
1.0,16.0,8.0,1.0,1.0,1.0,543.0,32.0,0,0.5015625,0.0078125,16384.0,6400000.0,0.5273919092465753
1.0,16.0,4.0,1.0,1.0,1.0,63.0,32.0,0,0.5015625,0.0625,8192.0,6400000.0,0.5273919092465753
16.0,16.0,4.0,10.0,134.0,142.0,4397.0,20672.0,0,0.940625,0.25,0.0,6400000.0,0.9409246575342465
16.0,16.0,4.0,6.0,106.0,104.0,3532.0,14592.0,0,0.940625,0.125,64.0,6400000.0,0.9409246575342465
16.0,16.0,4.0,10.0,134.0,142.0,4397.0,20672.0,0,0.940625,0.125,0.0625,6400000.0,0.9409246575342465
16.0,16.0,4.0,9.0,138.0,141.0,4546.0,20512.0,0,0.940625,0.0,8.0,6400000.0,0.9409246575342465
1.0,16.0,2.0,1.0,1.0,1.0,39.0,32.0,0,0.5015625,8192.0,32.0,6400000.0,0.5273919092465753
16.0,16.0,4.0,11.0,134.0,142.0,4376.0,20672.0,0,0.940625,0.00195312,0.0,6400000.0,0.9409246575342465
1.0,16.0,8.0,1.0,1.0,1.0,543.0,32.0,0,0.5015625,32768.0,32768.0,6400000.0,0.5273919092465753
16.0,16.0,4.0,6.0,106.0,104.0,3532.0,14592.0,0,0.940625,0.000976562,64.0,6400000.0,0.9409246575342465
16.0,16.0,4.0,10.0,134.0,142.0,4397.0,20672.0,0,0.940625,0.000976562,0.0625,6400000.0,0.9409246575342465
16.0,16.0,4.0,9.0,138.0,141.0,4546.0,20512.0,0,0.940625,0.0625,8.0,6400000.0,0.9409246575342465
1.0,16.0,4.0,1.0,1.0,1.0,63.0,32.0,0,0.5015625,0.25,512.0,6400000.0,0.5273919092465753
16.0,16.0,8.0,12.0,258.0,319.0,11396.0,48992.0,0,0.9625,0.0078125,16.0,6400000.0,0.961271556996086
16.0,16.0,4.0,10.0,134.0,142.0,4397.0,20672.0,0,0.940625,0.25,0.5,6400000.0,0.9409246575342465
1.0,16.0,8.0,1.0,1.0,1.0,543.0,32.0,0,0.5015625,256.0,32768.0,6400000.0,0.5273919092465753
1.0,16.0,8.0,1.0,1.0,1.0,543.0,32.0,0,0.5015625,512.0,0.25,6400000.0,0.5273919092465753
16.0,16.0,8.0,14.0,260.0,358.0,11457.0,55232.0,0,0.965625,8.0,2.0,6400000.0,0.9616629464285715
16.0,16.0,8.0,5.0,99.0,97.0,5467.0,13472.0,0,0.940625,0.015625,128.0,6400000.0,0.9409246575342465
16.0,16.0,4.0,10.0,134.0,142.0,4397.0,20672.0,0,0.940625,0.5,0.00390625,6400000.0,0.9409246575342465
16.0,16.0,8.0,25.0,348.0,428.0,14623.0,66432.0,0,0.9640625,0.03125,0.000976562,6400000.0,0.9644019080234832
32.0,32.0,1.0,5.0,68.0,64.0,2138.0,6144.0,0,0.9078125,0.0,0.25,6400000.0,0.9033657962328766
1.0,16.0,8.0,1.0,1.0,1.0,543.0,32.0,0,0.5015625,8.0,2048.0,6400000.0,0.5273919092465753
1.0,16.0,8.0,1.0,1.0,1.0,543.0,32.0,0,0.5015625,1024.0,0.00195312,6400000.0,0.5273919092465753
16.0,16.0,8.0,22.0,338.0,426.0,14364.0,66112.0,0,0.9640625,0.015625,0.125,6400000.0,0.9644019080234832
1.0,16.0,8.0,1.0,1.0,1.0,543.0,32.0,0,0.5015625,16.0,16384.0,6400000.0,0.5273919092465753
1.0,16.0,8.0,1.0,1.0,1.0,543.0,32.0,0,0.5015625,512.0,256.0,6400000.0,0.5273919092465753
16.0,16.0,4.0,5.0,99.0,97.0,3307.0,13472.0,0,0.940625,2.0,256.0,6400000.0,0.9303571428571427
1.0,16.0,4.0,1.0,1.0,1.0,63.0,32.0,0,0.5015625,0.5,4096.0,6400000.0,0.5273919092465753
16.0,16.0,4.0,10.0,134.0,142.0,4397.0,20672.0,0,0.940625,1.0,0.03125,6400000.0,0.9409246575342465
16.0,16.0,8.0,8.0,168.0,181.0,8207.0,26912.0,0,0.959375,2.0,64.0,6400000.0,0.9409246575342465
1.0,16.0,2.0,1.0,1.0,1.0,39.0,32.0,0,0.5015625,1024.0,128.0,6400000.0,0.5273919092465753
16.0,16.0,8.0,12.0,259.0,320.0,11429.0,49152.0,0,0.959375,16.0,0.015625,6400000.0,0.961271556996086
1.0,16.0,8.0,1.0,1.0,1.0,543.0,32.0,0,0.5015625,1024.0,2.0,6400000.0,0.5273919092465753
16.0,16.0,4.0,10.0,134.0,142.0,4397.0,20672.0,0,0.940625,0.00195312,0.5,6400000.0,0.9409246575342465
16.0,16.0,4.0,9.0,139.0,142.0,4579.0,20672.0,0,0.940625,4.0,0.00195312,6400000.0,0.9409246575342465
16.0,16.0,4.0,9.0,139.0,142.0,4579.0,20672.0,0,0.940625,0.5,4.0,6400000.0,0.9409246575342465
1.0,16.0,4.0,1.0,1.0,1.0,63.0,32.0,0,0.5015625,4.0,2048.0,6400000.0,0.5273919092465753
1.0,16.0,8.0,1.0,1.0,1.0,543.0,32.0,0,0.5015625,0.03125,1024.0,6400000.0,0.5273919092465753
16.0,16.0,4.0,7.0,113.0,112.0,3743.0,15872.0,0,0.940625,1.0,32.0,6400000.0,0.9409246575342465
16.0,16.0,8.0,22.0,332.0,420.0,14166.0,65152.0,0,0.9640625,0.5,0.00195312,6400000.0,0.9644019080234832
16.0,16.0,8.0,22.0,321.0,412.0,13806.0,63872.0,0,0.9640625,0.03125,1.0,6400000.0,0.9647940618884541
16.0,16.0,4.0,10.0,140.0,142.0,4605.0,20672.0,0,0.940625,2.0,0.25,6400000.0,0.9409246575342465
16.0,16.0,8.0,8.0,202.0,275.0,9389.0,41952.0,0,0.959375,16.0,16.0,6400000.0,0.9600973886986301
1.0,16.0,4.0,1.0,1.0,1.0,63.0,32.0,0,0.5015625,1.0,32768.0,6400000.0,0.5273919092465753
1.0,16.0,4.0,1.0,1.0,1.0,63.0,32.0,0,0.5015625,8.0,16384.0,6400000.0,0.5273919092465753
16.0,16.0,8.0,5.0,99.0,97.0,5467.0,13472.0,0,0.940625,32.0,128.0,6400000.0,0.9409246575342465
16.0,16.0,4.0,7.0,113.0,112.0,3743.0,15872.0,0,0.940625,32.0,0.000976562,6400000.0,0.9409246575342465
16.0,16.0,4.0,9.0,139.0,142.0,4579.0,20672.0,0,0.940625,4.0,2.0,6400000.0,0.9409246575342465
16.0,16.0,4.0,7.0,114.0,115.0,3778.0,16352.0,0,0.940625,8.0,16.0,6400000.0,0.9409246575342465
16.0,16.0,4.0,5.0,99.0,97.0,3307.0,13472.0,0,0.940625,16.0,128.0,6400000.0,0.9409246575342465
16.0,16.0,4.0,9.0,138.0,141.0,4546.0,20512.0,0,0.940625,8.0,0.015625,6400000.0,0.9409246575342465
16.0,16.0,8.0,8.0,203.0,276.0,9422.0,42112.0,0,0.959375,32.0,0.125,6400000.0,0.9604887781311154
16.0,16.0,8.0,24.0,342.0,426.0,14450.0,66112.0,0,0.9640625,0.0625,0.0078125,6400000.0,0.9644019080234832
1.0,16.0,2.0,1.0,1.0,1.0,39.0,32.0,0,0.5015625,16384.0,256.0,6400000.0,0.5273919092465753
1.0,16.0,8.0,1.0,1.0,1.0,543.0,32.0,0,0.5015625,2048.0,0.015625,6400000.0,0.5273919092465753
1.0,16.0,2.0,1.0,1.0,1.0,39.0,32.0,0,0.5015625,16384.0,0.25,6400000.0,0.5273919092465753
1.0,16.0,2.0,1.0,1.0,1.0,39.0,32.0,0,0.5015625,2048.0,0.000976562,6400000.0,0.5273919092465753
1.0,16.0,2.0,1.0,1.0,1.0,39.0,32.0,0,0.5015625,8192.0,32768.0,6400000.0,0.5273919092465753
16.0,16.0,4.0,8.0,116.0,117.0,3823.0,16672.0,0,0.940625,16.0,0.125,6400000.0,0.9409246575342465
1.0,16.0,4.0,1.0,1.0,1.0,63.0,32.0,0,0.5015625,0.00195312,512.0,6400000.0,0.5273919092465753
1.0,16.0,4.0,1.0,1.0,1.0,63.0,32.0,0,0.5015625,512.0,0.00390625,6400000.0,0.5273919092465753
1.0,16.0,8.0,1.0,1.0,1.0,543.0,32.0,0,0.5015625,1024.0,2048.0,6400000.0,0.5273919092465753
16.0,16.0,4.0,9.0,139.0,142.0,4579.0,20672.0,0,0.940625,0.00390625,4.0,6400000.0,0.9409246575342465
1.0,16.0,8.0,1.0,1.0,1.0,543.0,32.0,0,0.5015625,2048.0,16.0,6400000.0,0.5273919092465753
1.0,16.0,8.0,1.0,1.0,1.0,543.0,32.0,0,0.5015625,2048.0,16384.0,6400000.0,0.5273919092465753
16.0,16.0,8.0,8.0,215.0,233.0,9763.0,35232.0,0,0.959375,64.0,0.000976562,6400000.0,0.9409246575342465
1.0,16.0,4.0,1.0,1.0,1.0,63.0,32.0,0,0.5015625,64.0,8192.0,6400000.0,0.5273919092465753
16.0,16.0,4.0,11.0,134.0,142.0,4376.0,20672.0,0,0.940625,0.00390625,0.00390625,6400000.0,0.9409246575342465
1.0,16.0,4.0,1.0,1.0,1.0,63.0,32.0,0,0.5015625,32.0,1024.0,6400000.0,0.5273919092465753
1.0,16.0,4.0,1.0,1.0,1.0,63.0,32.0,0,0.5015625,0.00390625,4096.0,6400000.0,0.5273919092465753
1.0,16.0,8.0,1.0,1.0,1.0,543.0,32.0,0,0.5015625,64.0,1024.0,6400000.0,0.5273919092465753
1.0,16.0,8.0,1.0,1.0,1.0,543.0,32.0,0,0.5015625,4096.0,0.125,6400000.0,0.5273919092465753
16.0,16.0,8.0,19.0,315.0,420.0,13685.0,65152.0,0,0.9625,0.5,2.0,6400000.0,0.9620543358610568
16.0,16.0,4.0,6.0,105.0,103.0,3499.0,14432.0,0,0.940625,64.0,8.0,6400000.0,0.9409246575342465
16.0,16.0,4.0,7.0,113.0,112.0,3743.0,15872.0,0,0.940625,32.0,1.0,6400000.0,0.9409246575342465
16.0,16.0,8.0,8.0,203.0,218.0,9364.0,32832.0,0,0.959375,64.0,1.0,6400000.0,0.9409246575342465
1.0,16.0,2.0,1.0,1.0,1.0,39.0,32.0,0,0.5015625,2048.0,1.0,6400000.0,0.5273919092465753
16.0,16.0,4.0,6.0,106.0,104.0,3532.0,14592.0,0,0.940625,64.0,0.0078125,6400000.0,0.9409246575342465
1.0,16.0,4.0,1.0,1.0,1.0,63.0,32.0,0,0.5015625,512.0,4.0,6400000.0,0.5273919092465753
1.0,16.0,8.0,1.0,1.0,1.0,543.0,32.0,0,0.5015625,0.5,2048.0,6400000.0,0.5273919092465753
1.0,16.0,4.0,1.0,1.0,1.0,63.0,32.0,0,0.5015625,256.0,512.0,6400000.0,0.5273919092465753
1.0,16.0,8.0,1.0,1.0,1.0,543.0,32.0,0,0.5015625,4096.0,128.0,6400000.0,0.5273919092465753
16.0,16.0,4.0,5.0,99.0,97.0,3307.0,13472.0,0,0.940625,256.0,0.5,6400000.0,0.9303571428571427
16.0,16.0,4.0,5.0,99.0,97.0,3307.0,13472.0,0,0.940625,128.0,0.0625,6400000.0,0.9409246575342465
16.0,16.0,4.0,5.0,99.0,97.0,3307.0,13472.0,0,0.940625,256.0,0.0,6400000.0,0.9303571428571427
1.0,16.0,8.0,1.0,1.0,1.0,543.0,32.0,0,0.5015625,8192.0,0.000976562,6400000.0,0.5273919092465753
1.0,16.0,8.0,1.0,1.0,1.0,543.0,32.0,0,0.5015625,8192.0,1.0,6400000.0,0.5273919092465753
16.0,16.0,4.0,5.0,99.0,97.0,3307.0,13472.0,0,0.940625,128.0,64.0,6400000.0,0.9409246575342465
1.0,16.0,2.0,1.0,1.0,1.0,39.0,32.0,0,0.5015625,2048.0,1024.0,6400000.0,0.5273919092465753
16.0,16.0,8.0,5.0,99.0,97.0,5467.0,13472.0,0,0.940625,128.0,0.0078125,6400000.0,0.9409246575342465
1.0,16.0,8.0,1.0,1.0,1.0,543.0,32.0,0,0.5015625,8192.0,1024.0,6400000.0,0.5273919092465753
32.0,32.0,1.0,4.0,67.0,64.0,2127.0,6144.0,0,0.9078125,0.0,256.0,6400000.0,0.9033657962328766
16.0,16.0,8.0,5.0,99.0,97.0,5467.0,13472.0,0,0.940625,128.0,8.0,6400000.0,0.9409246575342465
16.0,16.0,4.0,10.0,134.0,142.0,4397.0,20672.0,0,0.940625,0.0078125,0.03125,6400000.0,0.9409246575342465
1.0,16.0,4.0,1.0,1.0,1.0,63.0,32.0,0,0.5015625,1024.0,32.0,6400000.0,0.5273919092465753
1.0,16.0,4.0,1.0,1.0,1.0,63.0,32.0,0,0.5015625,512.0,4096.0,6400000.0,0.5273919092465753
1.0,16.0,8.0,1.0,1.0,1.0,543.0,32.0,0,0.5015625,16384.0,0.0078125,6400000.0,0.5273919092465753
1.0,16.0,4.0,1.0,1.0,1.0,63.0,32.0,0,0.5015625,2048.0,0.25,6400000.0,0.5273919092465753
16.0,16.0,8.0,22.0,321.0,412.0,13806.0,63872.0,0,0.9640625,1.0,0.015625,6400000.0,0.9651854513209394
1.0,16.0,8.0,1.0,1.0,1.0,543.0,32.0,0,0.5015625,0.0625,8192.0,6400000.0,0.5273919092465753
1.0,16.0,4.0,1.0,1.0,1.0,63.0,32.0,0,0.5015625,1024.0,0.03125,6400000.0,0.5273919092465753
1.0,16.0,4.0,1.0,1.0,1.0,63.0,32.0,0,0.5015625,4096.0,0.00195312,6400000.0,0.5273919092465753
16.0,16.0,8.0,15.0,264.0,389.0,11595.0,60192.0,0,0.9640625,0.0625,8.0,6400000.0,0.961271556996086
1.0,16.0,8.0,1.0,1.0,1.0,543.0,32.0,0,0.5015625,16384.0,8.0,6400000.0,0.5273919092465753
1.0,16.0,4.0,1.0,1.0,1.0,63.0,32.0,0,0.5015625,2048.0,256.0,6400000.0,0.5273919092465753
1.0,16.0,4.0,1.0,1.0,1.0,63.0,32.0,0,0.5015625,8192.0,16.0,6400000.0,0.5273919092465753
32.0,32.0,1.0,5.0,68.0,64.0,2138.0,6144.0,0,0.9078125,0.000976562,0.00195312,6400000.0,0.9033657962328766
32.0,32.0,1.0,5.0,68.0,64.0,2138.0,6144.0,0,0.9078125,0.000976562,2.0,6400000.0,0.9033657962328766
1.0,16.0,4.0,1.0,1.0,1.0,63.0,32.0,0,0.5015625,8192.0,0.015625,6400000.0,0.5273919092465753
1.0,16.0,8.0,1.0,1.0,1.0,543.0,32.0,0,0.5015625,128.0,8192.0,6400000.0,0.5273919092465753
1.0,32.0,1.0,1.0,1.0,1.0,35.0,32.0,0,0.5015625,0.000976562,2048.0,6400000.0,0.5273919092465753
1.0,16.0,4.0,1.0,1.0,1.0,63.0,32.0,0,0.5015625,4096.0,2.0,6400000.0,0.5273919092465753
1.0,16.0,8.0,1.0,1.0,1.0,543.0,32.0,0,0.5015625,1.0,16384.0,6400000.0,0.5273919092465753
1.0,16.0,8.0,1.0,1.0,1.0,543.0,32.0,0,0.5015625,32768.0,0.0625,6400000.0,0.5273919092465753
16.0,16.0,8.0,16.0,308.0,415.0,13264.0,64352.0,0,0.965625,4.0,0.0,6400000.0,0.9636176002935419
1.0,16.0,4.0,1.0,1.0,1.0,63.0,32.0,0,0.5015625,16384.0,0.125,6400000.0,0.5273919092465753
1.0,16.0,4.0,1.0,1.0,1.0,63.0,32.0,0,0.5015625,8192.0,16384.0,6400000.0,0.5273919092465753
1.0,16.0,2.0,1.0,1.0,1.0,39.0,32.0,0,0.5015625,4096.0,8.0,6400000.0,0.5273919092465753
1.0,16.0,4.0,1.0,1.0,1.0,63.0,32.0,0,0.5015625,1024.0,32768.0,6400000.0,0.5273919092465753
1.0,16.0,4.0,1.0,1.0,1.0,63.0,32.0,0,0.5015625,32768.0,1.0,6400000.0,0.5273919092465753
1.0,16.0,2.0,1.0,1.0,1.0,39.0,32.0,0,0.5015625,32768.0,0.00195312,6400000.0,0.5273919092465753
1.0,16.0,8.0,1.0,1.0,1.0,543.0,32.0,0,0.5015625,16384.0,8192.0,6400000.0,0.5273919092465753
1.0,16.0,4.0,1.0,1.0,1.0,63.0,32.0,0,0.5015625,4096.0,2048.0,6400000.0,0.5273919092465753
16.0,16.0,8.0,12.0,249.0,310.0,11099.0,47552.0,0,0.959375,1.0,16.0,6400000.0,0.961271556996086
1.0,16.0,4.0,1.0,1.0,1.0,63.0,32.0,0,0.5015625,16384.0,128.0,6400000.0,0.5273919092465753
1.0,16.0,8.0,1.0,1.0,1.0,543.0,32.0,0,0.5015625,32768.0,64.0,6400000.0,0.5273919092465753
1.0,16.0,2.0,1.0,1.0,1.0,39.0,32.0,0,0.5015625,4096.0,0.0078125,6400000.0,0.5273919092465753
1.0,16.0,4.0,1.0,1.0,1.0,63.0,32.0,0,0.5015625,32768.0,0.000976562,6400000.0,0.5273919092465753
16.0,16.0,8.0,8.0,172.0,187.0,8341.0,27872.0,0,0.959375,0.125,64.0,6400000.0,0.9409246575342465
32.0,32.0,1.0,5.0,68.0,64.0,2138.0,6144.0,0,0.9078125,0.00195312,0.015625,6400000.0,0.9033657962328766
16.0,16.0,8.0,16.0,308.0,415.0,13264.0,64352.0,0,0.965625,4.0,0.5,6400000.0,0.9620543358610568
16.0,16.0,8.0,5.0,96.0,102.0,5376.0,14272.0,0,0.940625,256.0,64.0,6400000.0,0.9033657962328766
1.0,16.0,4.0,1.0,1.0,1.0,63.0,32.0,0,0.5015625,0.0078125,32768.0,6400000.0,0.5273919092465753
1.0,16.0,2.0,1.0,1.0,1.0,39.0,32.0,0,0.5015625,32768.0,2.0,6400000.0,0.5273919092465753
16.0,16.0,8.0,22.0,338.0,426.0,14364.0,66112.0,0,0.9640625,0.125,0.0625,6400000.0,0.9644019080234832
1.0,16.0,4.0,1.0,1.0,1.0,63.0,32.0,0,0.5015625,32768.0,1024.0,6400000.0,0.5273919092465753
1.0,16.0,2.0,1.0,1.0,1.0,39.0,32.0,0,0.5015625,4096.0,8192.0,6400000.0,0.5273919092465753
16.0,16.0,4.0,7.0,113.0,112.0,3743.0,15872.0,0,0.940625,0.0078125,32.0,6400000.0,0.9409246575342465
16.0,16.0,4.0,10.0,134.0,142.0,4397.0,20672.0,0,0.940625,0.015625,0.25,6400000.0,0.9409246575342465
16.0,16.0,8.0,5.0,99.0,97.0,5467.0,13472.0,0,0.940625,256.0,0.0625,6400000.0,0.9303571428571427
1.0,16.0,8.0,1.0,1.0,1.0,543.0,32.0,0,0.5015625,4.0,512.0,6400000.0,0.5273919092465753
1.0,16.0,2.0,1.0,1.0,1.0,39.0,32.0,0,0.5015625,8192.0,0.0625,6400000.0,0.5273919092465753
16.0,16.0,8.0,26.0,351.0,429.0,14699.0,66592.0,0,0.9640625,0.0,0.0078125,6400000.0,0.9644019080234832
16.0,16.0,4.0,10.0,134.0,142.0,4397.0,20672.0,0,0.940625,0.0,0.015625,6400000.0,0.9409246575342465
16.0,16.0,4.0,5.0,99.0,97.0,3307.0,13472.0,0,0.940625,0.015625,256.0,6400000.0,0.9303571428571427
16.0,16.0,8.0,22.0,332.0,420.0,14166.0,65152.0,0,0.9640625,0.25,0.0,6400000.0,0.9644019080234832
16.0,16.0,8.0,26.0,351.0,429.0,14699.0,66592.0,0,0.9640625,0.00195312,0.0,6400000.0,0.9644019080234832
1.0,16.0,2.0,1.0,1.0,1.0,39.0,32.0,0,0.5015625,32768.0,2048.0,6400000.0,0.5273919092465753
1.0,16.0,8.0,1.0,1.0,1.0,543.0,32.0,0,0.5015625,0.0,8192.0,6400000.0,0.5273919092465753
16.0,16.0,8.0,24.0,342.0,426.0,14450.0,66112.0,0,0.9640625,0.000976562,0.0625,6400000.0,0.9644019080234832
16.0,16.0,4.0,10.0,134.0,142.0,4397.0,20672.0,0,0.940625,0.03125,0.00195312,6400000.0,0.9409246575342465
16.0,16.0,8.0,22.0,332.0,420.0,14166.0,65152.0,0,0.9640625,0.00195312,0.5,6400000.0,0.9644019080234832
32.0,32.0,1.0,5.0,68.0,64.0,2138.0,6144.0,0,0.9078125,0.00195312,16.0,6400000.0,0.9033657962328766
16.0,16.0,8.0,8.0,172.0,187.0,8341.0,27872.0,0,0.959375,0.000976562,64.0,6400000.0,0.9409246575342465
16.0,16.0,8.0,15.0,264.0,389.0,11595.0,60192.0,0,0.9640625,0.0,8.0,6400000.0,0.961271556996086
16.0,16.0,8.0,26.0,351.0,429.0,14699.0,66592.0,0,0.9640625,0.00390625,0.00390625,6400000.0,0.9644019080234832
1.0,32.0,1.0,1.0,1.0,1.0,35.0,32.0,0,0.5015625,0.00195312,16384.0,6400000.0,0.5273919092465753
1.0,16.0,8.0,1.0,1.0,1.0,543.0,32.0,0,0.5015625,0.00195312,512.0,6400000.0,0.5273919092465753
16.0,16.0,8.0,21.0,320.0,412.0,13795.0,63872.0,0,0.9625,0.25,0.5,6400000.0,0.9636191291585126
1.0,16.0,8.0,1.0,1.0,1.0,543.0,32.0,0,0.5015625,0.25,512.0,6400000.0,0.5273919092465753
16.0,16.0,4.0,10.0,140.0,142.0,4605.0,20672.0,0,0.940625,0.03125,2.0,6400000.0,0.9409246575342465
1.0,16.0,4.0,1.0,1.0,1.0,63.0,32.0,0,0.5015625,0.0,16384.0,6400000.0,0.5273919092465753
16.0,16.0,8.0,15.0,264.0,389.0,11595.0,60192.0,0,0.9640625,8.0,0.00390625,6400000.0,0.9620543358610568
1.0,16.0,4.0,1.0,1.0,1.0,63.0,32.0,0,0.5015625,0.03125,2048.0,6400000.0,0.5273919092465753
16.0,16.0,4.0,10.0,134.0,142.0,4397.0,20672.0,0,0.940625,0.0625,0.015625,6400000.0,0.9409246575342465
1.0,16.0,8.0,1.0,1.0,1.0,543.0,32.0,0,0.5015625,0.00390625,4096.0,6400000.0,0.5273919092465753
16.0,16.0,8.0,19.0,315.0,420.0,13685.0,65152.0,0,0.9625,2.0,0.125,6400000.0,0.9647940618884541
1.0,16.0,8.0,1.0,1.0,1.0,543.0,32.0,0,0.5015625,0.0078125,32768.0,6400000.0,0.5273919092465753
16.0,16.0,4.0,5.0,99.0,97.0,3307.0,13472.0,0,0.940625,0.125,128.0,6400000.0,0.9409246575342465
16.0,16.0,8.0,16.0,308.0,415.0,13264.0,64352.0,0,0.965625,0.00390625,4.0,6400000.0,0.9636176002935419
16.0,16.0,8.0,25.0,348.0,428.0,14623.0,66432.0,0,0.9640625,0.0078125,0.03125,6400000.0,0.9644019080234832
16.0,16.0,4.0,8.0,116.0,117.0,3823.0,16672.0,0,0.940625,0.0,16.0,6400000.0,0.9409246575342465
1.0,16.0,4.0,1.0,1.0,1.0,63.0,32.0,0,0.5015625,0.0625,16384.0,6400000.0,0.5273919092465753
1.0,16.0,2.0,1.0,1.0,1.0,39.0,32.0,0,0.5015625,8192.0,64.0,6400000.0,0.5273919092465753
16.0,16.0,4.0,10.0,134.0,142.0,4397.0,20672.0,0,0.940625,0.125,0.125,6400000.0,0.9409246575342465
16.0,16.0,4.0,10.0,134.0,142.0,4397.0,20672.0,0,0.940625,0.25,0.000976562,6400000.0,0.9409246575342465
32.0,32.0,1.0,5.0,68.0,64.0,2138.0,6144.0,0,0.9078125,0.0,0.0,6400000.0,0.9033657962328766
16.0,16.0,4.0,5.0,99.0,97.0,3307.0,13472.0,0,0.940625,0.000976562,128.0,6400000.0,0.9409246575342465
16.0,16.0,4.0,11.0,134.0,142.0,4376.0,20672.0,0,0.940625,0.00195312,0.000976562,6400000.0,0.9409246575342465
16.0,16.0,4.0,8.0,116.0,117.0,3823.0,16672.0,0,0.940625,0.0625,16.0,6400000.0,0.9409246575342465
1.0,16.0,4.0,1.0,1.0,1.0,63.0,32.0,0,0.5015625,0.25,1024.0,6400000.0,0.5273919092465753
16.0,16.0,4.0,10.0,139.0,142.0,4573.0,20672.0,0,0.940625,0.25,1.0,6400000.0,0.9409246575342465
16.0,16.0,4.0,10.0,134.0,142.0,4397.0,20672.0,0,0.940625,0.000976562,0.125,6400000.0,0.9409246575342465
1.0,16.0,8.0,1.0,1.0,1.0,543.0,32.0,0,0.5015625,512.0,0.5,6400000.0,0.5273919092465753
16.0,16.0,8.0,13.0,363.0,419.0,15091.0,64992.0,0,0.9625,8.0,4.0,6400000.0,0.961271556996086
16.0,16.0,8.0,8.0,202.0,275.0,9389.0,41952.0,0,0.959375,0.0078125,32.0,6400000.0,0.9600973886986301
1.0,16.0,8.0,1.0,1.0,1.0,543.0,32.0,0,0.5015625,512.0,0.0,6400000.0,0.5273919092465753
16.0,16.0,4.0,10.0,134.0,142.0,4397.0,20672.0,0,0.940625,0.5,0.0078125,6400000.0,0.9409246575342465
16.0,16.0,8.0,5.0,99.0,97.0,5467.0,13472.0,0,0.940625,0.015625,256.0,6400000.0,0.9303571428571427
16.0,16.0,8.0,25.0,348.0,428.0,14623.0,66432.0,0,0.9640625,0.03125,0.00195312,6400000.0,0.9644019080234832
32.0,32.0,1.0,5.0,68.0,64.0,2138.0,6144.0,0,0.9078125,0.0,0.5,6400000.0,0.9033657962328766
1.0,16.0,4.0,1.0,1.0,1.0,63.0,32.0,0,0.5015625,2.0,512.0,6400000.0,0.5273919092465753
1.0,16.0,8.0,1.0,1.0,1.0,543.0,32.0,0,0.5015625,1024.0,0.00390625,6400000.0,0.5273919092465753
1.0,16.0,8.0,1.0,1.0,1.0,543.0,32.0,0,0.5015625,8.0,4096.0,6400000.0,0.5273919092465753
1.0,16.0,8.0,1.0,1.0,1.0,543.0,32.0,0,0.5015625,16.0,32768.0,6400000.0,0.5273919092465753
16.0,16.0,8.0,22.0,332.0,420.0,14166.0,65152.0,0,0.9640625,0.015625,0.25,6400000.0,0.9644019080234832
1.0,16.0,4.0,1.0,1.0,1.0,63.0,32.0,0,0.5015625,0.5,8192.0,6400000.0,0.5273919092465753
1.0,16.0,8.0,1.0,1.0,1.0,543.0,32.0,0,0.5015625,512.0,512.0,6400000.0,0.5273919092465753
16.0,16.0,4.0,10.0,140.0,142.0,4605.0,20672.0,0,0.940625,1.0,0.0625,6400000.0,0.9409246575342465
16.0,16.0,8.0,5.0,99.0,97.0,5467.0,13472.0,0,0.940625,2.0,128.0,6400000.0,0.9409246575342465
16.0,16.0,8.0,12.0,259.0,320.0,11429.0,49152.0,0,0.959375,16.0,0.03125,6400000.0,0.961271556996086
1.0,16.0,4.0,1.0,1.0,1.0,63.0,32.0,0,0.5015625,4.0,4096.0,6400000.0,0.5273919092465753
16.0,16.0,4.0,9.0,136.0,141.0,4466.0,20512.0,0,0.940625,0.5,8.0,6400000.0,0.9409246575342465
1.0,16.0,8.0,1.0,1.0,1.0,543.0,32.0,0,0.5015625,1024.0,4.0,6400000.0,0.5273919092465753
16.0,16.0,4.0,10.0,140.0,142.0,4605.0,20672.0,0,0.940625,2.0,0.5,6400000.0,0.9409246575342465
32.0,32.0,1.0,5.0,68.0,64.0,2138.0,6144.0,0,0.9078125,0.00390625,0.125,6400000.0,0.9033657962328766
16.0,16.0,4.0,9.0,139.0,142.0,4579.0,20672.0,0,0.940625,4.0,0.00390625,6400000.0,0.9409246575342465
16.0,16.0,4.0,10.0,134.0,142.0,4397.0,20672.0,0,0.940625,0.00195312,1.0,6400000.0,0.9409246575342465
16.0,16.0,4.0,6.0,106.0,104.0,3532.0,14592.0,0,0.940625,1.0,64.0,6400000.0,0.9409246575342465
16.0,16.0,8.0,8.0,214.0,271.0,9769.0,41312.0,0,0.959375,16.0,32.0,6400000.0,0.9557936338062621
16.0,16.0,4.0,10.0,140.0,142.0,4605.0,20672.0,0,0.940625,2.0,0.0,6400000.0,0.9409246575342465
1.0,16.0,8.0,1.0,1.0,1.0,543.0,32.0,0,0.5015625,0.03125,2048.0,6400000.0,0.5273919092465753
16.0,16.0,8.0,5.0,94.0,92.0,5302.0,12672.0,0,0.940625,32.0,256.0,6400000.0,0.9033657962328766
16.0,16.0,8.0,22.0,332.0,420.0,14166.0,65152.0,0,0.9640625,0.5,0.00390625,6400000.0,0.9644019080234832
1.0,16.0,4.0,1.0,1.0,1.0,63.0,32.0,0,0.5015625,8.0,32768.0,6400000.0,0.5273919092465753
16.0,16.0,8.0,19.0,315.0,420.0,13685.0,65152.0,0,0.9625,0.03125,2.0,6400000.0,0.9651854513209394
16.0,16.0,4.0,5.0,98.0,96.0,3274.0,13312.0,0,0.940625,16.0,256.0,6400000.0,0.9088452482876711
16.0,16.0,4.0,9.0,138.0,141.0,4546.0,20512.0,0,0.940625,4.0,4.0,6400000.0,0.9409246575342465
16.0,16.0,4.0,7.0,113.0,111.0,3742.0,15712.0,0,0.940625,8.0,32.0,6400000.0,0.9409246575342465
16.0,16.0,4.0,9.0,138.0,141.0,4546.0,20512.0,0,0.940625,8.0,0.03125,6400000.0,0.9409246575342465
16.0,16.0,4.0,7.0,113.0,112.0,3743.0,15872.0,0,0.940625,32.0,0.00195312,6400000.0,0.9409246575342465
16.0,16.0,8.0,24.0,342.0,426.0,14450.0,66112.0,0,0.9640625,0.0625,0.015625,6400000.0,0.9644019080234832
32.0,32.0,1.0,4.0,67.0,64.0,2127.0,6144.0,0,0.9078125,0.00390625,128.0,6400000.0,0.9033657962328766
16.0,16.0,8.0,8.0,203.0,276.0,9422.0,42112.0,0,0.959375,32.0,0.25,6400000.0,0.9604887781311154
1.0,16.0,8.0,1.0,1.0,1.0,543.0,32.0,0,0.5015625,2048.0,0.03125,6400000.0,0.5273919092465753
1.0,16.0,4.0,1.0,1.0,1.0,63.0,32.0,0,0.5015625,512.0,0.0078125,6400000.0,0.5273919092465753
1.0,16.0,2.0,1.0,1.0,1.0,39.0,32.0,0,0.5015625,16384.0,512.0,6400000.0,0.5273919092465753
1.0,16.0,8.0,1.0,1.0,1.0,543.0,32.0,0,0.5015625,1024.0,4096.0,6400000.0,0.5273919092465753
1.0,16.0,2.0,1.0,1.0,1.0,39.0,32.0,0,0.5015625,16384.0,0.0,6400000.0,0.5273919092465753
16.0,16.0,4.0,8.0,116.0,117.0,3823.0,16672.0,0,0.940625,16.0,0.25,6400000.0,0.9409246575342465
16.0,16.0,4.0,9.0,138.0,141.0,4546.0,20512.0,0,0.940625,0.00390625,8.0,6400000.0,0.9409246575342465
16.0,16.0,8.0,8.0,215.0,233.0,9763.0,35232.0,0,0.959375,64.0,0.00195312,6400000.0,0.9409246575342465
1.0,16.0,8.0,1.0,1.0,1.0,543.0,32.0,0,0.5015625,2048.0,32.0,6400000.0,0.5273919092465753
1.0,16.0,2.0,1.0,1.0,1.0,39.0,32.0,0,0.5015625,16384.0,0.5,6400000.0,0.5273919092465753
1.0,16.0,8.0,1.0,1.0,1.0,543.0,32.0,0,0.5015625,2048.0,32768.0,6400000.0,0.5273919092465753
1.0,16.0,4.0,1.0,1.0,1.0,63.0,32.0,0,0.5015625,0.00195312,1024.0,6400000.0,0.5273919092465753
1.0,16.0,4.0,1.0,1.0,1.0,63.0,32.0,0,0.5015625,64.0,16384.0,6400000.0,0.5273919092465753
1.0,16.0,4.0,1.0,1.0,1.0,63.0,32.0,0,0.5015625,0.00390625,8192.0,6400000.0,0.5273919092465753
1.0,16.0,8.0,1.0,1.0,1.0,543.0,32.0,0,0.5015625,64.0,2048.0,6400000.0,0.5273919092465753
16.0,16.0,4.0,11.0,134.0,142.0,4376.0,20672.0,0,0.940625,0.00390625,0.0078125,6400000.0,0.9409246575342465
1.0,16.0,4.0,1.0,1.0,1.0,63.0,32.0,0,0.5015625,32.0,2048.0,6400000.0,0.5273919092465753
1.0,16.0,8.0,1.0,1.0,1.0,543.0,32.0,0,0.5015625,4096.0,0.25,6400000.0,0.5273919092465753
16.0,16.0,4.0,7.0,113.0,111.0,3742.0,15712.0,0,0.940625,32.0,2.0,6400000.0,0.9409246575342465
16.0,16.0,4.0,6.0,103.0,101.0,3433.0,14112.0,0,0.940625,64.0,16.0,6400000.0,0.9409246575342465
1.0,16.0,4.0,1.0,1.0,1.0,63.0,32.0,0,0.5015625,512.0,8.0,6400000.0,0.5273919092465753
16.0,16.0,8.0,8.0,203.0,218.0,9364.0,32832.0,0,0.959375,64.0,2.0,6400000.0,0.9409246575342465
16.0,16.0,8.0,16.0,308.0,415.0,13264.0,64352.0,0,0.965625,0.5,4.0,6400000.0,0.9620543358610568
16.0,16.0,4.0,6.0,106.0,104.0,3532.0,14592.0,0,0.940625,64.0,0.015625,6400000.0,0.9409246575342465
32.0,32.0,1.0,5.0,68.0,64.0,2138.0,6144.0,0,0.9078125,0.0078125,0.000976562,6400000.0,0.9033657962328766
1.0,16.0,4.0,1.0,1.0,1.0,63.0,32.0,0,0.5015625,256.0,1024.0,6400000.0,0.5273919092465753
1.0,16.0,8.0,1.0,1.0,1.0,543.0,32.0,0,0.5015625,4096.0,256.0,6400000.0,0.5273919092465753
16.0,16.0,4.0,5.0,99.0,97.0,3307.0,13472.0,0,0.940625,128.0,0.125,6400000.0,0.9409246575342465
16.0,16.0,4.0,5.0,99.0,97.0,3307.0,13472.0,0,0.940625,256.0,0.000976562,6400000.0,0.9303571428571427
1.0,16.0,8.0,1.0,1.0,1.0,543.0,32.0,0,0.5015625,0.5,4096.0,6400000.0,0.5273919092465753
16.0,16.0,4.0,5.0,99.0,97.0,3307.0,13472.0,0,0.940625,256.0,1.0,6400000.0,0.9303571428571427
1.0,16.0,8.0,1.0,1.0,1.0,543.0,32.0,0,0.5015625,8192.0,2.0,6400000.0,0.5273919092465753
1.0,16.0,8.0,1.0,1.0,1.0,543.0,32.0,0,0.5015625,8192.0,0.00195312,6400000.0,0.5273919092465753
16.0,16.0,4.0,5.0,99.0,97.0,3307.0,13472.0,0,0.940625,128.0,128.0,6400000.0,0.9303571428571427
32.0,32.0,1.0,5.0,68.0,64.0,2138.0,6144.0,0,0.9078125,0.0078125,1.0,6400000.0,0.9033657962328766
16.0,16.0,8.0,5.0,99.0,97.0,5467.0,13472.0,0,0.940625,128.0,0.015625,6400000.0,0.9409246575342465
1.0,16.0,8.0,1.0,1.0,1.0,543.0,32.0,0,0.5015625,8192.0,2048.0,6400000.0,0.5273919092465753
16.0,16.0,8.0,5.0,99.0,97.0,5467.0,13472.0,0,0.940625,128.0,16.0,6400000.0,0.9409246575342465
1.0,16.0,4.0,1.0,1.0,1.0,63.0,32.0,0,0.5015625,512.0,8192.0,6400000.0,0.5273919092465753
16.0,16.0,4.0,10.0,134.0,142.0,4397.0,20672.0,0,0.940625,0.0078125,0.0625,6400000.0,0.9409246575342465
1.0,32.0,1.0,1.0,1.0,1.0,35.0,32.0,0,0.5015625,0.0,512.0,6400000.0,0.5273919092465753
1.0,16.0,4.0,1.0,1.0,1.0,63.0,32.0,0,0.5015625,1024.0,64.0,6400000.0,0.5273919092465753
1.0,16.0,8.0,1.0,1.0,1.0,543.0,32.0,0,0.5015625,16384.0,0.015625,6400000.0,0.5273919092465753
1.0,16.0,4.0,1.0,1.0,1.0,63.0,32.0,0,0.5015625,2048.0,0.5,6400000.0,0.5273919092465753
1.0,16.0,4.0,1.0,1.0,1.0,63.0,32.0,0,0.5015625,2048.0,512.0,6400000.0,0.5273919092465753
16.0,16.0,8.0,22.0,321.0,412.0,13806.0,63872.0,0,0.9640625,1.0,0.03125,6400000.0,0.9647940618884541
1.0,16.0,4.0,1.0,1.0,1.0,63.0,32.0,0,0.5015625,4096.0,0.00390625,6400000.0,0.5273919092465753
1.0,16.0,8.0,1.0,1.0,1.0,543.0,32.0,0,0.5015625,0.0625,16384.0,6400000.0,0.5273919092465753
1.0,16.0,8.0,1.0,1.0,1.0,543.0,32.0,0,0.5015625,16384.0,16.0,6400000.0,0.5273919092465753
1.0,16.0,4.0,1.0,1.0,1.0,63.0,32.0,0,0.5015625,1024.0,0.0625,6400000.0,0.5273919092465753
1.0,16.0,4.0,1.0,1.0,1.0,63.0,32.0,0,0.5015625,8192.0,32.0,6400000.0,0.5273919092465753
16.0,16.0,8.0,12.0,258.0,319.0,11396.0,48992.0,0,0.9625,0.0625,16.0,6400000.0,0.961271556996086
1.0,16.0,4.0,1.0,1.0,1.0,63.0,32.0,0,0.5015625,8192.0,0.03125,6400000.0,0.5273919092465753
32.0,32.0,1.0,5.0,68.0,64.0,2138.0,6144.0,0,0.9078125,0.000976562,4.0,6400000.0,0.9033657962328766
1.0,16.0,8.0,1.0,1.0,1.0,543.0,32.0,0,0.5015625,128.0,16384.0,6400000.0,0.5273919092465753
32.0,32.0,1.0,5.0,68.0,64.0,2138.0,6144.0,0,0.9078125,0.000976562,0.00390625,6400000.0,0.9033657962328766
1.0,32.0,1.0,1.0,1.0,1.0,35.0,32.0,0,0.5015625,0.0078125,1024.0,6400000.0,0.5273919092465753
1.0,16.0,4.0,1.0,1.0,1.0,63.0,32.0,0,0.5015625,16384.0,0.25,6400000.0,0.5273919092465753
1.0,16.0,8.0,1.0,1.0,1.0,543.0,32.0,0,0.5015625,1.0,32768.0,6400000.0,0.5273919092465753
1.0,32.0,1.0,1.0,1.0,1.0,35.0,32.0,0,0.5015625,0.000976562,4096.0,6400000.0,0.5273919092465753
1.0,16.0,4.0,1.0,1.0,1.0,63.0,32.0,0,0.5015625,4096.0,4.0,6400000.0,0.5273919092465753
1.0,16.0,4.0,1.0,1.0,1.0,63.0,32.0,0,0.5015625,2048.0,0.0,6400000.0,0.5273919092465753
16.0,16.0,8.0,8.0,202.0,275.0,9389.0,41952.0,0,0.959375,1.0,32.0,6400000.0,0.9600973886986301
1.0,16.0,8.0,1.0,1.0,1.0,543.0,32.0,0,0.5015625,32768.0,0.125,6400000.0,0.5273919092465753
1.0,16.0,4.0,1.0,1.0,1.0,63.0,32.0,0,0.5015625,8192.0,32768.0,6400000.0,0.5273919092465753
16.0,16.0,8.0,16.0,308.0,415.0,13264.0,64352.0,0,0.965625,4.0,0.000976562,6400000.0,0.9636176002935419
1.0,16.0,8.0,1.0,1.0,1.0,543.0,32.0,0,0.5015625,16384.0,16384.0,6400000.0,0.5273919092465753
1.0,16.0,4.0,1.0,1.0,1.0,63.0,32.0,0,0.5015625,32768.0,0.00195312,6400000.0,0.5273919092465753
1.0,16.0,2.0,1.0,1.0,1.0,39.0,32.0,0,0.5015625,32768.0,0.00390625,6400000.0,0.5273919092465753
1.0,16.0,4.0,1.0,1.0,1.0,63.0,32.0,0,0.5015625,32768.0,2.0,6400000.0,0.5273919092465753
1.0,16.0,8.0,1.0,1.0,1.0,543.0,32.0,0,0.5015625,32768.0,128.0,6400000.0,0.5273919092465753
1.0,16.0,4.0,1.0,1.0,1.0,63.0,32.0,0,0.5015625,4096.0,4096.0,6400000.0,0.5273919092465753
32.0,32.0,1.0,5.0,68.0,64.0,2138.0,6144.0,0,0.9078125,0.015625,0.0078125,6400000.0,0.9033657962328766
1.0,16.0,4.0,1.0,1.0,1.0,63.0,32.0,0,0.5015625,16384.0,256.0,6400000.0,0.5273919092465753
32.0,32.0,1.0,5.0,68.0,64.0,2138.0,6144.0,0,0.9078125,0.00195312,0.03125,6400000.0,0.9033657962328766
16.0,16.0,8.0,5.0,99.0,97.0,5467.0,13472.0,0,0.940625,0.125,128.0,6400000.0,0.9409246575342465
16.0,16.0,8.0,4.0,82.0,81.0,4928.0,10912.0,0,0.9078125,256.0,128.0,6400000.0,0.9033657962328766
1.0,16.0,2.0,1.0,1.0,1.0,39.0,32.0,0,0.5015625,32768.0,4.0,6400000.0,0.5273919092465753
16.0,16.0,4.0,10.0,134.0,142.0,4397.0,20672.0,0,0.940625,0.015625,0.0,6400000.0,0.9409246575342465
1.0,16.0,4.0,1.0,1.0,1.0,63.0,32.0,0,0.5015625,32768.0,2048.0,6400000.0,0.5273919092465753
16.0,16.0,8.0,16.0,308.0,415.0,13264.0,64352.0,0,0.965625,4.0,1.0,6400000.0,0.9612715569960862
16.0,16.0,4.0,10.0,134.0,142.0,4397.0,20672.0,0,0.940625,0.015625,0.5,6400000.0,0.9409246575342465
32.0,32.0,1.0,5.0,68.0,64.0,2138.0,6144.0,0,0.9078125,0.015625,8.0,6400000.0,0.9033657962328766
1.0,16.0,8.0,1.0,1.0,1.0,543.0,32.0,0,0.5015625,4.0,1024.0,6400000.0,0.5273919092465753
16.0,16.0,4.0,6.0,106.0,104.0,3532.0,14592.0,0,0.940625,0.0078125,64.0,6400000.0,0.9409246575342465
16.0,16.0,8.0,22.0,332.0,420.0,14166.0,65152.0,0,0.9640625,0.125,0.125,6400000.0,0.9644019080234832
16.0,16.0,8.0,5.0,99.0,97.0,5467.0,13472.0,0,0.940625,256.0,0.125,6400000.0,0.9303571428571427
1.0,32.0,1.0,1.0,1.0,1.0,35.0,32.0,0,0.5015625,0.015625,8192.0,6400000.0,0.5273919092465753
16.0,16.0,4.0,10.0,134.0,142.0,4397.0,20672.0,0,0.940625,0.0,0.03125,6400000.0,0.9409246575342465
1.0,16.0,2.0,1.0,1.0,1.0,39.0,32.0,0,0.5015625,32768.0,4096.0,6400000.0,0.5273919092465753
16.0,16.0,8.0,22.0,332.0,420.0,14166.0,65152.0,0,0.9640625,0.25,0.000976562,6400000.0,0.9644019080234832
1.0,16.0,4.0,1.0,1.0,1.0,63.0,32.0,0,0.5015625,0.015625,512.0,6400000.0,0.5273919092465753
16.0,16.0,8.0,26.0,351.0,429.0,14699.0,66592.0,0,0.9640625,0.00195312,0.000976562,6400000.0,0.9644019080234832
16.0,16.0,8.0,25.0,349.0,428.0,14655.0,66432.0,0,0.9640625,0.0,0.015625,6400000.0,0.9644019080234832
16.0,16.0,4.0,10.0,134.0,142.0,4397.0,20672.0,0,0.940625,0.03125,0.00390625,6400000.0,0.9409246575342465
1.0,16.0,8.0,1.0,1.0,1.0,543.0,32.0,0,0.5015625,0.0,16384.0,6400000.0,0.5273919092465753
16.0,16.0,8.0,22.0,321.0,412.0,13806.0,63872.0,0,0.9640625,0.00195312,1.0,6400000.0,0.9651854513209394
32.0,32.0,1.0,4.0,67.0,64.0,2127.0,6144.0,0,0.9078125,0.00195312,32.0,6400000.0,0.9033657962328766
16.0,16.0,8.0,22.0,338.0,426.0,14364.0,66112.0,0,0.9640625,0.000976562,0.125,6400000.0,0.9644019080234832
16.0,16.0,8.0,5.0,99.0,97.0,5467.0,13472.0,0,0.940625,0.000976562,128.0,6400000.0,0.9409246575342465
1.0,16.0,8.0,1.0,1.0,1.0,543.0,32.0,0,0.5015625,0.00195312,1024.0,6400000.0,0.5273919092465753
16.0,16.0,8.0,12.0,258.0,319.0,11396.0,48992.0,0,0.9625,0.0,16.0,6400000.0,0.961271556996086
16.0,16.0,8.0,26.0,351.0,429.0,14699.0,66592.0,0,0.9640625,0.00390625,0.0078125,6400000.0,0.9644019080234832
1.0,32.0,1.0,1.0,1.0,1.0,35.0,32.0,0,0.5015625,0.00195312,32768.0,6400000.0,0.5273919092465753
1.0,16.0,4.0,1.0,1.0,1.0,63.0,32.0,0,0.5015625,0.0,32768.0,6400000.0,0.5273919092465753
1.0,16.0,8.0,1.0,1.0,1.0,543.0,32.0,0,0.5015625,0.00390625,8192.0,6400000.0,0.5273919092465753
1.0,16.0,8.0,1.0,1.0,1.0,543.0,32.0,0,0.5015625,0.25,1024.0,6400000.0,0.5273919092465753
16.0,16.0,8.0,15.0,264.0,389.0,11595.0,60192.0,0,0.9640625,8.0,0.0078125,6400000.0,0.9620543358610568
16.0,16.0,4.0,9.0,139.0,142.0,4579.0,20672.0,0,0.940625,0.03125,4.0,6400000.0,0.9409246575342465
1.0,16.0,4.0,1.0,1.0,1.0,63.0,32.0,0,0.5015625,0.03125,4096.0,6400000.0,0.5273919092465753
16.0,16.0,4.0,10.0,134.0,142.0,4397.0,20672.0,0,0.940625,0.0625,0.03125,6400000.0,0.9409246575342465
16.0,16.0,8.0,22.0,321.0,412.0,13806.0,63872.0,0,0.9640625,0.25,1.0,6400000.0,0.9651854513209394
16.0,16.0,4.0,5.0,99.0,97.0,3307.0,13472.0,0,0.940625,0.125,256.0,6400000.0,0.9303571428571427
16.0,16.0,8.0,19.0,315.0,420.0,13685.0,65152.0,0,0.9625,2.0,0.25,6400000.0,0.9628371147260273
32.0,32.0,1.0,5.0,68.0,64.0,2138.0,6144.0,0,0.9078125,0.03125,0.0625,6400000.0,0.9033657962328766
16.0,16.0,8.0,15.0,264.0,389.0,11595.0,60192.0,0,0.9640625,0.00390625,8.0,6400000.0,0.961271556996086
1.0,16.0,4.0,1.0,1.0,1.0,63.0,32.0,0,0.5015625,0.0625,32768.0,6400000.0,0.5273919092465753
16.0,16.0,8.0,25.0,349.0,428.0,14655.0,66432.0,0,0.9640625,0.015625,0.0,6400000.0,0.9644019080234832
16.0,16.0,4.0,7.0,113.0,112.0,3743.0,15872.0,0,0.940625,0.0,32.0,6400000.0,0.9409246575342465
16.0,16.0,4.0,10.0,134.0,142.0,4397.0,20672.0,0,0.940625,0.125,0.25,6400000.0,0.9409246575342465
16.0,16.0,4.0,7.0,113.0,112.0,3743.0,15872.0,0,0.940625,0.0625,32.0,6400000.0,0.9409246575342465
16.0,16.0,4.0,10.0,134.0,142.0,4397.0,20672.0,0,0.940625,0.25,0.00195312,6400000.0,0.9409246575342465
16.0,16.0,4.0,11.0,134.0,142.0,4376.0,20672.0,0,0.940625,0.00195312,0.00195312,6400000.0,0.9409246575342465
16.0,16.0,8.0,24.0,342.0,426.0,14450.0,66112.0,0,0.9640625,0.0078125,0.0625,6400000.0,0.9644019080234832
16.0,16.0,4.0,5.0,99.0,97.0,3307.0,13472.0,0,0.940625,0.000976562,256.0,6400000.0,0.9303571428571427
1.0,16.0,4.0,1.0,1.0,1.0,63.0,32.0,0,0.5015625,0.25,2048.0,6400000.0,0.5273919092465753
32.0,32.0,1.0,5.0,68.0,64.0,2138.0,6144.0,0,0.9078125,0.0,0.000976562,6400000.0,0.9033657962328766
16.0,16.0,4.0,10.0,134.0,142.0,4397.0,20672.0,0,0.940625,0.000976562,0.25,6400000.0,0.9409246575342465
1.0,16.0,8.0,1.0,1.0,1.0,543.0,32.0,0,0.5015625,512.0,1.0,6400000.0,0.5273919092465753
1.0,16.0,8.0,1.0,1.0,1.0,543.0,32.0,0,0.5015625,0.015625,512.0,6400000.0,0.5273919092465753
16.0,16.0,4.0,10.0,140.0,142.0,4605.0,20672.0,0,0.940625,0.25,2.0,6400000.0,0.9409246575342465
1.0,16.0,8.0,1.0,1.0,1.0,543.0,32.0,0,0.5015625,512.0,0.000976562,6400000.0,0.5273919092465753
16.0,16.0,8.0,12.0,259.0,320.0,11429.0,49152.0,0,0.959375,8.0,8.0,6400000.0,0.961271556996086
16.0,16.0,8.0,8.0,172.0,187.0,8341.0,27872.0,0,0.959375,0.0078125,64.0,6400000.0,0.9409246575342465
1.0,16.0,8.0,1.0,1.0,1.0,543.0,32.0,0,0.5015625,1024.0,0.0078125,6400000.0,0.5273919092465753
1.0,16.0,4.0,1.0,1.0,1.0,63.0,32.0,0,0.5015625,2.0,1024.0,6400000.0,0.5273919092465753
16.0,16.0,4.0,10.0,134.0,142.0,4397.0,20672.0,0,0.940625,0.5,0.015625,6400000.0,0.9409246575342465
16.0,16.0,8.0,25.0,348.0,428.0,14623.0,66432.0,0,0.9640625,0.03125,0.00390625,6400000.0,0.9644019080234832
32.0,32.0,1.0,5.0,68.0,64.0,2138.0,6144.0,0,0.9078125,0.0,1.0,6400000.0,0.9033657962328766
1.0,16.0,8.0,1.0,1.0,1.0,543.0,32.0,0,0.5015625,8.0,8192.0,6400000.0,0.5273919092465753
16.0,16.0,8.0,8.0,203.0,276.0,9422.0,42112.0,0,0.959375,32.0,0.0,6400000.0,0.9604887781311154
16.0,16.0,8.0,22.0,332.0,420.0,14166.0,65152.0,0,0.9640625,0.015625,0.5,6400000.0,0.9644019080234832
1.0,16.0,8.0,1.0,1.0,1.0,543.0,32.0,0,0.5015625,512.0,1024.0,6400000.0,0.5273919092465753
1.0,16.0,4.0,1.0,1.0,1.0,63.0,32.0,0,0.5015625,0.5,16384.0,6400000.0,0.5273919092465753
16.0,16.0,8.0,12.0,259.0,320.0,11429.0,49152.0,0,0.959375,16.0,0.0625,6400000.0,0.961271556996086
32.0,32.0,1.0,5.0,68.0,64.0,2138.0,6144.0,0,0.9078125,0.00390625,0.25,6400000.0,0.9033657962328766
1.0,16.0,8.0,1.0,1.0,1.0,543.0,32.0,0,0.5015625,1024.0,8.0,6400000.0,0.5273919092465753
16.0,16.0,4.0,10.0,141.0,142.0,4637.0,20672.0,0,0.940625,1.0,0.125,6400000.0,0.9409246575342465
1.0,16.0,4.0,1.0,1.0,1.0,63.0,32.0,0,0.5015625,4.0,8192.0,6400000.0,0.5273919092465753
16.0,16.0,8.0,5.0,99.0,97.0,5467.0,13472.0,0,0.940625,2.0,256.0,6400000.0,0.9303571428571427
16.0,16.0,4.0,10.0,140.0,142.0,4605.0,20672.0,0,0.940625,0.00195312,2.0,6400000.0,0.9409246575342465
16.0,16.0,4.0,9.0,139.0,142.0,4579.0,20672.0,0,0.940625,2.0,1.0,6400000.0,0.9409246575342465
16.0,16.0,4.0,8.0,116.0,116.0,3822.0,16512.0,0,0.940625,0.5,16.0,6400000.0,0.9409246575342465
16.0,16.0,8.0,8.0,127.0,126.0,6584.0,18112.0,0,0.940625,16.0,64.0,6400000.0,0.9409246575342465
16.0,16.0,4.0,5.0,99.0,97.0,3307.0,13472.0,0,0.940625,1.0,128.0,6400000.0,0.9409246575342465
16.0,16.0,4.0,9.0,139.0,142.0,4579.0,20672.0,0,0.940625,4.0,0.0078125,6400000.0,0.9409246575342465
1.0,16.0,8.0,1.0,1.0,1.0,543.0,32.0,0,0.5015625,0.03125,4096.0,6400000.0,0.5273919092465753
16.0,16.0,4.0,10.0,140.0,142.0,4605.0,20672.0,0,0.940625,2.0,0.000976562,6400000.0,0.9409246575342465
1.0,16.0,8.0,1.0,1.0,1.0,543.0,32.0,0,0.5015625,32.0,512.0,6400000.0,0.5273919092465753
16.0,16.0,8.0,22.0,332.0,420.0,14166.0,65152.0,0,0.9640625,0.5,0.0078125,6400000.0,0.9644019080234832
1.0,16.0,4.0,1.0,1.0,1.0,63.0,32.0,0,0.5015625,16.0,512.0,6400000.0,0.5273919092465753
16.0,16.0,4.0,8.0,126.0,127.0,4153.0,18272.0,0,0.940625,4.0,8.0,6400000.0,0.9409246575342465
16.0,16.0,4.0,8.0,116.0,117.0,3823.0,16672.0,0,0.940625,16.0,0.0,6400000.0,0.9409246575342465
16.0,16.0,8.0,16.0,308.0,415.0,13264.0,64352.0,0,0.965625,0.03125,4.0,6400000.0,0.9636176002935419
16.0,16.0,4.0,6.0,105.0,103.0,3499.0,14432.0,0,0.940625,8.0,64.0,6400000.0,0.9409246575342465
16.0,16.0,4.0,9.0,138.0,141.0,4546.0,20512.0,0,0.940625,8.0,0.0625,6400000.0,0.9409246575342465
32.0,32.0,1.0,4.0,67.0,64.0,2127.0,6144.0,0,0.9078125,0.00390625,256.0,6400000.0,0.9033657962328766
16.0,16.0,8.0,8.0,203.0,276.0,9422.0,42112.0,0,0.959375,32.0,0.5,6400000.0,0.9604887781311154
1.0,16.0,8.0,1.0,1.0,1.0,543.0,32.0,0,0.5015625,2048.0,0.0625,6400000.0,0.5273919092465753
16.0,16.0,4.0,7.0,113.0,112.0,3743.0,15872.0,0,0.940625,32.0,0.00390625,6400000.0,0.9409246575342465
16.0,16.0,8.0,24.0,342.0,426.0,14450.0,66112.0,0,0.9640625,0.0625,0.03125,6400000.0,0.9644019080234832
1.0,16.0,4.0,1.0,1.0,1.0,63.0,32.0,0,0.5015625,512.0,0.015625,6400000.0,0.5273919092465753
32.0,32.0,1.0,4.0,67.0,64.0,2127.0,6144.0,0,0.9078125,0.03125,64.0,6400000.0,0.9033657962328766
1.0,16.0,4.0,1.0,1.0,1.0,63.0,32.0,0,0.5015625,0.00195312,2048.0,6400000.0,0.5273919092465753
1.0,16.0,8.0,1.0,1.0,1.0,543.0,32.0,0,0.5015625,1024.0,8192.0,6400000.0,0.5273919092465753
1.0,16.0,4.0,1.0,1.0,1.0,63.0,32.0,0,0.5015625,64.0,32768.0,6400000.0,0.5273919092465753
1.0,16.0,8.0,1.0,1.0,1.0,543.0,32.0,0,0.5015625,2048.0,64.0,6400000.0,0.5273919092465753
32.0,32.0,1.0,5.0,68.0,64.0,2138.0,6144.0,0,0.9078125,0.0625,0.0,6400000.0,0.9033657962328766
16.0,16.0,4.0,8.0,116.0,117.0,3823.0,16672.0,0,0.940625,0.00390625,16.0,6400000.0,0.9409246575342465
1.0,16.0,8.0,1.0,1.0,1.0,543.0,32.0,0,0.5015625,4096.0,0.0,6400000.0,0.5273919092465753
16.0,16.0,4.0,8.0,116.0,116.0,3822.0,16512.0,0,0.940625,16.0,0.5,6400000.0,0.9409246575342465
32.0,32.0,1.0,5.0,68.0,64.0,2138.0,6144.0,0,0.9078125,0.0625,0.5,6400000.0,0.9033657962328766
16.0,16.0,8.0,8.0,215.0,233.0,9763.0,35232.0,0,0.959375,64.0,0.00390625,6400000.0,0.9409246575342465
1.0,16.0,8.0,1.0,1.0,1.0,543.0,32.0,0,0.5015625,64.0,4096.0,6400000.0,0.5273919092465753
1.0,16.0,4.0,1.0,1.0,1.0,63.0,32.0,0,0.5015625,0.00390625,16384.0,6400000.0,0.5273919092465753
16.0,16.0,4.0,5.0,99.0,97.0,3307.0,13472.0,0,0.940625,64.0,32.0,6400000.0,0.9409246575342465
16.0,16.0,4.0,7.0,113.0,111.0,3742.0,15712.0,0,0.940625,32.0,4.0,6400000.0,0.9409246575342465
16.0,16.0,4.0,10.0,134.0,142.0,4397.0,20672.0,0,0.940625,0.00390625,0.015625,6400000.0,0.9409246575342465
16.0,16.0,8.0,8.0,189.0,200.0,8898.0,29952.0,0,0.959375,64.0,4.0,6400000.0,0.9409246575342465
1.0,16.0,4.0,1.0,1.0,1.0,63.0,32.0,0,0.5015625,32.0,4096.0,6400000.0,0.5273919092465753
16.0,16.0,8.0,15.0,264.0,389.0,11595.0,60192.0,0,0.9640625,0.5,8.0,6400000.0,0.9608801675636007
1.0,16.0,8.0,1.0,1.0,1.0,543.0,32.0,0,0.5015625,4096.0,0.5,6400000.0,0.5273919092465753
1.0,16.0,4.0,1.0,1.0,1.0,63.0,32.0,0,0.5015625,512.0,16.0,6400000.0,0.5273919092465753
32.0,32.0,1.0,5.0,68.0,64.0,2138.0,6144.0,0,0.9078125,0.0078125,0.00195312,6400000.0,0.9033657962328766
16.0,16.0,4.0,5.0,99.0,97.0,3307.0,13472.0,0,0.940625,256.0,2.0,6400000.0,0.9303571428571427
1.0,16.0,8.0,1.0,1.0,1.0,543.0,32.0,0,0.5015625,4096.0,512.0,6400000.0,0.5273919092465753
1.0,16.0,4.0,1.0,1.0,1.0,63.0,32.0,0,0.5015625,256.0,2048.0,6400000.0,0.5273919092465753
16.0,16.0,4.0,6.0,106.0,104.0,3532.0,14592.0,0,0.940625,64.0,0.03125,6400000.0,0.9409246575342465
16.0,16.0,4.0,5.0,99.0,97.0,3307.0,13472.0,0,0.940625,256.0,0.00195312,6400000.0,0.9303571428571427
1.0,16.0,8.0,1.0,1.0,1.0,543.0,32.0,0,0.5015625,0.5,8192.0,6400000.0,0.5273919092465753
16.0,16.0,4.0,5.0,99.0,97.0,3307.0,13472.0,0,0.940625,128.0,0.25,6400000.0,0.9409246575342465
1.0,16.0,8.0,1.0,1.0,1.0,543.0,32.0,0,0.5015625,8192.0,4.0,6400000.0,0.5273919092465753
1.0,16.0,8.0,1.0,1.0,1.0,543.0,32.0,0,0.5015625,8192.0,0.00390625,6400000.0,0.5273919092465753
16.0,16.0,4.0,4.0,82.0,81.0,2768.0,10912.0,0,0.9078125,128.0,256.0,6400000.0,0.9033657962328766
1.0,16.0,4.0,1.0,1.0,1.0,63.0,32.0,0,0.5015625,512.0,16384.0,6400000.0,0.5273919092465753
1.0,16.0,8.0,1.0,1.0,1.0,543.0,32.0,0,0.5015625,8192.0,4096.0,6400000.0,0.5273919092465753
16.0,16.0,8.0,5.0,99.0,97.0,5467.0,13472.0,0,0.940625,128.0,32.0,6400000.0,0.9409246575342465
32.0,32.0,1.0,5.0,68.0,64.0,2138.0,6144.0,0,0.9078125,0.0078125,2.0,6400000.0,0.9033657962328766
16.0,16.0,8.0,5.0,99.0,97.0,5467.0,13472.0,0,0.940625,128.0,0.03125,6400000.0,0.9409246575342465
16.0,16.0,4.0,10.0,134.0,142.0,4397.0,20672.0,0,0.940625,0.0078125,0.125,6400000.0,0.9409246575342465
1.0,32.0,1.0,1.0,1.0,1.0,35.0,32.0,0,0.5015625,0.0,1024.0,6400000.0,0.5273919092465753
1.0,16.0,4.0,1.0,1.0,1.0,63.0,32.0,0,0.5015625,1024.0,128.0,6400000.0,0.5273919092465753
16.0,16.0,8.0,22.0,321.0,412.0,13806.0,63872.0,0,0.9640625,1.0,0.0625,6400000.0,0.9647940618884541
1.0,16.0,4.0,1.0,1.0,1.0,63.0,32.0,0,0.5015625,2048.0,1.0,6400000.0,0.5273919092465753
1.0,16.0,8.0,1.0,1.0,1.0,543.0,32.0,0,0.5015625,16384.0,0.03125,6400000.0,0.5273919092465753
1.0,16.0,4.0,1.0,1.0,1.0,63.0,32.0,0,0.5015625,2048.0,1024.0,6400000.0,0.5273919092465753
1.0,16.0,8.0,1.0,1.0,1.0,543.0,32.0,0,0.5015625,16384.0,32.0,6400000.0,0.5273919092465753
1.0,16.0,8.0,1.0,1.0,1.0,543.0,32.0,0,0.5015625,0.0625,32768.0,6400000.0,0.5273919092465753
1.0,16.0,4.0,1.0,1.0,1.0,63.0,32.0,0,0.5015625,1024.0,0.125,6400000.0,0.5273919092465753
1.0,16.0,4.0,1.0,1.0,1.0,63.0,32.0,0,0.5015625,4096.0,0.0078125,6400000.0,0.5273919092465753
1.0,16.0,8.0,1.0,1.0,1.0,543.0,32.0,0,0.5015625,128.0,32768.0,6400000.0,0.5273919092465753
32.0,32.0,1.0,5.0,68.0,64.0,2138.0,6144.0,0,0.9078125,0.000976562,0.0078125,6400000.0,0.9033657962328766
1.0,16.0,4.0,1.0,1.0,1.0,63.0,32.0,0,0.5015625,8192.0,64.0,6400000.0,0.5273919092465753
1.0,16.0,4.0,1.0,1.0,1.0,63.0,32.0,0,0.5015625,8192.0,0.0625,6400000.0,0.5273919092465753
32.0,32.0,1.0,5.0,68.0,64.0,2138.0,6144.0,0,0.9078125,0.000976562,8.0,6400000.0,0.9033657962328766
16.0,16.0,8.0,8.0,202.0,275.0,9389.0,41952.0,0,0.959375,0.0625,32.0,6400000.0,0.9600973886986301
1.0,32.0,1.0,1.0,1.0,1.0,35.0,32.0,0,0.5015625,0.000976562,8192.0,6400000.0,0.5273919092465753
1.0,16.0,4.0,1.0,1.0,1.0,63.0,32.0,0,0.5015625,16384.0,0.5,6400000.0,0.5273919092465753
1.0,16.0,4.0,1.0,1.0,1.0,63.0,32.0,0,0.5015625,2048.0,0.000976562,6400000.0,0.5273919092465753
16.0,16.0,8.0,20.0,315.0,418.0,13662.0,64832.0,0,0.9625,2.0,0.0,6400000.0,0.9651854513209394
1.0,16.0,4.0,1.0,1.0,1.0,63.0,32.0,0,0.5015625,4096.0,8.0,6400000.0,0.5273919092465753
16.0,16.0,8.0,16.0,308.0,415.0,13264.0,64352.0,0,0.965625,4.0,0.00195312,6400000.0,0.9636176002935419
1.0,16.0,4.0,1.0,1.0,1.0,63.0,32.0,0,0.5015625,32768.0,0.00390625,6400000.0,0.5273919092465753
16.0,16.0,8.0,8.0,168.0,181.0,8207.0,26912.0,0,0.959375,1.0,64.0,6400000.0,0.9409246575342465
1.0,16.0,4.0,1.0,1.0,1.0,63.0,32.0,0,0.5015625,4096.0,8192.0,6400000.0,0.5273919092465753
1.0,16.0,8.0,1.0,1.0,1.0,543.0,32.0,0,0.5015625,32768.0,0.25,6400000.0,0.5273919092465753
1.0,32.0,1.0,1.0,1.0,1.0,35.0,32.0,0,0.5015625,0.0078125,2048.0,6400000.0,0.5273919092465753
1.0,16.0,8.0,1.0,1.0,1.0,543.0,32.0,0,0.5015625,16384.0,32768.0,6400000.0,0.5273919092465753
1.0,16.0,4.0,1.0,1.0,1.0,63.0,32.0,0,0.5015625,32768.0,4.0,6400000.0,0.5273919092465753
1.0,16.0,4.0,1.0,1.0,1.0,63.0,32.0,0,0.5015625,16384.0,0.0,6400000.0,0.5273919092465753
1.0,32.0,1.0,1.0,1.0,1.0,35.0,32.0,0,0.5015625,0.0625,512.0,6400000.0,0.5273919092465753
1.0,16.0,8.0,1.0,1.0,1.0,543.0,32.0,0,0.5015625,32768.0,256.0,6400000.0,0.5273919092465753
16.0,16.0,8.0,5.0,99.0,97.0,5467.0,13472.0,0,0.940625,0.125,256.0,6400000.0,0.9303571428571427
32.0,32.0,1.0,5.0,68.0,64.0,2138.0,6144.0,0,0.9078125,0.015625,0.015625,6400000.0,0.9033657962328766
1.0,16.0,4.0,1.0,1.0,1.0,63.0,32.0,0,0.5015625,16384.0,512.0,6400000.0,0.5273919092465753
1.0,16.0,4.0,1.0,1.0,1.0,63.0,32.0,0,0.5015625,32768.0,4096.0,6400000.0,0.5273919092465753
32.0,32.0,1.0,5.0,68.0,64.0,2138.0,6144.0,0,0.9078125,0.00195312,0.0625,6400000.0,0.9033657962328766
16.0,16.0,4.0,10.0,134.0,142.0,4397.0,20672.0,0,0.940625,0.015625,1.0,6400000.0,0.9409246575342465
1.0,16.0,8.0,1.0,1.0,1.0,543.0,32.0,0,0.5015625,4.0,2048.0,6400000.0,0.5273919092465753
1.0,16.0,8.0,1.0,1.0,1.0,543.0,32.0,0,0.5015625,256.0,256.0,6400000.0,0.5273919092465753
16.0,16.0,8.0,5.0,99.0,97.0,5467.0,13472.0,0,0.940625,256.0,0.25,6400000.0,0.9303571428571427
32.0,32.0,1.0,5.0,68.0,64.0,2138.0,6144.0,0,0.9078125,0.125,0.00390625,6400000.0,0.9033657962328766
16.0,16.0,4.0,10.0,134.0,142.0,4397.0,20672.0,0,0.940625,0.015625,0.000976562,6400000.0,0.9409246575342465
16.0,16.0,4.0,5.0,99.0,97.0,3307.0,13472.0,0,0.940625,0.0078125,128.0,6400000.0,0.9409246575342465
16.0,16.0,8.0,16.0,307.0,414.0,13231.0,64192.0,0,0.965625,4.0,2.0,6400000.0,0.9620543358610568
16.0,16.0,8.0,22.0,332.0,420.0,14166.0,65152.0,0,0.9640625,0.125,0.25,6400000.0,0.9644019080234832
32.0,32.0,1.0,5.0,68.0,64.0,2138.0,6144.0,0,0.9078125,0.015625,16.0,6400000.0,0.9033657962328766
1.0,32.0,1.0,1.0,1.0,1.0,35.0,32.0,0,0.5015625,0.015625,16384.0,6400000.0,0.5273919092465753
32.0,32.0,1.0,5.0,68.0,64.0,2138.0,6144.0,0,0.9078125,0.125,4.0,6400000.0,0.9033657962328766
16.0,16.0,8.0,25.0,348.0,428.0,14623.0,66432.0,0,0.9640625,0.0,0.03125,6400000.0,0.9644019080234832
1.0,32.0,1.0,1.0,1.0,1.0,35.0,32.0,0,0.5015625,0.125,4096.0,6400000.0,0.5273919092465753
1.0,16.0,4.0,1.0,1.0,1.0,63.0,32.0,0,0.5015625,0.015625,1024.0,6400000.0,0.5273919092465753
16.0,16.0,8.0,26.0,351.0,429.0,14699.0,66592.0,0,0.9640625,0.00195312,0.00195312,6400000.0,0.9644019080234832
16.0,16.0,8.0,22.0,332.0,420.0,14166.0,65152.0,0,0.9640625,0.25,0.00195312,6400000.0,0.9644019080234832
1.0,16.0,8.0,1.0,1.0,1.0,543.0,32.0,0,0.5015625,0.0,32768.0,6400000.0,0.5273919092465753
32.0,32.0,1.0,4.0,67.0,64.0,2127.0,6144.0,0,0.9078125,0.00195312,64.0,6400000.0,0.9033657962328766
16.0,16.0,4.0,10.0,134.0,142.0,4397.0,20672.0,0,0.940625,0.03125,0.0078125,6400000.0,0.9409246575342465
1.0,16.0,8.0,1.0,1.0,1.0,543.0,32.0,0,0.5015625,0.00195312,2048.0,6400000.0,0.5273919092465753
16.0,16.0,8.0,22.0,332.0,420.0,14166.0,65152.0,0,0.9640625,0.000976562,0.25,6400000.0,0.9644019080234832
16.0,16.0,8.0,20.0,315.0,418.0,13662.0,64832.0,0,0.9625,0.00195312,2.0,6400000.0,0.9651854513209394
1.0,16.0,8.0,1.0,1.0,1.0,543.0,32.0,0,0.5015625,0.00390625,16384.0,6400000.0,0.5273919092465753
16.0,16.0,8.0,8.0,202.0,275.0,9389.0,41952.0,0,0.959375,0.0,32.0,6400000.0,0.9600973886986301
16.0,16.0,8.0,5.0,99.0,97.0,5467.0,13472.0,0,0.940625,0.000976562,256.0,6400000.0,0.9303571428571427
16.0,16.0,8.0,25.0,348.0,428.0,14623.0,66432.0,0,0.9640625,0.00390625,0.015625,6400000.0,0.9644019080234832
1.0,16.0,8.0,1.0,1.0,1.0,543.0,32.0,0,0.5015625,0.25,2048.0,6400000.0,0.5273919092465753
32.0,32.0,1.0,5.0,68.0,64.0,2138.0,6144.0,0,0.9078125,0.00390625,0.0,6400000.0,0.9033657962328766
1.0,16.0,4.0,1.0,1.0,1.0,63.0,32.0,0,0.5015625,0.03125,8192.0,6400000.0,0.5273919092465753
32.0,32.0,1.0,5.0,68.0,64.0,2138.0,6144.0,0,0.9078125,0.25,0.03125,6400000.0,0.9033657962328766
16.0,16.0,8.0,15.0,264.0,389.0,11595.0,60192.0,0,0.9640625,8.0,0.015625,6400000.0,0.9620543358610568
16.0,16.0,4.0,9.0,138.0,141.0,4546.0,20512.0,0,0.940625,0.03125,8.0,6400000.0,0.9409246575342465
16.0,16.0,8.0,12.0,258.0,319.0,11396.0,48992.0,0,0.9625,0.00390625,16.0,6400000.0,0.961271556996086
1.0,16.0,4.0,1.0,1.0,1.0,63.0,32.0,0,0.5015625,0.125,512.0,6400000.0,0.5273919092465753
16.0,16.0,4.0,10.0,134.0,142.0,4397.0,20672.0,0,0.940625,0.125,0.0,6400000.0,0.9409246575342465
16.0,16.0,4.0,10.0,134.0,142.0,4397.0,20672.0,0,0.940625,0.0625,0.0625,6400000.0,0.9409246575342465
16.0,16.0,8.0,19.0,315.0,420.0,13685.0,65152.0,0,0.9625,0.25,2.0,6400000.0,0.9628371147260273
32.0,32.0,1.0,4.0,67.0,64.0,2127.0,6144.0,0,0.9078125,0.25,32.0,6400000.0,0.9033657962328766
32.0,32.0,1.0,5.0,68.0,64.0,2138.0,6144.0,0,0.9078125,0.03125,0.125,6400000.0,0.9033657962328766
16.0,16.0,8.0,19.0,315.0,420.0,13685.0,65152.0,0,0.9625,2.0,0.5,6400000.0,0.9620543358610568
16.0,16.0,8.0,25.0,348.0,428.0,14623.0,66432.0,0,0.9640625,0.015625,0.000976562,6400000.0,0.9644019080234832
16.0,16.0,4.0,6.0,106.0,104.0,3532.0,14592.0,0,0.940625,0.0625,64.0,6400000.0,0.9409246575342465
1.0,32.0,1.0,1.0,1.0,1.0,35.0,32.0,0,0.5015625,0.25,32768.0,6400000.0,0.5273919092465753
16.0,16.0,4.0,10.0,134.0,142.0,4397.0,20672.0,0,0.940625,0.25,0.00390625,6400000.0,0.9409246575342465
1.0,16.0,4.0,1.0,1.0,1.0,63.0,32.0,0,0.5015625,0.25,4096.0,6400000.0,0.5273919092465753
32.0,32.0,1.0,5.0,68.0,64.0,2138.0,6144.0,0,0.9078125,0.0,0.00195312,6400000.0,0.9033657962328766
16.0,16.0,4.0,10.0,134.0,142.0,4397.0,20672.0,0,0.940625,0.125,0.5,6400000.0,0.9409246575342465
16.0,16.0,8.0,22.0,338.0,426.0,14364.0,66112.0,0,0.9640625,0.0078125,0.125,6400000.0,0.9644019080234832
32.0,32.0,1.0,5.0,68.0,64.0,2138.0,6144.0,0,0.9078125,0.5,0.25,6400000.0,0.9033657962328766
32.0,32.0,1.0,4.0,67.0,64.0,2127.0,6144.0,0,0.9078125,0.5,256.0,6400000.0,0.9033657962328766
1.0,16.0,8.0,1.0,1.0,1.0,543.0,32.0,0,0.5015625,512.0,0.00195312,6400000.0,0.5273919092465753
1.0,16.0,8.0,1.0,1.0,1.0,543.0,32.0,0,0.5015625,0.015625,1024.0,6400000.0,0.5273919092465753
1.0,16.0,8.0,1.0,1.0,1.0,543.0,32.0,0,0.5015625,512.0,2.0,6400000.0,0.5273919092465753
16.0,16.0,8.0,9.0,204.0,275.0,9432.0,41952.0,0,0.959375,8.0,16.0,6400000.0,0.9600973886986301
1.0,16.0,4.0,1.0,1.0,1.0,63.0,32.0,0,0.5015625,2.0,2048.0,6400000.0,0.5273919092465753
16.0,16.0,4.0,9.0,139.0,142.0,4579.0,20672.0,0,0.940625,0.25,4.0,6400000.0,0.9409246575342465
16.0,16.0,8.0,5.0,99.0,97.0,5467.0,13472.0,0,0.940625,0.0078125,128.0,6400000.0,0.9409246575342465
1.0,16.0,8.0,1.0,1.0,1.0,543.0,32.0,0,0.5015625,1024.0,0.015625,6400000.0,0.5273919092465753
16.0,16.0,4.0,10.0,134.0,142.0,4397.0,20672.0,0,0.940625,0.5,0.03125,6400000.0,0.9409246575342465
16.0,16.0,8.0,25.0,348.0,428.0,14623.0,66432.0,0,0.9640625,0.03125,0.0078125,6400000.0,0.9644019080234832
32.0,32.0,1.0,5.0,68.0,64.0,2138.0,6144.0,0,0.9078125,0.0,2.0,6400000.0,0.9033657962328766
1.0,16.0,8.0,1.0,1.0,1.0,543.0,32.0,0,0.5015625,8.0,16384.0,6400000.0,0.5273919092465753
16.0,16.0,8.0,22.0,321.0,412.0,13806.0,63872.0,0,0.9640625,0.015625,1.0,6400000.0,0.9651854513209394
16.0,16.0,8.0,8.0,203.0,276.0,9422.0,42112.0,0,0.959375,32.0,0.000976562,6400000.0,0.9604887781311154
1.0,16.0,8.0,1.0,1.0,1.0,543.0,32.0,0,0.5015625,512.0,2048.0,6400000.0,0.5273919092465753
16.0,16.0,8.0,12.0,259.0,320.0,11429.0,49152.0,0,0.959375,16.0,0.125,6400000.0,0.961271556996086
1.0,16.0,4.0,1.0,1.0,1.0,63.0,32.0,0,0.5015625,0.5,32768.0,6400000.0,0.5273919092465753
32.0,32.0,1.0,5.0,68.0,64.0,2138.0,6144.0,0,0.9078125,0.00390625,0.5,6400000.0,0.9033657962328766
1.0,16.0,8.0,1.0,1.0,1.0,543.0,32.0,0,0.5015625,2.0,512.0,6400000.0,0.5273919092465753
1.0,16.0,8.0,1.0,1.0,1.0,543.0,32.0,0,0.5015625,1024.0,16.0,6400000.0,0.5273919092465753
1.0,16.0,4.0,1.0,1.0,1.0,63.0,32.0,0,0.5015625,4.0,16384.0,6400000.0,0.5273919092465753
16.0,16.0,4.0,10.0,139.0,142.0,4573.0,20672.0,0,0.940625,1.0,0.25,6400000.0,0.9409246575342465
32.0,32.0,1.0,5.0,68.0,64.0,2138.0,6144.0,0,0.9078125,1.0,0.00195312,6400000.0,0.9033657962328766
16.0,16.0,4.0,5.0,99.0,97.0,3307.0,13472.0,0,0.940625,1.0,256.0,6400000.0,0.9303571428571427
1.0,16.0,8.0,1.0,1.0,1.0,543.0,32.0,0,0.5015625,0.03125,8192.0,6400000.0,0.5273919092465753
16.0,16.0,4.0,9.0,139.0,142.0,4579.0,20672.0,0,0.940625,4.0,0.015625,6400000.0,0.9409246575342465
1.0,16.0,8.0,1.0,1.0,1.0,543.0,32.0,0,0.5015625,32.0,1024.0,6400000.0,0.5273919092465753
16.0,16.0,4.0,7.0,113.0,112.0,3743.0,15872.0,0,0.940625,0.5,32.0,6400000.0,0.9409246575342465
16.0,16.0,4.0,9.0,139.0,142.0,4579.0,20672.0,0,0.940625,2.0,2.0,6400000.0,0.9409246575342465
1.0,16.0,4.0,1.0,1.0,1.0,63.0,32.0,0,0.5015625,16.0,1024.0,6400000.0,0.5273919092465753
16.0,16.0,4.0,10.0,140.0,142.0,4605.0,20672.0,0,0.940625,2.0,0.00195312,6400000.0,0.9409246575342465
16.0,16.0,8.0,5.0,99.0,97.0,5467.0,13472.0,0,0.940625,16.0,128.0,6400000.0,0.9409246575342465
16.0,16.0,4.0,7.0,114.0,115.0,3778.0,16352.0,0,0.940625,4.0,16.0,6400000.0,0.9409246575342465
16.0,16.0,4.0,8.0,116.0,117.0,3823.0,16672.0,0,0.940625,16.0,0.000976562,6400000.0,0.9409246575342465
16.0,16.0,8.0,22.0,332.0,420.0,14166.0,65152.0,0,0.9640625,0.5,0.015625,6400000.0,0.9644019080234832
16.0,16.0,4.0,5.0,99.0,97.0,3307.0,13472.0,0,0.940625,8.0,128.0,6400000.0,0.9409246575342465
32.0,32.0,1.0,5.0,68.0,64.0,2138.0,6144.0,0,0.9078125,1.0,2.0,6400000.0,0.9033657962328766
16.0,16.0,4.0,9.0,138.0,141.0,4546.0,20512.0,0,0.940625,8.0,0.125,6400000.0,0.9409246575342465
16.0,16.0,8.0,15.0,264.0,389.0,11595.0,60192.0,0,0.9640625,0.03125,8.0,6400000.0,0.961271556996086
1.0,16.0,8.0,1.0,1.0,1.0,543.0,32.0,0,0.5015625,2048.0,0.125,6400000.0,0.5273919092465753
16.0,16.0,4.0,7.0,113.0,112.0,3743.0,15872.0,0,0.940625,32.0,0.0078125,6400000.0,0.9409246575342465
1.0,16.0,4.0,1.0,1.0,1.0,63.0,32.0,0,0.5015625,512.0,0.03125,6400000.0,0.5273919092465753
32.0,32.0,1.0,4.0,67.0,64.0,2127.0,6144.0,0,0.9078125,0.03125,128.0,6400000.0,0.9033657962328766
1.0,32.0,1.0,1.0,1.0,1.0,35.0,32.0,0,0.5015625,0.00390625,512.0,6400000.0,0.5273919092465753
1.0,16.0,8.0,1.0,1.0,1.0,543.0,32.0,0,0.5015625,1024.0,16384.0,6400000.0,0.5273919092465753
16.0,16.0,8.0,8.0,203.0,276.0,9422.0,42112.0,0,0.959375,32.0,1.0,6400000.0,0.9604887781311154
1.0,32.0,1.0,1.0,1.0,1.0,35.0,32.0,0,0.5015625,1.0,2048.0,6400000.0,0.5273919092465753
16.0,16.0,4.0,5.0,99.0,97.0,3307.0,13472.0,0,0.940625,128.0,0.0,6400000.0,0.9409246575342465
1.0,16.0,8.0,1.0,1.0,1.0,543.0,32.0,0,0.5015625,2048.0,128.0,6400000.0,0.5273919092465753
16.0,16.0,8.0,22.0,338.0,426.0,14364.0,66112.0,0,0.9640625,0.0625,0.0625,6400000.0,0.9644019080234832
32.0,32.0,1.0,5.0,68.0,64.0,2138.0,6144.0,0,0.9078125,0.0625,1.0,6400000.0,0.9033657962328766
32.0,32.0,1.0,5.0,68.0,64.0,2138.0,6144.0,0,0.9078125,2.0,0.015625,6400000.0,0.9033657962328766
16.0,16.0,4.0,8.0,116.0,116.0,3822.0,16512.0,0,0.940625,16.0,1.0,6400000.0,0.9409246575342465
32.0,32.0,1.0,5.0,68.0,64.0,2138.0,6144.0,0,0.9078125,0.0625,0.000976562,6400000.0,0.9033657962328766
16.0,16.0,8.0,8.0,215.0,233.0,9763.0,35232.0,0,0.959375,64.0,0.0078125,6400000.0,0.9409246575342465
1.0,16.0,8.0,1.0,1.0,1.0,543.0,32.0,0,0.5015625,4096.0,0.000976562,6400000.0,0.5273919092465753
1.0,16.0,8.0,1.0,1.0,1.0,543.0,32.0,0,0.5015625,64.0,8192.0,6400000.0,0.5273919092465753
1.0,32.0,1.0,1.0,1.0,1.0,35.0,32.0,0,0.5015625,2.0,16384.0,6400000.0,0.5273919092465753
16.0,16.0,4.0,7.0,113.0,111.0,3742.0,15712.0,0,0.940625,32.0,8.0,6400000.0,0.9409246575342465
16.0,16.0,8.0,8.0,169.0,176.0,8234.0,26112.0,0,0.95625,64.0,8.0,6400000.0,0.9409246575342465
1.0,16.0,4.0,1.0,1.0,1.0,63.0,32.0,0,0.5015625,32.0,8192.0,6400000.0,0.5273919092465753
32.0,32.0,1.0,5.0,68.0,64.0,2138.0,6144.0,0,0.9078125,2.0,16.0,6400000.0,0.9033657962328766
16.0,16.0,4.0,5.0,99.0,97.0,3307.0,13472.0,0,0.940625,64.0,64.0,6400000.0,0.9409246575342465
1.0,16.0,4.0,1.0,1.0,1.0,63.0,32.0,0,0.5015625,512.0,32.0,6400000.0,0.5273919092465753
1.0,16.0,4.0,1.0,1.0,1.0,63.0,32.0,0,0.5015625,256.0,4096.0,6400000.0,0.5273919092465753
1.0,16.0,8.0,1.0,1.0,1.0,543.0,32.0,0,0.5015625,4096.0,1024.0,6400000.0,0.5273919092465753
1.0,16.0,8.0,1.0,1.0,1.0,543.0,32.0,0,0.5015625,4096.0,1.0,6400000.0,0.5273919092465753
32.0,32.0,1.0,5.0,68.0,64.0,2138.0,6144.0,0,0.9078125,0.0078125,0.00390625,6400000.0,0.9033657962328766
16.0,16.0,4.0,5.0,99.0,97.0,3307.0,13472.0,0,0.940625,256.0,0.00390625,6400000.0,0.9303571428571427
16.0,16.0,4.0,5.0,99.0,97.0,3307.0,13472.0,0,0.940625,256.0,4.0,6400000.0,0.9303571428571427
16.0,16.0,4.0,6.0,106.0,104.0,3532.0,14592.0,0,0.940625,64.0,0.0625,6400000.0,0.9409246575342465
1.0,16.0,8.0,1.0,1.0,1.0,543.0,32.0,0,0.5015625,8192.0,8.0,6400000.0,0.5273919092465753
16.0,16.0,8.0,12.0,249.0,310.0,11099.0,47552.0,0,0.959375,0.5,16.0,6400000.0,0.961271556996086
1.0,16.0,8.0,1.0,1.0,1.0,543.0,32.0,0,0.5015625,0.5,16384.0,6400000.0,0.5273919092465753
1.0,16.0,8.0,1.0,1.0,1.0,543.0,32.0,0,0.5015625,8192.0,0.0078125,6400000.0,0.5273919092465753
16.0,16.0,4.0,5.0,99.0,97.0,3307.0,13472.0,0,0.940625,128.0,0.5,6400000.0,0.9409246575342465
1.0,16.0,4.0,1.0,1.0,1.0,63.0,32.0,0,0.5015625,512.0,32768.0,6400000.0,0.5273919092465753
1.0,16.0,4.0,1.0,1.0,1.0,63.0,32.0,0,0.5015625,128.0,512.0,6400000.0,0.5273919092465753
1.0,16.0,8.0,1.0,1.0,1.0,543.0,32.0,0,0.5015625,8192.0,8192.0,6400000.0,0.5273919092465753
32.0,32.0,1.0,5.0,68.0,64.0,2138.0,6144.0,0,0.9078125,0.0078125,4.0,6400000.0,0.9033657962328766
16.0,16.0,8.0,5.0,99.0,97.0,5467.0,13472.0,0,0.940625,128.0,64.0,6400000.0,0.9409246575342465
16.0,16.0,8.0,5.0,99.0,97.0,5467.0,13472.0,0,0.940625,128.0,0.0625,6400000.0,0.9409246575342465
16.0,16.0,8.0,22.0,321.0,412.0,13806.0,63872.0,0,0.9640625,1.0,0.125,6400000.0,0.9651854513209394
1.0,16.0,8.0,1.0,1.0,1.0,543.0,32.0,0,0.5015625,16384.0,64.0,6400000.0,0.5273919092465753
1.0,32.0,1.0,1.0,1.0,1.0,35.0,32.0,0,0.5015625,0.0,2048.0,6400000.0,0.5273919092465753
1.0,16.0,8.0,1.0,1.0,1.0,543.0,32.0,0,0.5015625,16384.0,0.0625,6400000.0,0.5273919092465753
32.0,32.0,1.0,5.0,68.0,64.0,2138.0,6144.0,0,0.9078125,4.0,0.125,6400000.0,0.9033657962328766
1.0,16.0,4.0,1.0,1.0,1.0,63.0,32.0,0,0.5015625,2048.0,2048.0,6400000.0,0.5273919092465753
1.0,16.0,4.0,1.0,1.0,1.0,63.0,32.0,0,0.5015625,1024.0,256.0,6400000.0,0.5273919092465753
1.0,16.0,4.0,1.0,1.0,1.0,63.0,32.0,0,0.5015625,2048.0,2.0,6400000.0,0.5273919092465753
1.0,16.0,4.0,1.0,1.0,1.0,63.0,32.0,0,0.5015625,4096.0,0.015625,6400000.0,0.5273919092465753
1.0,16.0,4.0,1.0,1.0,1.0,63.0,32.0,0,0.5015625,1024.0,0.25,6400000.0,0.5273919092465753
16.0,16.0,8.0,5.0,99.0,97.0,5467.0,13472.0,0,0.940625,256.0,0.0,6400000.0,0.9303571428571427
16.0,16.0,8.0,22.0,338.0,426.0,14364.0,66112.0,0,0.9640625,0.125,0.0,6400000.0,0.9644019080234832
32.0,32.0,1.0,5.0,68.0,64.0,2138.0,6144.0,0,0.9078125,0.000976562,0.015625,6400000.0,0.9033657962328766
1.0,16.0,4.0,1.0,1.0,1.0,63.0,32.0,0,0.5015625,16384.0,1.0,6400000.0,0.5273919092465753
1.0,16.0,4.0,1.0,1.0,1.0,63.0,32.0,0,0.5015625,8192.0,128.0,6400000.0,0.5273919092465753
1.0,32.0,1.0,1.0,1.0,1.0,35.0,32.0,0,0.5015625,0.000976562,16384.0,6400000.0,0.5273919092465753
1.0,16.0,4.0,1.0,1.0,1.0,63.0,32.0,0,0.5015625,8192.0,0.125,6400000.0,0.5273919092465753
32.0,32.0,1.0,5.0,68.0,64.0,2138.0,6144.0,0,0.9078125,0.000976562,16.0,6400000.0,0.9033657962328766
1.0,16.0,4.0,1.0,1.0,1.0,63.0,32.0,0,0.5015625,2048.0,0.00195312,6400000.0,0.5273919092465753
1.0,16.0,4.0,1.0,1.0,1.0,63.0,32.0,0,0.5015625,4096.0,16.0,6400000.0,0.5273919092465753
16.0,16.0,8.0,8.0,172.0,187.0,8341.0,27872.0,0,0.959375,0.0625,64.0,6400000.0,0.9409246575342465
1.0,32.0,1.0,1.0,1.0,1.0,35.0,32.0,0,0.5015625,0.0078125,4096.0,6400000.0,0.5273919092465753
1.0,16.0,4.0,1.0,1.0,1.0,63.0,32.0,0,0.5015625,32768.0,0.0078125,6400000.0,0.5273919092465753
16.0,16.0,8.0,20.0,315.0,418.0,13662.0,64832.0,0,0.9625,2.0,0.000976562,6400000.0,0.9651854513209394
16.0,16.0,8.0,5.0,99.0,97.0,5467.0,13472.0,0,0.940625,1.0,128.0,6400000.0,0.9409246575342465
1.0,16.0,4.0,1.0,1.0,1.0,63.0,32.0,0,0.5015625,4096.0,16384.0,6400000.0,0.5273919092465753
16.0,16.0,8.0,16.0,308.0,415.0,13264.0,64352.0,0,0.965625,4.0,0.00390625,6400000.0,0.9636176002935419
1.0,16.0,8.0,1.0,1.0,1.0,543.0,32.0,0,0.5015625,32768.0,0.0,6400000.0,0.5273919092465753
1.0,16.0,8.0,1.0,1.0,1.0,543.0,32.0,0,0.5015625,32768.0,0.5,6400000.0,0.5273919092465753
1.0,16.0,4.0,1.0,1.0,1.0,63.0,32.0,0,0.5015625,32768.0,8.0,6400000.0,0.5273919092465753
1.0,32.0,1.0,1.0,1.0,1.0,35.0,32.0,0,0.5015625,0.0625,1024.0,6400000.0,0.5273919092465753
1.0,16.0,8.0,1.0,1.0,1.0,543.0,32.0,0,0.5015625,32768.0,512.0,6400000.0,0.5273919092465753
1.0,16.0,4.0,1.0,1.0,1.0,63.0,32.0,0,0.5015625,16384.0,1024.0,6400000.0,0.5273919092465753
1.0,16.0,4.0,1.0,1.0,1.0,63.0,32.0,0,0.5015625,16384.0,0.000976562,6400000.0,0.5273919092465753
32.0,32.0,1.0,5.0,68.0,64.0,2138.0,6144.0,0,0.9078125,0.015625,0.03125,6400000.0,0.9033657962328766
1.0,16.0,8.0,1.0,1.0,1.0,543.0,32.0,0,0.5015625,0.125,512.0,6400000.0,0.5273919092465753
1.0,16.0,4.0,1.0,1.0,1.0,63.0,32.0,0,0.5015625,32768.0,8192.0,6400000.0,0.5273919092465753
16.0,16.0,8.0,5.0,99.0,97.0,5467.0,13472.0,0,0.940625,256.0,0.5,6400000.0,0.9303571428571427
32.0,32.0,1.0,4.0,67.0,64.0,2127.0,6144.0,0,0.9078125,4.0,128.0,6400000.0,0.9033657962328766
32.0,32.0,1.0,5.0,68.0,64.0,2138.0,6144.0,0,0.9078125,0.125,0.0078125,6400000.0,0.9033657962328766
32.0,32.0,1.0,5.0,68.0,64.0,2138.0,6144.0,0,0.9078125,0.00195312,0.125,6400000.0,0.9033657962328766
1.0,16.0,8.0,1.0,1.0,1.0,543.0,32.0,0,0.5015625,256.0,512.0,6400000.0,0.5273919092465753
16.0,16.0,8.0,15.0,264.0,389.0,11595.0,60192.0,0,0.9640625,4.0,4.0,6400000.0,0.9620543358610568
1.0,16.0,8.0,1.0,1.0,1.0,543.0,32.0,0,0.5015625,4.0,4096.0,6400000.0,0.5273919092465753
32.0,32.0,1.0,5.0,68.0,64.0,2138.0,6144.0,0,0.9078125,8.0,0.000976562,6400000.0,0.9033657962328766
32.0,32.0,1.0,5.0,68.0,64.0,2138.0,6144.0,0,0.9078125,0.125,8.0,6400000.0,0.9033657962328766
32.0,32.0,1.0,5.0,68.0,64.0,2138.0,6144.0,0,0.9078125,8.0,1.0,6400000.0,0.9033657962328766
1.0,32.0,1.0,1.0,1.0,1.0,35.0,32.0,0,0.5015625,0.015625,32768.0,6400000.0,0.5273919092465753
32.0,32.0,1.0,4.0,67.0,64.0,2127.0,6144.0,0,0.9078125,0.015625,32.0,6400000.0,0.9033657962328766
16.0,16.0,8.0,20.0,315.0,412.0,13656.0,63872.0,0,0.9640625,0.125,0.5,6400000.0,0.9644019080234832
1.0,32.0,1.0,1.0,1.0,1.0,35.0,32.0,0,0.5015625,0.125,8192.0,6400000.0,0.5273919092465753
1.0,32.0,1.0,1.0,1.0,1.0,35.0,32.0,0,0.5015625,8.0,1024.0,6400000.0,0.5273919092465753
16.0,16.0,8.0,24.0,342.0,426.0,14450.0,66112.0,0,0.9640625,0.0,0.0625,6400000.0,0.9644019080234832
16.0,16.0,8.0,26.0,351.0,429.0,14699.0,66592.0,0,0.9640625,0.000976562,0.0,6400000.0,0.9644019080234832
16.0,16.0,8.0,26.0,351.0,429.0,14699.0,66592.0,0,0.9640625,0.00195312,0.00390625,6400000.0,0.9644019080234832
16.0,16.0,8.0,22.0,332.0,420.0,14166.0,65152.0,0,0.9640625,0.25,0.00390625,6400000.0,0.9644019080234832
1.0,16.0,8.0,1.0,1.0,1.0,543.0,32.0,0,0.5015625,0.00195312,4096.0,6400000.0,0.5273919092465753
32.0,32.0,1.0,4.0,67.0,64.0,2127.0,6144.0,0,0.9078125,0.00195312,128.0,6400000.0,0.9033657962328766
1.0,16.0,8.0,1.0,1.0,1.0,543.0,32.0,0,0.5015625,0.000976562,512.0,6400000.0,0.5273919092465753
32.0,32.0,1.0,5.0,68.0,64.0,2138.0,6144.0,0,0.9078125,16.0,0.0078125,6400000.0,0.9033657962328766
16.0,16.0,8.0,22.0,332.0,420.0,14166.0,65152.0,0,0.9640625,0.000976562,0.5,6400000.0,0.9644019080234832
16.0,16.0,8.0,8.0,172.0,187.0,8341.0,27872.0,0,0.959375,0.0,64.0,6400000.0,0.9409246575342465
1.0,16.0,8.0,1.0,1.0,1.0,543.0,32.0,0,0.5015625,0.00390625,32768.0,6400000.0,0.5273919092465753
1.0,16.0,8.0,1.0,1.0,1.0,543.0,32.0,0,0.5015625,0.25,4096.0,6400000.0,0.5273919092465753
16.0,16.0,8.0,16.0,308.0,415.0,13264.0,64352.0,0,0.965625,0.00195312,4.0,6400000.0,0.9636176002935419
32.0,32.0,1.0,5.0,68.0,64.0,2138.0,6144.0,0,0.9078125,0.00390625,0.000976562,6400000.0,0.9033657962328766
32.0,32.0,1.0,5.0,68.0,64.0,2138.0,6144.0,0,0.9078125,16.0,8.0,6400000.0,0.9033657962328766
16.0,16.0,8.0,15.0,264.0,389.0,11595.0,60192.0,0,0.9640625,8.0,0.03125,6400000.0,0.9620543358610568
32.0,32.0,1.0,5.0,68.0,64.0,2138.0,6144.0,0,0.9078125,0.25,0.0625,6400000.0,0.9033657962328766
1.0,32.0,1.0,1.0,1.0,1.0,35.0,32.0,0,0.5015625,16.0,8192.0,6400000.0,0.5273919092465753
16.0,16.0,8.0,8.0,202.0,275.0,9389.0,41952.0,0,0.959375,0.00390625,32.0,6400000.0,0.9600973886986301
32.0,32.0,1.0,4.0,67.0,64.0,2127.0,6144.0,0,0.9078125,32.0,0.0625,6400000.0,0.9033657962328766
32.0,32.0,1.0,4.0,67.0,64.0,2127.0,6144.0,0,0.9078125,32.0,64.0,6400000.0,0.9033657962328766
32.0,32.0,1.0,4.0,67.0,64.0,2127.0,6144.0,0,0.9078125,64.0,0.5,6400000.0,0.9033657962328766
16.0,16.0,8.0,25.0,348.0,428.0,14623.0,66432.0,0,0.9640625,0.00390625,0.03125,6400000.0,0.9644019080234832
32.0,32.0,1.0,4.0,67.0,64.0,2127.0,6144.0,0,0.9078125,64.0,0.0,6400000.0,0.9033657962328766
32.0,32.0,1.0,4.0,67.0,64.0,2127.0,6144.0,0,0.9078125,0.25,64.0,6400000.0,0.9033657962328766
32.0,32.0,1.0,5.0,68.0,64.0,2138.0,6144.0,0,0.9078125,0.0,0.00390625,6400000.0,0.9033657962328766
16.0,16.0,8.0,17.0,325.0,416.0,13788.0,64512.0,0,0.9625,2.0,1.0,6400000.0,0.9616637108610566
16.0,16.0,8.0,25.0,348.0,428.0,14623.0,66432.0,0,0.9640625,0.015625,0.00195312,6400000.0,0.9644019080234832
32.0,32.0,1.0,5.0,68.0,64.0,2138.0,6144.0,0,0.9078125,0.03125,0.25,6400000.0,0.9033657962328766
16.0,16.0,8.0,16.0,308.0,415.0,13264.0,64352.0,0,0.965625,0.25,4.0,6400000.0,0.9620543358610568
32.0,32.0,1.0,4.0,67.0,64.0,2127.0,6144.0,0,0.9078125,128.0,0.00390625,6400000.0,0.9033657962328766
1.0,32.0,1.0,1.0,1.0,1.0,35.0,32.0,0,0.5015625,64.0,512.0,6400000.0,0.5273919092465753
32.0,32.0,1.0,5.0,68.0,64.0,2138.0,6144.0,0,0.9078125,0.5,0.0,6400000.0,0.9033657962328766
32.0,32.0,1.0,4.0,67.0,64.0,2127.0,6144.0,0,0.9078125,128.0,4.0,6400000.0,0.9033657962328766
32.0,32.0,1.0,5.0,68.0,64.0,2138.0,6144.0,0,0.9078125,0.5,0.5,6400000.0,0.9033657962328766
16.0,16.0,8.0,22.0,332.0,420.0,14166.0,65152.0,0,0.9640625,0.0078125,0.25,6400000.0,0.9644019080234832
1.0,32.0,1.0,1.0,1.0,1.0,35.0,32.0,0,0.5015625,0.5,512.0,6400000.0,0.5273919092465753
1.0,16.0,8.0,1.0,1.0,1.0,543.0,32.0,0,0.5015625,0.015625,2048.0,6400000.0,0.5273919092465753
1.0,16.0,8.0,1.0,1.0,1.0,543.0,32.0,0,0.5015625,512.0,4.0,6400000.0,0.5273919092465753
1.0,16.0,8.0,1.0,1.0,1.0,543.0,32.0,0,0.5015625,512.0,0.00390625,6400000.0,0.5273919092465753
1.0,16.0,8.0,1.0,1.0,1.0,543.0,32.0,0,0.5015625,1024.0,0.03125,6400000.0,0.5273919092465753
1.0,32.0,1.0,1.0,1.0,1.0,35.0,32.0,0,0.5015625,128.0,4096.0,6400000.0,0.5273919092465753
16.0,16.0,8.0,5.0,99.0,97.0,5467.0,13472.0,0,0.940625,0.0078125,256.0,6400000.0,0.9303571428571427
32.0,32.0,1.0,4.0,67.0,64.0,2127.0,6144.0,0,0.9078125,256.0,0.03125,6400000.0,0.9033657962328766
16.0,16.0,8.0,8.0,214.0,271.0,9769.0,41312.0,0,0.959375,8.0,32.0,6400000.0,0.9600973886986301
32.0,32.0,1.0,5.0,68.0,64.0,2138.0,6144.0,0,0.9078125,0.0,4.0,6400000.0,0.9033657962328766
1.0,16.0,8.0,1.0,1.0,1.0,543.0,32.0,0,0.5015625,8.0,32768.0,6400000.0,0.5273919092465753
16.0,16.0,8.0,19.0,315.0,420.0,13685.0,65152.0,0,0.9625,0.015625,2.0,6400000.0,0.9651854513209394
16.0,16.0,8.0,24.0,342.0,426.0,14450.0,66112.0,0,0.9640625,0.03125,0.015625,6400000.0,0.9644019080234832
32.0,32.0,1.0,4.0,67.0,64.0,2127.0,6144.0,0,0.9078125,256.0,32.0,6400000.0,0.9033657962328766
1.0,16.0,8.0,1.0,1.0,1.0,543.0,32.0,0,0.5015625,512.0,4096.0,6400000.0,0.5273919092465753
1.0,32.0,1.0,1.0,1.0,1.0,35.0,32.0,0,0.5015625,256.0,32768.0,6400000.0,0.5273919092465753
16.0,16.0,8.0,8.0,203.0,276.0,9422.0,42112.0,0,0.959375,32.0,0.00195312,6400000.0,0.9604887781311154
1.0,16.0,8.0,1.0,1.0,1.0,543.0,32.0,0,0.5015625,1024.0,32.0,6400000.0,0.5273919092465753
32.0,32.0,1.0,5.0,68.0,64.0,2138.0,6144.0,0,0.9078125,0.00390625,1.0,6400000.0,0.9033657962328766
16.0,16.0,8.0,12.0,258.0,320.0,11397.0,49152.0,0,0.959375,16.0,0.25,6400000.0,0.961271556996086
1.0,16.0,8.0,1.0,1.0,1.0,543.0,32.0,0,0.5015625,2.0,1024.0,6400000.0,0.5273919092465753
1.0,32.0,1.0,1.0,1.0,1.0,35.0,32.0,0,0.5015625,512.0,0.25,6400000.0,0.5273919092465753
1.0,32.0,1.0,1.0,1.0,1.0,35.0,32.0,0,0.5015625,512.0,256.0,6400000.0,0.5273919092465753
1.0,16.0,8.0,1.0,1.0,1.0,543.0,32.0,0,0.5015625,0.03125,16384.0,6400000.0,0.5273919092465753
1.0,32.0,1.0,1.0,1.0,1.0,35.0,32.0,0,0.5015625,1024.0,0.00195312,6400000.0,0.5273919092465753
1.0,16.0,8.0,1.0,1.0,1.0,543.0,32.0,0,0.5015625,32.0,2048.0,6400000.0,0.5273919092465753
32.0,32.0,1.0,5.0,68.0,64.0,2138.0,6144.0,0,0.9078125,1.0,0.00390625,6400000.0,0.9033657962328766
1.0,32.0,1.0,1.0,1.0,1.0,35.0,32.0,0,0.5015625,1024.0,2.0,6400000.0,0.5273919092465753
1.0,32.0,1.0,1.0,1.0,1.0,35.0,32.0,0,0.5015625,1024.0,2048.0,6400000.0,0.5273919092465753
1.0,32.0,1.0,1.0,1.0,1.0,35.0,32.0,0,0.5015625,2048.0,0.015625,6400000.0,0.5273919092465753
16.0,16.0,8.0,5.0,98.0,96.0,5434.0,13312.0,0,0.940625,16.0,256.0,6400000.0,0.9088452482876711
1.0,32.0,1.0,1.0,1.0,1.0,35.0,32.0,0,0.5015625,2048.0,16.0,6400000.0,0.5273919092465753
1.0,32.0,1.0,1.0,1.0,1.0,35.0,32.0,0,0.5015625,2048.0,16384.0,6400000.0,0.5273919092465753
1.0,32.0,1.0,1.0,1.0,1.0,35.0,32.0,0,0.5015625,4096.0,0.125,6400000.0,0.5273919092465753
32.0,32.0,1.0,5.0,68.0,64.0,2138.0,6144.0,0,0.9078125,1.0,4.0,6400000.0,0.9033657962328766
16.0,16.0,8.0,22.0,332.0,420.0,14166.0,65152.0,0,0.9640625,0.5,0.03125,6400000.0,0.9644019080234832
1.0,32.0,1.0,1.0,1.0,1.0,35.0,32.0,0,0.5015625,4096.0,128.0,6400000.0,0.5273919092465753
16.0,16.0,8.0,12.0,258.0,319.0,11396.0,48992.0,0,0.9625,0.03125,16.0,6400000.0,0.961271556996086
1.0,32.0,1.0,1.0,1.0,1.0,35.0,32.0,0,0.5015625,8192.0,0.000976562,6400000.0,0.5273919092465753
32.0,32.0,1.0,4.0,67.0,64.0,2127.0,6144.0,0,0.9078125,0.03125,256.0,6400000.0,0.9033657962328766
1.0,32.0,1.0,1.0,1.0,1.0,35.0,32.0,0,0.5015625,8192.0,1024.0,6400000.0,0.5273919092465753
1.0,32.0,1.0,1.0,1.0,1.0,35.0,32.0,0,0.5015625,8192.0,1.0,6400000.0,0.5273919092465753
1.0,16.0,8.0,1.0,1.0,1.0,543.0,32.0,0,0.5015625,1024.0,32768.0,6400000.0,0.5273919092465753
1.0,32.0,1.0,1.0,1.0,1.0,35.0,32.0,0,0.5015625,16384.0,0.0078125,6400000.0,0.5273919092465753
1.0,32.0,1.0,1.0,1.0,1.0,35.0,32.0,0,0.5015625,16384.0,8.0,6400000.0,0.5273919092465753
1.0,32.0,1.0,1.0,1.0,1.0,35.0,32.0,0,0.5015625,1.0,4096.0,6400000.0,0.5273919092465753
1.0,16.0,8.0,1.0,1.0,1.0,543.0,32.0,0,0.5015625,2048.0,0.25,6400000.0,0.5273919092465753
1.0,32.0,1.0,1.0,1.0,1.0,35.0,32.0,0,0.5015625,0.00390625,1024.0,6400000.0,0.5273919092465753
16.0,16.0,8.0,8.0,203.0,276.0,9422.0,42112.0,0,0.959375,32.0,2.0,6400000.0,0.9604887781311154
16.0,16.0,8.0,22.0,338.0,426.0,14364.0,66112.0,0,0.9640625,0.0625,0.125,6400000.0,0.9644019080234832
1.0,16.0,8.0,1.0,1.0,1.0,543.0,32.0,0,0.5015625,2048.0,256.0,6400000.0,0.5273919092465753
1.0,16.0,8.0,1.0,1.0,1.0,543.0,32.0,0,0.5015625,4096.0,0.00195312,6400000.0,0.5273919092465753
32.0,32.0,1.0,5.0,68.0,64.0,2138.0,6144.0,0,0.9078125,2.0,0.03125,6400000.0,0.9033657962328766
32.0,32.0,1.0,5.0,68.0,64.0,2138.0,6144.0,0,0.9078125,0.0625,0.00195312,6400000.0,0.9033657962328766
32.0,32.0,1.0,5.0,68.0,64.0,2138.0,6144.0,0,0.9078125,0.0625,2.0,6400000.0,0.9033657962328766
1.0,16.0,8.0,1.0,1.0,1.0,543.0,32.0,0,0.5015625,64.0,16384.0,6400000.0,0.5273919092465753
16.0,16.0,8.0,8.0,215.0,233.0,9763.0,35232.0,0,0.959375,64.0,0.015625,6400000.0,0.9409246575342465
1.0,32.0,1.0,1.0,1.0,1.0,35.0,32.0,0,0.5015625,32768.0,0.0625,6400000.0,0.5273919092465753
32.0,32.0,1.0,4.0,67.0,64.0,2127.0,6144.0,0,0.9078125,2.0,32.0,6400000.0,0.9033657962328766
1.0,32.0,1.0,1.0,1.0,1.0,35.0,32.0,0,0.5015625,16384.0,8192.0,6400000.0,0.5273919092465753
1.0,32.0,1.0,1.0,1.0,1.0,35.0,32.0,0,0.5015625,2.0,32768.0,6400000.0,0.5273919092465753
1.0,32.0,1.0,1.0,1.0,1.0,35.0,32.0,0,0.5015625,32768.0,64.0,6400000.0,0.5273919092465753
32.0,32.0,2.0,12.0,136.0,127.0,4287.0,16224.0,0,0.940625,0.0,0.0,6400000.0,0.9409246575342465
16.0,16.0,8.0,8.0,136.0,135.0,6881.0,19552.0,0,0.940625,64.0,16.0,6400000.0,0.9409246575342465
1.0,32.0,2.0,1.0,1.0,1.0,39.0,32.0,0,0.5015625,0.0,512.0,6400000.0,0.5273919092465753
1.0,16.0,8.0,1.0,1.0,1.0,543.0,32.0,0,0.5015625,4096.0,2048.0,6400000.0,0.5273919092465753
1.0,16.0,8.0,1.0,1.0,1.0,543.0,32.0,0,0.5015625,4096.0,2.0,6400000.0,0.5273919092465753
32.0,32.0,2.0,9.0,133.0,125.0,4249.0,15904.0,0,0.940625,0.0,0.5,6400000.0,0.9409246575342465
32.0,32.0,1.0,5.0,68.0,64.0,2138.0,6144.0,0,0.9078125,0.0078125,0.0078125,6400000.0,0.9033657962328766
32.0,32.0,2.0,10.0,134.0,125.0,4263.0,15904.0,0,0.940625,0.000976562,0.00390625,6400000.0,0.9409246575342465
32.0,32.0,2.0,9.0,133.0,125.0,4249.0,15904.0,0,0.940625,0.000976562,4.0,6400000.0,0.9409246575342465
16.0,16.0,8.0,8.0,202.0,275.0,9389.0,41952.0,0,0.959375,0.5,32.0,6400000.0,0.9600973886986301
1.0,16.0,8.0,1.0,1.0,1.0,543.0,32.0,0,0.5015625,0.5,32768.0,6400000.0,0.5273919092465753
1.0,32.0,2.0,1.0,1.0,1.0,39.0,32.0,0,0.5015625,0.000976562,4096.0,6400000.0,0.5273919092465753
1.0,16.0,8.0,1.0,1.0,1.0,543.0,32.0,0,0.5015625,8192.0,16.0,6400000.0,0.5273919092465753
1.0,16.0,8.0,1.0,1.0,1.0,543.0,32.0,0,0.5015625,8192.0,0.015625,6400000.0,0.5273919092465753
32.0,32.0,2.0,10.0,134.0,125.0,4263.0,15904.0,0,0.940625,0.00195312,0.03125,6400000.0,0.9409246575342465
32.0,32.0,2.0,5.0,122.0,118.0,3940.0,14784.0,0,0.940625,0.00195312,32.0,6400000.0,0.9409246575342465
1.0,16.0,8.0,1.0,1.0,1.0,543.0,32.0,0,0.5015625,8192.0,16384.0,6400000.0,0.5273919092465753
16.0,16.0,8.0,5.0,99.0,97.0,5467.0,13472.0,0,0.940625,128.0,128.0,6400000.0,0.9303571428571427
32.0,32.0,1.0,5.0,68.0,64.0,2138.0,6144.0,0,0.9078125,0.0078125,8.0,6400000.0,0.9033657962328766
1.0,32.0,1.0,1.0,1.0,1.0,35.0,32.0,0,0.5015625,0.0,4096.0,6400000.0,0.5273919092465753
16.0,16.0,8.0,5.0,99.0,97.0,5467.0,13472.0,0,0.940625,128.0,0.125,6400000.0,0.9409246575342465
1.0,16.0,8.0,1.0,1.0,1.0,543.0,32.0,0,0.5015625,16384.0,128.0,6400000.0,0.5273919092465753
16.0,16.0,8.0,22.0,321.0,412.0,13806.0,63872.0,0,0.9640625,1.0,0.25,6400000.0,0.9651854513209394
1.0,16.0,8.0,1.0,1.0,1.0,543.0,32.0,0,0.5015625,16384.0,0.125,6400000.0,0.5273919092465753
32.0,32.0,2.0,10.0,134.0,125.0,4263.0,15904.0,0,0.940625,0.00390625,0.25,6400000.0,0.9409246575342465
1.0,32.0,2.0,1.0,1.0,1.0,39.0,32.0,0,0.5015625,0.00195312,32768.0,6400000.0,0.5273919092465753
32.0,32.0,1.0,5.0,68.0,64.0,2138.0,6144.0,0,0.9078125,4.0,0.25,6400000.0,0.9033657962328766
32.0,32.0,2.0,5.0,120.0,116.0,3874.0,14464.0,0,0.940625,0.00390625,256.0,6400000.0,0.9033657962328766
32.0,32.0,2.0,10.0,134.0,125.0,4263.0,15904.0,0,0.940625,0.0078125,0.00195312,6400000.0,0.9409246575342465
32.0,32.0,2.0,9.0,133.0,125.0,4249.0,15904.0,0,0.940625,0.0078125,2.0,6400000.0,0.9409246575342465
1.0,32.0,2.0,1.0,1.0,1.0,39.0,32.0,0,0.5015625,0.0078125,2048.0,6400000.0,0.5273919092465753
16.0,16.0,8.0,5.0,99.0,97.0,5467.0,13472.0,0,0.940625,256.0,0.000976562,6400000.0,0.9303571428571427
16.0,16.0,8.0,22.0,338.0,426.0,14364.0,66112.0,0,0.9640625,0.125,0.000976562,6400000.0,0.9644019080234832
32.0,32.0,2.0,10.0,134.0,125.0,4263.0,15904.0,0,0.940625,0.015625,0.015625,6400000.0,0.9409246575342465
1.0,32.0,1.0,1.0,1.0,1.0,35.0,32.0,0,0.5015625,0.000976562,32768.0,6400000.0,0.5273919092465753
32.0,32.0,2.0,7.0,126.0,120.0,4031.0,15104.0,0,0.940625,0.015625,16.0,6400000.0,0.9409246575342465
32.0,32.0,1.0,4.0,67.0,64.0,2127.0,6144.0,0,0.9078125,0.000976562,32.0,6400000.0,0.9033657962328766
1.0,32.0,1.0,1.0,1.0,1.0,35.0,32.0,0,0.5015625,0.0078125,8192.0,6400000.0,0.5273919092465753
32.0,32.0,1.0,5.0,68.0,64.0,2138.0,6144.0,0,0.9078125,0.000976562,0.03125,6400000.0,0.9033657962328766
1.0,32.0,2.0,1.0,1.0,1.0,39.0,32.0,0,0.5015625,0.015625,16384.0,6400000.0,0.5273919092465753
32.0,32.0,2.0,5.0,121.0,117.0,3907.0,14624.0,0,0.940625,0.03125,128.0,6400000.0,0.9409246575342465
32.0,32.0,2.0,10.0,134.0,125.0,4263.0,15904.0,0,0.940625,0.0625,0.000976562,6400000.0,0.9409246575342465
32.0,32.0,2.0,10.0,134.0,125.0,4263.0,15904.0,0,0.940625,0.03125,0.125,6400000.0,0.9409246575342465
16.0,16.0,8.0,5.0,99.0,97.0,5467.0,13472.0,0,0.940625,0.0625,128.0,6400000.0,0.9409246575342465
1.0,16.0,8.0,1.0,1.0,1.0,543.0,32.0,0,0.5015625,32768.0,1024.0,6400000.0,0.5273919092465753
16.0,16.0,8.0,5.0,99.0,97.0,5467.0,13472.0,0,0.940625,1.0,256.0,6400000.0,0.9303571428571427
16.0,16.0,8.0,16.0,308.0,415.0,13264.0,64352.0,0,0.965625,4.0,0.0078125,6400000.0,0.9636176002935419
1.0,16.0,8.0,1.0,1.0,1.0,543.0,32.0,0,0.5015625,32768.0,0.000976562,6400000.0,0.5273919092465753
1.0,16.0,8.0,1.0,1.0,1.0,543.0,32.0,0,0.5015625,32768.0,1.0,6400000.0,0.5273919092465753
16.0,16.0,8.0,20.0,315.0,418.0,13662.0,64832.0,0,0.9625,2.0,0.00195312,6400000.0,0.9651854513209394
1.0,16.0,8.0,1.0,1.0,1.0,543.0,32.0,0,0.5015625,0.125,1024.0,6400000.0,0.5273919092465753
32.0,32.0,2.0,9.0,133.0,125.0,4249.0,15904.0,0,0.940625,0.0625,1.0,6400000.0,0.9409246575342465
32.0,32.0,2.0,7.0,130.0,124.0,4163.0,15744.0,0,0.940625,0.125,8.0,6400000.0,0.9409246575342465
1.0,32.0,1.0,1.0,1.0,1.0,35.0,32.0,0,0.5015625,0.0625,2048.0,6400000.0,0.5273919092465753
1.0,32.0,2.0,1.0,1.0,1.0,39.0,32.0,0,0.5015625,0.0625,1024.0,6400000.0,0.5273919092465753
32.0,32.0,2.0,10.0,134.0,125.0,4263.0,15904.0,0,0.940625,0.125,0.0078125,6400000.0,0.9409246575342465
32.0,32.0,1.0,5.0,68.0,64.0,2138.0,6144.0,0,0.9078125,0.015625,0.0625,6400000.0,0.9033657962328766
16.0,16.0,8.0,5.0,99.0,97.0,5467.0,13472.0,0,0.940625,256.0,1.0,6400000.0,0.9303571428571427
1.0,16.0,8.0,1.0,1.0,1.0,543.0,32.0,0,0.5015625,256.0,1024.0,6400000.0,0.5273919092465753
32.0,32.0,1.0,5.0,68.0,64.0,2138.0,6144.0,0,0.9078125,0.00195312,0.25,6400000.0,0.9033657962328766
32.0,32.0,1.0,5.0,68.0,64.0,2138.0,6144.0,0,0.9078125,0.125,0.015625,6400000.0,0.9033657962328766
1.0,16.0,8.0,1.0,1.0,1.0,543.0,32.0,0,0.5015625,4.0,8192.0,6400000.0,0.5273919092465753
32.0,32.0,1.0,4.0,67.0,64.0,2127.0,6144.0,0,0.9078125,4.0,256.0,6400000.0,0.9033657962328766
32.0,32.0,1.0,5.0,68.0,64.0,2138.0,6144.0,0,0.9078125,0.125,16.0,6400000.0,0.9033657962328766
32.0,32.0,1.0,5.0,68.0,64.0,2138.0,6144.0,0,0.9078125,8.0,0.00195312,6400000.0,0.9033657962328766
16.0,16.0,8.0,13.0,363.0,419.0,15091.0,64992.0,0,0.9625,4.0,8.0,6400000.0,0.9608801675636007
32.0,32.0,1.0,5.0,68.0,64.0,2138.0,6144.0,0,0.9078125,0.03125,0.0,6400000.0,0.9033657962328766
1.0,32.0,1.0,1.0,1.0,1.0,35.0,32.0,0,0.5015625,8.0,2048.0,6400000.0,0.5273919092465753
1.0,32.0,1.0,1.0,1.0,1.0,35.0,32.0,0,0.5015625,0.125,16384.0,6400000.0,0.5273919092465753
32.0,32.0,1.0,5.0,68.0,64.0,2138.0,6144.0,0,0.9078125,8.0,2.0,6400000.0,0.9033657962328766
32.0,32.0,1.0,4.0,67.0,64.0,2127.0,6144.0,0,0.9078125,0.015625,64.0,6400000.0,0.9033657962328766
16.0,16.0,8.0,22.0,321.0,412.0,13806.0,63872.0,0,0.9640625,0.125,1.0,6400000.0,0.9651854513209394
32.0,32.0,2.0,9.0,133.0,125.0,4249.0,15904.0,0,0.940625,0.25,0.0625,6400000.0,0.9409246575342465
1.0,32.0,2.0,1.0,1.0,1.0,39.0,32.0,0,0.5015625,0.125,8192.0,6400000.0,0.5273919092465753
32.0,32.0,1.0,4.0,67.0,64.0,2127.0,6144.0,0,0.9078125,0.00195312,256.0,6400000.0,0.9033657962328766
32.0,32.0,2.0,9.0,133.0,125.0,4249.0,15904.0,0,0.940625,0.5,0.0,6400000.0,0.9409246575342465
32.0,32.0,2.0,5.0,122.0,118.0,3940.0,14784.0,0,0.940625,0.25,64.0,6400000.0,0.9409246575342465
16.0,16.0,8.0,22.0,332.0,420.0,14166.0,65152.0,0,0.9640625,0.25,0.0078125,6400000.0,0.9644019080234832
32.0,32.0,1.0,5.0,68.0,64.0,2138.0,6144.0,0,0.9078125,16.0,0.015625,6400000.0,0.9033657962328766
32.0,32.0,2.0,9.0,133.0,125.0,4249.0,15904.0,0,0.940625,0.5,0.5,6400000.0,0.9409246575342465
1.0,32.0,2.0,1.0,1.0,1.0,39.0,32.0,0,0.5015625,0.5,512.0,6400000.0,0.5273919092465753
32.0,32.0,2.0,9.0,133.0,125.0,4249.0,15904.0,0,0.940625,1.0,0.00390625,6400000.0,0.9409246575342465
1.0,16.0,8.0,1.0,1.0,1.0,543.0,32.0,0,0.5015625,0.25,8192.0,6400000.0,0.5273919092465753
32.0,32.0,2.0,9.0,133.0,125.0,4249.0,15904.0,0,0.940625,1.0,4.0,6400000.0,0.9409246575342465
1.0,32.0,2.0,1.0,1.0,1.0,39.0,32.0,0,0.5015625,1.0,4096.0,6400000.0,0.5273919092465753
32.0,32.0,1.0,4.0,67.0,64.0,2127.0,6144.0,0,0.9078125,16.0,16.0,6400000.0,0.9033657962328766
32.0,32.0,1.0,4.0,67.0,64.0,2127.0,6144.0,0,0.9078125,32.0,0.125,6400000.0,0.9033657962328766
1.0,32.0,1.0,1.0,1.0,1.0,35.0,32.0,0,0.5015625,16.0,16384.0,6400000.0,0.5273919092465753
32.0,32.0,2.0,9.0,133.0,125.0,4249.0,15904.0,0,0.940625,2.0,0.03125,6400000.0,0.9409246575342465
16.0,16.0,8.0,15.0,264.0,389.0,11595.0,60192.0,0,0.9640625,8.0,0.0625,6400000.0,0.9620543358610568
32.0,32.0,1.0,5.0,68.0,64.0,2138.0,6144.0,0,0.9078125,0.00390625,0.00195312,6400000.0,0.9033657962328766
32.0,32.0,1.0,4.0,67.0,64.0,2127.0,6144.0,0,0.9078125,64.0,1.0,6400000.0,0.9033657962328766
32.0,32.0,2.0,5.0,122.0,118.0,3940.0,14784.0,0,0.940625,2.0,32.0,6400000.0,0.9409246575342465
32.0,32.0,1.0,4.0,67.0,64.0,2127.0,6144.0,0,0.9078125,64.0,0.000976562,6400000.0,0.9033657962328766
1.0,32.0,2.0,1.0,1.0,1.0,39.0,32.0,0,0.5015625,2.0,32768.0,6400000.0,0.5273919092465753
32.0,32.0,1.0,5.0,68.0,64.0,2138.0,6144.0,0,0.9078125,0.25,0.125,6400000.0,0.9033657962328766
32.0,32.0,1.0,4.0,67.0,64.0,2127.0,6144.0,0,0.9078125,0.25,128.0,6400000.0,0.9033657962328766
32.0,32.0,1.0,5.0,68.0,64.0,2138.0,6144.0,0,0.9078125,0.03125,0.5,6400000.0,0.9033657962328766
32.0,32.0,2.0,9.0,133.0,125.0,4249.0,15904.0,0,0.940625,4.0,0.25,6400000.0,0.9409246575342465
32.0,32.0,1.0,5.0,68.0,64.0,2138.0,6144.0,0,0.9078125,0.5,0.000976562,6400000.0,0.9033657962328766
32.0,32.0,1.0,4.0,67.0,64.0,2127.0,6144.0,0,0.9078125,128.0,0.0078125,6400000.0,0.9033657962328766
32.0,32.0,1.0,5.0,68.0,64.0,2138.0,6144.0,0,0.9078125,0.0,0.0078125,6400000.0,0.9033657962328766
32.0,32.0,1.0,4.0,67.0,64.0,2127.0,6144.0,0,0.9078125,32.0,128.0,6400000.0,0.9033657962328766
16.0,16.0,8.0,15.0,264.0,389.0,11595.0,60192.0,0,0.9640625,0.25,8.0,6400000.0,0.961271556996086
16.0,16.0,8.0,16.0,308.0,415.0,13264.0,64352.0,0,0.965625,2.0,2.0,6400000.0,0.9636176002935419
1.0,32.0,1.0,1.0,1.0,1.0,35.0,32.0,0,0.5015625,0.5,1024.0,6400000.0,0.5273919092465753
32.0,32.0,1.0,4.0,67.0,64.0,2127.0,6144.0,0,0.9078125,128.0,8.0,6400000.0,0.9033657962328766
1.0,32.0,1.0,1.0,1.0,1.0,35.0,32.0,0,0.5015625,64.0,1024.0,6400000.0,0.5273919092465753
32.0,32.0,2.0,5.0,120.0,116.0,3874.0,14464.0,0,0.940625,4.0,256.0,6400000.0,0.9033657962328766
32.0,32.0,1.0,5.0,68.0,64.0,2138.0,6144.0,0,0.9078125,0.5,1.0,6400000.0,0.9033657962328766
1.0,16.0,8.0,1.0,1.0,1.0,543.0,32.0,0,0.5015625,512.0,8.0,6400000.0,0.5273919092465753
1.0,16.0,8.0,1.0,1.0,1.0,543.0,32.0,0,0.5015625,512.0,0.0078125,6400000.0,0.5273919092465753
1.0,16.0,8.0,1.0,1.0,1.0,543.0,32.0,0,0.5015625,1024.0,0.0625,6400000.0,0.5273919092465753
32.0,32.0,2.0,7.0,130.0,124.0,4163.0,15744.0,0,0.940625,8.0,0.00195312,6400000.0,0.9409246575342465
1.0,32.0,1.0,1.0,1.0,1.0,35.0,32.0,0,0.5015625,128.0,8192.0,6400000.0,0.5273919092465753
32.0,32.0,1.0,4.0,67.0,64.0,2127.0,6144.0,0,0.9078125,256.0,0.0625,6400000.0,0.9033657962328766
16.0,16.0,8.0,12.0,259.0,320.0,11429.0,49152.0,0,0.959375,16.0,0.0,6400000.0,0.961271556996086
1.0,16.0,8.0,1.0,1.0,1.0,543.0,32.0,0,0.5015625,512.0,8192.0,6400000.0,0.5273919092465753
16.0,16.0,8.0,8.0,148.0,153.0,7539.0,22432.0,0,0.940625,8.0,64.0,6400000.0,0.9409246575342465
32.0,32.0,1.0,5.0,68.0,64.0,2138.0,6144.0,0,0.9078125,0.0,8.0,6400000.0,0.9033657962328766
32.0,32.0,1.0,4.0,67.0,64.0,2127.0,6144.0,0,0.9078125,256.0,64.0,6400000.0,0.7707512842465754
1.0,32.0,2.0,1.0,1.0,1.0,39.0,32.0,0,0.5015625,8.0,2048.0,6400000.0,0.5273919092465753
1.0,16.0,8.0,1.0,1.0,1.0,543.0,32.0,0,0.5015625,1024.0,64.0,6400000.0,0.5273919092465753
32.0,32.0,2.0,8.0,128.0,121.0,4106.0,15264.0,0,0.940625,8.0,2.0,6400000.0,0.9409246575342465
1.0,32.0,1.0,1.0,1.0,1.0,35.0,32.0,0,0.5015625,512.0,0.0,6400000.0,0.5273919092465753
16.0,16.0,8.0,8.0,203.0,276.0,9422.0,42112.0,0,0.959375,32.0,0.00390625,6400000.0,0.9604887781311154
32.0,32.0,1.0,5.0,68.0,64.0,2138.0,6144.0,0,0.9078125,0.00390625,2.0,6400000.0,0.9033657962328766
32.0,32.0,1.0,5.0,68.0,64.0,2138.0,6144.0,0,0.9078125,1.0,0.0078125,6400000.0,0.9033657962328766
1.0,32.0,1.0,1.0,1.0,1.0,35.0,32.0,0,0.5015625,512.0,0.5,6400000.0,0.5273919092465753
1.0,32.0,1.0,1.0,1.0,1.0,35.0,32.0,0,0.5015625,512.0,512.0,6400000.0,0.5273919092465753
16.0,16.0,8.0,12.0,250.0,311.0,11132.0,47712.0,0,0.959375,16.0,0.5,6400000.0,0.961271556996086
32.0,32.0,2.0,7.0,126.0,120.0,4031.0,15104.0,0,0.940625,16.0,0.015625,6400000.0,0.9409246575342465
1.0,16.0,8.0,1.0,1.0,1.0,543.0,32.0,0,0.5015625,2.0,2048.0,6400000.0,0.5273919092465753
1.0,32.0,1.0,1.0,1.0,1.0,35.0,32.0,0,0.5015625,1024.0,4096.0,6400000.0,0.5273919092465753
1.0,32.0,1.0,1.0,1.0,1.0,35.0,32.0,0,0.5015625,1024.0,0.00390625,6400000.0,0.5273919092465753
32.0,32.0,1.0,5.0,68.0,64.0,2138.0,6144.0,0,0.9078125,1.0,8.0,6400000.0,0.9033657962328766
1.0,32.0,1.0,1.0,1.0,1.0,35.0,32.0,0,0.5015625,1024.0,4.0,6400000.0,0.5273919092465753
1.0,16.0,8.0,1.0,1.0,1.0,543.0,32.0,0,0.5015625,32.0,4096.0,6400000.0,0.5273919092465753
1.0,32.0,1.0,1.0,1.0,1.0,35.0,32.0,0,0.5015625,2048.0,0.03125,6400000.0,0.5273919092465753
1.0,32.0,1.0,1.0,1.0,1.0,35.0,32.0,0,0.5015625,4096.0,0.25,6400000.0,0.5273919092465753
1.0,16.0,8.0,1.0,1.0,1.0,543.0,32.0,0,0.5015625,16.0,512.0,6400000.0,0.5273919092465753
1.0,32.0,1.0,1.0,1.0,1.0,35.0,32.0,0,0.5015625,2048.0,32.0,6400000.0,0.5273919092465753
1.0,32.0,1.0,1.0,1.0,1.0,35.0,32.0,0,0.5015625,2048.0,32768.0,6400000.0,0.5273919092465753
16.0,16.0,8.0,22.0,332.0,420.0,14166.0,65152.0,0,0.9640625,0.5,0.0625,6400000.0,0.9644019080234832
32.0,32.0,2.0,5.0,122.0,118.0,3940.0,14784.0,0,0.940625,16.0,16.0,6400000.0,0.9409246575342465
1.0,32.0,1.0,1.0,1.0,1.0,35.0,32.0,0,0.5015625,4096.0,256.0,6400000.0,0.5273919092465753
1.0,32.0,1.0,1.0,1.0,1.0,35.0,32.0,0,0.5015625,0.03125,512.0,6400000.0,0.5273919092465753
1.0,32.0,1.0,1.0,1.0,1.0,35.0,32.0,0,0.5015625,8192.0,0.00195312,6400000.0,0.5273919092465753
1.0,32.0,1.0,1.0,1.0,1.0,35.0,32.0,0,0.5015625,8192.0,2.0,6400000.0,0.5273919092465753
1.0,16.0,8.0,1.0,1.0,1.0,543.0,32.0,0,0.5015625,2048.0,0.0,6400000.0,0.5273919092465753
1.0,32.0,1.0,1.0,1.0,1.0,35.0,32.0,0,0.5015625,1.0,8192.0,6400000.0,0.5273919092465753
1.0,32.0,1.0,1.0,1.0,1.0,35.0,32.0,0,0.5015625,0.00390625,2048.0,6400000.0,0.5273919092465753
1.0,16.0,8.0,1.0,1.0,1.0,543.0,32.0,0,0.5015625,2048.0,0.5,6400000.0,0.5273919092465753
1.0,32.0,1.0,1.0,1.0,1.0,35.0,32.0,0,0.5015625,16384.0,0.015625,6400000.0,0.5273919092465753
1.0,32.0,1.0,1.0,1.0,1.0,35.0,32.0,0,0.5015625,16384.0,16.0,6400000.0,0.5273919092465753
1.0,32.0,1.0,1.0,1.0,1.0,35.0,32.0,0,0.5015625,8192.0,2048.0,6400000.0,0.5273919092465753
1.0,32.0,2.0,1.0,1.0,1.0,39.0,32.0,0,0.5015625,16.0,16384.0,6400000.0,0.5273919092465753
1.0,16.0,8.0,1.0,1.0,1.0,543.0,32.0,0,0.5015625,4096.0,0.00390625,6400000.0,0.5273919092465753
16.0,16.0,8.0,8.0,203.0,276.0,9422.0,42112.0,0,0.959375,32.0,4.0,6400000.0,0.9604887781311154
1.0,16.0,8.0,1.0,1.0,1.0,543.0,32.0,0,0.5015625,64.0,32768.0,6400000.0,0.5273919092465753
32.0,32.0,1.0,5.0,68.0,64.0,2138.0,6144.0,0,0.9078125,0.0625,0.00390625,6400000.0,0.9033657962328766
1.0,16.0,8.0,1.0,1.0,1.0,543.0,32.0,0,0.5015625,2048.0,512.0,6400000.0,0.5273919092465753
16.0,16.0,8.0,8.0,215.0,233.0,9763.0,35232.0,0,0.959375,64.0,0.03125,6400000.0,0.9409246575342465
32.0,32.0,1.0,4.0,67.0,64.0,2127.0,6144.0,0,0.9078125,2.0,64.0,6400000.0,0.9033657962328766
1.0,32.0,1.0,1.0,1.0,1.0,35.0,32.0,0,0.5015625,32768.0,128.0,6400000.0,0.5273919092465753
32.0,32.0,1.0,5.0,68.0,64.0,2138.0,6144.0,0,0.9078125,0.0625,4.0,6400000.0,0.9033657962328766
32.0,32.0,1.0,5.0,68.0,64.0,2138.0,6144.0,0,0.9078125,4.0,0.0,6400000.0,0.9033657962328766
1.0,32.0,1.0,1.0,1.0,1.0,35.0,32.0,0,0.5015625,32768.0,0.125,6400000.0,0.5273919092465753
32.0,32.0,1.0,5.0,68.0,64.0,2138.0,6144.0,0,0.9078125,2.0,0.0625,6400000.0,0.9033657962328766
1.0,32.0,2.0,1.0,1.0,1.0,39.0,32.0,0,0.5015625,0.0,1024.0,6400000.0,0.5273919092465753
1.0,32.0,1.0,1.0,1.0,1.0,35.0,32.0,0,0.5015625,16384.0,16384.0,6400000.0,0.5273919092465753
32.0,32.0,2.0,10.0,134.0,125.0,4263.0,15904.0,0,0.940625,0.0,0.000976562,6400000.0,0.9409246575342465
1.0,16.0,8.0,1.0,1.0,1.0,543.0,32.0,0,0.5015625,4096.0,4096.0,6400000.0,0.5273919092465753
16.0,16.0,8.0,5.0,99.0,97.0,5467.0,13472.0,0,0.940625,64.0,32.0,6400000.0,0.9409246575342465
32.0,32.0,2.0,9.0,133.0,125.0,4249.0,15904.0,0,0.940625,0.0,1.0,6400000.0,0.9409246575342465
16.0,16.0,8.0,22.0,321.0,412.0,13806.0,63872.0,0,0.9640625,1.0,0.0,6400000.0,0.9651854513209394
32.0,32.0,1.0,5.0,68.0,64.0,2138.0,6144.0,0,0.9078125,0.0078125,0.015625,6400000.0,0.9033657962328766
1.0,16.0,8.0,1.0,1.0,1.0,543.0,32.0,0,0.5015625,8192.0,32.0,6400000.0,0.5273919092465753
1.0,16.0,8.0,1.0,1.0,1.0,543.0,32.0,0,0.5015625,4096.0,4.0,6400000.0,0.5273919092465753
1.0,16.0,8.0,1.0,1.0,1.0,543.0,32.0,0,0.5015625,8192.0,0.03125,6400000.0,0.5273919092465753
1.0,32.0,2.0,1.0,1.0,1.0,39.0,32.0,0,0.5015625,0.000976562,8192.0,6400000.0,0.5273919092465753
16.0,16.0,8.0,8.0,168.0,181.0,8207.0,26912.0,0,0.959375,0.5,64.0,6400000.0,0.9409246575342465
32.0,32.0,2.0,7.0,130.0,124.0,4163.0,15744.0,0,0.940625,0.000976562,8.0,6400000.0,0.9409246575342465
1.0,16.0,8.0,1.0,1.0,1.0,543.0,32.0,0,0.5015625,8192.0,32768.0,6400000.0,0.5273919092465753
32.0,32.0,2.0,10.0,134.0,125.0,4263.0,15904.0,0,0.940625,0.000976562,0.0078125,6400000.0,0.9409246575342465
32.0,32.0,2.0,10.0,134.0,125.0,4263.0,15904.0,0,0.940625,0.00195312,0.0625,6400000.0,0.9409246575342465
32.0,32.0,2.0,5.0,122.0,118.0,3940.0,14784.0,0,0.940625,0.00195312,64.0,6400000.0,0.9409246575342465
32.0,32.0,1.0,5.0,68.0,64.0,2138.0,6144.0,0,0.9078125,0.0078125,16.0,6400000.0,0.9033657962328766
16.0,16.0,8.0,4.0,82.0,81.0,4928.0,10912.0,0,0.9078125,128.0,256.0,6400000.0,0.9033657962328766
1.0,16.0,8.0,1.0,1.0,1.0,543.0,32.0,0,0.5015625,16384.0,256.0,6400000.0,0.5273919092465753
32.0,32.0,2.0,9.0,133.0,125.0,4249.0,15904.0,0,0.940625,0.00390625,0.5,6400000.0,0.9409246575342465
16.0,16.0,8.0,5.0,99.0,97.0,5467.0,13472.0,0,0.940625,128.0,0.25,6400000.0,0.9409246575342465
1.0,16.0,8.0,1.0,1.0,1.0,543.0,32.0,0,0.5015625,16384.0,0.25,6400000.0,0.5273919092465753
1.0,32.0,1.0,1.0,1.0,1.0,35.0,32.0,0,0.5015625,0.0,8192.0,6400000.0,0.5273919092465753
32.0,32.0,2.0,10.0,134.0,125.0,4263.0,15904.0,0,0.940625,0.00390625,0.0,6400000.0,0.9409246575342465
16.0,16.0,8.0,20.0,315.0,418.0,13662.0,64832.0,0,0.9625,1.0,0.5,6400000.0,0.9651854513209394
1.0,32.0,2.0,1.0,1.0,1.0,39.0,32.0,0,0.5015625,0.00390625,512.0,6400000.0,0.5273919092465753
32.0,32.0,1.0,5.0,68.0,64.0,2138.0,6144.0,0,0.9078125,4.0,0.5,6400000.0,0.9033657962328766
1.0,32.0,2.0,1.0,1.0,1.0,39.0,32.0,0,0.5015625,0.0078125,4096.0,6400000.0,0.5273919092465753
32.0,32.0,2.0,10.0,134.0,125.0,4263.0,15904.0,0,0.940625,0.0078125,0.00390625,6400000.0,0.9409246575342465
16.0,16.0,8.0,5.0,99.0,97.0,5467.0,13472.0,0,0.940625,256.0,0.00195312,6400000.0,0.9303571428571427
32.0,32.0,1.0,5.0,68.0,64.0,2138.0,6144.0,0,0.9078125,0.00195312,0.0,6400000.0,0.9033657962328766
32.0,32.0,2.0,10.0,134.0,125.0,4263.0,15904.0,0,0.940625,0.015625,0.03125,6400000.0,0.9409246575342465
1.0,32.0,1.0,1.0,1.0,1.0,35.0,32.0,0,0.5015625,0.0078125,16384.0,6400000.0,0.5273919092465753
32.0,32.0,2.0,5.0,122.0,118.0,3940.0,14784.0,0,0.940625,32.0,0.125,6400000.0,0.9409246575342465
32.0,32.0,2.0,9.0,133.0,125.0,4249.0,15904.0,0,0.940625,0.0078125,4.0,6400000.0,0.9409246575342465
32.0,32.0,2.0,5.0,122.0,118.0,3940.0,14784.0,0,0.940625,0.015625,32.0,6400000.0,0.9409246575342465
32.0,32.0,1.0,4.0,67.0,64.0,2127.0,6144.0,0,0.9078125,0.000976562,64.0,6400000.0,0.9033657962328766
32.0,32.0,2.0,5.0,120.0,116.0,3874.0,14464.0,0,0.940625,32.0,128.0,6400000.0,0.9409246575342465
32.0,32.0,2.0,9.0,133.0,125.0,4249.0,15904.0,0,0.940625,0.03125,0.25,6400000.0,0.9409246575342465
1.0,16.0,8.0,1.0,1.0,1.0,543.0,32.0,0,0.5015625,32768.0,0.00195312,6400000.0,0.5273919092465753
32.0,32.0,1.0,5.0,68.0,64.0,2138.0,6144.0,0,0.9078125,0.000976562,0.0625,6400000.0,0.9033657962328766
1.0,32.0,2.0,1.0,1.0,1.0,39.0,32.0,0,0.5015625,0.015625,32768.0,6400000.0,0.5273919092465753
32.0,32.0,2.0,5.0,120.0,116.0,3874.0,14464.0,0,0.940625,0.03125,256.0,6400000.0,0.9033657962328766
16.0,16.0,8.0,16.0,308.0,415.0,13264.0,64352.0,0,0.965625,4.0,0.015625,6400000.0,0.9636176002935419
1.0,16.0,8.0,1.0,1.0,1.0,543.0,32.0,0,0.5015625,1.0,512.0,6400000.0,0.5273919092465753
1.0,16.0,8.0,1.0,1.0,1.0,543.0,32.0,0,0.5015625,32768.0,2048.0,6400000.0,0.5273919092465753
1.0,16.0,8.0,1.0,1.0,1.0,543.0,32.0,0,0.5015625,32768.0,2.0,6400000.0,0.5273919092465753
32.0,32.0,2.0,10.0,134.0,125.0,4263.0,15904.0,0,0.940625,0.0625,0.00195312,6400000.0,0.9409246575342465
32.0,32.0,2.0,9.0,133.0,125.0,4249.0,15904.0,0,0.940625,0.0625,2.0,6400000.0,0.9409246575342465
32.0,32.0,2.0,5.0,122.0,118.0,3940.0,14784.0,0,0.940625,64.0,0.000976562,6400000.0,0.9409246575342465
32.0,32.0,2.0,7.0,126.0,120.0,4031.0,15104.0,0,0.940625,0.125,16.0,6400000.0,0.9409246575342465
1.0,32.0,1.0,1.0,1.0,1.0,35.0,32.0,0,0.5015625,0.0625,4096.0,6400000.0,0.5273919092465753
32.0,32.0,2.0,5.0,122.0,118.0,3940.0,14784.0,0,0.940625,64.0,1.0,6400000.0,0.9409246575342465
1.0,32.0,2.0,1.0,1.0,1.0,39.0,32.0,0,0.5015625,0.0625,2048.0,6400000.0,0.5273919092465753
16.0,16.0,8.0,20.0,315.0,418.0,13662.0,64832.0,0,0.9625,2.0,0.00390625,6400000.0,0.9651854513209394
1.0,16.0,8.0,1.0,1.0,1.0,543.0,32.0,0,0.5015625,256.0,2048.0,6400000.0,0.5273919092465753
32.0,32.0,1.0,5.0,68.0,64.0,2138.0,6144.0,0,0.9078125,0.015625,0.125,6400000.0,0.9033657962328766
32.0,32.0,1.0,5.0,68.0,64.0,2138.0,6144.0,0,0.9078125,0.00195312,0.5,6400000.0,0.9033657962328766
16.0,16.0,8.0,5.0,99.0,97.0,5467.0,13472.0,0,0.940625,256.0,2.0,6400000.0,0.9303571428571427
1.0,32.0,1.0,1.0,1.0,1.0,35.0,32.0,0,0.5015625,4.0,512.0,6400000.0,0.5273919092465753
32.0,32.0,1.0,5.0,68.0,64.0,2138.0,6144.0,0,0.9078125,0.125,0.03125,6400000.0,0.9033657962328766
32.0,32.0,1.0,5.0,68.0,64.0,2138.0,6144.0,0,0.9078125,8.0,0.00390625,6400000.0,0.9033657962328766
32.0,32.0,2.0,10.0,134.0,125.0,4263.0,15904.0,0,0.940625,0.125,0.015625,6400000.0,0.9409246575342465
32.0,32.0,1.0,4.0,67.0,64.0,2127.0,6144.0,0,0.9078125,0.125,32.0,6400000.0,0.9033657962328766
32.0,32.0,1.0,5.0,68.0,64.0,2138.0,6144.0,0,0.9078125,0.03125,0.000976562,6400000.0,0.9033657962328766
1.0,16.0,8.0,1.0,1.0,1.0,543.0,32.0,0,0.5015625,4.0,16384.0,6400000.0,0.5273919092465753
1.0,32.0,1.0,1.0,1.0,1.0,35.0,32.0,0,0.5015625,0.125,32768.0,6400000.0,0.5273919092465753
1.0,32.0,1.0,1.0,1.0,1.0,35.0,32.0,0,0.5015625,8.0,4096.0,6400000.0,0.5273919092465753
16.0,16.0,8.0,10.0,207.0,273.0,9760.0,41632.0,0,0.959375,4.0,16.0,6400000.0,0.9600973886986301
32.0,32.0,1.0,4.0,67.0,64.0,2127.0,6144.0,0,0.9078125,0.015625,128.0,6400000.0,0.9033657962328766
1.0,32.0,2.0,1.0,1.0,1.0,39.0,32.0,0,0.5015625,0.125,16384.0,6400000.0,0.5273919092465753
32.0,32.0,2.0,9.0,133.0,125.0,4249.0,15904.0,0,0.940625,0.25,0.125,6400000.0,0.9409246575342465
32.0,32.0,1.0,5.0,68.0,64.0,2138.0,6144.0,0,0.9078125,8.0,4.0,6400000.0,0.9033657962328766
32.0,32.0,2.0,9.0,133.0,125.0,4249.0,15904.0,0,0.940625,0.5,0.000976562,6400000.0,0.9409246575342465
1.0,32.0,1.0,1.0,1.0,1.0,35.0,32.0,0,0.5015625,0.00195312,512.0,6400000.0,0.5273919092465753
32.0,32.0,2.0,5.0,121.0,117.0,3907.0,14624.0,0,0.940625,0.25,128.0,6400000.0,0.9409246575342465
1.0,32.0,2.0,1.0,1.0,1.0,39.0,32.0,0,0.5015625,0.5,1024.0,6400000.0,0.5273919092465753
1.0,32.0,2.0,1.0,1.0,1.0,39.0,32.0,0,0.5015625,64.0,1024.0,6400000.0,0.5273919092465753
32.0,32.0,2.0,9.0,133.0,125.0,4249.0,15904.0,0,0.940625,0.5,1.0,6400000.0,0.9409246575342465
32.0,32.0,2.0,9.0,133.0,125.0,4249.0,15904.0,0,0.940625,1.0,0.0078125,6400000.0,0.9409246575342465
32.0,32.0,1.0,5.0,68.0,64.0,2138.0,6144.0,0,0.9078125,16.0,0.03125,6400000.0,0.9033657962328766
32.0,32.0,2.0,5.0,122.0,118.0,3940.0,14784.0,0,0.940625,2.0,64.0,6400000.0,0.9409246575342465
32.0,32.0,2.0,5.0,121.0,117.0,3907.0,14624.0,0,0.940625,128.0,0.0078125,6400000.0,0.9409246575342465
1.0,32.0,1.0,1.0,1.0,1.0,35.0,32.0,0,0.5015625,16.0,32768.0,6400000.0,0.5273919092465753
32.0,32.0,1.0,4.0,67.0,64.0,2127.0,6144.0,0,0.9078125,64.0,2.0,6400000.0,0.9033657962328766
32.0,32.0,2.0,7.0,130.0,124.0,4163.0,15744.0,0,0.940625,1.0,8.0,6400000.0,0.9409246575342465
1.0,32.0,2.0,1.0,1.0,1.0,39.0,32.0,0,0.5015625,1.0,8192.0,6400000.0,0.5273919092465753
32.0,32.0,1.0,4.0,67.0,64.0,2127.0,6144.0,0,0.9078125,32.0,0.25,6400000.0,0.9033657962328766
32.0,32.0,1.0,4.0,67.0,64.0,2127.0,6144.0,0,0.9078125,64.0,0.00195312,6400000.0,0.9033657962328766
32.0,32.0,2.0,9.0,133.0,125.0,4249.0,15904.0,0,0.940625,2.0,0.0625,6400000.0,0.9409246575342465
32.0,32.0,2.0,9.0,133.0,125.0,4249.0,15904.0,0,0.940625,4.0,0.0,6400000.0,0.9409246575342465
32.0,32.0,1.0,5.0,68.0,64.0,2138.0,6144.0,0,0.9078125,0.25,0.25,6400000.0,0.9033657962328766
32.0,32.0,1.0,4.0,67.0,64.0,2127.0,6144.0,0,0.9078125,16.0,32.0,6400000.0,0.9033657962328766
32.0,32.0,1.0,5.0,68.0,64.0,2138.0,6144.0,0,0.9078125,0.00390625,0.00390625,6400000.0,0.9033657962328766
32.0,32.0,2.0,9.0,133.0,125.0,4249.0,15904.0,0,0.940625,4.0,0.5,6400000.0,0.9409246575342465
16.0,16.0,8.0,15.0,264.0,389.0,11595.0,60192.0,0,0.9640625,8.0,0.125,6400000.0,0.9616629464285715
32.0,32.0,1.0,4.0,67.0,64.0,2127.0,6144.0,0,0.9078125,32.0,256.0,6400000.0,0.9033657962328766
32.0,32.0,1.0,5.0,68.0,64.0,2138.0,6144.0,0,0.9078125,0.5,0.00195312,6400000.0,0.9033657962328766
32.0,32.0,1.0,5.0,68.0,64.0,2138.0,6144.0,0,0.9078125,0.03125,1.0,6400000.0,0.9033657962328766
32.0,32.0,1.0,4.0,67.0,64.0,2127.0,6144.0,0,0.9078125,0.25,256.0,6400000.0,0.9033657962328766
32.0,32.0,1.0,5.0,68.0,64.0,2138.0,6144.0,0,0.9078125,0.0,0.015625,6400000.0,0.9033657962328766
32.0,32.0,1.0,4.0,67.0,64.0,2127.0,6144.0,0,0.9078125,128.0,0.015625,6400000.0,0.9033657962328766
1.0,32.0,1.0,1.0,1.0,1.0,35.0,32.0,0,0.5015625,0.5,2048.0,6400000.0,0.5273919092465753
1.0,32.0,1.0,1.0,1.0,1.0,35.0,32.0,0,0.5015625,64.0,2048.0,6400000.0,0.5273919092465753
32.0,32.0,2.0,5.0,121.0,117.0,3907.0,14624.0,0,0.940625,128.0,8.0,6400000.0,0.9409246575342465
1.0,16.0,8.0,1.0,1.0,1.0,543.0,32.0,0,0.5015625,512.0,16.0,6400000.0,0.5273919092465753
1.0,32.0,2.0,1.0,1.0,1.0,39.0,32.0,0,0.5015625,4.0,512.0,6400000.0,0.5273919092465753
32.0,32.0,1.0,4.0,67.0,64.0,2127.0,6144.0,0,0.9078125,128.0,16.0,6400000.0,0.9033657962328766
16.0,16.0,8.0,16.0,307.0,414.0,13231.0,64192.0,0,0.965625,2.0,4.0,6400000.0,0.9620543358610568
1.0,16.0,8.0,1.0,1.0,1.0,543.0,32.0,0,0.5015625,512.0,0.015625,6400000.0,0.5273919092465753
32.0,32.0,1.0,5.0,68.0,64.0,2138.0,6144.0,0,0.9078125,0.5,2.0,6400000.0,0.9033657962328766
1.0,16.0,8.0,1.0,1.0,1.0,543.0,32.0,0,0.5015625,1024.0,0.125,6400000.0,0.5273919092465753
1.0,32.0,1.0,1.0,1.0,1.0,35.0,32.0,0,0.5015625,128.0,16384.0,6400000.0,0.5273919092465753
32.0,32.0,1.0,4.0,67.0,64.0,2127.0,6144.0,0,0.9078125,256.0,0.125,6400000.0,0.9033657962328766
16.0,16.0,8.0,5.0,99.0,97.0,5467.0,13472.0,0,0.940625,8.0,128.0,6400000.0,0.9409246575342465
32.0,32.0,1.0,5.0,68.0,64.0,2138.0,6144.0,0,0.9078125,0.0,16.0,6400000.0,0.9033657962328766
32.0,32.0,2.0,7.0,130.0,124.0,4163.0,15744.0,0,0.940625,8.0,0.00390625,6400000.0,0.9409246575342465
16.0,16.0,8.0,12.0,259.0,320.0,11429.0,49152.0,0,0.959375,16.0,0.000976562,6400000.0,0.961271556996086
1.0,16.0,8.0,1.0,1.0,1.0,543.0,32.0,0,0.5015625,512.0,16384.0,6400000.0,0.5273919092465753
1.0,32.0,2.0,1.0,1.0,1.0,39.0,32.0,0,0.5015625,8.0,4096.0,6400000.0,0.5273919092465753
1.0,32.0,1.0,1.0,1.0,1.0,35.0,32.0,0,0.5015625,512.0,0.000976562,6400000.0,0.5273919092465753
32.0,32.0,2.0,8.0,128.0,121.0,4106.0,15264.0,0,0.940625,8.0,4.0,6400000.0,0.9409246575342465
1.0,16.0,8.0,1.0,1.0,1.0,543.0,32.0,0,0.5015625,1024.0,128.0,6400000.0,0.5273919092465753
32.0,32.0,1.0,4.0,67.0,64.0,2127.0,6144.0,0,0.9078125,256.0,128.0,6400000.0,0.7844231592465754
32.0,32.0,1.0,5.0,68.0,64.0,2138.0,6144.0,0,0.9078125,1.0,0.015625,6400000.0,0.9033657962328766
16.0,16.0,8.0,8.0,203.0,276.0,9422.0,42112.0,0,0.959375,32.0,0.0078125,6400000.0,0.9604887781311154
32.0,32.0,1.0,5.0,68.0,64.0,2138.0,6144.0,0,0.9078125,0.00390625,4.0,6400000.0,0.9033657962328766
1.0,16.0,8.0,1.0,1.0,1.0,543.0,32.0,0,0.5015625,2.0,4096.0,6400000.0,0.5273919092465753
1.0,32.0,1.0,1.0,1.0,1.0,35.0,32.0,0,0.5015625,512.0,1024.0,6400000.0,0.5273919092465753
32.0,32.0,1.0,5.0,68.0,64.0,2138.0,6144.0,0,0.9078125,1.0,16.0,6400000.0,0.9033657962328766
16.0,16.0,8.0,12.0,250.0,311.0,11132.0,47712.0,0,0.959375,16.0,1.0,6400000.0,0.9604887781311154
1.0,32.0,1.0,1.0,1.0,1.0,35.0,32.0,0,0.5015625,1024.0,8192.0,6400000.0,0.5273919092465753
1.0,16.0,8.0,1.0,1.0,1.0,543.0,32.0,0,0.5015625,32.0,8192.0,6400000.0,0.5273919092465753
1.0,32.0,1.0,1.0,1.0,1.0,35.0,32.0,0,0.5015625,1024.0,0.0078125,6400000.0,0.5273919092465753
1.0,32.0,1.0,1.0,1.0,1.0,35.0,32.0,0,0.5015625,512.0,1.0,6400000.0,0.5273919092465753
1.0,32.0,1.0,1.0,1.0,1.0,35.0,32.0,0,0.5015625,1024.0,8.0,6400000.0,0.5273919092465753
1.0,32.0,1.0,1.0,1.0,1.0,35.0,32.0,0,0.5015625,2048.0,0.0625,6400000.0,0.5273919092465753
32.0,32.0,2.0,7.0,126.0,120.0,4031.0,15104.0,0,0.940625,16.0,0.03125,6400000.0,0.9409246575342465
1.0,32.0,1.0,1.0,1.0,1.0,35.0,32.0,0,0.5015625,4096.0,0.5,6400000.0,0.5273919092465753
1.0,16.0,8.0,1.0,1.0,1.0,543.0,32.0,0,0.5015625,16.0,1024.0,6400000.0,0.5273919092465753
1.0,32.0,1.0,1.0,1.0,1.0,35.0,32.0,0,0.5015625,2048.0,64.0,6400000.0,0.5273919092465753
32.0,32.0,2.0,5.0,122.0,118.0,3940.0,14784.0,0,0.940625,16.0,32.0,6400000.0,0.9409246575342465
1.0,32.0,2.0,1.0,1.0,1.0,39.0,32.0,0,0.5015625,128.0,8192.0,6400000.0,0.5273919092465753
1.0,32.0,1.0,1.0,1.0,1.0,35.0,32.0,0,0.5015625,4096.0,0.0,6400000.0,0.5273919092465753
1.0,32.0,1.0,1.0,1.0,1.0,35.0,32.0,0,0.5015625,4096.0,512.0,6400000.0,0.5273919092465753
1.0,32.0,1.0,1.0,1.0,1.0,35.0,32.0,0,0.5015625,0.03125,1024.0,6400000.0,0.5273919092465753
1.0,32.0,1.0,1.0,1.0,1.0,35.0,32.0,0,0.5015625,8192.0,0.00390625,6400000.0,0.5273919092465753
1.0,32.0,1.0,1.0,1.0,1.0,35.0,32.0,0,0.5015625,0.00390625,4096.0,6400000.0,0.5273919092465753
1.0,16.0,8.0,1.0,1.0,1.0,543.0,32.0,0,0.5015625,2048.0,0.000976562,6400000.0,0.5273919092465753
1.0,32.0,1.0,1.0,1.0,1.0,35.0,32.0,0,0.5015625,8192.0,4.0,6400000.0,0.5273919092465753
1.0,32.0,1.0,1.0,1.0,1.0,35.0,32.0,0,0.5015625,16384.0,0.03125,6400000.0,0.5273919092465753
1.0,16.0,8.0,1.0,1.0,1.0,543.0,32.0,0,0.5015625,2048.0,1.0,6400000.0,0.5273919092465753
1.0,32.0,2.0,1.0,1.0,1.0,39.0,32.0,0,0.5015625,16.0,32768.0,6400000.0,0.5273919092465753
1.0,32.0,1.0,1.0,1.0,1.0,35.0,32.0,0,0.5015625,8192.0,4096.0,6400000.0,0.5273919092465753
1.0,32.0,1.0,1.0,1.0,1.0,35.0,32.0,0,0.5015625,16384.0,32.0,6400000.0,0.5273919092465753
1.0,16.0,8.0,1.0,1.0,1.0,543.0,32.0,0,0.5015625,2048.0,1024.0,6400000.0,0.5273919092465753
1.0,32.0,1.0,1.0,1.0,1.0,35.0,32.0,0,0.5015625,1.0,16384.0,6400000.0,0.5273919092465753
32.0,32.0,1.0,5.0,68.0,64.0,2138.0,6144.0,0,0.9078125,0.0625,0.0078125,6400000.0,0.9033657962328766
32.0,32.0,1.0,4.0,67.0,64.0,2127.0,6144.0,0,0.9078125,2.0,128.0,6400000.0,0.9033657962328766
1.0,16.0,8.0,1.0,1.0,1.0,543.0,32.0,0,0.5015625,4096.0,0.0078125,6400000.0,0.5273919092465753
32.0,32.0,1.0,5.0,68.0,64.0,2138.0,6144.0,0,0.9078125,0.0625,8.0,6400000.0,0.9033657962328766
1.0,32.0,2.0,1.0,1.0,1.0,39.0,32.0,0,0.5015625,0.0,2048.0,6400000.0,0.5273919092465753
16.0,16.0,8.0,8.0,217.0,274.0,9868.0,41792.0,0,0.959375,32.0,8.0,6400000.0,0.9604887781311154
16.0,16.0,8.0,5.0,99.0,97.0,5467.0,13472.0,0,0.940625,128.0,0.0,6400000.0,0.9409246575342465
1.0,32.0,1.0,1.0,1.0,1.0,35.0,32.0,0,0.5015625,32768.0,256.0,6400000.0,0.5273919092465753
32.0,32.0,1.0,5.0,68.0,64.0,2138.0,6144.0,0,0.9078125,2.0,0.125,6400000.0,0.9033657962328766
32.0,32.0,1.0,5.0,68.0,64.0,2138.0,6144.0,0,0.9078125,4.0,0.000976562,6400000.0,0.9033657962328766
1.0,32.0,1.0,1.0,1.0,1.0,35.0,32.0,0,0.5015625,32768.0,0.25,6400000.0,0.5273919092465753
16.0,16.0,8.0,8.0,215.0,233.0,9763.0,35232.0,0,0.959375,64.0,0.0625,6400000.0,0.9409246575342465
1.0,32.0,1.0,1.0,1.0,1.0,35.0,32.0,0,0.5015625,16384.0,32768.0,6400000.0,0.5273919092465753
32.0,32.0,2.0,10.0,134.0,125.0,4263.0,15904.0,0,0.940625,0.0,0.00195312,6400000.0,0.9409246575342465
1.0,16.0,8.0,1.0,1.0,1.0,543.0,32.0,0,0.5015625,4096.0,8192.0,6400000.0,0.5273919092465753
16.0,16.0,8.0,5.0,99.0,97.0,5467.0,13472.0,0,0.940625,64.0,64.0,6400000.0,0.9409246575342465
32.0,32.0,2.0,9.0,133.0,125.0,4249.0,15904.0,0,0.940625,0.0,2.0,6400000.0,0.9409246575342465
32.0,32.0,1.0,5.0,68.0,64.0,2138.0,6144.0,0,0.9078125,0.0078125,0.03125,6400000.0,0.9033657962328766
1.0,16.0,8.0,1.0,1.0,1.0,543.0,32.0,0,0.5015625,8192.0,0.0625,6400000.0,0.5273919092465753
1.0,16.0,8.0,1.0,1.0,1.0,543.0,32.0,0,0.5015625,8192.0,64.0,6400000.0,0.5273919092465753
32.0,32.0,2.0,8.0,127.0,120.0,4073.0,15104.0,0,0.940625,0.000976562,16.0,6400000.0,0.9409246575342465
1.0,32.0,2.0,1.0,1.0,1.0,39.0,32.0,0,0.5015625,0.000976562,16384.0,6400000.0,0.5273919092465753
1.0,16.0,8.0,1.0,1.0,1.0,543.0,32.0,0,0.5015625,4096.0,8.0,6400000.0,0.5273919092465753
32.0,32.0,2.0,5.0,120.0,116.0,3874.0,14464.0,0,0.940625,256.0,0.0625,6400000.0,0.9033657962328766
1.0,16.0,8.0,1.0,1.0,1.0,543.0,32.0,0,0.5015625,16384.0,0.0,6400000.0,0.5273919092465753
32.0,32.0,2.0,4.0,123.0,120.0,3995.0,15104.0,0,0.9078125,256.0,64.0,6400000.0,0.9033657962328766
32.0,32.0,2.0,10.0,134.0,125.0,4263.0,15904.0,0,0.940625,0.000976562,0.015625,6400000.0,0.9409246575342465
1.0,16.0,8.0,1.0,1.0,1.0,543.0,32.0,0,0.5015625,128.0,512.0,6400000.0,0.5273919092465753
32.0,32.0,2.0,5.0,121.0,117.0,3907.0,14624.0,0,0.940625,0.00195312,128.0,6400000.0,0.9409246575342465
32.0,32.0,2.0,10.0,134.0,125.0,4263.0,15904.0,0,0.940625,0.00195312,0.125,6400000.0,0.9409246575342465
1.0,16.0,8.0,1.0,1.0,1.0,543.0,32.0,0,0.5015625,16384.0,0.5,6400000.0,0.5273919092465753
32.0,32.0,1.0,4.0,67.0,64.0,2127.0,6144.0,0,0.9078125,0.0078125,32.0,6400000.0,0.9033657962328766
16.0,16.0,8.0,5.0,99.0,97.0,5467.0,13472.0,0,0.940625,128.0,0.5,6400000.0,0.9409246575342465
32.0,32.0,2.0,9.0,133.0,125.0,4249.0,15904.0,0,0.940625,0.00390625,1.0,6400000.0,0.9409246575342465
1.0,16.0,8.0,1.0,1.0,1.0,543.0,32.0,0,0.5015625,16384.0,512.0,6400000.0,0.5273919092465753
1.0,32.0,2.0,1.0,1.0,1.0,39.0,32.0,0,0.5015625,0.00390625,1024.0,6400000.0,0.5273919092465753
1.0,32.0,1.0,1.0,1.0,1.0,35.0,32.0,0,0.5015625,0.0,16384.0,6400000.0,0.5273919092465753
1.0,32.0,2.0,1.0,1.0,1.0,39.0,32.0,0,0.5015625,512.0,0.0,6400000.0,0.5273919092465753
32.0,32.0,2.0,10.0,134.0,125.0,4263.0,15904.0,0,0.940625,0.00390625,0.000976562,6400000.0,0.9409246575342465
1.0,32.0,2.0,1.0,1.0,1.0,39.0,32.0,0,0.5015625,0.0078125,8192.0,6400000.0,0.5273919092465753
32.0,32.0,1.0,5.0,68.0,64.0,2138.0,6144.0,0,0.9078125,4.0,1.0,6400000.0,0.9033657962328766
32.0,32.0,1.0,5.0,68.0,64.0,2138.0,6144.0,0,0.9078125,0.00195312,0.000976562,6400000.0,0.9033657962328766
32.0,32.0,2.0,10.0,134.0,125.0,4263.0,15904.0,0,0.940625,0.0078125,0.0078125,6400000.0,0.9409246575342465
32.0,32.0,2.0,5.0,122.0,118.0,3940.0,14784.0,0,0.940625,32.0,0.25,6400000.0,0.9409246575342465
32.0,32.0,2.0,5.0,122.0,118.0,3940.0,14784.0,0,0.940625,0.015625,64.0,6400000.0,0.9409246575342465
16.0,16.0,8.0,5.0,99.0,97.0,5467.0,13472.0,0,0.940625,256.0,0.00390625,6400000.0,0.9303571428571427
1.0,32.0,1.0,1.0,1.0,1.0,35.0,32.0,0,0.5015625,0.0078125,32768.0,6400000.0,0.5273919092465753
32.0,32.0,1.0,4.0,67.0,64.0,2127.0,6144.0,0,0.9078125,0.000976562,128.0,6400000.0,0.9033657962328766
32.0,32.0,2.0,5.0,125.0,121.0,4039.0,15264.0,0,0.9078125,32.0,256.0,6400000.0,0.9033657962328766
32.0,32.0,2.0,10.0,134.0,125.0,4263.0,15904.0,0,0.940625,0.015625,0.0625,6400000.0,0.9409246575342465
32.0,32.0,1.0,5.0,68.0,64.0,2138.0,6144.0,0,0.9078125,0.000976562,0.125,6400000.0,0.9033657962328766
32.0,32.0,2.0,7.0,130.0,124.0,4163.0,15744.0,0,0.940625,0.0078125,8.0,6400000.0,0.9409246575342465
1.0,16.0,8.0,1.0,1.0,1.0,543.0,32.0,0,0.5015625,32768.0,0.00390625,6400000.0,0.5273919092465753
32.0,32.0,2.0,10.0,134.0,125.0,4263.0,15904.0,0,0.940625,0.03125,0.0,6400000.0,0.9409246575342465
16.0,16.0,8.0,16.0,308.0,415.0,13264.0,64352.0,0,0.965625,4.0,0.03125,6400000.0,0.9636176002935419
32.0,32.0,2.0,9.0,133.0,125.0,4249.0,15904.0,0,0.940625,0.03125,0.5,6400000.0,0.9409246575342465
1.0,32.0,2.0,1.0,1.0,1.0,39.0,32.0,0,0.5015625,0.03125,512.0,6400000.0,0.5273919092465753
1.0,16.0,8.0,1.0,1.0,1.0,543.0,32.0,0,0.5015625,32768.0,4096.0,6400000.0,0.5273919092465753
1.0,32.0,2.0,1.0,1.0,1.0,39.0,32.0,0,0.5015625,512.0,0.5,6400000.0,0.5273919092465753
32.0,32.0,2.0,9.0,133.0,125.0,4249.0,15904.0,0,0.940625,0.0625,4.0,6400000.0,0.9409246575342465
1.0,16.0,8.0,1.0,1.0,1.0,543.0,32.0,0,0.5015625,32768.0,4.0,6400000.0,0.5273919092465753
32.0,32.0,2.0,10.0,134.0,125.0,4263.0,15904.0,0,0.940625,0.0625,0.00390625,6400000.0,0.9409246575342465
32.0,32.0,2.0,5.0,122.0,118.0,3940.0,14784.0,0,0.940625,0.125,32.0,6400000.0,0.9409246575342465
1.0,32.0,2.0,1.0,1.0,1.0,39.0,32.0,0,0.5015625,0.0625,4096.0,6400000.0,0.5273919092465753
32.0,32.0,2.0,5.0,122.0,118.0,3940.0,14784.0,0,0.940625,64.0,2.0,6400000.0,0.9409246575342465
1.0,32.0,1.0,1.0,1.0,1.0,35.0,32.0,0,0.5015625,0.0625,8192.0,6400000.0,0.5273919092465753
32.0,32.0,2.0,5.0,122.0,118.0,3940.0,14784.0,0,0.940625,64.0,0.00195312,6400000.0,0.9409246575342465
32.0,32.0,1.0,5.0,68.0,64.0,2138.0,6144.0,0,0.9078125,0.015625,0.25,6400000.0,0.9033657962328766
1.0,32.0,1.0,1.0,1.0,1.0,35.0,32.0,0,0.5015625,4.0,1024.0,6400000.0,0.5273919092465753
1.0,32.0,2.0,1.0,1.0,1.0,39.0,32.0,0,0.5015625,512.0,512.0,6400000.0,0.5273919092465753
32.0,32.0,1.0,5.0,68.0,64.0,2138.0,6144.0,0,0.9078125,0.125,0.0625,6400000.0,0.9033657962328766
32.0,32.0,1.0,5.0,68.0,64.0,2138.0,6144.0,0,0.9078125,0.00195312,1.0,6400000.0,0.9033657962328766
1.0,16.0,8.0,1.0,1.0,1.0,543.0,32.0,0,0.5015625,256.0,4096.0,6400000.0,0.5273919092465753
32.0,32.0,2.0,10.0,134.0,125.0,4263.0,15904.0,0,0.940625,0.125,0.03125,6400000.0,0.9409246575342465
16.0,16.0,8.0,5.0,99.0,97.0,5467.0,13472.0,0,0.940625,256.0,4.0,6400000.0,0.9303571428571427
32.0,32.0,1.0,5.0,68.0,64.0,2138.0,6144.0,0,0.9078125,8.0,0.0078125,6400000.0,0.9033657962328766
32.0,32.0,1.0,5.0,68.0,64.0,2138.0,6144.0,0,0.9078125,0.03125,0.00195312,6400000.0,0.9033657962328766
32.0,32.0,1.0,5.0,68.0,64.0,2138.0,6144.0,0,0.9078125,0.25,0.0,6400000.0,0.9033657962328766
32.0,32.0,1.0,4.0,67.0,64.0,2127.0,6144.0,0,0.9078125,0.125,64.0,6400000.0,0.9033657962328766
1.0,16.0,8.0,1.0,1.0,1.0,543.0,32.0,0,0.5015625,4.0,32768.0,6400000.0,0.5273919092465753
1.0,32.0,1.0,1.0,1.0,1.0,35.0,32.0,0,0.5015625,8.0,8192.0,6400000.0,0.5273919092465753
1.0,32.0,2.0,1.0,1.0,1.0,39.0,32.0,0,0.5015625,0.125,32768.0,6400000.0,0.5273919092465753
32.0,32.0,1.0,4.0,67.0,64.0,2127.0,6144.0,0,0.9078125,0.015625,256.0,6400000.0,0.9033657962328766
32.0,32.0,1.0,5.0,68.0,64.0,2138.0,6144.0,0,0.9078125,8.0,8.0,6400000.0,0.9033657962328766
1.0,32.0,1.0,1.0,1.0,1.0,35.0,32.0,0,0.5015625,0.00195312,1024.0,6400000.0,0.5273919092465753
32.0,32.0,2.0,9.0,133.0,125.0,4249.0,15904.0,0,0.940625,0.25,0.25,6400000.0,0.9409246575342465
16.0,16.0,8.0,8.0,202.0,275.0,9389.0,41952.0,0,0.959375,4.0,32.0,6400000.0,0.9600973886986301
32.0,32.0,2.0,9.0,133.0,125.0,4249.0,15904.0,0,0.940625,0.5,0.00195312,6400000.0,0.9409246575342465
32.0,32.0,2.0,5.0,120.0,116.0,3874.0,14464.0,0,0.940625,0.25,256.0,6400000.0,0.9033657962328766
32.0,32.0,2.0,9.0,133.0,125.0,4249.0,15904.0,0,0.940625,0.5,2.0,6400000.0,0.9409246575342465
1.0,32.0,2.0,1.0,1.0,1.0,39.0,32.0,0,0.5015625,64.0,2048.0,6400000.0,0.5273919092465753
1.0,32.0,2.0,1.0,1.0,1.0,39.0,32.0,0,0.5015625,0.5,2048.0,6400000.0,0.5273919092465753
32.0,32.0,2.0,5.0,121.0,117.0,3907.0,14624.0,0,0.940625,2.0,128.0,6400000.0,0.9409246575342465
32.0,32.0,2.0,9.0,133.0,125.0,4249.0,15904.0,0,0.940625,1.0,0.015625,6400000.0,0.9409246575342465
32.0,32.0,1.0,5.0,68.0,64.0,2138.0,6144.0,0,0.9078125,16.0,0.0625,6400000.0,0.9033657962328766
1.0,32.0,2.0,1.0,1.0,1.0,39.0,32.0,0,0.5015625,1024.0,0.00390625,6400000.0,0.5273919092465753
1.0,32.0,2.0,1.0,1.0,1.0,39.0,32.0,0,0.5015625,1.0,16384.0,6400000.0,0.5273919092465753
32.0,32.0,1.0,5.0,68.0,64.0,2138.0,6144.0,0,0.9078125,0.25,0.5,6400000.0,0.9033657962328766
32.0,32.0,1.0,4.0,67.0,64.0,2127.0,6144.0,0,0.9078125,32.0,0.5,6400000.0,0.9033657962328766
32.0,32.0,1.0,4.0,67.0,64.0,2127.0,6144.0,0,0.9078125,32.0,0.0,6400000.0,0.9033657962328766
32.0,32.0,2.0,7.0,126.0,120.0,4062.0,15104.0,0,0.940625,1.0,16.0,6400000.0,0.9409246575342465
32.0,32.0,2.0,9.0,133.0,125.0,4249.0,15904.0,0,0.940625,4.0,0.000976562,6400000.0,0.9409246575342465
1.0,32.0,1.0,1.0,1.0,1.0,35.0,32.0,0,0.5015625,0.25,512.0,6400000.0,0.5273919092465753
32.0,32.0,1.0,4.0,67.0,64.0,2127.0,6144.0,0,0.9078125,64.0,0.00390625,6400000.0,0.9033657962328766
32.0,32.0,1.0,4.0,67.0,64.0,2127.0,6144.0,0,0.9078125,64.0,4.0,6400000.0,0.9033657962328766
32.0,32.0,2.0,5.0,121.0,117.0,3907.0,14624.0,0,0.940625,128.0,0.015625,6400000.0,0.9409246575342465
32.0,32.0,1.0,5.0,68.0,64.0,2138.0,6144.0,0,0.9078125,0.00390625,0.0078125,6400000.0,0.9033657962328766
1.0,32.0,1.0,1.0,1.0,1.0,35.0,32.0,0,0.5015625,32.0,512.0,6400000.0,0.5273919092465753
32.0,32.0,1.0,5.0,68.0,64.0,2138.0,6144.0,0,0.9078125,0.0,0.03125,6400000.0,0.9033657962328766
32.0,32.0,1.0,4.0,67.0,64.0,2127.0,6144.0,0,0.9078125,16.0,64.0,6400000.0,0.9033657962328766
32.0,32.0,2.0,9.0,133.0,125.0,4249.0,15904.0,0,0.940625,2.0,0.125,6400000.0,0.9409246575342465
32.0,32.0,1.0,5.0,68.0,64.0,2138.0,6144.0,0,0.9078125,0.03125,2.0,6400000.0,0.9033657962328766
16.0,16.0,8.0,15.0,264.0,389.0,11595.0,60192.0,0,0.9640625,8.0,0.25,6400000.0,0.9612715569960862
32.0,32.0,1.0,5.0,68.0,64.0,2138.0,6144.0,0,0.9078125,0.5,0.00390625,6400000.0,0.9033657962328766
32.0,32.0,1.0,4.0,67.0,64.0,2127.0,6144.0,0,0.9078125,128.0,0.03125,6400000.0,0.9033657962328766
32.0,32.0,2.0,9.0,133.0,125.0,4249.0,15904.0,0,0.940625,4.0,1.0,6400000.0,0.9409246575342465
1.0,32.0,1.0,1.0,1.0,1.0,35.0,32.0,0,0.5015625,64.0,4096.0,6400000.0,0.5273919092465753
1.0,16.0,8.0,1.0,1.0,1.0,543.0,32.0,0,0.5015625,512.0,32.0,6400000.0,0.5273919092465753
1.0,32.0,1.0,1.0,1.0,1.0,35.0,32.0,0,0.5015625,0.5,4096.0,6400000.0,0.5273919092465753
1.0,32.0,2.0,1.0,1.0,1.0,39.0,32.0,0,0.5015625,4.0,1024.0,6400000.0,0.5273919092465753
32.0,32.0,2.0,5.0,121.0,117.0,3907.0,14624.0,0,0.940625,128.0,16.0,6400000.0,0.9409246575342465
32.0,32.0,1.0,5.0,68.0,64.0,2138.0,6144.0,0,0.9078125,0.5,4.0,6400000.0,0.9033657962328766
1.0,32.0,1.0,1.0,1.0,1.0,35.0,32.0,0,0.5015625,128.0,32768.0,6400000.0,0.5273919092465753
1.0,32.0,2.0,1.0,1.0,1.0,39.0,32.0,0,0.5015625,1024.0,4.0,6400000.0,0.5273919092465753
32.0,32.0,1.0,4.0,67.0,64.0,2127.0,6144.0,0,0.9078125,128.0,32.0,6400000.0,0.9033657962328766
1.0,16.0,8.0,1.0,1.0,1.0,543.0,32.0,0,0.5015625,512.0,0.03125,6400000.0,0.5273919092465753
1.0,16.0,8.0,1.0,1.0,1.0,543.0,32.0,0,0.5015625,1024.0,0.25,6400000.0,0.5273919092465753
16.0,16.0,8.0,5.0,99.0,97.0,5467.0,13472.0,0,0.940625,8.0,256.0,6400000.0,0.9303571428571427
32.0,32.0,1.0,4.0,67.0,64.0,2127.0,6144.0,0,0.9078125,256.0,0.25,6400000.0,0.9033657962328766
1.0,16.0,8.0,1.0,1.0,1.0,543.0,32.0,0,0.5015625,512.0,32768.0,6400000.0,0.5273919092465753
32.0,32.0,1.0,4.0,67.0,64.0,2127.0,6144.0,0,0.9078125,0.0,32.0,6400000.0,0.9033657962328766
32.0,32.0,2.0,7.0,130.0,124.0,4163.0,15744.0,0,0.940625,8.0,0.0078125,6400000.0,0.9409246575342465
1.0,32.0,2.0,1.0,1.0,1.0,39.0,32.0,0,0.5015625,8.0,8192.0,6400000.0,0.5273919092465753
1.0,16.0,8.0,1.0,1.0,1.0,543.0,32.0,0,0.5015625,1024.0,256.0,6400000.0,0.5273919092465753
16.0,16.0,8.0,12.0,259.0,320.0,11429.0,49152.0,0,0.959375,16.0,0.00195312,6400000.0,0.961271556996086
32.0,32.0,2.0,8.0,127.0,120.0,4073.0,15104.0,0,0.940625,8.0,8.0,6400000.0,0.9409246575342465
1.0,32.0,1.0,1.0,1.0,1.0,35.0,32.0,0,0.5015625,256.0,256.0,6400000.0,0.5273919092465753
1.0,32.0,1.0,1.0,1.0,1.0,35.0,32.0,0,0.5015625,512.0,0.00195312,6400000.0,0.5273919092465753
32.0,32.0,1.0,4.0,67.0,64.0,2127.0,6144.0,0,0.9078125,1.0,32.0,6400000.0,0.9033657962328766
32.0,32.0,1.0,5.0,68.0,64.0,2138.0,6144.0,0,0.9078125,1.0,0.03125,6400000.0,0.9033657962328766
16.0,16.0,8.0,8.0,203.0,276.0,9422.0,42112.0,0,0.959375,32.0,0.015625,6400000.0,0.9604887781311154
1.0,32.0,2.0,1.0,1.0,1.0,39.0,32.0,0,0.5015625,1024.0,4096.0,6400000.0,0.5273919092465753
1.0,32.0,1.0,1.0,1.0,1.0,35.0,32.0,0,0.5015625,1024.0,0.015625,6400000.0,0.5273919092465753
1.0,32.0,1.0,1.0,1.0,1.0,35.0,32.0,0,0.5015625,512.0,2.0,6400000.0,0.5273919092465753
1.0,32.0,1.0,1.0,1.0,1.0,35.0,32.0,0,0.5015625,1024.0,16.0,6400000.0,0.5273919092465753
1.0,32.0,1.0,1.0,1.0,1.0,35.0,32.0,0,0.5015625,512.0,2048.0,6400000.0,0.5273919092465753
1.0,16.0,8.0,1.0,1.0,1.0,543.0,32.0,0,0.5015625,32.0,16384.0,6400000.0,0.5273919092465753
1.0,32.0,1.0,1.0,1.0,1.0,35.0,32.0,0,0.5015625,4096.0,1.0,6400000.0,0.5273919092465753
32.0,32.0,1.0,5.0,68.0,64.0,2138.0,6144.0,0,0.9078125,0.00390625,8.0,6400000.0,0.9033657962328766
1.0,32.0,1.0,1.0,1.0,1.0,35.0,32.0,0,0.5015625,1024.0,16384.0,6400000.0,0.5273919092465753
1.0,32.0,1.0,1.0,1.0,1.0,35.0,32.0,0,0.5015625,4096.0,0.000976562,6400000.0,0.5273919092465753
1.0,32.0,1.0,1.0,1.0,1.0,35.0,32.0,0,0.5015625,2048.0,0.125,6400000.0,0.5273919092465753
16.0,16.0,8.0,13.0,236.0,298.0,10650.0,45632.0,0,0.959375,16.0,2.0,6400000.0,0.961271556996086
32.0,32.0,2.0,5.0,123.0,119.0,3973.0,14944.0,0,0.940625,16.0,64.0,6400000.0,0.9409246575342465
1.0,32.0,2.0,1.0,1.0,1.0,39.0,32.0,0,0.5015625,128.0,16384.0,6400000.0,0.5273919092465753
1.0,32.0,1.0,1.0,1.0,1.0,35.0,32.0,0,0.5015625,2048.0,128.0,6400000.0,0.5273919092465753
1.0,16.0,8.0,1.0,1.0,1.0,543.0,32.0,0,0.5015625,16.0,2048.0,6400000.0,0.5273919092465753
32.0,32.0,2.0,7.0,126.0,120.0,4031.0,15104.0,0,0.940625,16.0,0.0625,6400000.0,0.9409246575342465
1.0,16.0,8.0,1.0,1.0,1.0,543.0,32.0,0,0.5015625,2048.0,0.00195312,6400000.0,0.5273919092465753
1.0,32.0,1.0,1.0,1.0,1.0,35.0,32.0,0,0.5015625,8192.0,0.0078125,6400000.0,0.5273919092465753
1.0,32.0,1.0,1.0,1.0,1.0,35.0,32.0,0,0.5015625,4096.0,1024.0,6400000.0,0.5273919092465753
1.0,32.0,1.0,1.0,1.0,1.0,35.0,32.0,0,0.5015625,0.03125,2048.0,6400000.0,0.5273919092465753
1.0,32.0,1.0,1.0,1.0,1.0,35.0,32.0,0,0.5015625,8192.0,8.0,6400000.0,0.5273919092465753
1.0,32.0,1.0,1.0,1.0,1.0,35.0,32.0,0,0.5015625,16384.0,0.0625,6400000.0,0.5273919092465753
1.0,32.0,1.0,1.0,1.0,1.0,35.0,32.0,0,0.5015625,0.00390625,8192.0,6400000.0,0.5273919092465753
32.0,32.0,2.0,5.0,122.0,118.0,3940.0,14784.0,0,0.940625,32.0,0.0,6400000.0,0.9409246575342465
1.0,16.0,8.0,1.0,1.0,1.0,543.0,32.0,0,0.5015625,2048.0,2.0,6400000.0,0.5273919092465753
1.0,32.0,1.0,1.0,1.0,1.0,35.0,32.0,0,0.5015625,8192.0,8192.0,6400000.0,0.5273919092465753
1.0,32.0,1.0,1.0,1.0,1.0,35.0,32.0,0,0.5015625,1.0,32768.0,6400000.0,0.5273919092465753
32.0,32.0,1.0,4.0,67.0,64.0,2127.0,6144.0,0,0.9078125,2.0,256.0,6400000.0,0.9033657962328766
1.0,16.0,8.0,1.0,1.0,1.0,543.0,32.0,0,0.5015625,4096.0,0.015625,6400000.0,0.5273919092465753
1.0,32.0,1.0,1.0,1.0,1.0,35.0,32.0,0,0.5015625,16384.0,64.0,6400000.0,0.5273919092465753
1.0,16.0,8.0,1.0,1.0,1.0,543.0,32.0,0,0.5015625,2048.0,2048.0,6400000.0,0.5273919092465753
32.0,32.0,1.0,5.0,68.0,64.0,2138.0,6144.0,0,0.9078125,0.0625,16.0,6400000.0,0.9033657962328766
32.0,32.0,1.0,5.0,68.0,64.0,2138.0,6144.0,0,0.9078125,0.0625,0.015625,6400000.0,0.9033657962328766
32.0,32.0,1.0,5.0,68.0,64.0,2138.0,6144.0,0,0.9078125,4.0,0.00195312,6400000.0,0.9033657962328766
32.0,32.0,1.0,5.0,68.0,64.0,2138.0,6144.0,0,0.9078125,2.0,0.25,6400000.0,0.9033657962328766
1.0,32.0,1.0,1.0,1.0,1.0,35.0,32.0,0,0.5015625,32768.0,0.0,6400000.0,0.5273919092465753
16.0,16.0,8.0,8.0,214.0,271.0,9769.0,41312.0,0,0.959375,32.0,16.0,6400000.0,0.9557936338062621
1.0,32.0,2.0,1.0,1.0,1.0,39.0,32.0,0,0.5015625,0.0,4096.0,6400000.0,0.5273919092465753
16.0,16.0,8.0,5.0,99.0,97.0,5467.0,13472.0,0,0.940625,128.0,0.000976562,6400000.0,0.9409246575342465
16.0,16.0,8.0,8.0,215.0,233.0,9763.0,35232.0,0,0.959375,64.0,0.125,6400000.0,0.9409246575342465
1.0,32.0,1.0,1.0,1.0,1.0,35.0,32.0,0,0.5015625,32768.0,512.0,6400000.0,0.5273919092465753
32.0,32.0,2.0,10.0,134.0,125.0,4263.0,15904.0,0,0.940625,0.0,0.00390625,6400000.0,0.9409246575342465
1.0,16.0,8.0,1.0,1.0,1.0,543.0,32.0,0,0.5015625,8192.0,0.125,6400000.0,0.5273919092465753
1.0,32.0,1.0,1.0,1.0,1.0,35.0,32.0,0,0.5015625,32768.0,0.5,6400000.0,0.5273919092465753
16.0,16.0,8.0,5.0,99.0,97.0,5467.0,13472.0,0,0.940625,64.0,128.0,6400000.0,0.9409246575342465
1.0,16.0,8.0,1.0,1.0,1.0,543.0,32.0,0,0.5015625,4096.0,16384.0,6400000.0,0.5273919092465753
1.0,32.0,2.0,1.0,1.0,1.0,39.0,32.0,0,0.5015625,0.000976562,32768.0,6400000.0,0.5273919092465753
1.0,16.0,8.0,1.0,1.0,1.0,543.0,32.0,0,0.5015625,8192.0,128.0,6400000.0,0.5273919092465753
32.0,32.0,1.0,5.0,68.0,64.0,2138.0,6144.0,0,0.9078125,0.0078125,0.0625,6400000.0,0.9033657962328766
1.0,16.0,8.0,1.0,1.0,1.0,543.0,32.0,0,0.5015625,4096.0,16.0,6400000.0,0.5273919092465753
32.0,32.0,2.0,9.0,133.0,125.0,4249.0,15904.0,0,0.940625,0.0,4.0,6400000.0,0.9409246575342465
32.0,32.0,2.0,5.0,120.0,116.0,3874.0,14464.0,0,0.940625,256.0,0.125,6400000.0,0.9033657962328766
32.0,32.0,2.0,5.0,122.0,118.0,3940.0,14784.0,0,0.940625,0.000976562,32.0,6400000.0,0.9409246575342465
1.0,16.0,8.0,1.0,1.0,1.0,543.0,32.0,0,0.5015625,16384.0,0.000976562,6400000.0,0.5273919092465753
32.0,32.0,2.0,10.0,134.0,125.0,4263.0,15904.0,0,0.940625,0.000976562,0.03125,6400000.0,0.9409246575342465
32.0,32.0,2.0,4.0,121.0,119.0,3930.0,14944.0,0,0.9078125,256.0,128.0,6400000.0,0.9033657962328766
1.0,16.0,8.0,1.0,1.0,1.0,543.0,32.0,0,0.5015625,128.0,1024.0,6400000.0,0.5273919092465753
32.0,32.0,2.0,5.0,120.0,116.0,3874.0,14464.0,0,0.940625,0.00195312,256.0,6400000.0,0.9033657962328766
32.0,32.0,2.0,10.0,134.0,125.0,4263.0,15904.0,0,0.940625,0.00195312,0.25,6400000.0,0.9409246575342465
16.0,16.0,8.0,5.0,99.0,97.0,5467.0,13472.0,0,0.940625,128.0,1.0,6400000.0,0.9409246575342465
1.0,16.0,8.0,1.0,1.0,1.0,543.0,32.0,0,0.5015625,16384.0,1.0,6400000.0,0.5273919092465753
32.0,32.0,2.0,9.0,133.0,125.0,4249.0,15904.0,0,0.940625,0.00390625,2.0,6400000.0,0.9409246575342465
32.0,32.0,1.0,4.0,67.0,64.0,2127.0,6144.0,0,0.9078125,0.0078125,64.0,6400000.0,0.9033657962328766
1.0,16.0,8.0,1.0,1.0,1.0,543.0,32.0,0,0.5015625,16384.0,1024.0,6400000.0,0.5273919092465753
1.0,32.0,2.0,1.0,1.0,1.0,39.0,32.0,0,0.5015625,512.0,0.000976562,6400000.0,0.5273919092465753
1.0,32.0,1.0,1.0,1.0,1.0,35.0,32.0,0,0.5015625,0.0,32768.0,6400000.0,0.5273919092465753
1.0,32.0,2.0,1.0,1.0,1.0,39.0,32.0,0,0.5015625,0.00390625,2048.0,6400000.0,0.5273919092465753
32.0,32.0,2.0,10.0,134.0,125.0,4263.0,15904.0,0,0.940625,0.00390625,0.00195312,6400000.0,0.9409246575342465
32.0,32.0,2.0,5.0,122.0,118.0,3940.0,14784.0,0,0.940625,32.0,0.5,6400000.0,0.9409246575342465
1.0,32.0,2.0,1.0,1.0,1.0,39.0,32.0,0,0.5015625,0.0078125,16384.0,6400000.0,0.5273919092465753
32.0,32.0,1.0,5.0,68.0,64.0,2138.0,6144.0,0,0.9078125,0.00195312,0.00195312,6400000.0,0.9033657962328766
32.0,32.0,1.0,5.0,68.0,64.0,2138.0,6144.0,0,0.9078125,4.0,2.0,6400000.0,0.9033657962328766
1.0,32.0,2.0,1.0,1.0,1.0,39.0,32.0,0,0.5015625,32.0,512.0,6400000.0,0.5273919092465753
32.0,32.0,2.0,10.0,134.0,125.0,4263.0,15904.0,0,0.940625,0.0078125,0.015625,6400000.0,0.9409246575342465
32.0,32.0,1.0,5.0,68.0,64.0,2138.0,6144.0,0,0.9078125,0.015625,0.0,6400000.0,0.9033657962328766
16.0,16.0,8.0,5.0,99.0,97.0,5467.0,13472.0,0,0.940625,256.0,0.0078125,6400000.0,0.9303571428571427
32.0,32.0,1.0,5.0,68.0,64.0,2138.0,6144.0,0,0.9078125,0.000976562,0.25,6400000.0,0.9033657962328766
32.0,32.0,2.0,5.0,121.0,117.0,3907.0,14624.0,0,0.940625,0.015625,128.0,6400000.0,0.9409246575342465
1.0,16.0,8.0,1.0,1.0,1.0,543.0,32.0,0,0.5015625,32768.0,0.0078125,6400000.0,0.5273919092465753
32.0,32.0,1.0,4.0,67.0,64.0,2127.0,6144.0,0,0.9078125,0.000976562,256.0,6400000.0,0.9033657962328766
32.0,32.0,2.0,10.0,134.0,125.0,4263.0,15904.0,0,0.940625,0.015625,0.125,6400000.0,0.9409246575342465
1.0,32.0,2.0,1.0,1.0,1.0,39.0,32.0,0,0.5015625,2048.0,0.03125,6400000.0,0.5273919092465753
32.0,32.0,2.0,7.0,126.0,120.0,4031.0,15104.0,0,0.940625,0.0078125,16.0,6400000.0,0.9409246575342465
32.0,32.0,2.0,10.0,134.0,125.0,4263.0,15904.0,0,0.940625,0.03125,0.000976562,6400000.0,0.9409246575342465
1.0,32.0,2.0,1.0,1.0,1.0,39.0,32.0,0,0.5015625,0.03125,1024.0,6400000.0,0.5273919092465753
32.0,32.0,2.0,7.0,130.0,124.0,4163.0,15744.0,0,0.940625,0.0625,8.0,6400000.0,0.9409246575342465
1.0,32.0,2.0,1.0,1.0,1.0,39.0,32.0,0,0.5015625,0.0625,8192.0,6400000.0,0.5273919092465753
1.0,16.0,8.0,1.0,1.0,1.0,543.0,32.0,0,0.5015625,32768.0,8.0,6400000.0,0.5273919092465753
32.0,32.0,2.0,9.0,133.0,125.0,4249.0,15904.0,0,0.940625,0.03125,1.0,6400000.0,0.9409246575342465
1.0,16.0,8.0,1.0,1.0,1.0,543.0,32.0,0,0.5015625,32768.0,8192.0,6400000.0,0.5273919092465753
1.0,32.0,2.0,1.0,1.0,1.0,39.0,32.0,0,0.5015625,512.0,1.0,6400000.0,0.5273919092465753
32.0,32.0,2.0,5.0,122.0,118.0,3940.0,14784.0,0,0.940625,64.0,4.0,6400000.0,0.9409246575342465
32.0,32.0,2.0,10.0,134.0,125.0,4263.0,15904.0,0,0.940625,0.0625,0.0078125,6400000.0,0.9409246575342465
32.0,32.0,2.0,5.0,122.0,118.0,3940.0,14784.0,0,0.940625,0.125,64.0,6400000.0,0.9409246575342465
1.0,32.0,1.0,1.0,1.0,1.0,35.0,32.0,0,0.5015625,4.0,2048.0,6400000.0,0.5273919092465753
32.0,32.0,2.0,5.0,122.0,118.0,3940.0,14784.0,0,0.940625,64.0,0.00390625,6400000.0,0.9409246575342465
1.0,32.0,1.0,1.0,1.0,1.0,35.0,32.0,0,0.5015625,0.0625,16384.0,6400000.0,0.5273919092465753
32.0,32.0,1.0,5.0,68.0,64.0,2138.0,6144.0,0,0.9078125,0.125,0.125,6400000.0,0.9033657962328766
1.0,16.0,8.0,1.0,1.0,1.0,543.0,32.0,0,0.5015625,256.0,8192.0,6400000.0,0.5273919092465753
32.0,32.0,1.0,5.0,68.0,64.0,2138.0,6144.0,0,0.9078125,0.015625,0.5,6400000.0,0.9033657962328766
1.0,32.0,2.0,1.0,1.0,1.0,39.0,32.0,0,0.5015625,512.0,1024.0,6400000.0,0.5273919092465753
1.0,32.0,2.0,1.0,1.0,1.0,39.0,32.0,0,0.5015625,2048.0,32.0,6400000.0,0.5273919092465753
16.0,16.0,8.0,5.0,99.0,97.0,5467.0,13472.0,0,0.940625,256.0,8.0,6400000.0,0.9303571428571427
32.0,32.0,1.0,5.0,68.0,64.0,2138.0,6144.0,0,0.9078125,0.25,0.000976562,6400000.0,0.9033657962328766
32.0,32.0,1.0,5.0,68.0,64.0,2138.0,6144.0,0,0.9078125,0.00195312,2.0,6400000.0,0.9033657962328766
32.0,32.0,1.0,5.0,68.0,64.0,2138.0,6144.0,0,0.9078125,0.03125,0.00390625,6400000.0,0.9033657962328766
32.0,32.0,2.0,10.0,134.0,125.0,4263.0,15904.0,0,0.940625,0.125,0.0625,6400000.0,0.9409246575342465
1.0,32.0,1.0,1.0,1.0,1.0,35.0,32.0,0,0.5015625,8.0,16384.0,6400000.0,0.5273919092465753
32.0,32.0,1.0,4.0,67.0,64.0,2127.0,6144.0,0,0.9078125,0.125,128.0,6400000.0,0.9033657962328766
32.0,32.0,1.0,5.0,68.0,64.0,2138.0,6144.0,0,0.9078125,8.0,0.015625,6400000.0,0.9033657962328766
32.0,32.0,2.0,10.0,134.0,125.0,4263.0,15904.0,0,0.940625,0.25,0.0,6400000.0,0.9409246575342465
1.0,32.0,1.0,1.0,1.0,1.0,35.0,32.0,0,0.5015625,0.015625,512.0,6400000.0,0.5273919092465753
1.0,32.0,1.0,1.0,1.0,1.0,35.0,32.0,0,0.5015625,0.00195312,2048.0,6400000.0,0.5273919092465753
32.0,32.0,1.0,5.0,68.0,64.0,2138.0,6144.0,0,0.9078125,8.0,16.0,6400000.0,0.9033657962328766
32.0,32.0,2.0,9.0,133.0,125.0,4249.0,15904.0,0,0.940625,0.25,0.5,6400000.0,0.9409246575342465
1.0,32.0,2.0,1.0,1.0,1.0,39.0,32.0,0,0.5015625,2048.0,32768.0,6400000.0,0.5273919092465753
1.0,32.0,2.0,1.0,1.0,1.0,39.0,32.0,0,0.5015625,0.25,512.0,6400000.0,0.5273919092465753
1.0,32.0,2.0,1.0,1.0,1.0,39.0,32.0,0,0.5015625,0.5,4096.0,6400000.0,0.5273919092465753
32.0,32.0,2.0,9.0,133.0,125.0,4249.0,15904.0,0,0.940625,0.5,0.00390625,6400000.0,0.9409246575342465
1.0,32.0,2.0,1.0,1.0,1.0,39.0,32.0,0,0.5015625,64.0,4096.0,6400000.0,0.5273919092465753
32.0,32.0,2.0,5.0,120.0,116.0,3874.0,14464.0,0,0.940625,2.0,256.0,6400000.0,0.9033657962328766
32.0,32.0,1.0,5.0,68.0,64.0,2138.0,6144.0,0,0.9078125,0.25,1.0,6400000.0,0.9033657962328766
1.0,32.0,2.0,1.0,1.0,1.0,39.0,32.0,0,0.5015625,1024.0,0.0078125,6400000.0,0.5273919092465753
32.0,32.0,2.0,9.0,133.0,125.0,4249.0,15904.0,0,0.940625,0.5,4.0,6400000.0,0.9409246575342465
32.0,32.0,1.0,5.0,68.0,64.0,2138.0,6144.0,0,0.9078125,16.0,0.125,6400000.0,0.9033657962328766
32.0,32.0,2.0,9.0,133.0,125.0,4249.0,15904.0,0,0.940625,1.0,0.03125,6400000.0,0.9409246575342465
32.0,32.0,1.0,4.0,67.0,64.0,2127.0,6144.0,0,0.9078125,32.0,0.000976562,6400000.0,0.9033657962328766
32.0,32.0,1.0,4.0,67.0,64.0,2127.0,6144.0,0,0.9078125,32.0,1.0,6400000.0,0.9033657962328766
32.0,32.0,2.0,9.0,133.0,125.0,4249.0,15904.0,0,0.940625,4.0,0.00195312,6400000.0,0.9409246575342465
32.0,32.0,1.0,4.0,67.0,64.0,2127.0,6144.0,0,0.9078125,16.0,128.0,6400000.0,0.9033657962328766
32.0,32.0,1.0,5.0,68.0,64.0,2138.0,6144.0,0,0.9078125,0.0,0.0625,6400000.0,0.9033657962328766
1.0,32.0,2.0,1.0,1.0,1.0,39.0,32.0,0,0.5015625,1.0,32768.0,6400000.0,0.5273919092465753
32.0,32.0,2.0,5.0,122.0,118.0,3940.0,14784.0,0,0.940625,1.0,32.0,6400000.0,0.9409246575342465
32.0,32.0,1.0,5.0,68.0,64.0,2138.0,6144.0,0,0.9078125,0.00390625,0.015625,6400000.0,0.9033657962328766
32.0,32.0,2.0,5.0,121.0,117.0,3907.0,14624.0,0,0.940625,128.0,0.03125,6400000.0,0.9409246575342465
1.0,32.0,1.0,1.0,1.0,1.0,35.0,32.0,0,0.5015625,0.25,1024.0,6400000.0,0.5273919092465753
32.0,32.0,1.0,5.0,68.0,64.0,2138.0,6144.0,0,0.9078125,0.03125,4.0,6400000.0,0.9033657962328766
32.0,32.0,1.0,4.0,67.0,64.0,2127.0,6144.0,0,0.9078125,64.0,8.0,6400000.0,0.9033657962328766
32.0,32.0,1.0,5.0,68.0,64.0,2138.0,6144.0,0,0.9078125,0.5,0.0078125,6400000.0,0.9033657962328766
1.0,32.0,1.0,1.0,1.0,1.0,35.0,32.0,0,0.5015625,32.0,1024.0,6400000.0,0.5273919092465753
32.0,32.0,1.0,4.0,67.0,64.0,2127.0,6144.0,0,0.9078125,64.0,0.0078125,6400000.0,0.9033657962328766
32.0,32.0,1.0,4.0,67.0,64.0,2127.0,6144.0,0,0.9078125,128.0,0.0625,6400000.0,0.9033657962328766
32.0,32.0,2.0,9.0,133.0,125.0,4249.0,15904.0,0,0.940625,2.0,0.25,6400000.0,0.9409246575342465
1.0,32.0,2.0,1.0,1.0,1.0,39.0,32.0,0,0.5015625,4096.0,0.25,6400000.0,0.5273919092465753
32.0,32.0,2.0,9.0,133.0,125.0,4249.0,15904.0,0,0.940625,4.0,2.0,6400000.0,0.9409246575342465
1.0,32.0,1.0,1.0,1.0,1.0,35.0,32.0,0,0.5015625,64.0,8192.0,6400000.0,0.5273919092465753
1.0,16.0,8.0,1.0,1.0,1.0,543.0,32.0,0,0.5015625,512.0,64.0,6400000.0,0.5273919092465753
1.0,32.0,1.0,1.0,1.0,1.0,35.0,32.0,0,0.5015625,0.5,8192.0,6400000.0,0.5273919092465753
32.0,32.0,1.0,5.0,68.0,64.0,2138.0,6144.0,0,0.9078125,0.5,8.0,6400000.0,0.9033657962328766
32.0,32.0,2.0,5.0,120.0,116.0,3874.0,14464.0,0,0.940625,128.0,32.0,6400000.0,0.9409246575342465
1.0,32.0,2.0,1.0,1.0,1.0,39.0,32.0,0,0.5015625,4.0,2048.0,6400000.0,0.5273919092465753
32.0,32.0,1.0,4.0,67.0,64.0,2127.0,6144.0,0,0.9078125,128.0,64.0,6400000.0,0.9033657962328766
32.0,32.0,1.0,4.0,67.0,64.0,2127.0,6144.0,0,0.9078125,256.0,0.0,6400000.0,0.9033657962328766
1.0,32.0,2.0,1.0,1.0,1.0,39.0,32.0,0,0.5015625,1024.0,8.0,6400000.0,0.5273919092465753
1.0,16.0,8.0,1.0,1.0,1.0,543.0,32.0,0,0.5015625,512.0,0.0625,6400000.0,0.5273919092465753
1.0,16.0,8.0,1.0,1.0,1.0,543.0,32.0,0,0.5015625,1024.0,0.0,6400000.0,0.5273919092465753
1.0,16.0,8.0,1.0,1.0,1.0,543.0,32.0,0,0.5015625,1024.0,0.5,6400000.0,0.5273919092465753
1.0,32.0,2.0,1.0,1.0,1.0,39.0,32.0,0,0.5015625,4096.0,256.0,6400000.0,0.5273919092465753
32.0,32.0,1.0,4.0,67.0,64.0,2127.0,6144.0,0,0.9078125,256.0,0.5,6400000.0,0.9033657962328766
1.0,16.0,8.0,1.0,1.0,1.0,543.0,32.0,0,0.5015625,1024.0,512.0,6400000.0,0.5273919092465753
1.0,32.0,2.0,1.0,1.0,1.0,39.0,32.0,0,0.5015625,8192.0,0.00195312,6400000.0,0.5273919092465753
32.0,32.0,2.0,6.0,124.0,119.0,3987.0,14944.0,0,0.940625,8.0,16.0,6400000.0,0.9409246575342465
1.0,32.0,2.0,1.0,1.0,1.0,39.0,32.0,0,0.5015625,8.0,16384.0,6400000.0,0.5273919092465753
32.0,32.0,2.0,7.0,130.0,124.0,4163.0,15744.0,0,0.940625,8.0,0.015625,6400000.0,0.9409246575342465
1.0,32.0,1.0,1.0,1.0,1.0,35.0,32.0,0,0.5015625,256.0,512.0,6400000.0,0.5273919092465753
1.0,32.0,2.0,1.0,1.0,1.0,39.0,32.0,0,0.5015625,8192.0,2.0,6400000.0,0.5273919092465753
32.0,32.0,1.0,4.0,67.0,64.0,2127.0,6144.0,0,0.9078125,0.0,64.0,6400000.0,0.9033657962328766
1.0,32.0,1.0,1.0,1.0,1.0,35.0,32.0,0,0.5015625,512.0,0.00390625,6400000.0,0.5273919092465753
32.0,32.0,1.0,4.0,67.0,64.0,2127.0,6144.0,0,0.9078125,1.0,64.0,6400000.0,0.9033657962328766
1.0,32.0,1.0,1.0,1.0,1.0,35.0,32.0,0,0.5015625,1024.0,32.0,6400000.0,0.5273919092465753
1.0,32.0,1.0,1.0,1.0,1.0,35.0,32.0,0,0.5015625,1024.0,0.03125,6400000.0,0.5273919092465753
1.0,32.0,1.0,1.0,1.0,1.0,35.0,32.0,0,0.5015625,1024.0,32768.0,6400000.0,0.5273919092465753
1.0,32.0,1.0,1.0,1.0,1.0,35.0,32.0,0,0.5015625,512.0,4096.0,6400000.0,0.5273919092465753
1.0,32.0,1.0,1.0,1.0,1.0,35.0,32.0,0,0.5015625,4096.0,2.0,6400000.0,0.5273919092465753
1.0,32.0,1.0,1.0,1.0,1.0,35.0,32.0,0,0.5015625,2048.0,0.25,6400000.0,0.5273919092465753
32.0,32.0,1.0,5.0,68.0,64.0,2138.0,6144.0,0,0.9078125,1.0,0.0625,6400000.0,0.9033657962328766
1.0,32.0,2.0,1.0,1.0,1.0,39.0,32.0,0,0.5015625,8192.0,2048.0,6400000.0,0.5273919092465753
32.0,32.0,2.0,5.0,121.0,117.0,3907.0,14624.0,0,0.940625,16.0,128.0,6400000.0,0.9409246575342465
1.0,32.0,2.0,1.0,1.0,1.0,39.0,32.0,0,0.5015625,16384.0,0.015625,6400000.0,0.5273919092465753
1.0,32.0,1.0,1.0,1.0,1.0,35.0,32.0,0,0.5015625,512.0,4.0,6400000.0,0.5273919092465753
1.0,32.0,2.0,1.0,1.0,1.0,39.0,32.0,0,0.5015625,1024.0,8192.0,6400000.0,0.5273919092465753
1.0,32.0,1.0,1.0,1.0,1.0,35.0,32.0,0,0.5015625,4096.0,0.00195312,6400000.0,0.5273919092465753
32.0,32.0,1.0,5.0,68.0,64.0,2138.0,6144.0,0,0.9078125,0.00390625,16.0,6400000.0,0.9033657962328766
1.0,32.0,2.0,1.0,1.0,1.0,39.0,32.0,0,0.5015625,16384.0,16.0,6400000.0,0.5273919092465753
1.0,32.0,2.0,1.0,1.0,1.0,39.0,32.0,0,0.5015625,128.0,32768.0,6400000.0,0.5273919092465753
32.0,32.0,2.0,7.0,126.0,120.0,4031.0,15104.0,0,0.940625,16.0,0.125,6400000.0,0.9409246575342465
1.0,32.0,1.0,1.0,1.0,1.0,35.0,32.0,0,0.5015625,2048.0,256.0,6400000.0,0.5273919092465753
1.0,16.0,8.0,1.0,1.0,1.0,543.0,32.0,0,0.5015625,2048.0,0.00390625,6400000.0,0.5273919092465753
1.0,32.0,1.0,1.0,1.0,1.0,35.0,32.0,0,0.5015625,0.03125,4096.0,6400000.0,0.5273919092465753
1.0,32.0,1.0,1.0,1.0,1.0,35.0,32.0,0,0.5015625,4096.0,2048.0,6400000.0,0.5273919092465753
1.0,32.0,1.0,1.0,1.0,1.0,35.0,32.0,0,0.5015625,8192.0,16.0,6400000.0,0.5273919092465753
1.0,32.0,1.0,1.0,1.0,1.0,35.0,32.0,0,0.5015625,16384.0,0.125,6400000.0,0.5273919092465753
1.0,32.0,1.0,1.0,1.0,1.0,35.0,32.0,0,0.5015625,8192.0,0.015625,6400000.0,0.5273919092465753
1.0,16.0,8.0,1.0,1.0,1.0,543.0,32.0,0,0.5015625,2048.0,4.0,6400000.0,0.5273919092465753
1.0,32.0,1.0,1.0,1.0,1.0,35.0,32.0,0,0.5015625,0.00390625,16384.0,6400000.0,0.5273919092465753
32.0,32.0,1.0,5.0,68.0,64.0,2138.0,6144.0,0,0.9078125,2.0,0.0,6400000.0,0.9033657962328766
1.0,16.0,8.0,1.0,1.0,1.0,543.0,32.0,0,0.5015625,2048.0,4096.0,6400000.0,0.5273919092465753
1.0,32.0,1.0,1.0,1.0,1.0,35.0,32.0,0,0.5015625,16384.0,128.0,6400000.0,0.5273919092465753
1.0,32.0,1.0,1.0,1.0,1.0,35.0,32.0,0,0.5015625,2.0,512.0,6400000.0,0.5273919092465753
1.0,16.0,8.0,1.0,1.0,1.0,543.0,32.0,0,0.5015625,4096.0,0.03125,6400000.0,0.5273919092465753
1.0,32.0,1.0,1.0,1.0,1.0,35.0,32.0,0,0.5015625,8192.0,16384.0,6400000.0,0.5273919092465753
32.0,32.0,2.0,5.0,122.0,118.0,3940.0,14784.0,0,0.940625,32.0,0.000976562,6400000.0,0.9409246575342465
32.0,32.0,1.0,4.0,67.0,64.0,2127.0,6144.0,0,0.9078125,0.0625,32.0,6400000.0,0.9033657962328766
32.0,32.0,1.0,5.0,68.0,64.0,2138.0,6144.0,0,0.9078125,0.0625,0.03125,6400000.0,0.9033657962328766
32.0,32.0,1.0,5.0,68.0,64.0,2138.0,6144.0,0,0.9078125,4.0,0.00390625,6400000.0,0.9033657962328766
1.0,16.0,8.0,1.0,1.0,1.0,543.0,32.0,0,0.5015625,8192.0,0.25,6400000.0,0.5273919092465753
1.0,32.0,2.0,1.0,1.0,1.0,39.0,32.0,0,0.5015625,0.0,8192.0,6400000.0,0.5273919092465753
1.0,32.0,2.0,1.0,1.0,1.0,39.0,32.0,0,0.5015625,16384.0,16384.0,6400000.0,0.5273919092465753
1.0,32.0,1.0,1.0,1.0,1.0,35.0,32.0,0,0.5015625,32768.0,0.000976562,6400000.0,0.5273919092465753
1.0,32.0,1.0,1.0,1.0,1.0,35.0,32.0,0,0.5015625,32768.0,1024.0,6400000.0,0.5273919092465753
32.0,32.0,1.0,5.0,68.0,64.0,2138.0,6144.0,0,0.9078125,2.0,0.5,6400000.0,0.9033657962328766
1.0,32.0,2.0,1.0,1.0,1.0,39.0,32.0,0,0.5015625,32768.0,0.125,6400000.0,0.5273919092465753
1.0,32.0,2.0,1.0,1.0,1.0,39.0,32.0,0,0.5015625,32768.0,128.0,6400000.0,0.5273919092465753
32.0,32.0,2.0,10.0,134.0,125.0,4263.0,15904.0,0,0.940625,0.0,0.0078125,6400000.0,0.9409246575342465
1.0,16.0,8.0,1.0,1.0,1.0,543.0,32.0,0,0.5015625,4096.0,32768.0,6400000.0,0.5273919092465753
1.0,32.0,1.0,1.0,1.0,1.0,35.0,32.0,0,0.5015625,32768.0,1.0,6400000.0,0.5273919092465753
32.0,32.0,4.0,20.0,321.0,322.0,10382.0,47424.0,0,0.94375,0.0,0.000976562,6400000.0,0.9479673740215265
32.0,32.0,2.0,10.0,134.0,125.0,4263.0,15904.0,0,0.940625,0.00195312,0.0,6400000.0,0.9409246575342465
1.0,16.0,8.0,1.0,1.0,1.0,543.0,32.0,0,0.5015625,4096.0,32.0,6400000.0,0.5273919092465753
1.0,16.0,8.0,1.0,1.0,1.0,543.0,32.0,0,0.5015625,8192.0,256.0,6400000.0,0.5273919092465753
32.0,32.0,1.0,5.0,68.0,64.0,2138.0,6144.0,0,0.9078125,0.0078125,0.125,6400000.0,0.9033657962328766
32.0,32.0,2.0,7.0,130.0,124.0,4163.0,15744.0,0,0.940625,0.0,8.0,6400000.0,0.9409246575342465
1.0,16.0,8.0,1.0,1.0,1.0,543.0,32.0,0,0.5015625,16384.0,0.00195312,6400000.0,0.5273919092465753
32.0,32.0,2.0,5.0,120.0,116.0,3874.0,14464.0,0,0.940625,256.0,0.25,6400000.0,0.9033657962328766
32.0,32.0,2.0,5.0,122.0,118.0,3940.0,14784.0,0,0.940625,0.000976562,64.0,6400000.0,0.9409246575342465
32.0,32.0,2.0,10.0,134.0,125.0,4263.0,15904.0,0,0.940625,0.000976562,0.0625,6400000.0,0.9409246575342465
1.0,32.0,2.0,1.0,1.0,1.0,39.0,32.0,0,0.5015625,0.00195312,512.0,6400000.0,0.5273919092465753
1.0,32.0,2.0,1.0,1.0,1.0,39.0,32.0,0,0.5015625,256.0,256.0,6400000.0,0.5273919092465753
32.0,32.0,2.0,9.0,133.0,125.0,4249.0,15904.0,0,0.940625,0.00195312,0.5,6400000.0,0.9409246575342465
32.0,32.0,4.0,16.0,313.0,317.0,10190.0,46624.0,0,0.9484375,0.0,1.0,6400000.0,0.9475752201565557
32.0,32.0,2.0,9.0,133.0,125.0,4249.0,15904.0,0,0.940625,0.00390625,4.0,6400000.0,0.9409246575342465
1.0,16.0,8.0,1.0,1.0,1.0,543.0,32.0,0,0.5015625,16384.0,2048.0,6400000.0,0.5273919092465753
32.0,32.0,1.0,5.0,68.0,64.0,2138.0,6144.0,0,0.9078125,0.000976562,0.0,6400000.0,0.9033657962328766
1.0,16.0,8.0,1.0,1.0,1.0,543.0,32.0,0,0.5015625,16384.0,2.0,6400000.0,0.5273919092465753
1.0,32.0,2.0,1.0,1.0,1.0,39.0,32.0,0,0.5015625,512.0,0.00195312,6400000.0,0.5273919092465753
1.0,32.0,4.0,1.0,1.0,1.0,63.0,32.0,0,0.5015625,0.0,1024.0,6400000.0,0.5273919092465753
32.0,32.0,1.0,4.0,67.0,64.0,2127.0,6144.0,0,0.9078125,0.0078125,128.0,6400000.0,0.9033657962328766
32.0,32.0,2.0,10.0,134.0,125.0,4263.0,15904.0,0,0.940625,0.00390625,0.00390625,6400000.0,0.9409246575342465
1.0,32.0,2.0,1.0,1.0,1.0,39.0,32.0,0,0.5015625,0.00390625,4096.0,6400000.0,0.5273919092465753
32.0,32.0,1.0,5.0,68.0,64.0,2138.0,6144.0,0,0.9078125,0.00195312,0.00390625,6400000.0,0.9033657962328766
1.0,32.0,2.0,1.0,1.0,1.0,39.0,32.0,0,0.5015625,32.0,1024.0,6400000.0,0.5273919092465753
1.0,32.0,2.0,1.0,1.0,1.0,39.0,32.0,0,0.5015625,0.0078125,32768.0,6400000.0,0.5273919092465753
32.0,32.0,2.0,5.0,122.0,118.0,3940.0,14784.0,0,0.940625,32.0,1.0,6400000.0,0.9409246575342465
32.0,32.0,1.0,5.0,68.0,64.0,2138.0,6144.0,0,0.9078125,0.000976562,0.5,6400000.0,0.9033657962328766
32.0,32.0,2.0,10.0,134.0,125.0,4263.0,15904.0,0,0.940625,0.0078125,0.03125,6400000.0,0.9409246575342465
32.0,32.0,2.0,5.0,120.0,116.0,3874.0,14464.0,0,0.940625,0.015625,256.0,6400000.0,0.9033657962328766
32.0,32.0,4.0,20.0,321.0,322.0,10382.0,47424.0,0,0.94375,0.000976562,0.0078125,6400000.0,0.9479673740215265
32.0,32.0,1.0,5.0,68.0,64.0,2138.0,6144.0,0,0.9078125,0.015625,0.000976562,6400000.0,0.9033657962328766
32.0,32.0,1.0,5.0,68.0,64.0,2138.0,6144.0,0,0.9078125,4.0,4.0,6400000.0,0.9033657962328766
1.0,16.0,8.0,1.0,1.0,1.0,543.0,32.0,0,0.5015625,32768.0,0.015625,6400000.0,0.5273919092465753
1.0,32.0,2.0,1.0,1.0,1.0,39.0,32.0,0,0.5015625,0.03125,2048.0,6400000.0,0.5273919092465753
32.0,32.0,2.0,5.0,122.0,118.0,3940.0,14784.0,0,0.940625,0.0078125,32.0,6400000.0,0.9409246575342465
1.0,32.0,2.0,1.0,1.0,1.0,39.0,32.0,0,0.5015625,2048.0,0.0625,6400000.0,0.5273919092465753
32.0,32.0,2.0,9.0,133.0,125.0,4249.0,15904.0,0,0.940625,0.015625,0.25,6400000.0,0.9409246575342465
1.0,32.0,1.0,1.0,1.0,1.0,35.0,32.0,0,0.5015625,0.000976562,512.0,6400000.0,0.5273919092465753
32.0,32.0,2.0,7.0,126.0,120.0,4031.0,15104.0,0,0.940625,0.0625,16.0,6400000.0,0.9409246575342465
1.0,16.0,8.0,1.0,1.0,1.0,543.0,32.0,0,0.5015625,32768.0,16.0,6400000.0,0.5273919092465753
1.0,32.0,2.0,1.0,1.0,1.0,39.0,32.0,0,0.5015625,0.0625,16384.0,6400000.0,0.5273919092465753
32.0,32.0,2.0,10.0,134.0,125.0,4263.0,15904.0,0,0.940625,0.03125,0.00195312,6400000.0,0.9409246575342465
1.0,16.0,8.0,1.0,1.0,1.0,543.0,32.0,0,0.5015625,32768.0,16384.0,6400000.0,0.5273919092465753
32.0,32.0,2.0,5.0,122.0,118.0,3940.0,14784.0,0,0.940625,64.0,8.0,6400000.0,0.9409246575342465
1.0,32.0,1.0,1.0,1.0,1.0,35.0,32.0,0,0.5015625,4.0,4096.0,6400000.0,0.5273919092465753
1.0,32.0,2.0,1.0,1.0,1.0,39.0,32.0,0,0.5015625,512.0,2.0,6400000.0,0.5273919092465753
32.0,32.0,2.0,10.0,134.0,125.0,4263.0,15904.0,0,0.940625,0.0625,0.015625,6400000.0,0.9409246575342465
1.0,32.0,2.0,1.0,1.0,1.0,39.0,32.0,0,0.5015625,512.0,2048.0,6400000.0,0.5273919092465753
32.0,32.0,2.0,5.0,122.0,118.0,3940.0,14784.0,0,0.940625,64.0,0.0078125,6400000.0,0.9409246575342465
32.0,32.0,2.0,9.0,133.0,125.0,4249.0,15904.0,0,0.940625,0.03125,2.0,6400000.0,0.9409246575342465
32.0,32.0,1.0,5.0,68.0,64.0,2138.0,6144.0,0,0.9078125,0.125,0.25,6400000.0,0.9033657962328766
32.0,32.0,2.0,5.0,121.0,117.0,3907.0,14624.0,0,0.940625,0.125,128.0,6400000.0,0.9409246575342465
1.0,32.0,1.0,1.0,1.0,1.0,35.0,32.0,0,0.5015625,0.0625,32768.0,6400000.0,0.5273919092465753
32.0,32.0,1.0,5.0,68.0,64.0,2138.0,6144.0,0,0.9078125,0.015625,1.0,6400000.0,0.9033657962328766
1.0,32.0,2.0,1.0,1.0,1.0,39.0,32.0,0,0.5015625,2048.0,64.0,6400000.0,0.5273919092465753
1.0,32.0,1.0,1.0,1.0,1.0,35.0,32.0,0,0.5015625,8.0,32768.0,6400000.0,0.5273919092465753
32.0,32.0,1.0,5.0,68.0,64.0,2138.0,6144.0,0,0.9078125,0.25,0.00195312,6400000.0,0.9033657962328766
32.0,32.0,4.0,11.0,311.0,314.0,10228.0,46144.0,0,0.9453125,0.000976562,8.0,6400000.0,0.9467932057240704
32.0,32.0,1.0,5.0,68.0,64.0,2138.0,6144.0,0,0.9078125,0.00195312,4.0,6400000.0,0.9033657962328766
32.0,32.0,1.0,5.0,68.0,64.0,2138.0,6144.0,0,0.9078125,0.03125,0.0078125,6400000.0,0.9033657962328766
32.0,32.0,2.0,10.0,134.0,125.0,4263.0,15904.0,0,0.940625,0.125,0.125,6400000.0,0.9409246575342465
32.0,32.0,1.0,5.0,68.0,64.0,2138.0,6144.0,0,0.9078125,8.0,0.03125,6400000.0,0.9033657962328766
32.0,32.0,2.0,10.0,134.0,125.0,4263.0,15904.0,0,0.940625,0.25,0.000976562,6400000.0,0.9409246575342465
1.0,32.0,1.0,1.0,1.0,1.0,35.0,32.0,0,0.5015625,0.015625,1024.0,6400000.0,0.5273919092465753
32.0,32.0,1.0,4.0,67.0,64.0,2127.0,6144.0,0,0.9078125,0.125,256.0,6400000.0,0.9033657962328766
1.0,32.0,1.0,1.0,1.0,1.0,35.0,32.0,0,0.5015625,0.00195312,4096.0,6400000.0,0.5273919092465753
32.0,32.0,1.0,4.0,67.0,64.0,2127.0,6144.0,0,0.9078125,8.0,32.0,6400000.0,0.9033657962328766
32.0,32.0,2.0,9.0,133.0,125.0,4249.0,15904.0,0,0.940625,0.25,1.0,6400000.0,0.9409246575342465
1.0,32.0,2.0,1.0,1.0,1.0,39.0,32.0,0,0.5015625,4096.0,0.0,6400000.0,0.5273919092465753
1.0,32.0,2.0,1.0,1.0,1.0,39.0,32.0,0,0.5015625,0.25,1024.0,6400000.0,0.5273919092465753
32.0,32.0,2.0,9.0,133.0,125.0,4249.0,15904.0,0,0.940625,0.5,0.0078125,6400000.0,0.9409246575342465
1.0,32.0,2.0,1.0,1.0,1.0,39.0,32.0,0,0.5015625,0.5,8192.0,6400000.0,0.5273919092465753
1.0,32.0,2.0,1.0,1.0,1.0,39.0,32.0,0,0.5015625,64.0,8192.0,6400000.0,0.5273919092465753
1.0,32.0,2.0,1.0,1.0,1.0,39.0,32.0,0,0.5015625,2.0,512.0,6400000.0,0.5273919092465753
32.0,32.0,2.0,9.0,133.0,125.0,4249.0,15904.0,0,0.940625,1.0,0.0625,6400000.0,0.9409246575342465
32.0,32.0,1.0,5.0,68.0,64.0,2138.0,6144.0,0,0.9078125,0.25,2.0,6400000.0,0.9033657962328766
32.0,32.0,2.0,7.0,130.0,124.0,4163.0,15744.0,0,0.940625,0.5,8.0,6400000.0,0.9409246575342465
1.0,32.0,2.0,1.0,1.0,1.0,39.0,32.0,0,0.5015625,1024.0,0.015625,6400000.0,0.5273919092465753
32.0,32.0,1.0,4.0,67.0,64.0,2127.0,6144.0,0,0.9078125,32.0,2.0,6400000.0,0.9033657962328766
1.0,32.0,4.0,1.0,1.0,1.0,63.0,32.0,0,0.5015625,0.000976562,8192.0,6400000.0,0.5273919092465753
32.0,32.0,1.0,4.0,67.0,64.0,2127.0,6144.0,0,0.9078125,32.0,0.00195312,6400000.0,0.9033657962328766
32.0,32.0,1.0,5.0,68.0,64.0,2138.0,6144.0,0,0.9078125,16.0,0.25,6400000.0,0.9033657962328766
32.0,32.0,1.0,4.0,67.0,64.0,2127.0,6144.0,0,0.9078125,128.0,0.125,6400000.0,0.9033657962328766
32.0,32.0,2.0,5.0,122.0,118.0,3940.0,14784.0,0,0.940625,1.0,64.0,6400000.0,0.9409246575342465
32.0,32.0,2.0,9.0,133.0,125.0,4249.0,15904.0,0,0.940625,4.0,0.00390625,6400000.0,0.9409246575342465
1.0,32.0,1.0,1.0,1.0,1.0,35.0,32.0,0,0.5015625,0.25,2048.0,6400000.0,0.5273919092465753
32.0,32.0,1.0,4.0,67.0,64.0,2127.0,6144.0,0,0.9078125,64.0,16.0,6400000.0,0.9033657962328766
32.0,32.0,1.0,4.0,67.0,64.0,2127.0,6144.0,0,0.9078125,16.0,256.0,6400000.0,0.9033657962328766
32.0,32.0,1.0,5.0,68.0,64.0,2138.0,6144.0,0,0.9078125,0.00390625,0.03125,6400000.0,0.9033657962328766
1.0,32.0,1.0,1.0,1.0,1.0,35.0,32.0,0,0.5015625,32.0,2048.0,6400000.0,0.5273919092465753
32.0,32.0,1.0,5.0,68.0,64.0,2138.0,6144.0,0,0.9078125,0.0,0.125,6400000.0,0.9033657962328766
32.0,32.0,2.0,9.0,133.0,125.0,4249.0,15904.0,0,0.940625,2.0,0.0,6400000.0,0.9409246575342465
32.0,32.0,2.0,9.0,133.0,125.0,4249.0,15904.0,0,0.940625,2.0,0.5,6400000.0,0.9409246575342465
32.0,32.0,1.0,5.0,68.0,64.0,2138.0,6144.0,0,0.9078125,0.03125,8.0,6400000.0,0.9033657962328766
32.0,32.0,2.0,5.0,121.0,117.0,3907.0,14624.0,0,0.940625,128.0,0.0625,6400000.0,0.9409246575342465
32.0,32.0,1.0,5.0,68.0,64.0,2138.0,6144.0,0,0.9078125,0.5,0.015625,6400000.0,0.9033657962328766
1.0,32.0,1.0,1.0,1.0,1.0,35.0,32.0,0,0.5015625,64.0,16384.0,6400000.0,0.5273919092465753
32.0,32.0,1.0,4.0,67.0,64.0,2127.0,6144.0,0,0.9078125,64.0,0.015625,6400000.0,0.9033657962328766
1.0,32.0,2.0,1.0,1.0,1.0,39.0,32.0,0,0.5015625,4096.0,0.5,6400000.0,0.5273919092465753
32.0,32.0,1.0,5.0,68.0,64.0,2138.0,6144.0,0,0.9078125,0.5,16.0,6400000.0,0.9033657962328766
32.0,32.0,2.0,7.0,130.0,124.0,4163.0,15744.0,0,0.940625,4.0,4.0,6400000.0,0.9409246575342465
32.0,32.0,1.0,4.0,67.0,64.0,2127.0,6144.0,0,0.9078125,256.0,0.000976562,6400000.0,0.9033657962328766
1.0,32.0,2.0,1.0,1.0,1.0,39.0,32.0,0,0.5015625,4.0,4096.0,6400000.0,0.5273919092465753
1.0,32.0,1.0,1.0,1.0,1.0,35.0,32.0,0,0.5015625,0.5,16384.0,6400000.0,0.5273919092465753
32.0,32.0,1.0,4.0,67.0,64.0,2127.0,6144.0,0,0.9078125,128.0,128.0,6400000.0,0.9033657962328766
1.0,32.0,2.0,1.0,1.0,1.0,39.0,32.0,0,0.5015625,1024.0,16.0,6400000.0,0.5273919092465753
32.0,32.0,4.0,19.0,322.0,323.0,10436.0,47584.0,0,0.94375,0.00195312,0.0625,6400000.0,0.9483587634540118
32.0,32.0,2.0,5.0,120.0,116.0,3874.0,14464.0,0,0.940625,128.0,64.0,6400000.0,0.9409246575342465
32.0,32.0,4.0,7.0,284.0,293.0,9412.0,42784.0,0,0.940625,0.00195312,64.0,6400000.0,0.9409246575342465
32.0,32.0,4.0,20.0,321.0,322.0,10382.0,47424.0,0,0.94375,0.00390625,0.0,6400000.0,0.9479673740215265
1.0,32.0,2.0,1.0,1.0,1.0,39.0,32.0,0,0.5015625,4096.0,512.0,6400000.0,0.5273919092465753
32.0,32.0,4.0,19.0,323.0,323.0,10468.0,47584.0,0,0.95,0.00390625,0.5,6400000.0,0.9456190374266145
32.0,32.0,1.0,4.0,67.0,64.0,2127.0,6144.0,0,0.9078125,256.0,1.0,6400000.0,0.9033657962328766
1.0,32.0,2.0,1.0,1.0,1.0,39.0,32.0,0,0.5015625,8192.0,4.0,6400000.0,0.5273919092465753
1.0,32.0,2.0,1.0,1.0,1.0,39.0,32.0,0,0.5015625,8.0,32768.0,6400000.0,0.5273919092465753
32.0,32.0,2.0,5.0,122.0,118.0,3940.0,14784.0,0,0.940625,8.0,32.0,6400000.0,0.9409246575342465
1.0,32.0,2.0,1.0,1.0,1.0,39.0,32.0,0,0.5015625,8192.0,0.00390625,6400000.0,0.5273919092465753
32.0,32.0,2.0,7.0,130.0,124.0,4163.0,15744.0,0,0.940625,8.0,0.03125,6400000.0,0.9409246575342465
1.0,32.0,1.0,1.0,1.0,1.0,35.0,32.0,0,0.5015625,256.0,1024.0,6400000.0,0.5273919092465753
1.0,32.0,4.0,1.0,1.0,1.0,63.0,32.0,0,0.5015625,0.00390625,512.0,6400000.0,0.5273919092465753
32.0,32.0,1.0,4.0,67.0,64.0,2127.0,6144.0,0,0.9078125,0.0,128.0,6400000.0,0.9033657962328766
1.0,32.0,1.0,1.0,1.0,1.0,35.0,32.0,0,0.5015625,512.0,0.0078125,6400000.0,0.5273919092465753
32.0,32.0,1.0,4.0,67.0,64.0,2127.0,6144.0,0,0.9078125,1.0,128.0,6400000.0,0.9033657962328766
1.0,32.0,1.0,1.0,1.0,1.0,35.0,32.0,0,0.5015625,1024.0,64.0,6400000.0,0.5273919092465753
1.0,32.0,1.0,1.0,1.0,1.0,35.0,32.0,0,0.5015625,4096.0,4.0,6400000.0,0.5273919092465753
1.0,32.0,1.0,1.0,1.0,1.0,35.0,32.0,0,0.5015625,1024.0,0.0625,6400000.0,0.5273919092465753
1.0,32.0,1.0,1.0,1.0,1.0,35.0,32.0,0,0.5015625,2048.0,0.0,6400000.0,0.5273919092465753
32.0,32.0,2.0,5.0,123.0,119.0,3973.0,14944.0,0,0.9078125,16.0,256.0,6400000.0,0.9033657962328766
1.0,32.0,2.0,1.0,1.0,1.0,39.0,32.0,0,0.5015625,8192.0,4096.0,6400000.0,0.5273919092465753
1.0,32.0,1.0,1.0,1.0,1.0,35.0,32.0,0,0.5015625,2048.0,0.5,6400000.0,0.5273919092465753
1.0,32.0,1.0,1.0,1.0,1.0,35.0,32.0,0,0.5015625,512.0,8.0,6400000.0,0.5273919092465753
1.0,32.0,1.0,1.0,1.0,1.0,35.0,32.0,0,0.5015625,512.0,8192.0,6400000.0,0.5273919092465753
32.0,32.0,1.0,5.0,68.0,64.0,2138.0,6144.0,0,0.9078125,1.0,0.125,6400000.0,0.9033657962328766
1.0,32.0,1.0,1.0,1.0,1.0,35.0,32.0,0,0.5015625,4096.0,0.00390625,6400000.0,0.5273919092465753
1.0,32.0,2.0,1.0,1.0,1.0,39.0,32.0,0,0.5015625,16384.0,0.03125,6400000.0,0.5273919092465753
1.0,32.0,2.0,1.0,1.0,1.0,39.0,32.0,0,0.5015625,1024.0,16384.0,6400000.0,0.5273919092465753
32.0,32.0,2.0,5.0,120.0,116.0,3874.0,14464.0,0,0.940625,256.0,0.0,6400000.0,0.9033657962328766
1.0,32.0,2.0,1.0,1.0,1.0,39.0,32.0,0,0.5015625,16384.0,32.0,6400000.0,0.5273919092465753
32.0,32.0,1.0,4.0,67.0,64.0,2127.0,6144.0,0,0.9078125,0.00390625,32.0,6400000.0,0.9033657962328766
1.0,32.0,1.0,1.0,1.0,1.0,35.0,32.0,0,0.5015625,2048.0,512.0,6400000.0,0.5273919092465753
32.0,32.0,4.0,20.0,321.0,322.0,10382.0,47424.0,0,0.94375,0.0078125,0.00390625,6400000.0,0.9479673740215265
32.0,32.0,2.0,7.0,126.0,120.0,4031.0,15104.0,0,0.940625,16.0,0.25,6400000.0,0.9409246575342465
1.0,32.0,1.0,1.0,1.0,1.0,35.0,32.0,0,0.5015625,0.03125,8192.0,6400000.0,0.5273919092465753
1.0,32.0,1.0,1.0,1.0,1.0,35.0,32.0,0,0.5015625,4096.0,4096.0,6400000.0,0.5273919092465753
1.0,32.0,1.0,1.0,1.0,1.0,35.0,32.0,0,0.5015625,8192.0,0.03125,6400000.0,0.5273919092465753
1.0,32.0,1.0,1.0,1.0,1.0,35.0,32.0,0,0.5015625,16384.0,0.25,6400000.0,0.5273919092465753
1.0,32.0,1.0,1.0,1.0,1.0,35.0,32.0,0,0.5015625,8192.0,32.0,6400000.0,0.5273919092465753
32.0,32.0,4.0,15.0,310.0,309.0,10107.0,45344.0,0,0.946875,0.0078125,4.0,6400000.0,0.9491415423189824
1.0,32.0,1.0,1.0,1.0,1.0,35.0,32.0,0,0.5015625,0.00390625,32768.0,6400000.0,0.5273919092465753
1.0,32.0,1.0,1.0,1.0,1.0,35.0,32.0,0,0.5015625,8192.0,32768.0,6400000.0,0.5273919092465753
1.0,32.0,1.0,1.0,1.0,1.0,35.0,32.0,0,0.5015625,16384.0,256.0,6400000.0,0.5273919092465753
32.0,32.0,1.0,5.0,68.0,64.0,2138.0,6144.0,0,0.9078125,2.0,0.000976562,6400000.0,0.9033657962328766
1.0,32.0,1.0,1.0,1.0,1.0,35.0,32.0,0,0.5015625,2.0,1024.0,6400000.0,0.5273919092465753
1.0,32.0,4.0,1.0,1.0,1.0,63.0,32.0,0,0.5015625,0.0078125,4096.0,6400000.0,0.5273919092465753
32.0,32.0,2.0,5.0,122.0,118.0,3940.0,14784.0,0,0.940625,32.0,0.00195312,6400000.0,0.9409246575342465
32.0,32.0,4.0,20.0,323.0,323.0,10447.0,47584.0,0,0.94375,0.015625,0.03125,6400000.0,0.9483587634540118
32.0,32.0,1.0,5.0,68.0,64.0,2138.0,6144.0,0,0.9078125,4.0,0.0078125,6400000.0,0.9033657962328766
32.0,32.0,1.0,4.0,67.0,64.0,2127.0,6144.0,0,0.9078125,0.0625,64.0,6400000.0,0.9033657962328766
1.0,32.0,2.0,1.0,1.0,1.0,39.0,32.0,0,0.5015625,16384.0,32768.0,6400000.0,0.5273919092465753
1.0,32.0,1.0,1.0,1.0,1.0,35.0,32.0,0,0.5015625,32768.0,0.00195312,6400000.0,0.5273919092465753
32.0,32.0,1.0,5.0,68.0,64.0,2138.0,6144.0,0,0.9078125,0.0625,0.0625,6400000.0,0.9033657962328766
1.0,32.0,2.0,1.0,1.0,1.0,39.0,32.0,0,0.5015625,0.0,16384.0,6400000.0,0.5273919092465753
32.0,32.0,1.0,5.0,68.0,64.0,2138.0,6144.0,0,0.9078125,2.0,1.0,6400000.0,0.9033657962328766
1.0,32.0,1.0,1.0,1.0,1.0,35.0,32.0,0,0.5015625,32768.0,2048.0,6400000.0,0.5273919092465753
1.0,32.0,2.0,1.0,1.0,1.0,39.0,32.0,0,0.5015625,32768.0,256.0,6400000.0,0.5273919092465753
32.0,32.0,2.0,10.0,134.0,125.0,4263.0,15904.0,0,0.940625,0.0,0.015625,6400000.0,0.9409246575342465
1.0,32.0,1.0,1.0,1.0,1.0,35.0,32.0,0,0.5015625,32768.0,2.0,6400000.0,0.5273919092465753
32.0,32.0,4.0,20.0,321.0,322.0,10382.0,47424.0,0,0.94375,0.0,0.00195312,6400000.0,0.9479673740215265
32.0,32.0,2.0,10.0,134.0,125.0,4263.0,15904.0,0,0.940625,0.00195312,0.000976562,6400000.0,0.9409246575342465
32.0,32.0,4.0,8.0,238.0,239.0,7849.0,34144.0,0,0.940625,0.015625,32.0,6400000.0,0.9409246575342465
1.0,32.0,4.0,1.0,1.0,1.0,63.0,32.0,0,0.5015625,0.015625,32768.0,6400000.0,0.5273919092465753
1.0,32.0,2.0,1.0,1.0,1.0,39.0,32.0,0,0.5015625,32768.0,0.25,6400000.0,0.5273919092465753
32.0,32.0,2.0,8.0,127.0,120.0,4073.0,15104.0,0,0.940625,0.0,16.0,6400000.0,0.9409246575342465
32.0,32.0,1.0,5.0,68.0,64.0,2138.0,6144.0,0,0.9078125,0.0078125,0.25,6400000.0,0.9033657962328766
32.0,32.0,2.0,10.0,134.0,125.0,4263.0,15904.0,0,0.940625,0.000976562,0.125,6400000.0,0.9409246575342465
32.0,32.0,2.0,5.0,120.0,116.0,3874.0,14464.0,0,0.940625,256.0,0.5,6400000.0,0.9033657962328766
32.0,32.0,4.0,21.0,332.0,330.0,10721.0,48704.0,0,0.95,0.03125,0.25,6400000.0,0.9491415423189823
1.0,32.0,2.0,1.0,1.0,1.0,39.0,32.0,0,0.5015625,0.00195312,1024.0,6400000.0,0.5273919092465753
1.0,32.0,2.0,1.0,1.0,1.0,39.0,32.0,0,0.5015625,256.0,512.0,6400000.0,0.5273919092465753
32.0,32.0,4.0,5.0,196.0,196.0,6510.0,27264.0,0,0.940625,0.03125,256.0,6400000.0,0.9409246575342465
1.0,32.0,2.0,1.0,1.0,1.0,39.0,32.0,0,0.5015625,512.0,0.00390625,6400000.0,0.5273919092465753
32.0,32.0,4.0,17.0,315.0,312.0,10228.0,45824.0,0,0.946875,0.0,2.0,6400000.0,0.9464018162915849
32.0,32.0,2.0,9.0,133.0,125.0,4249.0,15904.0,0,0.940625,0.00195312,1.0,6400000.0,0.9409246575342465
32.0,32.0,2.0,5.0,121.0,117.0,3907.0,14624.0,0,0.940625,0.000976562,128.0,6400000.0,0.9409246575342465
32.0,32.0,2.0,7.0,130.0,124.0,4163.0,15744.0,0,0.940625,0.00390625,8.0,6400000.0,0.9409246575342465
1.0,32.0,4.0,1.0,1.0,1.0,63.0,32.0,0,0.5015625,0.0,2048.0,6400000.0,0.5273919092465753
32.0,32.0,1.0,5.0,68.0,64.0,2138.0,6144.0,0,0.9078125,0.000976562,0.000976562,6400000.0,0.9033657962328766
32.0,32.0,4.0,19.0,322.0,323.0,10436.0,47584.0,0,0.94375,0.0625,0.00195312,6400000.0,0.9483587634540118
32.0,32.0,2.0,10.0,134.0,125.0,4263.0,15904.0,0,0.940625,0.00390625,0.0078125,6400000.0,0.9409246575342465
32.0,32.0,4.0,16.0,310.0,308.0,10085.0,45184.0,0,0.9453125,0.0625,2.0,6400000.0,0.9464018162915849
32.0,32.0,1.0,4.0,67.0,64.0,2127.0,6144.0,0,0.9078125,0.0078125,256.0,6400000.0,0.9033657962328766
1.0,32.0,2.0,1.0,1.0,1.0,39.0,32.0,0,0.5015625,0.00390625,8192.0,6400000.0,0.5273919092465753
1.0,32.0,2.0,1.0,1.0,1.0,39.0,32.0,0,0.5015625,32.0,2048.0,6400000.0,0.5273919092465753
32.0,32.0,1.0,5.0,68.0,64.0,2138.0,6144.0,0,0.9078125,0.00195312,0.0078125,6400000.0,0.9033657962328766
1.0,32.0,4.0,1.0,1.0,1.0,63.0,32.0,0,0.5015625,0.0625,2048.0,6400000.0,0.5273919092465753
32.0,32.0,2.0,5.0,122.0,118.0,3940.0,14784.0,0,0.940625,32.0,2.0,6400000.0,0.9409246575342465
32.0,32.0,2.0,10.0,134.0,125.0,4263.0,15904.0,0,0.940625,0.015625,0.0,6400000.0,0.9409246575342465
32.0,32.0,1.0,5.0,68.0,64.0,2138.0,6144.0,0,0.9078125,0.015625,0.00195312,6400000.0,0.9033657962328766
1.0,32.0,2.0,1.0,1.0,1.0,39.0,32.0,0,0.5015625,0.03125,4096.0,6400000.0,0.5273919092465753
1.0,32.0,2.0,1.0,1.0,1.0,39.0,32.0,0,0.5015625,0.015625,512.0,6400000.0,0.5273919092465753
32.0,32.0,1.0,5.0,68.0,64.0,2138.0,6144.0,0,0.9078125,4.0,8.0,6400000.0,0.9033657962328766
32.0,32.0,1.0,5.0,68.0,64.0,2138.0,6144.0,0,0.9078125,0.000976562,1.0,6400000.0,0.9033657962328766
32.0,32.0,2.0,10.0,134.0,125.0,4263.0,15904.0,0,0.940625,0.0078125,0.0625,6400000.0,0.9409246575342465
1.0,32.0,1.0,1.0,1.0,1.0,35.0,32.0,0,0.5015625,0.000976562,1024.0,6400000.0,0.5273919092465753
32.0,32.0,2.0,5.0,122.0,118.0,3940.0,14784.0,0,0.940625,0.0625,32.0,6400000.0,0.9409246575342465
32.0,32.0,2.0,9.0,133.0,125.0,4249.0,15904.0,0,0.940625,0.015625,0.5,6400000.0,0.9409246575342465
1.0,32.0,2.0,1.0,1.0,1.0,39.0,32.0,0,0.5015625,2048.0,0.125,6400000.0,0.5273919092465753
32.0,32.0,2.0,5.0,122.0,118.0,3940.0,14784.0,0,0.940625,0.0078125,64.0,6400000.0,0.9409246575342465
32.0,32.0,4.0,20.0,323.0,323.0,10447.0,47584.0,0,0.94375,0.000976562,0.015625,6400000.0,0.9479673740215265
1.0,32.0,2.0,1.0,1.0,1.0,39.0,32.0,0,0.5015625,0.0625,32768.0,6400000.0,0.5273919092465753
32.0,32.0,2.0,10.0,134.0,125.0,4263.0,15904.0,0,0.940625,0.03125,0.00390625,6400000.0,0.9409246575342465
32.0,32.0,2.0,5.0,123.0,119.0,3973.0,14944.0,0,0.940625,64.0,16.0,6400000.0,0.9409246575342465
32.0,32.0,4.0,19.0,322.0,323.0,10436.0,47584.0,0,0.94375,0.125,0.015625,6400000.0,0.9483587634540118
32.0,32.0,2.0,5.0,122.0,118.0,3940.0,14784.0,0,0.940625,64.0,0.015625,6400000.0,0.9409246575342465
1.0,32.0,1.0,1.0,1.0,1.0,35.0,32.0,0,0.5015625,4.0,8192.0,6400000.0,0.5273919092465753
1.0,32.0,2.0,1.0,1.0,1.0,39.0,32.0,0,0.5015625,512.0,4096.0,6400000.0,0.5273919092465753
1.0,32.0,2.0,1.0,1.0,1.0,39.0,32.0,0,0.5015625,512.0,4.0,6400000.0,0.5273919092465753
32.0,32.0,4.0,9.0,297.0,300.0,9793.0,43904.0,0,0.9453125,0.125,16.0,6400000.0,0.949531402886497
32.0,32.0,2.0,9.0,133.0,125.0,4249.0,15904.0,0,0.940625,0.03125,4.0,6400000.0,0.9409246575342465
32.0,32.0,2.0,10.0,134.0,125.0,4263.0,15904.0,0,0.940625,0.0625,0.03125,6400000.0,0.9409246575342465
32.0,32.0,1.0,5.0,68.0,64.0,2138.0,6144.0,0,0.9078125,0.015625,2.0,6400000.0,0.9033657962328766
32.0,32.0,1.0,5.0,68.0,64.0,2138.0,6144.0,0,0.9078125,16.0,0.0,6400000.0,0.9033657962328766
32.0,32.0,2.0,5.0,120.0,116.0,3874.0,14464.0,0,0.940625,0.125,256.0,6400000.0,0.9033657962328766
32.0,32.0,1.0,5.0,68.0,64.0,2138.0,6144.0,0,0.9078125,0.125,0.0,6400000.0,0.9033657962328766
32.0,32.0,1.0,5.0,68.0,64.0,2138.0,6144.0,0,0.9078125,0.125,0.5,6400000.0,0.9033657962328766
1.0,32.0,1.0,1.0,1.0,1.0,35.0,32.0,0,0.5015625,0.015625,2048.0,6400000.0,0.5273919092465753
1.0,32.0,2.0,1.0,1.0,1.0,39.0,32.0,0,0.5015625,2048.0,128.0,6400000.0,0.5273919092465753
32.0,32.0,2.0,9.0,133.0,125.0,4249.0,15904.0,0,0.940625,0.125,0.25,6400000.0,0.9409246575342465
32.0,32.0,4.0,9.0,297.0,300.0,9793.0,43904.0,0,0.9453125,0.000976562,16.0,6400000.0,0.949531402886497
32.0,32.0,1.0,5.0,68.0,64.0,2138.0,6144.0,0,0.9078125,0.03125,0.015625,6400000.0,0.9033657962328766
32.0,32.0,1.0,5.0,68.0,64.0,2138.0,6144.0,0,0.9078125,0.00195312,8.0,6400000.0,0.9033657962328766
32.0,32.0,2.0,10.0,134.0,125.0,4263.0,15904.0,0,0.940625,0.25,0.00195312,6400000.0,0.9409246575342465
32.0,32.0,1.0,5.0,68.0,64.0,2138.0,6144.0,0,0.9078125,0.25,0.00390625,6400000.0,0.9033657962328766
1.0,32.0,1.0,1.0,1.0,1.0,35.0,32.0,0,0.5015625,0.125,512.0,6400000.0,0.5273919092465753
32.0,32.0,1.0,5.0,68.0,64.0,2138.0,6144.0,0,0.9078125,8.0,0.0625,6400000.0,0.9033657962328766
1.0,32.0,1.0,1.0,1.0,1.0,35.0,32.0,0,0.5015625,0.00195312,8192.0,6400000.0,0.5273919092465753
1.0,32.0,2.0,1.0,1.0,1.0,39.0,32.0,0,0.5015625,4096.0,0.000976562,6400000.0,0.5273919092465753
32.0,32.0,1.0,4.0,67.0,64.0,2127.0,6144.0,0,0.9078125,8.0,64.0,6400000.0,0.9033657962328766
1.0,32.0,2.0,1.0,1.0,1.0,39.0,32.0,0,0.5015625,0.25,2048.0,6400000.0,0.5273919092465753
32.0,32.0,2.0,9.0,133.0,125.0,4249.0,15904.0,0,0.940625,0.25,2.0,6400000.0,0.9409246575342465
1.0,32.0,2.0,1.0,1.0,1.0,39.0,32.0,0,0.5015625,0.5,16384.0,6400000.0,0.5273919092465753
32.0,32.0,2.0,9.0,133.0,125.0,4249.0,15904.0,0,0.940625,0.5,0.015625,6400000.0,0.9409246575342465
1.0,32.0,2.0,1.0,1.0,1.0,39.0,32.0,0,0.5015625,64.0,16384.0,6400000.0,0.5273919092465753
1.0,32.0,2.0,1.0,1.0,1.0,39.0,32.0,0,0.5015625,2.0,1024.0,6400000.0,0.5273919092465753
32.0,32.0,1.0,5.0,68.0,64.0,2138.0,6144.0,0,0.9078125,0.25,4.0,6400000.0,0.9033657962328766
32.0,32.0,1.0,4.0,67.0,64.0,2127.0,6144.0,0,0.9078125,32.0,0.00390625,6400000.0,0.9033657962328766
32.0,32.0,2.0,9.0,133.0,125.0,4249.0,15904.0,0,0.940625,1.0,0.125,6400000.0,0.9409246575342465
32.0,32.0,2.0,7.0,126.0,120.0,4062.0,15104.0,0,0.940625,0.5,16.0,6400000.0,0.9409246575342465
32.0,32.0,1.0,5.0,68.0,64.0,2138.0,6144.0,0,0.9078125,16.0,0.5,6400000.0,0.9033657962328766
32.0,32.0,1.0,4.0,67.0,64.0,2127.0,6144.0,0,0.9078125,128.0,0.25,6400000.0,0.9033657962328766
32.0,32.0,2.0,5.0,121.0,117.0,3907.0,14624.0,0,0.940625,1.0,128.0,6400000.0,0.9409246575342465
32.0,32.0,2.0,9.0,133.0,125.0,4249.0,15904.0,0,0.940625,4.0,0.0078125,6400000.0,0.9409246575342465
1.0,32.0,4.0,1.0,1.0,1.0,63.0,32.0,0,0.5015625,0.000976562,16384.0,6400000.0,0.5273919092465753
1.0,32.0,1.0,1.0,1.0,1.0,35.0,32.0,0,0.5015625,0.25,4096.0,6400000.0,0.5273919092465753
1.0,32.0,2.0,1.0,1.0,1.0,39.0,32.0,0,0.5015625,1024.0,0.03125,6400000.0,0.5273919092465753
1.0,32.0,1.0,1.0,1.0,1.0,35.0,32.0,0,0.5015625,32.0,4096.0,6400000.0,0.5273919092465753
1.0,32.0,1.0,1.0,1.0,1.0,35.0,32.0,0,0.5015625,16.0,512.0,6400000.0,0.5273919092465753
32.0,32.0,1.0,5.0,68.0,64.0,2138.0,6144.0,0,0.9078125,0.03125,16.0,6400000.0,0.9033657962328766
32.0,32.0,1.0,4.0,67.0,64.0,2127.0,6144.0,0,0.9078125,64.0,32.0,6400000.0,0.9033657962328766
1.0,32.0,4.0,1.0,1.0,1.0,63.0,32.0,0,0.5015625,0.125,16384.0,6400000.0,0.5273919092465753
32.0,32.0,1.0,4.0,67.0,64.0,2127.0,6144.0,0,0.9078125,32.0,4.0,6400000.0,0.9033657962328766
32.0,32.0,2.0,9.0,133.0,125.0,4249.0,15904.0,0,0.940625,2.0,0.000976562,6400000.0,0.9409246575342465
32.0,32.0,2.0,9.0,133.0,125.0,4249.0,15904.0,0,0.940625,2.0,1.0,6400000.0,0.9409246575342465
32.0,32.0,1.0,5.0,68.0,64.0,2138.0,6144.0,0,0.9078125,0.00390625,0.0625,6400000.0,0.9033657962328766
1.0,32.0,1.0,1.0,1.0,1.0,35.0,32.0,0,0.5015625,64.0,32768.0,6400000.0,0.5273919092465753
1.0,32.0,2.0,1.0,1.0,1.0,39.0,32.0,0,0.5015625,4096.0,1.0,6400000.0,0.5273919092465753
32.0,32.0,1.0,4.0,67.0,64.0,2127.0,6144.0,0,0.9078125,64.0,0.03125,6400000.0,0.9033657962328766
32.0,32.0,2.0,5.0,121.0,117.0,3907.0,14624.0,0,0.940625,128.0,0.125,6400000.0,0.9409246575342465
32.0,32.0,1.0,4.0,67.0,64.0,2127.0,6144.0,0,0.9078125,0.5,32.0,6400000.0,0.9033657962328766
32.0,32.0,1.0,5.0,68.0,64.0,2138.0,6144.0,0,0.9078125,0.5,0.03125,6400000.0,0.9033657962328766
32.0,32.0,1.0,4.0,67.0,64.0,2127.0,6144.0,0,0.9078125,128.0,256.0,6400000.0,0.7844231592465754
32.0,32.0,1.0,4.0,67.0,64.0,2127.0,6144.0,0,0.9078125,256.0,0.00195312,6400000.0,0.9033657962328766
32.0,32.0,2.0,8.0,128.0,121.0,4106.0,15264.0,0,0.940625,4.0,8.0,6400000.0,0.9409246575342465
1.0,32.0,2.0,1.0,1.0,1.0,39.0,32.0,0,0.5015625,1024.0,32.0,6400000.0,0.5273919092465753
1.0,32.0,1.0,1.0,1.0,1.0,35.0,32.0,0,0.5015625,0.5,32768.0,6400000.0,0.5273919092465753
1.0,32.0,2.0,1.0,1.0,1.0,39.0,32.0,0,0.5015625,4.0,8192.0,6400000.0,0.5273919092465753
32.0,32.0,4.0,19.0,322.0,323.0,10436.0,47584.0,0,0.94375,0.00195312,0.125,6400000.0,0.9483587634540118
32.0,32.0,4.0,5.0,196.0,196.0,6510.0,27264.0,0,0.940625,0.00195312,128.0,6400000.0,0.9409246575342465
32.0,32.0,2.0,5.0,120.0,116.0,3874.0,14464.0,0,0.940625,128.0,128.0,6400000.0,0.9033657962328766
1.0,32.0,2.0,1.0,1.0,1.0,39.0,32.0,0,0.5015625,4096.0,1024.0,6400000.0,0.5273919092465753
1.0,32.0,2.0,1.0,1.0,1.0,39.0,32.0,0,0.5015625,8192.0,0.0078125,6400000.0,0.5273919092465753
1.0,32.0,2.0,1.0,1.0,1.0,39.0,32.0,0,0.5015625,8192.0,8.0,6400000.0,0.5273919092465753
32.0,32.0,2.0,7.0,130.0,124.0,4163.0,15744.0,0,0.940625,8.0,0.0625,6400000.0,0.9409246575342465
1.0,32.0,1.0,1.0,1.0,1.0,35.0,32.0,0,0.5015625,512.0,0.015625,6400000.0,0.5273919092465753
32.0,32.0,4.0,16.0,313.0,317.0,10190.0,46624.0,0,0.9484375,0.00390625,1.0,6400000.0,0.9475752201565557
32.0,32.0,4.0,20.0,321.0,322.0,10382.0,47424.0,0,0.94375,0.00390625,0.000976562,6400000.0,0.9479673740215265
1.0,32.0,1.0,1.0,1.0,1.0,35.0,32.0,0,0.5015625,256.0,2048.0,6400000.0,0.5273919092465753
32.0,32.0,4.0,20.0,325.0,324.0,10512.0,47744.0,0,0.95,0.25,0.125,6400000.0,0.9460104268590998
32.0,32.0,2.0,8.0,127.0,120.0,4073.0,15104.0,0,0.940625,16.0,0.0,6400000.0,0.9409246575342465
32.0,32.0,1.0,4.0,67.0,64.0,2127.0,6144.0,0,0.9078125,256.0,2.0,6400000.0,0.9033657962328766
32.0,32.0,2.0,5.0,122.0,118.0,3940.0,14784.0,0,0.940625,8.0,64.0,6400000.0,0.9409246575342465
32.0,32.0,1.0,4.0,67.0,64.0,2127.0,6144.0,0,0.9078125,1.0,256.0,6400000.0,0.9033657962328766
1.0,32.0,4.0,1.0,1.0,1.0,63.0,32.0,0,0.5015625,0.00390625,1024.0,6400000.0,0.5273919092465753
1.0,32.0,1.0,1.0,1.0,1.0,35.0,32.0,0,0.5015625,1024.0,128.0,6400000.0,0.5273919092465753
1.0,32.0,1.0,1.0,1.0,1.0,35.0,32.0,0,0.5015625,4096.0,8.0,6400000.0,0.5273919092465753
1.0,32.0,1.0,1.0,1.0,1.0,35.0,32.0,0,0.5015625,2048.0,0.000976562,6400000.0,0.5273919092465753
1.0,32.0,1.0,1.0,1.0,1.0,35.0,32.0,0,0.5015625,512.0,16384.0,6400000.0,0.5273919092465753
1.0,32.0,1.0,1.0,1.0,1.0,35.0,32.0,0,0.5015625,1024.0,0.125,6400000.0,0.5273919092465753
1.0,32.0,2.0,1.0,1.0,1.0,39.0,32.0,0,0.5015625,8192.0,8192.0,6400000.0,0.5273919092465753
1.0,32.0,1.0,1.0,1.0,1.0,35.0,32.0,0,0.5015625,2048.0,1.0,6400000.0,0.5273919092465753
32.0,32.0,1.0,5.0,68.0,64.0,2138.0,6144.0,0,0.9078125,1.0,0.25,6400000.0,0.9033657962328766
1.0,32.0,2.0,1.0,1.0,1.0,39.0,32.0,0,0.5015625,16.0,512.0,6400000.0,0.5273919092465753
1.0,32.0,2.0,1.0,1.0,1.0,39.0,32.0,0,0.5015625,16384.0,0.0625,6400000.0,0.5273919092465753
1.0,32.0,1.0,1.0,1.0,1.0,35.0,32.0,0,0.5015625,512.0,16.0,6400000.0,0.5273919092465753
1.0,32.0,1.0,1.0,1.0,1.0,35.0,32.0,0,0.5015625,4096.0,0.0078125,6400000.0,0.5273919092465753
1.0,32.0,2.0,1.0,1.0,1.0,39.0,32.0,0,0.5015625,1024.0,32768.0,6400000.0,0.5273919092465753
32.0,32.0,1.0,4.0,67.0,64.0,2127.0,6144.0,0,0.9078125,0.00390625,64.0,6400000.0,0.9033657962328766
32.0,32.0,2.0,5.0,120.0,116.0,3874.0,14464.0,0,0.940625,256.0,0.000976562,6400000.0,0.9033657962328766
1.0,32.0,1.0,1.0,1.0,1.0,35.0,32.0,0,0.5015625,2048.0,1024.0,6400000.0,0.5273919092465753
1.0,32.0,2.0,1.0,1.0,1.0,39.0,32.0,0,0.5015625,16384.0,64.0,6400000.0,0.5273919092465753
32.0,32.0,2.0,7.0,126.0,120.0,4062.0,15104.0,0,0.940625,16.0,0.5,6400000.0,0.9409246575342465
1.0,32.0,1.0,1.0,1.0,1.0,35.0,32.0,0,0.5015625,0.03125,16384.0,6400000.0,0.5273919092465753
1.0,32.0,1.0,1.0,1.0,1.0,35.0,32.0,0,0.5015625,8192.0,0.0625,6400000.0,0.5273919092465753
1.0,32.0,1.0,1.0,1.0,1.0,35.0,32.0,0,0.5015625,4096.0,8192.0,6400000.0,0.5273919092465753
32.0,32.0,4.0,20.0,323.0,323.0,10447.0,47584.0,0,0.94375,0.0078125,0.0078125,6400000.0,0.9479673740215265
1.0,32.0,1.0,1.0,1.0,1.0,35.0,32.0,0,0.5015625,16384.0,0.5,6400000.0,0.5273919092465753
32.0,32.0,1.0,5.0,68.0,64.0,2138.0,6144.0,0,0.9078125,0.0078125,0.0,6400000.0,0.9033657962328766
1.0,32.0,1.0,1.0,1.0,1.0,35.0,32.0,0,0.5015625,8192.0,64.0,6400000.0,0.5273919092465753
1.0,32.0,1.0,1.0,1.0,1.0,35.0,32.0,0,0.5015625,16384.0,0.0,6400000.0,0.5273919092465753
1.0,32.0,1.0,1.0,1.0,1.0,35.0,32.0,0,0.5015625,16384.0,512.0,6400000.0,0.5273919092465753
1.0,32.0,1.0,1.0,1.0,1.0,35.0,32.0,0,0.5015625,2.0,2048.0,6400000.0,0.5273919092465753
32.0,32.0,1.0,5.0,68.0,64.0,2138.0,6144.0,0,0.9078125,2.0,0.00195312,6400000.0,0.9033657962328766
32.0,32.0,4.0,11.0,311.0,314.0,10228.0,46144.0,0,0.9453125,0.0078125,8.0,6400000.0,0.9467932057240704
32.0,32.0,2.0,5.0,122.0,118.0,3940.0,14784.0,0,0.940625,32.0,0.00390625,6400000.0,0.9409246575342465
1.0,32.0,4.0,1.0,1.0,1.0,63.0,32.0,0,0.5015625,0.0078125,8192.0,6400000.0,0.5273919092465753
32.0,32.0,4.0,19.0,322.0,323.0,10436.0,47584.0,0,0.94375,0.015625,0.0625,6400000.0,0.9483587634540118
32.0,32.0,1.0,5.0,68.0,64.0,2138.0,6144.0,0,0.9078125,4.0,0.015625,6400000.0,0.9033657962328766
32.0,32.0,1.0,5.0,68.0,64.0,2138.0,6144.0,0,0.9078125,0.0625,0.125,6400000.0,0.9033657962328766
1.0,32.0,2.0,1.0,1.0,1.0,39.0,32.0,0,0.5015625,32768.0,0.0,6400000.0,0.5273919092465753
32.0,32.0,1.0,5.0,68.0,64.0,2138.0,6144.0,0,0.9078125,2.0,2.0,6400000.0,0.9033657962328766
1.0,32.0,1.0,1.0,1.0,1.0,35.0,32.0,0,0.5015625,32768.0,4096.0,6400000.0,0.5273919092465753
1.0,32.0,1.0,1.0,1.0,1.0,35.0,32.0,0,0.5015625,32768.0,0.00390625,6400000.0,0.5273919092465753
32.0,32.0,1.0,4.0,67.0,64.0,2127.0,6144.0,0,0.9078125,0.0625,128.0,6400000.0,0.9033657962328766
1.0,32.0,2.0,1.0,1.0,1.0,39.0,32.0,0,0.5015625,0.0,32768.0,6400000.0,0.5273919092465753
32.0,32.0,2.0,10.0,134.0,125.0,4263.0,15904.0,0,0.940625,0.0,0.03125,6400000.0,0.9409246575342465
1.0,32.0,2.0,1.0,1.0,1.0,39.0,32.0,0,0.5015625,32768.0,512.0,6400000.0,0.5273919092465753
1.0,32.0,1.0,1.0,1.0,1.0,35.0,32.0,0,0.5015625,32768.0,4.0,6400000.0,0.5273919092465753
32.0,32.0,4.0,20.0,321.0,322.0,10382.0,47424.0,0,0.94375,0.0,0.00390625,6400000.0,0.9479673740215265
1.0,32.0,2.0,1.0,1.0,1.0,39.0,32.0,0,0.5015625,32768.0,0.5,6400000.0,0.5273919092465753
32.0,32.0,4.0,7.0,284.0,293.0,9412.0,42784.0,0,0.940625,0.015625,64.0,6400000.0,0.9409246575342465
32.0,32.0,2.0,10.0,134.0,125.0,4263.0,15904.0,0,0.940625,0.00195312,0.00195312,6400000.0,0.9409246575342465
32.0,32.0,4.0,20.0,323.0,323.0,10447.0,47584.0,0,0.94375,0.03125,0.0,6400000.0,0.9483587634540118
32.0,32.0,2.0,10.0,134.0,125.0,4263.0,15904.0,0,0.940625,0.000976562,0.25,6400000.0,0.9409246575342465
1.0,32.0,2.0,1.0,1.0,1.0,39.0,32.0,0,0.5015625,0.00195312,2048.0,6400000.0,0.5273919092465753
32.0,32.0,2.0,5.0,122.0,118.0,3940.0,14784.0,0,0.940625,0.0,32.0,6400000.0,0.9409246575342465
32.0,32.0,2.0,5.0,120.0,116.0,3874.0,14464.0,0,0.940625,256.0,1.0,6400000.0,0.9033657962328766
32.0,32.0,1.0,5.0,68.0,64.0,2138.0,6144.0,0,0.9078125,0.0078125,0.5,6400000.0,0.9033657962328766
1.0,32.0,4.0,1.0,1.0,1.0,63.0,32.0,0,0.5015625,0.03125,512.0,6400000.0,0.5273919092465753
1.0,32.0,2.0,1.0,1.0,1.0,39.0,32.0,0,0.5015625,256.0,1024.0,6400000.0,0.5273919092465753
32.0,32.0,2.0,9.0,133.0,125.0,4249.0,15904.0,0,0.940625,0.00195312,2.0,6400000.0,0.9409246575342465
1.0,32.0,4.0,1.0,1.0,1.0,63.0,32.0,0,0.5015625,0.0,4096.0,6400000.0,0.5273919092465753
1.0,32.0,2.0,1.0,1.0,1.0,39.0,32.0,0,0.5015625,512.0,0.0078125,6400000.0,0.5273919092465753
32.0,32.0,2.0,7.0,126.0,120.0,4031.0,15104.0,0,0.940625,0.00390625,16.0,6400000.0,0.9409246575342465
32.0,32.0,4.0,19.0,323.0,323.0,10468.0,47584.0,0,0.95,0.03125,0.5,6400000.0,0.9456190374266145
32.0,32.0,4.0,15.0,310.0,309.0,10107.0,45344.0,0,0.946875,0.0,4.0,6400000.0,0.9491415423189824
32.0,32.0,4.0,15.0,310.0,309.0,10107.0,45344.0,0,0.946875,0.0625,4.0,6400000.0,0.9491415423189824
32.0,32.0,4.0,19.0,322.0,323.0,10436.0,47584.0,0,0.94375,0.0625,0.00390625,6400000.0,0.9483587634540118
1.0,32.0,2.0,1.0,1.0,1.0,39.0,32.0,0,0.5015625,0.00390625,16384.0,6400000.0,0.5273919092465753
32.0,32.0,2.0,5.0,120.0,116.0,3874.0,14464.0,0,0.940625,0.000976562,256.0,6400000.0,0.9033657962328766
32.0,32.0,2.0,10.0,134.0,125.0,4263.0,15904.0,0,0.940625,0.00390625,0.015625,6400000.0,0.9409246575342465
1.0,32.0,1.0,1.0,1.0,1.0,35.0,32.0,0,0.5015625,0.0078125,512.0,6400000.0,0.5273919092465753
32.0,32.0,4.0,5.0,196.0,196.0,6510.0,27264.0,0,0.940625,0.25,128.0,6400000.0,0.9409246575342465
1.0,32.0,4.0,1.0,1.0,1.0,63.0,32.0,0,0.5015625,0.0625,4096.0,6400000.0,0.5273919092465753
32.0,32.0,2.0,10.0,134.0,125.0,4263.0,15904.0,0,0.940625,0.015625,0.000976562,6400000.0,0.9409246575342465
32.0,32.0,2.0,5.0,122.0,118.0,3940.0,14784.0,0,0.940625,32.0,4.0,6400000.0,0.9409246575342465
32.0,32.0,1.0,5.0,68.0,64.0,2138.0,6144.0,0,0.9078125,0.015625,0.00390625,6400000.0,0.9033657962328766
1.0,32.0,2.0,1.0,1.0,1.0,39.0,32.0,0,0.5015625,0.03125,8192.0,6400000.0,0.5273919092465753
1.0,32.0,2.0,1.0,1.0,1.0,39.0,32.0,0,0.5015625,32.0,4096.0,6400000.0,0.5273919092465753
32.0,32.0,4.0,19.0,323.0,323.0,10468.0,47584.0,0,0.95,0.5,0.000976562,6400000.0,0.9456190374266145
1.0,32.0,2.0,1.0,1.0,1.0,39.0,32.0,0,0.5015625,0.015625,1024.0,6400000.0,0.5273919092465753
1.0,32.0,4.0,1.0,1.0,1.0,63.0,32.0,0,0.5015625,0.5,1024.0,6400000.0,0.5273919092465753
32.0,32.0,4.0,16.0,319.0,317.0,10382.0,46624.0,0,0.9453125,0.5,1.0,6400000.0,0.947575984589041
32.0,32.0,4.0,20.0,323.0,323.0,10447.0,47584.0,0,0.94375,0.000976562,0.03125,6400000.0,0.9483587634540118
32.0,32.0,1.0,5.0,68.0,64.0,2138.0,6144.0,0,0.9078125,4.0,16.0,6400000.0,0.9033657962328766
32.0,32.0,2.0,10.0,134.0,125.0,4263.0,15904.0,0,0.940625,0.0078125,0.125,6400000.0,0.9409246575342465
32.0,32.0,2.0,9.0,133.0,125.0,4249.0,15904.0,0,0.940625,0.015625,1.0,6400000.0,0.9409246575342465
1.0,32.0,2.0,1.0,1.0,1.0,39.0,32.0,0,0.5015625,2048.0,0.25,6400000.0,0.5273919092465753
32.0,32.0,2.0,5.0,121.0,117.0,3907.0,14624.0,0,0.940625,0.0078125,128.0,6400000.0,0.9409246575342465
32.0,32.0,2.0,10.0,134.0,125.0,4263.0,15904.0,0,0.940625,0.125,0.0,6400000.0,0.9409246575342465
32.0,32.0,2.0,5.0,122.0,118.0,3940.0,14784.0,0,0.940625,0.0625,64.0,6400000.0,0.9409246575342465
32.0,32.0,2.0,10.0,134.0,125.0,4263.0,15904.0,0,0.940625,0.03125,0.0078125,6400000.0,0.9409246575342465
32.0,32.0,4.0,19.0,322.0,323.0,10436.0,47584.0,0,0.94375,0.125,0.03125,6400000.0,0.9483587634540118
1.0,32.0,2.0,1.0,1.0,1.0,39.0,32.0,0,0.5015625,512.0,8192.0,6400000.0,0.5273919092465753
1.0,32.0,2.0,1.0,1.0,1.0,39.0,32.0,0,0.5015625,512.0,8.0,6400000.0,0.5273919092465753
32.0,32.0,2.0,5.0,123.0,119.0,3973.0,14944.0,0,0.940625,64.0,32.0,6400000.0,0.9409246575342465
1.0,32.0,1.0,1.0,1.0,1.0,35.0,32.0,0,0.5015625,4.0,16384.0,6400000.0,0.5273919092465753
32.0,32.0,1.0,5.0,68.0,64.0,2138.0,6144.0,0,0.9078125,16.0,0.000976562,6400000.0,0.9033657962328766
32.0,32.0,1.0,5.0,68.0,64.0,2138.0,6144.0,0,0.9078125,0.015625,4.0,6400000.0,0.9033657962328766
32.0,32.0,2.0,10.0,134.0,125.0,4263.0,15904.0,0,0.940625,0.0625,0.0625,6400000.0,0.9409246575342465
32.0,32.0,2.0,5.0,122.0,118.0,3940.0,14784.0,0,0.940625,64.0,0.03125,6400000.0,0.9409246575342465
1.0,32.0,2.0,1.0,1.0,1.0,39.0,32.0,0,0.5015625,2048.0,256.0,6400000.0,0.5273919092465753
32.0,32.0,4.0,8.0,238.0,239.0,7849.0,34144.0,0,0.940625,0.125,32.0,6400000.0,0.9409246575342465
1.0,32.0,1.0,1.0,1.0,1.0,35.0,32.0,0,0.5015625,0.015625,4096.0,6400000.0,0.5273919092465753
32.0,32.0,1.0,5.0,68.0,64.0,2138.0,6144.0,0,0.9078125,0.125,0.000976562,6400000.0,0.9033657962328766
32.0,32.0,2.0,7.0,130.0,124.0,4163.0,15744.0,0,0.940625,0.03125,8.0,6400000.0,0.9409246575342465
32.0,32.0,1.0,5.0,68.0,64.0,2138.0,6144.0,0,0.9078125,0.125,1.0,6400000.0,0.9033657962328766
32.0,32.0,2.0,10.0,134.0,125.0,4263.0,15904.0,0,0.940625,0.25,0.00390625,6400000.0,0.9409246575342465
1.0,32.0,2.0,1.0,1.0,1.0,39.0,32.0,0,0.5015625,0.125,512.0,6400000.0,0.5273919092465753
32.0,32.0,2.0,9.0,133.0,125.0,4249.0,15904.0,0,0.940625,0.125,0.5,6400000.0,0.9409246575342465
32.0,32.0,1.0,5.0,68.0,64.0,2138.0,6144.0,0,0.9078125,0.03125,0.03125,6400000.0,0.9033657962328766
1.0,32.0,1.0,1.0,1.0,1.0,35.0,32.0,0,0.5015625,0.125,1024.0,6400000.0,0.5273919092465753
32.0,32.0,1.0,5.0,68.0,64.0,2138.0,6144.0,0,0.9078125,8.0,0.125,6400000.0,0.9033657962328766
32.0,32.0,4.0,8.0,238.0,239.0,7849.0,34144.0,0,0.940625,0.000976562,32.0,6400000.0,0.9409246575342465
32.0,32.0,1.0,5.0,68.0,64.0,2138.0,6144.0,0,0.9078125,0.25,0.0078125,6400000.0,0.9033657962328766
32.0,32.0,4.0,16.0,313.0,317.0,10190.0,46624.0,0,0.9484375,1.0,0.0078125,6400000.0,0.947966609589041
32.0,32.0,4.0,11.0,342.0,351.0,11257.0,52064.0,0,0.9453125,1.0,8.0,6400000.0,0.9467932057240704
32.0,32.0,1.0,4.0,67.0,64.0,2127.0,6144.0,0,0.9078125,8.0,128.0,6400000.0,0.9033657962328766
1.0,32.0,2.0,1.0,1.0,1.0,39.0,32.0,0,0.5015625,64.0,32768.0,6400000.0,0.5273919092465753
1.0,32.0,2.0,1.0,1.0,1.0,39.0,32.0,0,0.5015625,4096.0,0.00195312,6400000.0,0.5273919092465753
32.0,32.0,2.0,9.0,133.0,125.0,4249.0,15904.0,0,0.940625,0.5,0.03125,6400000.0,0.9409246575342465
1.0,32.0,2.0,1.0,1.0,1.0,39.0,32.0,0,0.5015625,0.25,4096.0,6400000.0,0.5273919092465753
1.0,32.0,2.0,1.0,1.0,1.0,39.0,32.0,0,0.5015625,0.5,32768.0,6400000.0,0.5273919092465753
32.0,32.0,1.0,5.0,68.0,64.0,2138.0,6144.0,0,0.9078125,0.25,8.0,6400000.0,0.9033657962328766
32.0,32.0,2.0,9.0,133.0,125.0,4249.0,15904.0,0,0.940625,0.25,4.0,6400000.0,0.9409246575342465
1.0,32.0,2.0,1.0,1.0,1.0,39.0,32.0,0,0.5015625,2.0,2048.0,6400000.0,0.5273919092465753
32.0,32.0,2.0,9.0,133.0,125.0,4249.0,15904.0,0,0.940625,1.0,0.25,6400000.0,0.9409246575342465
32.0,32.0,1.0,4.0,67.0,64.0,2127.0,6144.0,0,0.9078125,128.0,0.5,6400000.0,0.9033657962328766
32.0,32.0,1.0,4.0,67.0,64.0,2127.0,6144.0,0,0.9078125,64.0,64.0,6400000.0,0.9033657962328766
32.0,32.0,2.0,5.0,122.0,118.0,3940.0,14784.0,0,0.940625,0.5,32.0,6400000.0,0.9409246575342465
32.0,32.0,1.0,5.0,68.0,64.0,2138.0,6144.0,0,0.9078125,16.0,1.0,6400000.0,0.9033657962328766
32.0,32.0,1.0,4.0,67.0,64.0,2127.0,6144.0,0,0.9078125,0.03125,32.0,6400000.0,0.9033657962328766
1.0,32.0,2.0,1.0,1.0,1.0,39.0,32.0,0,0.5015625,1024.0,0.0625,6400000.0,0.5273919092465753
32.0,32.0,2.0,5.0,120.0,116.0,3874.0,14464.0,0,0.940625,1.0,256.0,6400000.0,0.9033657962328766
32.0,32.0,1.0,4.0,67.0,64.0,2127.0,6144.0,0,0.9078125,32.0,0.0078125,6400000.0,0.9033657962328766
1.0,32.0,1.0,1.0,1.0,1.0,35.0,32.0,0,0.5015625,0.25,8192.0,6400000.0,0.5273919092465753
32.0,32.0,1.0,4.0,67.0,64.0,2127.0,6144.0,0,0.9078125,32.0,8.0,6400000.0,0.9033657962328766
32.0,32.0,2.0,9.0,133.0,125.0,4249.0,15904.0,0,0.940625,4.0,0.015625,6400000.0,0.9409246575342465
1.0,32.0,1.0,1.0,1.0,1.0,35.0,32.0,0,0.5015625,32.0,8192.0,6400000.0,0.5273919092465753
1.0,32.0,4.0,1.0,1.0,1.0,63.0,32.0,0,0.5015625,0.125,32768.0,6400000.0,0.5273919092465753
32.0,32.0,2.0,9.0,133.0,125.0,4249.0,15904.0,0,0.940625,2.0,0.00195312,6400000.0,0.9409246575342465
1.0,32.0,1.0,1.0,1.0,1.0,35.0,32.0,0,0.5015625,16.0,1024.0,6400000.0,0.5273919092465753
1.0,32.0,2.0,1.0,1.0,1.0,39.0,32.0,0,0.5015625,4096.0,2.0,6400000.0,0.5273919092465753
1.0,32.0,4.0,1.0,1.0,1.0,63.0,32.0,0,0.5015625,0.000976562,32768.0,6400000.0,0.5273919092465753
1.0,32.0,1.0,1.0,1.0,1.0,35.0,32.0,0,0.5015625,128.0,512.0,6400000.0,0.5273919092465753
32.0,32.0,2.0,9.0,133.0,125.0,4249.0,15904.0,0,0.940625,2.0,2.0,6400000.0,0.9409246575342465
1.0,32.0,4.0,1.0,1.0,1.0,63.0,32.0,0,0.5015625,1.0,8192.0,6400000.0,0.5273919092465753
32.0,32.0,1.0,4.0,67.0,64.0,2127.0,6144.0,0,0.9078125,128.0,0.0,6400000.0,0.9033657962328766
32.0,32.0,1.0,5.0,68.0,64.0,2138.0,6144.0,0,0.9078125,0.5,0.0625,6400000.0,0.9033657962328766
32.0,32.0,1.0,4.0,67.0,64.0,2127.0,6144.0,0,0.9078125,0.5,64.0,6400000.0,0.9033657962328766
32.0,32.0,4.0,5.0,196.0,196.0,6510.0,27264.0,0,0.940625,0.00195312,256.0,6400000.0,0.9409246575342465
32.0,32.0,1.0,4.0,67.0,64.0,2127.0,6144.0,0,0.9078125,256.0,0.00390625,6400000.0,0.9033657962328766
32.0,32.0,2.0,5.0,121.0,117.0,3907.0,14624.0,0,0.940625,128.0,0.25,6400000.0,0.9409246575342465
1.0,32.0,2.0,1.0,1.0,1.0,39.0,32.0,0,0.5015625,1024.0,64.0,6400000.0,0.5273919092465753
32.0,32.0,2.0,7.0,126.0,120.0,4031.0,15104.0,0,0.940625,4.0,16.0,6400000.0,0.9409246575342465
32.0,32.0,1.0,4.0,67.0,64.0,2127.0,6144.0,0,0.9078125,64.0,0.0625,6400000.0,0.9033657962328766
32.0,32.0,2.0,4.0,121.0,119.0,3930.0,14944.0,0,0.9078125,128.0,256.0,6400000.0,0.9033657962328766
1.0,32.0,2.0,1.0,1.0,1.0,39.0,32.0,0,0.5015625,4.0,16384.0,6400000.0,0.5273919092465753
32.0,32.0,1.0,5.0,68.0,64.0,2138.0,6144.0,0,0.9078125,1.0,0.0,6400000.0,0.9033657962328766
32.0,32.0,4.0,21.0,332.0,330.0,10721.0,48704.0,0,0.95,0.00195312,0.25,6400000.0,0.9507071000489237
1.0,32.0,2.0,1.0,1.0,1.0,39.0,32.0,0,0.5015625,8192.0,16.0,6400000.0,0.5273919092465753
1.0,32.0,2.0,1.0,1.0,1.0,39.0,32.0,0,0.5015625,4096.0,2048.0,6400000.0,0.5273919092465753
1.0,32.0,2.0,1.0,1.0,1.0,39.0,32.0,0,0.5015625,8192.0,0.015625,6400000.0,0.5273919092465753
1.0,32.0,1.0,1.0,1.0,1.0,35.0,32.0,0,0.5015625,256.0,4096.0,6400000.0,0.5273919092465753
32.0,32.0,2.0,7.0,130.0,124.0,4163.0,15744.0,0,0.940625,8.0,0.125,6400000.0,0.9409246575342465
1.0,32.0,1.0,1.0,1.0,1.0,35.0,32.0,0,0.5015625,1.0,512.0,6400000.0,0.5273919092465753
32.0,32.0,4.0,19.0,323.0,323.0,10468.0,47584.0,0,0.95,0.25,0.25,6400000.0,0.9456190374266145
32.0,32.0,4.0,17.0,315.0,312.0,10228.0,45824.0,0,0.946875,0.00390625,2.0,6400000.0,0.9464018162915849
1.0,32.0,1.0,1.0,1.0,1.0,35.0,32.0,0,0.5015625,512.0,0.03125,6400000.0,0.5273919092465753
32.0,32.0,1.0,4.0,67.0,64.0,2127.0,6144.0,0,0.9078125,256.0,4.0,6400000.0,0.9033657962328766
32.0,32.0,2.0,8.0,127.0,120.0,4073.0,15104.0,0,0.940625,16.0,0.000976562,6400000.0,0.9409246575342465
32.0,32.0,2.0,5.0,121.0,117.0,3907.0,14624.0,0,0.940625,8.0,128.0,6400000.0,0.9409246575342465
32.0,32.0,4.0,20.0,321.0,322.0,10382.0,47424.0,0,0.94375,0.00390625,0.00195312,6400000.0,0.9479673740215265
1.0,32.0,4.0,1.0,1.0,1.0,63.0,32.0,0,0.5015625,0.00390625,2048.0,6400000.0,0.5273919092465753
1.0,32.0,1.0,1.0,1.0,1.0,35.0,32.0,0,0.5015625,4096.0,16.0,6400000.0,0.5273919092465753
1.0,32.0,1.0,1.0,1.0,1.0,35.0,32.0,0,0.5015625,1024.0,256.0,6400000.0,0.5273919092465753
1.0,32.0,1.0,1.0,1.0,1.0,35.0,32.0,0,0.5015625,2048.0,0.00195312,6400000.0,0.5273919092465753
1.0,32.0,1.0,1.0,1.0,1.0,35.0,32.0,0,0.5015625,512.0,32768.0,6400000.0,0.5273919092465753
1.0,32.0,1.0,1.0,1.0,1.0,35.0,32.0,0,0.5015625,4096.0,0.015625,6400000.0,0.5273919092465753
1.0,32.0,2.0,1.0,1.0,1.0,39.0,32.0,0,0.5015625,8192.0,16384.0,6400000.0,0.5273919092465753
1.0,32.0,1.0,1.0,1.0,1.0,35.0,32.0,0,0.5015625,1024.0,0.25,6400000.0,0.5273919092465753
1.0,32.0,1.0,1.0,1.0,1.0,35.0,32.0,0,0.5015625,2048.0,2.0,6400000.0,0.5273919092465753
32.0,32.0,1.0,5.0,68.0,64.0,2138.0,6144.0,0,0.9078125,1.0,0.5,6400000.0,0.9033657962328766
1.0,32.0,2.0,1.0,1.0,1.0,39.0,32.0,0,0.5015625,16.0,1024.0,6400000.0,0.5273919092465753
1.0,32.0,2.0,1.0,1.0,1.0,39.0,32.0,0,0.5015625,16384.0,0.125,6400000.0,0.5273919092465753
1.0,32.0,1.0,1.0,1.0,1.0,35.0,32.0,0,0.5015625,2048.0,2048.0,6400000.0,0.5273919092465753
1.0,32.0,2.0,1.0,1.0,1.0,39.0,32.0,0,0.5015625,2048.0,0.0,6400000.0,0.5273919092465753
32.0,32.0,2.0,5.0,120.0,116.0,3874.0,14464.0,0,0.940625,256.0,0.00195312,6400000.0,0.9033657962328766
1.0,32.0,1.0,1.0,1.0,1.0,35.0,32.0,0,0.5015625,512.0,32.0,6400000.0,0.5273919092465753
32.0,32.0,4.0,7.0,284.0,293.0,9412.0,42784.0,0,0.940625,2.0,64.0,6400000.0,0.9409246575342465
1.0,32.0,2.0,1.0,1.0,1.0,39.0,32.0,0,0.5015625,16384.0,128.0,6400000.0,0.5273919092465753
32.0,32.0,4.0,16.0,310.0,308.0,10085.0,45184.0,0,0.9453125,2.0,0.0625,6400000.0,0.9471845951565557
32.0,32.0,2.0,7.0,126.0,120.0,4062.0,15104.0,0,0.940625,16.0,1.0,6400000.0,0.9409246575342465
32.0,32.0,4.0,20.0,323.0,323.0,10447.0,47584.0,0,0.94375,0.0078125,0.015625,6400000.0,0.9483587634540118
1.0,32.0,1.0,1.0,1.0,1.0,35.0,32.0,0,0.5015625,4096.0,16384.0,6400000.0,0.5273919092465753
1.0,32.0,1.0,1.0,1.0,1.0,35.0,32.0,0,0.5015625,8192.0,0.125,6400000.0,0.5273919092465753
1.0,32.0,1.0,1.0,1.0,1.0,35.0,32.0,0,0.5015625,16384.0,1.0,6400000.0,0.5273919092465753
1.0,32.0,1.0,1.0,1.0,1.0,35.0,32.0,0,0.5015625,8192.0,128.0,6400000.0,0.5273919092465753
1.0,32.0,1.0,1.0,1.0,1.0,35.0,32.0,0,0.5015625,0.03125,32768.0,6400000.0,0.5273919092465753
1.0,32.0,1.0,1.0,1.0,1.0,35.0,32.0,0,0.5015625,2.0,4096.0,6400000.0,0.5273919092465753
32.0,32.0,1.0,5.0,68.0,64.0,2138.0,6144.0,0,0.9078125,2.0,0.00390625,6400000.0,0.9033657962328766
32.0,32.0,4.0,9.0,297.0,300.0,9793.0,43904.0,0,0.9453125,0.0078125,16.0,6400000.0,0.949531402886497
1.0,32.0,1.0,1.0,1.0,1.0,35.0,32.0,0,0.5015625,16384.0,1024.0,6400000.0,0.5273919092465753
1.0,32.0,1.0,1.0,1.0,1.0,35.0,32.0,0,0.5015625,16384.0,0.000976562,6400000.0,0.5273919092465753
32.0,32.0,1.0,5.0,68.0,64.0,2138.0,6144.0,0,0.9078125,4.0,0.03125,6400000.0,0.9033657962328766
32.0,32.0,1.0,5.0,68.0,64.0,2138.0,6144.0,0,0.9078125,0.0625,0.25,6400000.0,0.9033657962328766
1.0,32.0,4.0,1.0,1.0,1.0,63.0,32.0,0,0.5015625,0.0078125,16384.0,6400000.0,0.5273919092465753
1.0,32.0,2.0,1.0,1.0,1.0,39.0,32.0,0,0.5015625,32768.0,0.000976562,6400000.0,0.5273919092465753
32.0,32.0,4.0,19.0,322.0,323.0,10436.0,47584.0,0,0.94375,0.015625,0.125,6400000.0,0.9483587634540118
32.0,32.0,2.0,5.0,122.0,118.0,3940.0,14784.0,0,0.940625,32.0,0.0078125,6400000.0,0.9409246575342465
32.0,32.0,1.0,5.0,68.0,64.0,2138.0,6144.0,0,0.9078125,2.0,4.0,6400000.0,0.9033657962328766
32.0,32.0,1.0,4.0,67.0,64.0,2127.0,6144.0,0,0.9078125,0.0625,256.0,6400000.0,0.9033657962328766
1.0,32.0,1.0,1.0,1.0,1.0,35.0,32.0,0,0.5015625,32768.0,0.0078125,6400000.0,0.5273919092465753
32.0,32.0,2.0,10.0,134.0,125.0,4263.0,15904.0,0,0.940625,0.000976562,0.0,6400000.0,0.9409246575342465
1.0,32.0,2.0,1.0,1.0,1.0,39.0,32.0,0,0.5015625,32768.0,1024.0,6400000.0,0.5273919092465753
1.0,32.0,1.0,1.0,1.0,1.0,35.0,32.0,0,0.5015625,32768.0,8192.0,6400000.0,0.5273919092465753
32.0,32.0,2.0,10.0,134.0,125.0,4263.0,15904.0,0,0.940625,0.0,0.0625,6400000.0,0.9409246575342465
1.0,32.0,1.0,1.0,1.0,1.0,35.0,32.0,0,0.5015625,32768.0,8.0,6400000.0,0.5273919092465753
32.0,32.0,4.0,20.0,321.0,322.0,10382.0,47424.0,0,0.94375,0.0,0.0078125,6400000.0,0.9479673740215265
32.0,32.0,4.0,5.0,196.0,196.0,6510.0,27264.0,0,0.940625,0.015625,128.0,6400000.0,0.9409246575342465
1.0,32.0,2.0,1.0,1.0,1.0,39.0,32.0,0,0.5015625,32768.0,1.0,6400000.0,0.5273919092465753
32.0,32.0,2.0,10.0,134.0,125.0,4263.0,15904.0,0,0.940625,0.00195312,0.00390625,6400000.0,0.9409246575342465
1.0,32.0,2.0,1.0,1.0,1.0,39.0,32.0,0,0.5015625,0.00195312,4096.0,6400000.0,0.5273919092465753
32.0,32.0,4.0,20.0,323.0,323.0,10447.0,47584.0,0,0.94375,0.03125,0.000976562,6400000.0,0.9483587634540118
32.0,32.0,2.0,9.0,133.0,125.0,4249.0,15904.0,0,0.940625,0.000976562,0.5,6400000.0,0.9409246575342465
32.0,32.0,2.0,5.0,122.0,118.0,3940.0,14784.0,0,0.940625,0.0,64.0,6400000.0,0.9409246575342465
1.0,32.0,4.0,1.0,1.0,1.0,63.0,32.0,0,0.5015625,0.03125,1024.0,6400000.0,0.5273919092465753
32.0,32.0,4.0,14.0,314.0,314.0,10261.0,46144.0,0,0.946875,4.0,0.0,6400000.0,0.9460104268590996
32.0,32.0,2.0,5.0,120.0,116.0,3874.0,14464.0,0,0.940625,256.0,2.0,6400000.0,0.9033657962328766
1.0,32.0,2.0,1.0,1.0,1.0,39.0,32.0,0,0.5015625,256.0,2048.0,6400000.0,0.5273919092465753
32.0,32.0,2.0,9.0,133.0,125.0,4249.0,15904.0,0,0.940625,0.00195312,4.0,6400000.0,0.9409246575342465
1.0,32.0,4.0,1.0,1.0,1.0,63.0,32.0,0,0.5015625,0.0,8192.0,6400000.0,0.5273919092465753
1.0,32.0,2.0,1.0,1.0,1.0,39.0,32.0,0,0.5015625,512.0,0.015625,6400000.0,0.5273919092465753
32.0,32.0,2.0,5.0,122.0,118.0,3940.0,14784.0,0,0.940625,0.00390625,32.0,6400000.0,0.9409246575342465
32.0,32.0,4.0,16.0,313.0,317.0,10190.0,46624.0,0,0.9484375,0.03125,1.0,6400000.0,0.9475752201565557
32.0,32.0,4.0,11.0,311.0,314.0,10228.0,46144.0,0,0.9453125,0.0625,8.0,6400000.0,0.9487501528864971
32.0,32.0,4.0,11.0,311.0,314.0,10228.0,46144.0,0,0.9453125,0.0,8.0,6400000.0,0.9467932057240704
1.0,32.0,2.0,1.0,1.0,1.0,39.0,32.0,0,0.5015625,0.00390625,32768.0,6400000.0,0.5273919092465753
32.0,32.0,4.0,19.0,322.0,323.0,10436.0,47584.0,0,0.94375,0.0625,0.0078125,6400000.0,0.9483587634540118
1.0,32.0,2.0,1.0,1.0,1.0,39.0,32.0,0,0.5015625,0.000976562,512.0,6400000.0,0.5273919092465753
32.0,32.0,4.0,5.0,196.0,196.0,6510.0,27264.0,0,0.940625,0.25,256.0,6400000.0,0.9409246575342465
32.0,32.0,2.0,10.0,134.0,125.0,4263.0,15904.0,0,0.940625,0.00390625,0.03125,6400000.0,0.9409246575342465
32.0,32.0,4.0,14.0,310.0,310.0,10129.0,45504.0,0,0.946875,4.0,0.5,6400000.0,0.9460104268590996
1.0,32.0,4.0,1.0,1.0,1.0,63.0,32.0,0,0.5015625,0.0625,8192.0,6400000.0,0.5273919092465753
1.0,32.0,2.0,1.0,1.0,1.0,39.0,32.0,0,0.5015625,32.0,8192.0,6400000.0,0.5273919092465753
32.0,32.0,2.0,10.0,134.0,125.0,4263.0,15904.0,0,0.940625,0.015625,0.00195312,6400000.0,0.9409246575342465
1.0,32.0,2.0,1.0,1.0,1.0,39.0,32.0,0,0.5015625,0.03125,16384.0,6400000.0,0.5273919092465753
1.0,32.0,4.0,1.0,1.0,1.0,63.0,32.0,0,0.5015625,4.0,512.0,6400000.0,0.5273919092465753
32.0,32.0,2.0,5.0,122.0,118.0,3940.0,14784.0,0,0.940625,32.0,8.0,6400000.0,0.9409246575342465
32.0,32.0,4.0,15.0,319.0,318.0,10404.0,46784.0,0,0.946875,0.5,2.0,6400000.0,0.9460104268590996
1.0,32.0,2.0,1.0,1.0,1.0,39.0,32.0,0,0.5015625,2048.0,0.5,6400000.0,0.5273919092465753
1.0,32.0,4.0,1.0,1.0,1.0,63.0,32.0,0,0.5015625,0.5,2048.0,6400000.0,0.5273919092465753
32.0,32.0,2.0,9.0,133.0,125.0,4249.0,15904.0,0,0.940625,0.015625,2.0,6400000.0,0.9409246575342465
1.0,32.0,2.0,1.0,1.0,1.0,39.0,32.0,0,0.5015625,0.015625,2048.0,6400000.0,0.5273919092465753
32.0,32.0,4.0,19.0,323.0,323.0,10468.0,47584.0,0,0.95,0.5,0.00195312,6400000.0,0.9456190374266145
32.0,32.0,1.0,4.0,67.0,64.0,2127.0,6144.0,0,0.9078125,4.0,32.0,6400000.0,0.9033657962328766
32.0,32.0,2.0,10.0,134.0,125.0,4263.0,15904.0,0,0.940625,0.125,0.000976562,6400000.0,0.9409246575342465
32.0,32.0,2.0,5.0,120.0,116.0,3874.0,14464.0,0,0.940625,0.0078125,256.0,6400000.0,0.9033657962328766
32.0,32.0,2.0,5.0,121.0,117.0,3907.0,14624.0,0,0.940625,0.0625,128.0,6400000.0,0.9409246575342465
32.0,32.0,2.0,10.0,134.0,125.0,4263.0,15904.0,0,0.940625,0.03125,0.015625,6400000.0,0.9409246575342465
32.0,32.0,4.0,19.0,322.0,323.0,10436.0,47584.0,0,0.94375,0.000976562,0.0625,6400000.0,0.9483587634540118
1.0,32.0,2.0,1.0,1.0,1.0,39.0,32.0,0,0.5015625,512.0,16384.0,6400000.0,0.5273919092465753
32.0,32.0,2.0,10.0,134.0,125.0,4263.0,15904.0,0,0.940625,0.0078125,0.25,6400000.0,0.9409246575342465
1.0,32.0,2.0,1.0,1.0,1.0,39.0,32.0,0,0.5015625,512.0,16.0,6400000.0,0.5273919092465753
32.0,32.0,2.0,5.0,121.0,117.0,3907.0,14624.0,0,0.940625,64.0,64.0,6400000.0,0.9409246575342465
1.0,32.0,1.0,1.0,1.0,1.0,35.0,32.0,0,0.5015625,4.0,32768.0,6400000.0,0.5273919092465753
32.0,32.0,2.0,7.0,126.0,120.0,4031.0,15104.0,0,0.940625,0.03125,16.0,6400000.0,0.9409246575342465
32.0,32.0,4.0,19.0,322.0,323.0,10436.0,47584.0,0,0.94375,0.125,0.0625,6400000.0,0.9483587634540118
1.0,32.0,2.0,1.0,1.0,1.0,39.0,32.0,0,0.5015625,2048.0,512.0,6400000.0,0.5273919092465753
32.0,32.0,2.0,10.0,134.0,125.0,4263.0,15904.0,0,0.940625,0.0625,0.125,6400000.0,0.9409246575342465
32.0,32.0,1.0,5.0,68.0,64.0,2138.0,6144.0,0,0.9078125,0.125,0.00195312,6400000.0,0.9033657962328766
1.0,32.0,4.0,1.0,1.0,1.0,63.0,32.0,0,0.5015625,8.0,4096.0,6400000.0,0.5273919092465753
32.0,32.0,2.0,5.0,122.0,118.0,3940.0,14784.0,0,0.940625,64.0,0.0625,6400000.0,0.9409246575342465
32.0,32.0,4.0,11.0,305.0,308.0,10030.0,45184.0,0,0.94375,8.0,0.00390625,6400000.0,0.9460104268590998
32.0,32.0,1.0,5.0,68.0,64.0,2138.0,6144.0,0,0.9078125,0.125,2.0,6400000.0,0.9033657962328766
32.0,32.0,4.0,7.0,284.0,293.0,9412.0,42784.0,0,0.940625,0.125,64.0,6400000.0,0.9409246575342465
1.0,32.0,2.0,1.0,1.0,1.0,39.0,32.0,0,0.5015625,0.125,1024.0,6400000.0,0.5273919092465753
32.0,32.0,2.0,9.0,133.0,125.0,4249.0,15904.0,0,0.940625,0.125,1.0,6400000.0,0.9409246575342465
32.0,32.0,2.0,10.0,134.0,125.0,4263.0,15904.0,0,0.940625,0.25,0.0078125,6400000.0,0.9409246575342465
32.0,32.0,1.0,5.0,68.0,64.0,2138.0,6144.0,0,0.9078125,8.0,0.25,6400000.0,0.9033657962328766
32.0,32.0,4.0,9.0,281.0,286.0,9267.0,41664.0,0,0.9453125,8.0,4.0,6400000.0,0.947575984589041
32.0,32.0,1.0,5.0,68.0,64.0,2138.0,6144.0,0,0.9078125,16.0,0.00195312,6400000.0,0.9033657962328766
32.0,32.0,1.0,5.0,68.0,64.0,2138.0,6144.0,0,0.9078125,0.25,0.015625,6400000.0,0.9033657962328766
1.0,32.0,1.0,1.0,1.0,1.0,35.0,32.0,0,0.5015625,0.125,2048.0,6400000.0,0.5273919092465753
32.0,32.0,4.0,7.0,284.0,293.0,9412.0,42784.0,0,0.940625,0.000976562,64.0,6400000.0,0.9409246575342465
32.0,32.0,1.0,4.0,67.0,64.0,2127.0,6144.0,0,0.9078125,8.0,256.0,6400000.0,0.9033657962328766
32.0,32.0,4.0,16.0,313.0,317.0,10190.0,46624.0,0,0.9484375,1.0,0.015625,6400000.0,0.947966609589041
32.0,32.0,2.0,5.0,121.0,117.0,3907.0,14624.0,0,0.940625,128.0,0.0,6400000.0,0.9409246575342465
1.0,32.0,2.0,1.0,1.0,1.0,39.0,32.0,0,0.5015625,4096.0,0.00390625,6400000.0,0.5273919092465753
32.0,32.0,4.0,9.0,297.0,298.0,9791.0,43584.0,0,0.9453125,1.0,16.0,6400000.0,0.9487486240215264
1.0,32.0,2.0,1.0,1.0,1.0,39.0,32.0,0,0.5015625,0.25,8192.0,6400000.0,0.5273919092465753
32.0,32.0,1.0,5.0,68.0,64.0,2138.0,6144.0,0,0.9078125,0.25,16.0,6400000.0,0.9033657962328766
32.0,32.0,2.0,9.0,133.0,125.0,4249.0,15904.0,0,0.940625,0.5,0.0625,6400000.0,0.9409246575342465
1.0,32.0,2.0,1.0,1.0,1.0,39.0,32.0,0,0.5015625,2.0,4096.0,6400000.0,0.5273919092465753
32.0,32.0,2.0,7.0,130.0,124.0,4163.0,15744.0,0,0.940625,0.25,8.0,6400000.0,0.9409246575342465
32.0,32.0,2.0,9.0,133.0,125.0,4249.0,15904.0,0,0.940625,1.0,0.0,6400000.0,0.9409246575342465
32.0,32.0,2.0,9.0,133.0,125.0,4249.0,15904.0,0,0.940625,1.0,0.5,6400000.0,0.9409246575342465
32.0,32.0,1.0,4.0,67.0,64.0,2127.0,6144.0,0,0.9078125,64.0,128.0,6400000.0,0.9033657962328766
32.0,32.0,1.0,5.0,68.0,64.0,2138.0,6144.0,0,0.9078125,16.0,2.0,6400000.0,0.9033657962328766
32.0,32.0,1.0,4.0,67.0,64.0,2127.0,6144.0,0,0.9078125,128.0,1.0,6400000.0,0.9033657962328766
32.0,32.0,2.0,9.0,133.0,125.0,4249.0,15904.0,0,0.940625,4.0,0.03125,6400000.0,0.9409246575342465
32.0,32.0,1.0,4.0,67.0,64.0,2127.0,6144.0,0,0.9078125,32.0,0.015625,6400000.0,0.9033657962328766
32.0,32.0,2.0,5.0,122.0,118.0,3940.0,14784.0,0,0.940625,0.5,64.0,6400000.0,0.9409246575342465
1.0,32.0,2.0,1.0,1.0,1.0,39.0,32.0,0,0.5015625,1024.0,0.125,6400000.0,0.5273919092465753
1.0,32.0,2.0,1.0,1.0,1.0,39.0,32.0,0,0.5015625,1.0,512.0,6400000.0,0.5273919092465753
1.0,32.0,2.0,1.0,1.0,1.0,39.0,32.0,0,0.5015625,4096.0,4.0,6400000.0,0.5273919092465753
1.0,32.0,1.0,1.0,1.0,1.0,35.0,32.0,0,0.5015625,0.25,16384.0,6400000.0,0.5273919092465753
1.0,32.0,1.0,1.0,1.0,1.0,35.0,32.0,0,0.5015625,16.0,2048.0,6400000.0,0.5273919092465753
32.0,32.0,1.0,4.0,67.0,64.0,2127.0,6144.0,0,0.9078125,32.0,16.0,6400000.0,0.9033657962328766
1.0,32.0,1.0,1.0,1.0,1.0,35.0,32.0,0,0.5015625,128.0,1024.0,6400000.0,0.5273919092465753
32.0,32.0,2.0,9.0,133.0,125.0,4249.0,15904.0,0,0.940625,2.0,4.0,6400000.0,0.9409246575342465
32.0,32.0,4.0,9.0,302.0,303.0,9956.0,44384.0,0,0.9453125,16.0,0.03125,6400000.0,0.949531402886497
1.0,32.0,1.0,1.0,1.0,1.0,35.0,32.0,0,0.5015625,32.0,16384.0,6400000.0,0.5273919092465753
32.0,32.0,4.0,20.0,321.0,322.0,10382.0,47424.0,0,0.94375,0.00195312,0.0,6400000.0,0.9479673740215265
32.0,32.0,4.0,21.0,332.0,330.0,10721.0,48704.0,0,0.95,0.25,0.0,6400000.0,0.9507071000489237
32.0,32.0,2.0,9.0,133.0,125.0,4249.0,15904.0,0,0.940625,2.0,0.00390625,6400000.0,0.9409246575342465
1.0,32.0,4.0,1.0,1.0,1.0,63.0,32.0,0,0.5015625,1.0,16384.0,6400000.0,0.5273919092465753
32.0,32.0,1.0,5.0,68.0,64.0,2138.0,6144.0,0,0.9078125,0.5,0.125,6400000.0,0.9033657962328766
1.0,32.0,4.0,1.0,1.0,1.0,63.0,32.0,0,0.5015625,0.00195312,512.0,6400000.0,0.5273919092465753
32.0,32.0,1.0,4.0,67.0,64.0,2127.0,6144.0,0,0.9078125,128.0,0.000976562,6400000.0,0.9033657962328766
32.0,32.0,2.0,5.0,121.0,117.0,3907.0,14624.0,0,0.940625,128.0,0.5,6400000.0,0.9409246575342465
32.0,32.0,2.0,5.0,122.0,118.0,3940.0,14784.0,0,0.940625,4.0,32.0,6400000.0,0.9409246575342465
32.0,32.0,1.0,4.0,67.0,64.0,2127.0,6144.0,0,0.9078125,256.0,0.0078125,6400000.0,0.9033657962328766
32.0,32.0,1.0,4.0,67.0,64.0,2127.0,6144.0,0,0.9078125,0.5,128.0,6400000.0,0.9033657962328766
1.0,32.0,2.0,1.0,1.0,1.0,39.0,32.0,0,0.5015625,1024.0,128.0,6400000.0,0.5273919092465753
1.0,32.0,2.0,1.0,1.0,1.0,39.0,32.0,0,0.5015625,4.0,32768.0,6400000.0,0.5273919092465753
32.0,32.0,1.0,4.0,67.0,64.0,2127.0,6144.0,0,0.9078125,64.0,0.125,6400000.0,0.9033657962328766
1.0,32.0,2.0,1.0,1.0,1.0,39.0,32.0,0,0.5015625,128.0,512.0,6400000.0,0.5273919092465753
32.0,32.0,4.0,19.0,323.0,323.0,10468.0,47584.0,0,0.95,0.00195312,0.5,6400000.0,0.9456190374266145
32.0,32.0,1.0,5.0,68.0,64.0,2138.0,6144.0,0,0.9078125,1.0,0.000976562,6400000.0,0.9033657962328766
1.0,32.0,2.0,1.0,1.0,1.0,39.0,32.0,0,0.5015625,4096.0,4096.0,6400000.0,0.5273919092465753
1.0,32.0,2.0,1.0,1.0,1.0,39.0,32.0,0,0.5015625,8192.0,32.0,6400000.0,0.5273919092465753
32.0,32.0,2.0,7.0,130.0,124.0,4163.0,15744.0,0,0.940625,8.0,0.25,6400000.0,0.9409246575342465
1.0,32.0,2.0,1.0,1.0,1.0,39.0,32.0,0,0.5015625,8192.0,0.03125,6400000.0,0.5273919092465753
1.0,32.0,1.0,1.0,1.0,1.0,35.0,32.0,0,0.5015625,256.0,8192.0,6400000.0,0.5273919092465753
1.0,32.0,1.0,1.0,1.0,1.0,35.0,32.0,0,0.5015625,4096.0,32.0,6400000.0,0.5273919092465753
32.0,32.0,4.0,19.0,317.0,318.0,10271.0,46784.0,0,0.9484375,0.25,0.5,6400000.0,0.9475759845890412
1.0,32.0,4.0,1.0,1.0,1.0,63.0,32.0,0,0.5015625,0.00390625,4096.0,6400000.0,0.5273919092465753
32.0,32.0,2.0,7.0,126.0,120.0,4031.0,15104.0,0,0.940625,16.0,0.00195312,6400000.0,0.9409246575342465
1.0,32.0,1.0,1.0,1.0,1.0,35.0,32.0,0,0.5015625,1.0,1024.0,6400000.0,0.5273919092465753
1.0,32.0,1.0,1.0,1.0,1.0,35.0,32.0,0,0.5015625,2048.0,0.00390625,6400000.0,0.5273919092465753
32.0,32.0,4.0,15.0,310.0,309.0,10107.0,45344.0,0,0.946875,0.00390625,4.0,6400000.0,0.9491415423189824
32.0,32.0,2.0,5.0,123.0,119.0,3973.0,14944.0,0,0.9078125,8.0,256.0,6400000.0,0.9033657962328766
32.0,32.0,1.0,4.0,67.0,64.0,2127.0,6144.0,0,0.9078125,256.0,8.0,6400000.0,0.9033657962328766
1.0,32.0,1.0,1.0,1.0,1.0,35.0,32.0,0,0.5015625,1024.0,512.0,6400000.0,0.5273919092465753
1.0,32.0,1.0,1.0,1.0,1.0,35.0,32.0,0,0.5015625,512.0,0.0625,6400000.0,0.5273919092465753
1.0,32.0,1.0,1.0,1.0,1.0,35.0,32.0,0,0.5015625,1024.0,0.0,6400000.0,0.5273919092465753
32.0,32.0,4.0,20.0,321.0,322.0,10382.0,47424.0,0,0.94375,0.00390625,0.00390625,6400000.0,0.9479673740215265
1.0,32.0,1.0,1.0,1.0,1.0,35.0,32.0,0,0.5015625,2048.0,4.0,6400000.0,0.5273919092465753
1.0,32.0,1.0,1.0,1.0,1.0,35.0,32.0,0,0.5015625,4096.0,0.03125,6400000.0,0.5273919092465753
1.0,32.0,2.0,1.0,1.0,1.0,39.0,32.0,0,0.5015625,8192.0,32768.0,6400000.0,0.5273919092465753
1.0,32.0,1.0,1.0,1.0,1.0,35.0,32.0,0,0.5015625,1024.0,0.5,6400000.0,0.5273919092465753
32.0,32.0,1.0,5.0,68.0,64.0,2138.0,6144.0,0,0.9078125,1.0,1.0,6400000.0,0.9033657962328766
1.0,32.0,2.0,1.0,1.0,1.0,39.0,32.0,0,0.5015625,16.0,2048.0,6400000.0,0.5273919092465753
1.0,32.0,2.0,1.0,1.0,1.0,39.0,32.0,0,0.5015625,16384.0,0.25,6400000.0,0.5273919092465753
1.0,32.0,1.0,1.0,1.0,1.0,35.0,32.0,0,0.5015625,2048.0,4096.0,6400000.0,0.5273919092465753
1.0,32.0,1.0,1.0,1.0,1.0,35.0,32.0,0,0.5015625,512.0,64.0,6400000.0,0.5273919092465753
1.0,32.0,2.0,1.0,1.0,1.0,39.0,32.0,0,0.5015625,2048.0,0.000976562,6400000.0,0.5273919092465753
32.0,32.0,2.0,5.0,120.0,116.0,3874.0,14464.0,0,0.940625,256.0,0.00390625,6400000.0,0.9033657962328766
1.0,32.0,2.0,1.0,1.0,1.0,39.0,32.0,0,0.5015625,16384.0,256.0,6400000.0,0.5273919092465753
32.0,32.0,4.0,5.0,196.0,196.0,6510.0,27264.0,0,0.940625,2.0,128.0,6400000.0,0.9409246575342465
32.0,32.0,2.0,7.0,126.0,120.0,4062.0,15104.0,0,0.940625,16.0,2.0,6400000.0,0.9409246575342465
32.0,32.0,1.0,5.0,68.0,64.0,2138.0,6144.0,0,0.9078125,2.0,0.0078125,6400000.0,0.9033657962328766
32.0,32.0,4.0,20.0,323.0,323.0,10447.0,47584.0,0,0.94375,0.0078125,0.03125,6400000.0,0.9483587634540118
1.0,32.0,1.0,1.0,1.0,1.0,35.0,32.0,0,0.5015625,4096.0,32768.0,6400000.0,0.5273919092465753
32.0,32.0,4.0,15.0,313.0,312.0,10206.0,45824.0,0,0.9453125,2.0,0.125,6400000.0,0.9471845951565557
1.0,32.0,1.0,1.0,1.0,1.0,35.0,32.0,0,0.5015625,8192.0,0.25,6400000.0,0.5273919092465753
1.0,32.0,1.0,1.0,1.0,1.0,35.0,32.0,0,0.5015625,16384.0,2.0,6400000.0,0.5273919092465753
32.0,32.0,4.0,7.0,231.0,233.0,7640.0,33184.0,0,0.940625,16.0,32.0,6400000.0,0.9409246575342465
1.0,32.0,1.0,1.0,1.0,1.0,35.0,32.0,0,0.5015625,8192.0,256.0,6400000.0,0.5273919092465753
1.0,32.0,1.0,1.0,1.0,1.0,35.0,32.0,0,0.5015625,2.0,8192.0,6400000.0,0.5273919092465753
1.0,32.0,1.0,1.0,1.0,1.0,35.0,32.0,0,0.5015625,16384.0,0.00195312,6400000.0,0.5273919092465753
32.0,32.0,1.0,5.0,68.0,64.0,2138.0,6144.0,0,0.9078125,4.0,0.0625,6400000.0,0.9033657962328766
1.0,32.0,4.0,1.0,1.0,1.0,63.0,32.0,0,0.5015625,16.0,32768.0,6400000.0,0.5273919092465753
1.0,32.0,2.0,1.0,1.0,1.0,39.0,32.0,0,0.5015625,32768.0,0.00195312,6400000.0,0.5273919092465753
1.0,32.0,1.0,1.0,1.0,1.0,35.0,32.0,0,0.5015625,16384.0,2048.0,6400000.0,0.5273919092465753
1.0,32.0,2.0,1.0,1.0,1.0,39.0,32.0,0,0.5015625,32768.0,2048.0,6400000.0,0.5273919092465753
32.0,32.0,4.0,8.0,238.0,239.0,7849.0,34144.0,0,0.940625,0.0078125,32.0,6400000.0,0.9409246575342465
1.0,32.0,4.0,1.0,1.0,1.0,63.0,32.0,0,0.5015625,0.0078125,32768.0,6400000.0,0.5273919092465753
32.0,32.0,1.0,5.0,68.0,64.0,2138.0,6144.0,0,0.9078125,2.0,8.0,6400000.0,0.9033657962328766
32.0,32.0,4.0,8.0,238.0,239.0,7849.0,34144.0,0,0.940625,32.0,0.25,6400000.0,0.9409246575342465
32.0,32.0,4.0,21.0,332.0,330.0,10721.0,48704.0,0,0.95,0.015625,0.25,6400000.0,0.9491415423189823
32.0,32.0,2.0,10.0,134.0,125.0,4263.0,15904.0,0,0.940625,0.000976562,0.000976562,6400000.0,0.9409246575342465
1.0,32.0,1.0,1.0,1.0,1.0,35.0,32.0,0,0.5015625,32768.0,0.015625,6400000.0,0.5273919092465753
1.0,32.0,1.0,1.0,1.0,1.0,35.0,32.0,0,0.5015625,32768.0,16384.0,6400000.0,0.5273919092465753
32.0,32.0,2.0,5.0,122.0,118.0,3940.0,14784.0,0,0.940625,32.0,0.015625,6400000.0,0.9409246575342465
32.0,32.0,2.0,10.0,134.0,125.0,4263.0,15904.0,0,0.940625,0.0,0.125,6400000.0,0.9409246575342465
1.0,32.0,1.0,1.0,1.0,1.0,35.0,32.0,0,0.5015625,32768.0,16.0,6400000.0,0.5273919092465753
32.0,32.0,4.0,20.0,323.0,323.0,10447.0,47584.0,0,0.94375,0.0,0.015625,6400000.0,0.9479673740215265
1.0,32.0,2.0,1.0,1.0,1.0,39.0,32.0,0,0.5015625,32768.0,2.0,6400000.0,0.5273919092465753
32.0,32.0,4.0,5.0,196.0,196.0,6510.0,27264.0,0,0.940625,0.015625,256.0,6400000.0,0.9409246575342465
32.0,32.0,2.0,10.0,134.0,125.0,4263.0,15904.0,0,0.940625,0.00195312,0.0078125,6400000.0,0.9409246575342465
1.0,32.0,4.0,1.0,1.0,1.0,63.0,32.0,0,0.5015625,0.03125,2048.0,6400000.0,0.5273919092465753
32.0,32.0,2.0,5.0,121.0,117.0,3907.0,14624.0,0,0.940625,0.0,128.0,6400000.0,0.9409246575342465
32.0,32.0,2.0,9.0,133.0,125.0,4249.0,15904.0,0,0.940625,0.000976562,1.0,6400000.0,0.9409246575342465
1.0,32.0,2.0,1.0,1.0,1.0,39.0,32.0,0,0.5015625,0.00195312,8192.0,6400000.0,0.5273919092465753
32.0,32.0,4.0,14.0,314.0,314.0,10261.0,46144.0,0,0.946875,4.0,0.000976562,6400000.0,0.9460104268590996
32.0,32.0,4.0,20.0,323.0,323.0,10447.0,47584.0,0,0.94375,0.03125,0.00195312,6400000.0,0.9483587634540118
1.0,32.0,2.0,1.0,1.0,1.0,39.0,32.0,0,0.5015625,512.0,0.03125,6400000.0,0.5273919092465753
1.0,32.0,2.0,1.0,1.0,1.0,39.0,32.0,0,0.5015625,256.0,4096.0,6400000.0,0.5273919092465753
1.0,32.0,4.0,1.0,1.0,1.0,63.0,32.0,0,0.5015625,0.0,16384.0,6400000.0,0.5273919092465753
32.0,32.0,2.0,5.0,120.0,116.0,3874.0,14464.0,0,0.940625,256.0,4.0,6400000.0,0.9033657962328766
32.0,32.0,2.0,7.0,130.0,124.0,4163.0,15744.0,0,0.940625,0.00195312,8.0,6400000.0,0.9409246575342465
32.0,32.0,2.0,5.0,122.0,118.0,3940.0,14784.0,0,0.940625,0.00390625,64.0,6400000.0,0.9409246575342465
32.0,32.0,2.0,10.0,134.0,125.0,4263.0,15904.0,0,0.940625,0.0078125,0.0,6400000.0,0.9409246575342465
32.0,32.0,4.0,16.0,310.0,308.0,10085.0,45184.0,0,0.9453125,0.03125,2.0,6400000.0,0.9464018162915849
1.0,32.0,2.0,1.0,1.0,1.0,39.0,32.0,0,0.5015625,0.000976562,1024.0,6400000.0,0.5273919092465753
32.0,32.0,4.0,9.0,297.0,300.0,9793.0,43904.0,0,0.9453125,0.0625,16.0,6400000.0,0.949531402886497
32.0,32.0,4.0,9.0,297.0,300.0,9793.0,43904.0,0,0.9453125,0.0,16.0,6400000.0,0.949531402886497
1.0,32.0,4.0,1.0,1.0,1.0,63.0,32.0,0,0.5015625,0.25,512.0,6400000.0,0.5273919092465753
32.0,32.0,2.0,10.0,134.0,125.0,4263.0,15904.0,0,0.940625,0.00390625,0.0625,6400000.0,0.9409246575342465
32.0,32.0,4.0,14.0,311.0,311.0,10162.0,45664.0,0,0.946875,4.0,1.0,6400000.0,0.947575984589041
32.0,32.0,4.0,19.0,322.0,323.0,10436.0,47584.0,0,0.94375,0.0625,0.015625,6400000.0,0.9483587634540118
1.0,32.0,2.0,1.0,1.0,1.0,39.0,32.0,0,0.5015625,32.0,16384.0,6400000.0,0.5273919092465753
1.0,32.0,4.0,1.0,1.0,1.0,63.0,32.0,0,0.5015625,0.0625,16384.0,6400000.0,0.5273919092465753
1.0,32.0,2.0,1.0,1.0,1.0,39.0,32.0,0,0.5015625,0.03125,32768.0,6400000.0,0.5273919092465753
1.0,32.0,4.0,1.0,1.0,1.0,63.0,32.0,0,0.5015625,4.0,1024.0,6400000.0,0.5273919092465753
1.0,32.0,2.0,1.0,1.0,1.0,39.0,32.0,0,0.5015625,2048.0,1.0,6400000.0,0.5273919092465753
1.0,32.0,4.0,1.0,1.0,1.0,63.0,32.0,0,0.5015625,0.5,4096.0,6400000.0,0.5273919092465753
32.0,32.0,2.0,10.0,134.0,125.0,4263.0,15904.0,0,0.940625,0.015625,0.00390625,6400000.0,0.9409246575342465
32.0,32.0,2.0,5.0,122.0,118.0,3940.0,14784.0,0,0.940625,32.0,16.0,6400000.0,0.9409246575342465
32.0,32.0,4.0,14.0,310.0,310.0,10129.0,45504.0,0,0.946875,0.5,4.0,6400000.0,0.947575984589041
1.0,32.0,2.0,1.0,1.0,1.0,39.0,32.0,0,0.5015625,0.0078125,512.0,6400000.0,0.5273919092465753
32.0,32.0,2.0,9.0,133.0,125.0,4249.0,15904.0,0,0.940625,0.015625,4.0,6400000.0,0.9409246575342465
32.0,32.0,2.0,10.0,134.0,125.0,4263.0,15904.0,0,0.940625,0.03125,0.03125,6400000.0,0.9409246575342465
1.0,32.0,2.0,1.0,1.0,1.0,39.0,32.0,0,0.5015625,0.015625,4096.0,6400000.0,0.5273919092465753
1.0,32.0,2.0,1.0,1.0,1.0,39.0,32.0,0,0.5015625,512.0,32768.0,6400000.0,0.5273919092465753
32.0,32.0,1.0,4.0,67.0,64.0,2127.0,6144.0,0,0.9078125,4.0,64.0,6400000.0,0.9033657962328766
32.0,32.0,2.0,9.0,133.0,125.0,4249.0,15904.0,0,0.940625,0.0078125,0.5,6400000.0,0.9409246575342465
32.0,32.0,2.0,5.0,120.0,116.0,3874.0,14464.0,0,0.940625,0.0625,256.0,6400000.0,0.9033657962328766
1.0,32.0,2.0,1.0,1.0,1.0,39.0,32.0,0,0.5015625,512.0,32.0,6400000.0,0.5273919092465753
32.0,32.0,4.0,19.0,322.0,323.0,10436.0,47584.0,0,0.94375,0.000976562,0.125,6400000.0,0.9483587634540118
32.0,32.0,4.0,19.0,323.0,323.0,10468.0,47584.0,0,0.95,0.5,0.00390625,6400000.0,0.9456190374266145
32.0,32.0,2.0,10.0,134.0,125.0,4263.0,15904.0,0,0.940625,0.125,0.00195312,6400000.0,0.9409246575342465
32.0,32.0,2.0,5.0,120.0,116.0,3874.0,14464.0,0,0.940625,64.0,128.0,6400000.0,0.9409246575342465
32.0,32.0,1.0,5.0,68.0,64.0,2138.0,6144.0,0,0.9078125,8.0,0.0,6400000.0,0.9033657962328766
32.0,32.0,2.0,5.0,122.0,118.0,3940.0,14784.0,0,0.940625,0.03125,32.0,6400000.0,0.9409246575342465
1.0,32.0,2.0,1.0,1.0,1.0,39.0,32.0,0,0.5015625,2048.0,1024.0,6400000.0,0.5273919092465753
32.0,32.0,2.0,9.0,133.0,125.0,4249.0,15904.0,0,0.940625,0.0625,0.25,6400000.0,0.9409246575342465
32.0,32.0,4.0,5.0,191.0,191.0,6345.0,26464.0,0,0.940625,32.0,256.0,6400000.0,0.9409246575342465
32.0,32.0,4.0,21.0,332.0,330.0,10721.0,48704.0,0,0.95,0.125,0.125,6400000.0,0.9507071000489237
1.0,32.0,2.0,1.0,1.0,1.0,39.0,32.0,0,0.5015625,0.125,2048.0,6400000.0,0.5273919092465753
1.0,32.0,4.0,1.0,1.0,1.0,63.0,32.0,0,0.5015625,8.0,8192.0,6400000.0,0.5273919092465753
32.0,32.0,4.0,7.0,284.0,293.0,9412.0,42784.0,0,0.940625,64.0,0.00195312,6400000.0,0.9409246575342465
32.0,32.0,2.0,9.0,133.0,125.0,4249.0,15904.0,0,0.940625,0.25,0.015625,6400000.0,0.9409246575342465
32.0,32.0,4.0,5.0,196.0,196.0,6510.0,27264.0,0,0.940625,0.125,128.0,6400000.0,0.9409246575342465
32.0,32.0,2.0,5.0,122.0,118.0,3940.0,14784.0,0,0.940625,64.0,0.125,6400000.0,0.9409246575342465
1.0,32.0,4.0,1.0,1.0,1.0,63.0,32.0,0,0.5015625,64.0,2048.0,6400000.0,0.5273919092465753
32.0,32.0,1.0,5.0,68.0,64.0,2138.0,6144.0,0,0.9078125,8.0,0.5,6400000.0,0.9033657962328766
32.0,32.0,4.0,11.0,305.0,308.0,10030.0,45184.0,0,0.94375,8.0,0.0078125,6400000.0,0.9460104268590998
32.0,32.0,2.0,9.0,133.0,125.0,4249.0,15904.0,0,0.940625,0.125,2.0,6400000.0,0.9409246575342465
32.0,32.0,1.0,5.0,68.0,64.0,2138.0,6144.0,0,0.9078125,16.0,0.00390625,6400000.0,0.9033657962328766
32.0,32.0,4.0,9.0,299.0,300.0,9857.0,43904.0,0,0.9453125,8.0,8.0,6400000.0,0.949531402886497
32.0,32.0,4.0,7.0,284.0,293.0,9412.0,42784.0,0,0.940625,64.0,2.0,6400000.0,0.9409246575342465
1.0,32.0,1.0,1.0,1.0,1.0,35.0,32.0,0,0.5015625,8.0,512.0,6400000.0,0.5273919092465753
32.0,32.0,2.0,5.0,121.0,117.0,3907.0,14624.0,0,0.940625,128.0,0.000976562,6400000.0,0.9409246575342465
32.0,32.0,4.0,5.0,196.0,196.0,6510.0,27264.0,0,0.940625,0.000976562,128.0,6400000.0,0.9409246575342465
32.0,32.0,2.0,9.0,133.0,125.0,4249.0,15904.0,0,0.940625,0.5,0.125,6400000.0,0.9409246575342465
1.0,32.0,2.0,1.0,1.0,1.0,39.0,32.0,0,0.5015625,0.25,16384.0,6400000.0,0.5273919092465753
1.0,32.0,2.0,1.0,1.0,1.0,39.0,32.0,0,0.5015625,4096.0,0.0078125,6400000.0,0.5273919092465753
32.0,32.0,4.0,5.0,196.0,196.0,6510.0,27264.0,0,0.940625,128.0,0.015625,6400000.0,0.9409246575342465
32.0,32.0,4.0,8.0,238.0,239.0,7849.0,34144.0,0,0.940625,1.0,32.0,6400000.0,0.9409246575342465
1.0,32.0,2.0,1.0,1.0,1.0,39.0,32.0,0,0.5015625,2.0,8192.0,6400000.0,0.5273919092465753
32.0,32.0,4.0,16.0,313.0,317.0,10190.0,46624.0,0,0.9484375,1.0,0.03125,6400000.0,0.9475752201565557
32.0,32.0,2.0,7.0,126.0,120.0,4031.0,15104.0,0,0.940625,0.25,16.0,6400000.0,0.9409246575342465
32.0,32.0,2.0,9.0,133.0,125.0,4249.0,15904.0,0,0.940625,1.0,0.000976562,6400000.0,0.9409246575342465
32.0,32.0,1.0,4.0,67.0,64.0,2127.0,6144.0,0,0.9078125,64.0,256.0,6400000.0,0.7707512842465754
32.0,32.0,2.0,9.0,133.0,125.0,4249.0,15904.0,0,0.940625,1.0,1.0,6400000.0,0.9409246575342465
32.0,32.0,1.0,4.0,67.0,64.0,2127.0,6144.0,0,0.9078125,32.0,0.03125,6400000.0,0.9033657962328766
32.0,32.0,1.0,5.0,68.0,64.0,2138.0,6144.0,0,0.9078125,16.0,4.0,6400000.0,0.9033657962328766
1.0,32.0,1.0,1.0,1.0,1.0,35.0,32.0,0,0.5015625,128.0,2048.0,6400000.0,0.5273919092465753
1.0,32.0,2.0,1.0,1.0,1.0,39.0,32.0,0,0.5015625,1.0,1024.0,6400000.0,0.5273919092465753
32.0,32.0,1.0,4.0,67.0,64.0,2127.0,6144.0,0,0.9078125,128.0,2.0,6400000.0,0.9033657962328766
32.0,32.0,2.0,5.0,121.0,117.0,3907.0,14624.0,0,0.940625,0.5,128.0,6400000.0,0.9409246575342465
1.0,32.0,2.0,1.0,1.0,1.0,39.0,32.0,0,0.5015625,4096.0,8.0,6400000.0,0.5273919092465753
1.0,32.0,2.0,1.0,1.0,1.0,39.0,32.0,0,0.5015625,1024.0,0.25,6400000.0,0.5273919092465753
1.0,32.0,1.0,1.0,1.0,1.0,35.0,32.0,0,0.5015625,16.0,4096.0,6400000.0,0.5273919092465753
32.0,32.0,4.0,5.0,196.0,196.0,6510.0,27264.0,0,0.940625,128.0,16.0,6400000.0,0.9409246575342465
1.0,32.0,1.0,1.0,1.0,1.0,35.0,32.0,0,0.5015625,32.0,32768.0,6400000.0,0.5273919092465753
32.0,32.0,2.0,9.0,133.0,125.0,4249.0,15904.0,0,0.940625,4.0,0.0625,6400000.0,0.9409246575342465
1.0,32.0,4.0,1.0,1.0,1.0,63.0,32.0,0,0.5015625,1.0,32768.0,6400000.0,0.5273919092465753
32.0,32.0,1.0,4.0,67.0,64.0,2127.0,6144.0,0,0.9078125,32.0,32.0,6400000.0,0.9033657962328766
32.0,32.0,4.0,20.0,321.0,322.0,10382.0,47424.0,0,0.94375,0.00195312,0.000976562,6400000.0,0.9479673740215265
32.0,32.0,2.0,8.0,128.0,121.0,4106.0,15264.0,0,0.940625,2.0,8.0,6400000.0,0.9409246575342465
32.0,32.0,4.0,9.0,302.0,303.0,9956.0,44384.0,0,0.9453125,16.0,0.0625,6400000.0,0.949531402886497
1.0,32.0,4.0,1.0,1.0,1.0,63.0,32.0,0,0.5015625,128.0,16384.0,6400000.0,0.5273919092465753
32.0,32.0,2.0,9.0,133.0,125.0,4249.0,15904.0,0,0.940625,2.0,0.0078125,6400000.0,0.9409246575342465
32.0,32.0,4.0,21.0,332.0,330.0,10721.0,48704.0,0,0.95,0.25,0.000976562,6400000.0,0.9507071000489237
1.0,32.0,4.0,1.0,1.0,1.0,63.0,32.0,0,0.5015625,0.00195312,1024.0,6400000.0,0.5273919092465753
32.0,32.0,1.0,4.0,67.0,64.0,2127.0,6144.0,0,0.9078125,128.0,0.00195312,6400000.0,0.9033657962328766
32.0,32.0,1.0,4.0,67.0,64.0,2127.0,6144.0,0,0.9078125,256.0,0.015625,6400000.0,0.9033657962328766
32.0,32.0,2.0,5.0,121.0,117.0,3907.0,14624.0,0,0.940625,128.0,1.0,6400000.0,0.9409246575342465
32.0,32.0,2.0,5.0,122.0,118.0,3940.0,14784.0,0,0.940625,4.0,64.0,6400000.0,0.9409246575342465
1.0,32.0,2.0,1.0,1.0,1.0,39.0,32.0,0,0.5015625,1024.0,256.0,6400000.0,0.5273919092465753
32.0,32.0,4.0,5.0,196.0,196.0,6510.0,27264.0,0,0.940625,256.0,0.125,6400000.0,0.9409246575342465
32.0,32.0,4.0,16.0,313.0,317.0,10190.0,46624.0,0,0.9484375,0.00195312,1.0,6400000.0,0.9475752201565557
32.0,32.0,2.0,7.0,130.0,124.0,4163.0,15744.0,0,0.940625,8.0,0.0,6400000.0,0.9409246575342465
1.0,32.0,2.0,1.0,1.0,1.0,39.0,32.0,0,0.5015625,128.0,1024.0,6400000.0,0.5273919092465753
1.0,32.0,2.0,1.0,1.0,1.0,39.0,32.0,0,0.5015625,4096.0,8192.0,6400000.0,0.5273919092465753
32.0,32.0,4.0,5.0,176.0,193.0,5867.0,26784.0,0,0.940625,256.0,128.0,6400000.0,0.9033657962328766
1.0,32.0,2.0,1.0,1.0,1.0,39.0,32.0,0,0.5015625,8192.0,0.0625,6400000.0,0.5273919092465753
32.0,32.0,1.0,4.0,67.0,64.0,2127.0,6144.0,0,0.9078125,64.0,0.25,6400000.0,0.9033657962328766
1.0,32.0,2.0,1.0,1.0,1.0,39.0,32.0,0,0.5015625,8192.0,64.0,6400000.0,0.5273919092465753
32.0,32.0,2.0,7.0,130.0,124.0,4163.0,15744.0,0,0.940625,8.0,0.5,6400000.0,0.9409246575342465
1.0,32.0,1.0,1.0,1.0,1.0,35.0,32.0,0,0.5015625,256.0,16384.0,6400000.0,0.5273919092465753
1.0,32.0,4.0,1.0,1.0,1.0,63.0,32.0,0,0.5015625,512.0,0.000976562,6400000.0,0.5273919092465753
1.0,32.0,1.0,1.0,1.0,1.0,35.0,32.0,0,0.5015625,4096.0,64.0,6400000.0,0.5273919092465753
1.0,32.0,4.0,1.0,1.0,1.0,63.0,32.0,0,0.5015625,0.00390625,8192.0,6400000.0,0.5273919092465753
1.0,32.0,1.0,1.0,1.0,1.0,35.0,32.0,0,0.5015625,1024.0,1024.0,6400000.0,0.5273919092465753
1.0,32.0,1.0,1.0,1.0,1.0,35.0,32.0,0,0.5015625,2048.0,0.0078125,6400000.0,0.5273919092465753
32.0,32.0,2.0,7.0,126.0,120.0,4031.0,15104.0,0,0.940625,16.0,0.00390625,6400000.0,0.9409246575342465
32.0,32.0,4.0,11.0,311.0,314.0,10228.0,46144.0,0,0.9453125,0.00390625,8.0,6400000.0,0.9467932057240704
32.0,32.0,1.0,4.0,67.0,64.0,2127.0,6144.0,0,0.9078125,256.0,16.0,6400000.0,0.9033657962328766
1.0,32.0,1.0,1.0,1.0,1.0,35.0,32.0,0,0.5015625,512.0,0.125,6400000.0,0.5273919092465753
1.0,32.0,1.0,1.0,1.0,1.0,35.0,32.0,0,0.5015625,2048.0,8.0,6400000.0,0.5273919092465753
1.0,32.0,2.0,1.0,1.0,1.0,39.0,32.0,0,0.5015625,8.0,512.0,6400000.0,0.5273919092465753
1.0,32.0,1.0,1.0,1.0,1.0,35.0,32.0,0,0.5015625,4096.0,0.0625,6400000.0,0.5273919092465753
32.0,32.0,4.0,17.0,321.0,319.0,10427.0,46944.0,0,0.9453125,0.25,1.0,6400000.0,0.9464010518590997
1.0,32.0,1.0,1.0,1.0,1.0,35.0,32.0,0,0.5015625,1024.0,0.000976562,6400000.0,0.5273919092465753
32.0,32.0,4.0,20.0,321.0,322.0,10382.0,47424.0,0,0.94375,0.00390625,0.0078125,6400000.0,0.9479673740215265
1.0,32.0,1.0,1.0,1.0,1.0,35.0,32.0,0,0.5015625,1024.0,1.0,6400000.0,0.5273919092465753
1.0,32.0,2.0,1.0,1.0,1.0,39.0,32.0,0,0.5015625,16384.0,0.0,6400000.0,0.5273919092465753
1.0,32.0,2.0,1.0,1.0,1.0,39.0,32.0,0,0.5015625,16384.0,0.5,6400000.0,0.5273919092465753
1.0,32.0,2.0,1.0,1.0,1.0,39.0,32.0,0,0.5015625,16384.0,512.0,6400000.0,0.5273919092465753
1.0,32.0,2.0,1.0,1.0,1.0,39.0,32.0,0,0.5015625,16.0,4096.0,6400000.0,0.5273919092465753
1.0,32.0,1.0,1.0,1.0,1.0,35.0,32.0,0,0.5015625,2048.0,8192.0,6400000.0,0.5273919092465753
1.0,32.0,1.0,1.0,1.0,1.0,35.0,32.0,0,0.5015625,512.0,128.0,6400000.0,0.5273919092465753
1.0,32.0,2.0,1.0,1.0,1.0,39.0,32.0,0,0.5015625,2048.0,0.00195312,6400000.0,0.5273919092465753
32.0,32.0,2.0,5.0,120.0,116.0,3874.0,14464.0,0,0.940625,256.0,0.0078125,6400000.0,0.9033657962328766
1.0,32.0,4.0,1.0,1.0,1.0,63.0,32.0,0,0.5015625,512.0,1.0,6400000.0,0.5273919092465753
32.0,32.0,2.0,7.0,126.0,120.0,4031.0,15104.0,0,0.940625,16.0,4.0,6400000.0,0.9409246575342465
32.0,32.0,4.0,15.0,313.0,312.0,10206.0,45824.0,0,0.9453125,2.0,0.25,6400000.0,0.9471845951565557
32.0,32.0,4.0,5.0,196.0,196.0,6510.0,27264.0,0,0.940625,2.0,256.0,6400000.0,0.9409246575342465
1.0,32.0,1.0,1.0,1.0,1.0,35.0,32.0,0,0.5015625,16384.0,4.0,6400000.0,0.5273919092465753
1.0,32.0,1.0,1.0,1.0,1.0,35.0,32.0,0,0.5015625,8192.0,512.0,6400000.0,0.5273919092465753
1.0,32.0,1.0,1.0,1.0,1.0,35.0,32.0,0,0.5015625,8192.0,0.5,6400000.0,0.5273919092465753
1.0,32.0,4.0,1.0,1.0,1.0,63.0,32.0,0,0.5015625,512.0,1024.0,6400000.0,0.5273919092465753
1.0,32.0,1.0,1.0,1.0,1.0,35.0,32.0,0,0.5015625,8192.0,0.0,6400000.0,0.5273919092465753
32.0,32.0,4.0,19.0,322.0,323.0,10436.0,47584.0,0,0.94375,0.0078125,0.0625,6400000.0,0.9483587634540118
32.0,32.0,4.0,7.0,259.0,264.0,8567.0,38144.0,0,0.940625,16.0,64.0,6400000.0,0.9409246575342465
1.0,32.0,4.0,1.0,1.0,1.0,63.0,32.0,0,0.5015625,1024.0,0.0078125,6400000.0,0.5273919092465753
32.0,32.0,4.0,8.0,238.0,239.0,7849.0,34144.0,0,0.940625,32.0,0.0,6400000.0,0.9409246575342465
1.0,32.0,1.0,1.0,1.0,1.0,35.0,32.0,0,0.5015625,16384.0,0.00390625,6400000.0,0.5273919092465753
1.0,32.0,2.0,1.0,1.0,1.0,39.0,32.0,0,0.5015625,32768.0,0.00390625,6400000.0,0.5273919092465753
1.0,32.0,4.0,1.0,1.0,1.0,63.0,32.0,0,0.5015625,1024.0,8.0,6400000.0,0.5273919092465753
32.0,32.0,2.0,10.0,134.0,125.0,4263.0,15904.0,0,0.940625,0.000976562,0.00195312,6400000.0,0.9409246575342465
1.0,32.0,1.0,1.0,1.0,1.0,35.0,32.0,0,0.5015625,16384.0,4096.0,6400000.0,0.5273919092465753
1.0,32.0,2.0,1.0,1.0,1.0,39.0,32.0,0,0.5015625,32768.0,4096.0,6400000.0,0.5273919092465753
32.0,32.0,4.0,7.0,284.0,293.0,9412.0,42784.0,0,0.940625,0.0078125,64.0,6400000.0,0.9409246575342465
32.0,32.0,4.0,19.0,323.0,323.0,10468.0,47584.0,0,0.95,0.015625,0.5,6400000.0,0.9456190374266145
32.0,32.0,4.0,8.0,238.0,239.0,7849.0,34144.0,0,0.940625,32.0,0.5,6400000.0,0.9409246575342465
1.0,32.0,1.0,1.0,1.0,1.0,35.0,32.0,0,0.5015625,32768.0,0.03125,6400000.0,0.5273919092465753
32.0,32.0,4.0,20.0,323.0,323.0,10447.0,47584.0,0,0.94375,0.015625,0.0,6400000.0,0.9479673740215265
1.0,32.0,4.0,1.0,1.0,1.0,63.0,32.0,0,0.5015625,1024.0,8192.0,6400000.0,0.5273919092465753
1.0,32.0,1.0,1.0,1.0,1.0,35.0,32.0,0,0.5015625,32768.0,32.0,6400000.0,0.5273919092465753
32.0,32.0,2.0,10.0,134.0,125.0,4263.0,15904.0,0,0.940625,0.0,0.25,6400000.0,0.9409246575342465
1.0,32.0,1.0,1.0,1.0,1.0,35.0,32.0,0,0.5015625,32768.0,32768.0,6400000.0,0.5273919092465753
32.0,32.0,2.0,5.0,122.0,118.0,3940.0,14784.0,0,0.940625,32.0,0.03125,6400000.0,0.9409246575342465
32.0,32.0,4.0,20.0,323.0,323.0,10447.0,47584.0,0,0.94375,0.0,0.03125,6400000.0,0.9483587634540118
1.0,32.0,2.0,1.0,1.0,1.0,39.0,32.0,0,0.5015625,32768.0,4.0,6400000.0,0.5273919092465753
1.0,32.0,4.0,1.0,1.0,1.0,63.0,32.0,0,0.5015625,0.015625,512.0,6400000.0,0.5273919092465753
32.0,32.0,2.0,5.0,120.0,116.0,3874.0,14464.0,0,0.940625,0.0,256.0,6400000.0,0.9033657962328766
1.0,32.0,2.0,1.0,1.0,1.0,39.0,32.0,0,0.5015625,0.00195312,16384.0,6400000.0,0.5273919092465753
1.0,32.0,2.0,1.0,1.0,1.0,39.0,32.0,0,0.5015625,512.0,0.0625,6400000.0,0.5273919092465753
32.0,32.0,2.0,9.0,133.0,125.0,4249.0,15904.0,0,0.940625,0.000976562,2.0,6400000.0,0.9409246575342465
32.0,32.0,2.0,10.0,134.0,125.0,4263.0,15904.0,0,0.940625,0.00195312,0.015625,6400000.0,0.9409246575342465
1.0,32.0,4.0,1.0,1.0,1.0,63.0,32.0,0,0.5015625,0.03125,4096.0,6400000.0,0.5273919092465753
32.0,32.0,4.0,14.0,314.0,314.0,10261.0,46144.0,0,0.946875,4.0,0.00195312,6400000.0,0.9460104268590996
32.0,32.0,4.0,20.0,323.0,323.0,10447.0,47584.0,0,0.94375,0.03125,0.00390625,6400000.0,0.9483587634540118
32.0,32.0,2.0,7.0,126.0,120.0,4031.0,15104.0,0,0.940625,0.00195312,16.0,6400000.0,0.9409246575342465
1.0,32.0,4.0,1.0,1.0,1.0,63.0,32.0,0,0.5015625,0.0,32768.0,6400000.0,0.5273919092465753
1.0,32.0,2.0,1.0,1.0,1.0,39.0,32.0,0,0.5015625,256.0,8192.0,6400000.0,0.5273919092465753
32.0,32.0,2.0,5.0,123.0,119.0,3973.0,14944.0,0,0.9078125,256.0,8.0,6400000.0,0.9033657962328766
32.0,32.0,2.0,10.0,134.0,125.0,4263.0,15904.0,0,0.940625,0.0078125,0.000976562,6400000.0,0.9409246575342465
32.0,32.0,2.0,5.0,121.0,117.0,3907.0,14624.0,0,0.940625,0.00390625,128.0,6400000.0,0.9409246575342465
32.0,32.0,4.0,15.0,310.0,309.0,10107.0,45344.0,0,0.946875,0.03125,4.0,6400000.0,0.9491415423189824
1.0,32.0,2.0,1.0,1.0,1.0,39.0,32.0,0,0.5015625,0.000976562,2048.0,6400000.0,0.5273919092465753
32.0,32.0,4.0,8.0,238.0,239.0,7849.0,34144.0,0,0.940625,0.0,32.0,6400000.0,0.9409246575342465
32.0,32.0,4.0,8.0,238.0,239.0,7849.0,34144.0,0,0.940625,0.0625,32.0,6400000.0,0.9409246575342465
1.0,32.0,2.0,1.0,1.0,1.0,39.0,32.0,0,0.5015625,32.0,32768.0,6400000.0,0.5273919092465753
32.0,32.0,2.0,10.0,134.0,125.0,4263.0,15904.0,0,0.940625,0.00390625,0.125,6400000.0,0.9409246575342465
1.0,32.0,4.0,1.0,1.0,1.0,63.0,32.0,0,0.5015625,0.25,1024.0,6400000.0,0.5273919092465753
32.0,32.0,2.0,10.0,134.0,125.0,4263.0,15904.0,0,0.940625,0.0625,0.0,6400000.0,0.9409246575342465
32.0,32.0,4.0,19.0,322.0,323.0,10436.0,47584.0,0,0.94375,0.0625,0.03125,6400000.0,0.9483587634540118
1.0,32.0,4.0,1.0,1.0,1.0,63.0,32.0,0,0.5015625,0.5,8192.0,6400000.0,0.5273919092465753
32.0,32.0,2.0,10.0,134.0,125.0,4263.0,15904.0,0,0.940625,0.015625,0.0078125,6400000.0,0.9409246575342465
32.0,32.0,4.0,14.0,312.0,312.0,10195.0,45824.0,0,0.9484375,4.0,2.0,6400000.0,0.9487501528864971
1.0,32.0,2.0,1.0,1.0,1.0,39.0,32.0,0,0.5015625,2048.0,2.0,6400000.0,0.5273919092465753
1.0,32.0,4.0,1.0,1.0,1.0,63.0,32.0,0,0.5015625,0.0625,32768.0,6400000.0,0.5273919092465753
1.0,32.0,4.0,1.0,1.0,1.0,63.0,32.0,0,0.5015625,4.0,2048.0,6400000.0,0.5273919092465753
32.0,32.0,4.0,11.0,345.0,351.0,11353.0,52064.0,0,0.9453125,0.5,8.0,6400000.0,0.9467932057240704
32.0,32.0,2.0,5.0,122.0,118.0,3940.0,14784.0,0,0.940625,32.0,32.0,6400000.0,0.9409246575342465
1.0,32.0,2.0,1.0,1.0,1.0,39.0,32.0,0,0.5015625,0.0078125,1024.0,6400000.0,0.5273919092465753
1.0,32.0,2.0,1.0,1.0,1.0,39.0,32.0,0,0.5015625,1024.0,0.0,6400000.0,0.5273919092465753
1.0,32.0,4.0,1.0,1.0,1.0,63.0,32.0,0,0.5015625,2048.0,0.0625,6400000.0,0.5273919092465753
32.0,32.0,2.0,7.0,130.0,124.0,4163.0,15744.0,0,0.940625,0.015625,8.0,6400000.0,0.9409246575342465
1.0,32.0,2.0,1.0,1.0,1.0,39.0,32.0,0,0.5015625,0.0625,512.0,6400000.0,0.5273919092465753
32.0,32.0,2.0,9.0,133.0,125.0,4249.0,15904.0,0,0.940625,0.0078125,1.0,6400000.0,0.9409246575342465
32.0,32.0,2.0,10.0,134.0,125.0,4263.0,15904.0,0,0.940625,0.03125,0.0625,6400000.0,0.9409246575342465
32.0,32.0,4.0,19.0,323.0,323.0,10468.0,47584.0,0,0.95,0.5,0.0078125,6400000.0,0.9456190374266145
1.0,32.0,2.0,1.0,1.0,1.0,39.0,32.0,0,0.5015625,0.015625,8192.0,6400000.0,0.5273919092465753
1.0,32.0,2.0,1.0,1.0,1.0,39.0,32.0,0,0.5015625,512.0,64.0,6400000.0,0.5273919092465753
32.0,32.0,2.0,10.0,134.0,125.0,4263.0,15904.0,0,0.940625,0.125,0.00390625,6400000.0,0.9409246575342465
1.0,32.0,4.0,1.0,1.0,1.0,63.0,32.0,0,0.5015625,2048.0,64.0,6400000.0,0.5273919092465753
32.0,32.0,2.0,4.0,123.0,120.0,3995.0,15104.0,0,0.9078125,64.0,256.0,6400000.0,0.9033657962328766
32.0,32.0,2.0,9.0,133.0,125.0,4249.0,15904.0,0,0.940625,0.0625,0.5,6400000.0,0.9409246575342465
32.0,32.0,4.0,21.0,332.0,330.0,10721.0,48704.0,0,0.95,0.000976562,0.25,6400000.0,0.9507071000489237
1.0,32.0,2.0,1.0,1.0,1.0,39.0,32.0,0,0.5015625,2048.0,2048.0,6400000.0,0.5273919092465753
32.0,32.0,2.0,5.0,122.0,118.0,3940.0,14784.0,0,0.940625,0.03125,64.0,6400000.0,0.9409246575342465
1.0,32.0,2.0,1.0,1.0,1.0,39.0,32.0,0,0.5015625,0.125,4096.0,6400000.0,0.5273919092465753
32.0,32.0,2.0,9.0,133.0,125.0,4249.0,15904.0,0,0.940625,0.25,0.03125,6400000.0,0.9409246575342465
1.0,32.0,4.0,1.0,1.0,1.0,63.0,32.0,0,0.5015625,32.0,512.0,6400000.0,0.5273919092465753
32.0,32.0,4.0,11.0,305.0,308.0,10030.0,45184.0,0,0.94375,8.0,0.015625,6400000.0,0.9460104268590998
32.0,32.0,4.0,20.0,325.0,324.0,10512.0,47744.0,0,0.95,0.125,0.25,6400000.0,0.9460104268590998
1.0,32.0,4.0,1.0,1.0,1.0,63.0,32.0,0,0.5015625,64.0,4096.0,6400000.0,0.5273919092465753
32.0,32.0,4.0,7.0,284.0,293.0,9412.0,42784.0,0,0.940625,64.0,0.00390625,6400000.0,0.9409246575342465
1.0,32.0,4.0,1.0,1.0,1.0,63.0,32.0,0,0.5015625,8.0,16384.0,6400000.0,0.5273919092465753
32.0,32.0,4.0,5.0,196.0,196.0,6510.0,27264.0,0,0.940625,0.125,256.0,6400000.0,0.9409246575342465
32.0,32.0,2.0,9.0,133.0,125.0,4249.0,15904.0,0,0.940625,0.125,4.0,6400000.0,0.9409246575342465
1.0,32.0,4.0,1.0,1.0,1.0,63.0,32.0,0,0.5015625,4096.0,0.0,6400000.0,0.5273919092465753
32.0,32.0,2.0,5.0,122.0,118.0,3940.0,14784.0,0,0.940625,64.0,0.25,6400000.0,0.9409246575342465
1.0,32.0,4.0,1.0,1.0,1.0,63.0,32.0,0,0.5015625,4096.0,0.5,6400000.0,0.5273919092465753
1.0,32.0,4.0,1.0,1.0,1.0,63.0,32.0,0,0.5015625,4096.0,512.0,6400000.0,0.5273919092465753
32.0,32.0,4.0,7.0,284.0,293.0,9412.0,42784.0,0,0.940625,64.0,4.0,6400000.0,0.9409246575342465
32.0,32.0,4.0,5.0,196.0,196.0,6510.0,27264.0,0,0.940625,0.000976562,256.0,6400000.0,0.9409246575342465
1.0,32.0,2.0,1.0,1.0,1.0,39.0,32.0,0,0.5015625,0.25,32768.0,6400000.0,0.5273919092465753
32.0,32.0,4.0,8.0,266.0,269.0,8791.0,38944.0,0,0.959375,8.0,16.0,6400000.0,0.9471830662915851
32.0,32.0,2.0,5.0,121.0,117.0,3907.0,14624.0,0,0.940625,128.0,0.00195312,6400000.0,0.9409246575342465
32.0,32.0,2.0,9.0,133.0,125.0,4249.0,15904.0,0,0.940625,0.5,0.25,6400000.0,0.9409246575342465
32.0,32.0,4.0,7.0,284.0,293.0,9412.0,42784.0,0,0.940625,1.0,64.0,6400000.0,0.9409246575342465
32.0,32.0,4.0,5.0,196.0,196.0,6510.0,27264.0,0,0.940625,128.0,0.03125,6400000.0,0.9409246575342465
32.0,32.0,4.0,17.0,326.0,323.0,10591.0,47584.0,0,0.946875,1.0,0.0625,6400000.0,0.9475752201565557
32.0,32.0,2.0,5.0,122.0,118.0,3940.0,14784.0,0,0.940625,0.25,32.0,6400000.0,0.9409246575342465
1.0,32.0,2.0,1.0,1.0,1.0,39.0,32.0,0,0.5015625,4096.0,0.015625,6400000.0,0.5273919092465753
1.0,32.0,4.0,1.0,1.0,1.0,63.0,32.0,0,0.5015625,8192.0,0.00390625,6400000.0,0.5273919092465753
1.0,32.0,2.0,1.0,1.0,1.0,39.0,32.0,0,0.5015625,2.0,16384.0,6400000.0,0.5273919092465753
32.0,32.0,2.0,9.0,133.0,125.0,4249.0,15904.0,0,0.940625,1.0,0.00195312,6400000.0,0.9409246575342465
32.0,32.0,2.0,9.0,133.0,125.0,4249.0,15904.0,0,0.940625,1.0,2.0,6400000.0,0.9409246575342465
1.0,32.0,4.0,1.0,1.0,1.0,63.0,32.0,0,0.5015625,8192.0,4.0,6400000.0,0.5273919092465753
1.0,32.0,4.0,1.0,1.0,1.0,63.0,32.0,0,0.5015625,16384.0,32.0,6400000.0,0.5273919092465753
1.0,32.0,4.0,1.0,1.0,1.0,63.0,32.0,0,0.5015625,8192.0,4096.0,6400000.0,0.5273919092465753
1.0,32.0,2.0,1.0,1.0,1.0,39.0,32.0,0,0.5015625,4096.0,16.0,6400000.0,0.5273919092465753
32.0,32.0,2.0,5.0,120.0,116.0,3874.0,14464.0,0,0.940625,0.5,256.0,6400000.0,0.9033657962328766
1.0,32.0,4.0,1.0,1.0,1.0,63.0,32.0,0,0.5015625,32768.0,0.25,6400000.0,0.5273919092465753
1.0,32.0,4.0,1.0,1.0,1.0,63.0,32.0,0,0.5015625,16384.0,32768.0,6400000.0,0.5273919092465753
32.0,32.0,4.0,16.0,319.0,317.0,10382.0,46624.0,0,0.9453125,2.0,0.0,6400000.0,0.9471845951565557
1.0,32.0,4.0,1.0,1.0,1.0,63.0,32.0,0,0.5015625,16384.0,0.03125,6400000.0,0.5273919092465753
1.0,32.0,2.0,1.0,1.0,1.0,39.0,32.0,0,0.5015625,1024.0,0.5,6400000.0,0.5273919092465753
32.0,32.0,4.0,5.0,196.0,196.0,6510.0,27264.0,0,0.940625,128.0,32.0,6400000.0,0.9409246575342465
1.0,32.0,2.0,1.0,1.0,1.0,39.0,32.0,0,0.5015625,1.0,2048.0,6400000.0,0.5273919092465753
32.0,32.0,2.0,9.0,133.0,125.0,4249.0,15904.0,0,0.940625,4.0,0.125,6400000.0,0.9409246575342465
1.0,32.0,4.0,1.0,1.0,1.0,63.0,32.0,0,0.5015625,32768.0,256.0,6400000.0,0.5273919092465753
1.0,32.0,4.0,1.0,1.0,1.0,63.0,32.0,0,0.5015625,128.0,32768.0,6400000.0,0.5273919092465753
1.0,32.0,4.0,1.0,1.0,1.0,63.0,32.0,0,0.5015625,0.00195312,2048.0,6400000.0,0.5273919092465753
32.0,32.0,2.0,9.0,133.0,125.0,4249.0,15904.0,0,0.940625,2.0,0.015625,6400000.0,0.9409246575342465
32.0,32.0,4.0,20.0,321.0,322.0,10382.0,47424.0,0,0.94375,0.00195312,0.00195312,6400000.0,0.9479673740215265
32.0,32.0,2.0,7.0,126.0,120.0,4062.0,15104.0,0,0.940625,2.0,16.0,6400000.0,0.9409246575342465
32.0,32.0,4.0,21.0,332.0,330.0,10721.0,48704.0,0,0.95,0.25,0.00195312,6400000.0,0.9507071000489237
32.0,32.0,2.0,5.0,121.0,117.0,3907.0,14624.0,0,0.940625,4.0,128.0,6400000.0,0.9409246575342465
32.0,32.0,4.0,9.0,302.0,303.0,9956.0,44384.0,0,0.9453125,16.0,0.125,6400000.0,0.949531402886497
32.0,32.0,8.0,28.0,808.0,900.0,29992.0,139904.0,0,0.9765625,0.0,0.00195312,6400000.0,0.9733977495107631
32.0,32.0,2.0,5.0,121.0,117.0,3907.0,14624.0,0,0.940625,128.0,2.0,6400000.0,0.9409246575342465
1.0,32.0,2.0,1.0,1.0,1.0,39.0,32.0,0,0.5015625,128.0,2048.0,6400000.0,0.5273919092465753
32.0,32.0,8.0,23.0,766.0,898.0,28751.0,139584.0,0,0.978125,0.0,2.0,6400000.0,0.9718344850782777
1.0,32.0,2.0,1.0,1.0,1.0,39.0,32.0,0,0.5015625,1024.0,512.0,6400000.0,0.5273919092465753
32.0,32.0,4.0,5.0,196.0,196.0,6510.0,27264.0,0,0.940625,256.0,0.25,6400000.0,0.9409246575342465
32.0,32.0,2.0,7.0,130.0,124.0,4163.0,15744.0,0,0.940625,8.0,0.000976562,6400000.0,0.9409246575342465
1.0,32.0,4.0,1.0,1.0,1.0,63.0,32.0,0,0.5015625,256.0,256.0,6400000.0,0.5273919092465753
32.0,32.0,4.0,17.0,315.0,312.0,10228.0,45824.0,0,0.946875,0.00195312,2.0,6400000.0,0.9464018162915849
1.0,32.0,2.0,1.0,1.0,1.0,39.0,32.0,0,0.5015625,8192.0,0.125,6400000.0,0.5273919092465753
1.0,32.0,2.0,1.0,1.0,1.0,39.0,32.0,0,0.5015625,4096.0,16384.0,6400000.0,0.5273919092465753
1.0,32.0,2.0,1.0,1.0,1.0,39.0,32.0,0,0.5015625,8192.0,128.0,6400000.0,0.5273919092465753
1.0,32.0,8.0,1.0,1.0,1.0,543.0,32.0,0,0.5015625,0.0,2048.0,6400000.0,0.5273919092465753
32.0,32.0,2.0,7.0,130.0,124.0,4163.0,15744.0,0,0.940625,8.0,1.0,6400000.0,0.9409246575342465
1.0,32.0,4.0,1.0,1.0,1.0,63.0,32.0,0,0.5015625,512.0,0.00195312,6400000.0,0.5273919092465753
32.0,32.0,8.0,28.0,806.0,899.0,29927.0,139744.0,0,0.9765625,0.000976562,0.015625,6400000.0,0.9730063600782778
1.0,32.0,8.0,1.0,1.0,1.0,543.0,32.0,0,0.5015625,0.000976562,16384.0,6400000.0,0.5273919092465753
1.0,32.0,4.0,1.0,1.0,1.0,63.0,32.0,0,0.5015625,0.00390625,16384.0,6400000.0,0.5273919092465753
32.0,32.0,2.0,7.0,126.0,120.0,4031.0,15104.0,0,0.940625,16.0,0.0078125,6400000.0,0.9409246575342465
32.0,32.0,8.0,13.0,640.0,729.0,24505.0,112544.0,0,0.9671875,0.000976562,16.0,6400000.0,0.962445725293542
32.0,32.0,8.0,29.0,794.0,893.0,29516.0,138784.0,0,0.9734375,0.00195312,0.125,6400000.0,0.9737891389432486
1.0,32.0,8.0,1.0,1.0,1.0,543.0,32.0,0,0.5015625,0.00390625,1024.0,6400000.0,0.5273919092465753
32.0,32.0,8.0,5.0,196.0,196.0,8910.0,27264.0,0,0.940625,0.00195312,128.0,6400000.0,0.9409246575342465
1.0,32.0,2.0,1.0,1.0,1.0,39.0,32.0,0,0.5015625,8.0,1024.0,6400000.0,0.5273919092465753
32.0,32.0,8.0,28.0,808.0,900.0,29992.0,139904.0,0,0.9765625,0.00390625,0.000976562,6400000.0,0.9733977495107631
32.0,32.0,4.0,9.0,297.0,300.0,9793.0,43904.0,0,0.9453125,0.00390625,16.0,6400000.0,0.949531402886497
1.0,32.0,2.0,1.0,1.0,1.0,39.0,32.0,0,0.5015625,16384.0,1.0,6400000.0,0.5273919092465753
1.0,32.0,2.0,1.0,1.0,1.0,39.0,32.0,0,0.5015625,16.0,8192.0,6400000.0,0.5273919092465753
32.0,32.0,4.0,15.0,313.0,312.0,10206.0,45824.0,0,0.9453125,0.25,2.0,6400000.0,0.9471845951565557
32.0,32.0,8.0,26.0,800.0,904.0,29782.0,140544.0,0,0.9765625,0.00390625,1.0,6400000.0,0.9745719178082191
1.0,32.0,8.0,1.0,1.0,1.0,543.0,32.0,0,0.5015625,0.0078125,8192.0,6400000.0,0.5273919092465753
32.0,32.0,4.0,20.0,323.0,323.0,10447.0,47584.0,0,0.94375,0.00390625,0.015625,6400000.0,0.9479673740215265
32.0,32.0,8.0,29.0,802.0,893.0,29772.0,138784.0,0,0.9796875,0.0078125,0.0078125,6400000.0,0.9730063600782778
1.0,32.0,2.0,1.0,1.0,1.0,39.0,32.0,0,0.5015625,16384.0,0.000976562,6400000.0,0.5273919092465753
1.0,32.0,2.0,1.0,1.0,1.0,39.0,32.0,0,0.5015625,16384.0,1024.0,6400000.0,0.5273919092465753
32.0,32.0,8.0,17.0,674.0,828.0,25608.0,128384.0,0,0.9734375,0.0078125,8.0,6400000.0,0.966356561888454
1.0,32.0,2.0,1.0,1.0,1.0,39.0,32.0,0,0.5015625,2048.0,0.00390625,6400000.0,0.5273919092465753
32.0,32.0,8.0,8.0,445.0,469.0,17599.0,70944.0,0,0.959375,0.015625,64.0,6400000.0,0.9471930039138943
32.0,32.0,8.0,28.0,804.0,899.0,29863.0,139744.0,0,0.975,0.015625,0.0625,6400000.0,0.9733977495107631
32.0,32.0,2.0,5.0,120.0,116.0,3874.0,14464.0,0,0.940625,256.0,0.015625,6400000.0,0.9033657962328766
1.0,32.0,4.0,1.0,1.0,1.0,63.0,32.0,0,0.5015625,512.0,2048.0,6400000.0,0.5273919092465753
1.0,32.0,4.0,1.0,1.0,1.0,63.0,32.0,0,0.5015625,512.0,2.0,6400000.0,0.5273919092465753
32.0,32.0,2.0,6.0,124.0,119.0,3987.0,14944.0,0,0.940625,16.0,8.0,6400000.0,0.9409246575342465
1.0,32.0,4.0,1.0,1.0,1.0,63.0,32.0,0,0.5015625,2.0,512.0,6400000.0,0.5273919092465753
1.0,32.0,4.0,1.0,1.0,1.0,63.0,32.0,0,0.5015625,1024.0,0.015625,6400000.0,0.5273919092465753
1.0,32.0,8.0,1.0,1.0,1.0,543.0,32.0,0,0.5015625,0.03125,512.0,6400000.0,0.5273919092465753
32.0,32.0,4.0,15.0,319.0,318.0,10404.0,46784.0,0,0.946875,2.0,0.5,6400000.0,0.9467932057240704
32.0,32.0,8.0,28.0,800.0,899.0,29735.0,139744.0,0,0.978125,0.03125,0.5,6400000.0,0.9730063600782778
32.0,32.0,8.0,28.0,809.0,901.0,30025.0,140064.0,0,0.975,0.03125,0.0,6400000.0,0.9730063600782778
32.0,32.0,4.0,19.0,322.0,323.0,10436.0,47584.0,0,0.94375,0.0078125,0.125,6400000.0,0.9483587634540118
32.0,32.0,4.0,8.0,238.0,239.0,7849.0,34144.0,0,0.940625,32.0,0.000976562,6400000.0,0.9409246575342465
32.0,32.0,8.0,28.0,804.0,899.0,29863.0,139744.0,0,0.975,0.0625,0.00390625,6400000.0,0.9733977495107631
32.0,32.0,8.0,22.0,771.0,894.0,28928.0,138944.0,0,0.978125,0.0625,4.0,6400000.0,0.9710486484833659
1.0,32.0,2.0,1.0,1.0,1.0,39.0,32.0,0,0.5015625,32768.0,0.0078125,6400000.0,0.5273919092465753
32.0,32.0,4.0,5.0,196.0,196.0,6510.0,27264.0,0,0.940625,16.0,128.0,6400000.0,0.9409246575342465
1.0,32.0,4.0,1.0,1.0,1.0,63.0,32.0,0,0.5015625,1024.0,16.0,6400000.0,0.5273919092465753
1.0,32.0,4.0,1.0,1.0,1.0,63.0,32.0,0,0.5015625,1024.0,16384.0,6400000.0,0.5273919092465753
1.0,32.0,2.0,1.0,1.0,1.0,39.0,32.0,0,0.5015625,32768.0,8192.0,6400000.0,0.5273919092465753
1.0,32.0,8.0,1.0,1.0,1.0,543.0,32.0,0,0.5015625,0.0625,4096.0,6400000.0,0.5273919092465753
1.0,32.0,8.0,1.0,1.0,1.0,543.0,32.0,0,0.5015625,0.125,32768.0,6400000.0,0.5273919092465753
32.0,32.0,4.0,8.0,238.0,239.0,7849.0,34144.0,0,0.940625,32.0,1.0,6400000.0,0.9409246575342465
32.0,32.0,8.0,28.0,800.0,899.0,29735.0,139744.0,0,0.978125,0.25,0.25,6400000.0,0.9730063600782778
32.0,32.0,8.0,10.0,457.0,562.0,18289.0,85824.0,0,0.959375,0.125,32.0,6400000.0,0.9620543358610567
32.0,32.0,8.0,28.0,808.0,906.0,29998.0,140864.0,0,0.978125,0.125,0.03125,6400000.0,0.9737891389432486
32.0,32.0,4.0,5.0,196.0,196.0,6510.0,27264.0,0,0.940625,0.0078125,128.0,6400000.0,0.9409246575342465
32.0,32.0,4.0,20.0,323.0,323.0,10447.0,47584.0,0,0.94375,0.015625,0.000976562,6400000.0,0.9479673740215265
32.0,32.0,4.0,16.0,313.0,317.0,10190.0,46624.0,0,0.9484375,0.015625,1.0,6400000.0,0.9475752201565557
32.0,32.0,2.0,5.0,122.0,118.0,3940.0,14784.0,0,0.940625,32.0,0.0625,6400000.0,0.9409246575342465
32.0,32.0,8.0,5.0,196.0,196.0,8910.0,27264.0,0,0.940625,0.25,256.0,6400000.0,0.9409246575342465
32.0,32.0,4.0,19.0,322.0,323.0,10436.0,47584.0,0,0.94375,0.0,0.0625,6400000.0,0.9483587634540118
1.0,32.0,4.0,1.0,1.0,1.0,63.0,32.0,0,0.5015625,0.015625,1024.0,6400000.0,0.5273919092465753
32.0,32.0,8.0,28.0,800.0,899.0,29735.0,139744.0,0,0.978125,0.5,0.00195312,6400000.0,0.9730063600782778
1.0,32.0,2.0,1.0,1.0,1.0,39.0,32.0,0,0.5015625,32768.0,8.0,6400000.0,0.5273919092465753
1.0,32.0,8.0,1.0,1.0,1.0,543.0,32.0,0,0.5015625,0.5,2048.0,6400000.0,0.5273919092465753
32.0,32.0,8.0,23.0,778.0,903.0,29140.0,140384.0,0,0.9734375,0.5,2.0,6400000.0,0.9702681629158512
1.0,32.0,2.0,1.0,1.0,1.0,39.0,32.0,0,0.5015625,512.0,0.125,6400000.0,0.5273919092465753
1.0,32.0,4.0,1.0,1.0,1.0,63.0,32.0,0,0.5015625,0.03125,8192.0,6400000.0,0.5273919092465753
32.0,32.0,8.0,26.0,800.0,904.0,29782.0,140544.0,0,0.9765625,1.0,0.015625,6400000.0,0.9745719178082191
32.0,32.0,4.0,14.0,314.0,314.0,10261.0,46144.0,0,0.946875,4.0,0.00390625,6400000.0,0.9460104268590996
32.0,32.0,8.0,13.0,633.0,722.0,24274.0,111424.0,0,0.9671875,1.0,16.0,6400000.0,0.961271556996086
1.0,32.0,2.0,1.0,1.0,1.0,39.0,32.0,0,0.5015625,256.0,16384.0,6400000.0,0.5273919092465753
32.0,32.0,4.0,20.0,323.0,323.0,10447.0,47584.0,0,0.94375,0.03125,0.0078125,6400000.0,0.9483587634540118
32.0,32.0,4.0,20.0,321.0,322.0,10382.0,47424.0,0,0.94375,0.000976562,0.0,6400000.0,0.9479673740215265
32.0,32.0,2.0,5.0,123.0,119.0,3973.0,14944.0,0,0.9078125,256.0,16.0,6400000.0,0.9033657962328766
32.0,32.0,4.0,7.0,284.0,293.0,9412.0,42784.0,0,0.940625,0.0625,64.0,6400000.0,0.9409246575342465
1.0,32.0,8.0,1.0,1.0,1.0,543.0,32.0,0,0.5015625,1.0,16384.0,6400000.0,0.5273919092465753
32.0,32.0,4.0,7.0,284.0,293.0,9412.0,42784.0,0,0.940625,0.0,64.0,6400000.0,0.9409246575342465
32.0,32.0,4.0,11.0,311.0,314.0,10228.0,46144.0,0,0.9453125,0.03125,8.0,6400000.0,0.9467932057240704
32.0,32.0,8.0,23.0,782.0,904.0,29269.0,140544.0,0,0.9734375,2.0,0.125,6400000.0,0.9737883745107633
1.0,32.0,4.0,1.0,1.0,1.0,63.0,32.0,0,0.5015625,0.25,2048.0,6400000.0,0.5273919092465753
32.0,32.0,8.0,5.0,196.0,196.0,8910.0,27264.0,0,0.940625,2.0,128.0,6400000.0,0.9409246575342465
32.0,32.0,4.0,11.0,305.0,308.0,10030.0,45184.0,0,0.94375,4.0,4.0,6400000.0,0.9440534796966731
1.0,32.0,4.0,1.0,1.0,1.0,63.0,32.0,0,0.5015625,0.5,16384.0,6400000.0,0.5273919092465753
32.0,32.0,8.0,22.0,771.0,894.0,28928.0,138944.0,0,0.978125,4.0,0.000976562,6400000.0,0.9710486484833659
32.0,32.0,2.0,5.0,122.0,118.0,3940.0,14784.0,0,0.940625,64.0,0.0,6400000.0,0.9409246575342465
1.0,32.0,4.0,1.0,1.0,1.0,63.0,32.0,0,0.5015625,4.0,4096.0,6400000.0,0.5273919092465753
32.0,32.0,4.0,19.0,322.0,323.0,10436.0,47584.0,0,0.94375,0.0625,0.0625,6400000.0,0.9483587634540118
32.0,32.0,8.0,20.0,779.0,902.0,29234.0,140224.0,0,0.978125,4.0,1.0,6400000.0,0.9698767734833659
32.0,32.0,4.0,19.0,322.0,323.0,10436.0,47584.0,0,0.94375,0.125,0.0,6400000.0,0.9483587634540118
1.0,32.0,2.0,1.0,1.0,1.0,39.0,32.0,0,0.5015625,1024.0,0.000976562,6400000.0,0.5273919092465753
1.0,32.0,8.0,1.0,1.0,1.0,543.0,32.0,0,0.5015625,4.0,1024.0,6400000.0,0.5273919092465753
32.0,32.0,2.0,5.0,123.0,119.0,3973.0,14944.0,0,0.940625,32.0,64.0,6400000.0,0.9409246575342465
1.0,32.0,4.0,1.0,1.0,1.0,63.0,32.0,0,0.5015625,2048.0,0.125,6400000.0,0.5273919092465753
32.0,32.0,8.0,17.0,674.0,828.0,25608.0,128384.0,0,0.9734375,8.0,0.0078125,6400000.0,0.9683135090508805
32.0,32.0,8.0,13.0,641.0,730.0,24538.0,112704.0,0,0.9671875,8.0,8.0,6400000.0,0.9628371147260275
32.0,32.0,4.0,9.0,297.0,298.0,9791.0,43584.0,0,0.9453125,0.5,16.0,6400000.0,0.9487486240215264
1.0,32.0,2.0,1.0,1.0,1.0,39.0,32.0,0,0.5015625,2048.0,4.0,6400000.0,0.5273919092465753
32.0,32.0,8.0,13.0,641.0,730.0,24538.0,112704.0,0,0.9671875,16.0,0.0625,6400000.0,0.962445725293542
1.0,32.0,2.0,1.0,1.0,1.0,39.0,32.0,0,0.5015625,512.0,128.0,6400000.0,0.5273919092465753
1.0,32.0,8.0,1.0,1.0,1.0,543.0,32.0,0,0.5015625,8.0,8192.0,6400000.0,0.5273919092465753
1.0,32.0,4.0,1.0,1.0,1.0,63.0,32.0,0,0.5015625,2048.0,128.0,6400000.0,0.5273919092465753
32.0,32.0,4.0,19.0,323.0,323.0,10468.0,47584.0,0,0.95,0.5,0.015625,6400000.0,0.9456190374266145
1.0,32.0,2.0,1.0,1.0,1.0,39.0,32.0,0,0.5015625,64.0,512.0,6400000.0,0.5273919092465753
32.0,32.0,8.0,8.0,393.0,405.0,15871.0,60704.0,0,0.959375,16.0,64.0,6400000.0,0.9514921722113503
1.0,32.0,8.0,1.0,1.0,1.0,543.0,32.0,0,0.5015625,32.0,512.0,6400000.0,0.5273919092465753
1.0,32.0,2.0,1.0,1.0,1.0,39.0,32.0,0,0.5015625,2048.0,4096.0,6400000.0,0.5273919092465753
32.0,32.0,8.0,10.0,458.0,563.0,18322.0,85984.0,0,0.959375,32.0,0.0,6400000.0,0.9628371147260273
32.0,32.0,4.0,19.0,323.0,323.0,10468.0,47584.0,0,0.95,0.000976562,0.5,6400000.0,0.9456190374266145
32.0,32.0,4.0,18.0,320.0,321.0,10391.0,47264.0,0,0.95,0.125,0.5,6400000.0,0.9456190374266145
32.0,32.0,8.0,10.0,458.0,563.0,18322.0,85984.0,0,0.959375,32.0,0.5,6400000.0,0.9628371147260273
1.0,32.0,4.0,1.0,1.0,1.0,63.0,32.0,0,0.5015625,64.0,8192.0,6400000.0,0.5273919092465753
32.0,32.0,4.0,11.0,305.0,308.0,10030.0,45184.0,0,0.94375,8.0,0.03125,6400000.0,0.9460104268590998
32.0,32.0,8.0,8.0,487.0,514.0,18988.0,78144.0,0,0.959375,64.0,0.00390625,6400000.0,0.9522711289138943
1.0,32.0,4.0,1.0,1.0,1.0,63.0,32.0,0,0.5015625,0.125,512.0,6400000.0,0.5273919092465753
1.0,32.0,8.0,1.0,1.0,1.0,543.0,32.0,0,0.5015625,64.0,4096.0,6400000.0,0.5273919092465753
1.0,32.0,4.0,1.0,1.0,1.0,63.0,32.0,0,0.5015625,32.0,1024.0,6400000.0,0.5273919092465753
32.0,32.0,2.0,5.0,122.0,118.0,3940.0,14784.0,0,0.940625,64.0,0.5,6400000.0,0.9409246575342465
1.0,32.0,4.0,1.0,1.0,1.0,63.0,32.0,0,0.5015625,8.0,32768.0,6400000.0,0.5273919092465753
1.0,32.0,4.0,1.0,1.0,1.0,63.0,32.0,0,0.5015625,4096.0,1.0,6400000.0,0.5273919092465753
32.0,32.0,4.0,7.0,284.0,293.0,9412.0,42784.0,0,0.940625,64.0,0.0078125,6400000.0,0.9409246575342465
1.0,32.0,4.0,1.0,1.0,1.0,63.0,32.0,0,0.5015625,4096.0,0.000976562,6400000.0,0.5273919092465753
32.0,32.0,4.0,7.0,272.0,280.0,9015.0,40704.0,0,0.940625,64.0,8.0,6400000.0,0.9409246575342465
32.0,32.0,8.0,8.0,465.0,487.0,18257.0,73824.0,0,0.959375,64.0,4.0,6400000.0,0.9522711289138943
1.0,32.0,4.0,1.0,1.0,1.0,63.0,32.0,0,0.5015625,4096.0,1024.0,6400000.0,0.5273919092465753
32.0,32.0,8.0,5.0,196.0,196.0,8910.0,27264.0,0,0.940625,128.0,0.03125,6400000.0,0.9409246575342465
32.0,32.0,4.0,7.0,231.0,234.0,7641.0,33344.0,0,0.940625,8.0,32.0,6400000.0,0.9409246575342465
32.0,32.0,2.0,5.0,121.0,117.0,3907.0,14624.0,0,0.940625,128.0,0.00390625,6400000.0,0.9409246575342465
1.0,32.0,4.0,1.0,1.0,1.0,63.0,32.0,0,0.5015625,0.000976562,512.0,6400000.0,0.5273919092465753
1.0,32.0,8.0,1.0,1.0,1.0,543.0,32.0,0,0.5015625,128.0,32768.0,6400000.0,0.5273919092465753
1.0,32.0,2.0,1.0,1.0,1.0,39.0,32.0,0,0.5015625,4096.0,0.03125,6400000.0,0.5273919092465753
32.0,32.0,8.0,5.0,196.0,196.0,8910.0,27264.0,0,0.940625,128.0,32.0,6400000.0,0.9409246575342465
32.0,32.0,4.0,17.0,323.0,319.0,10491.0,46944.0,0,0.946875,1.0,0.125,6400000.0,0.9467924412915851
32.0,32.0,4.0,5.0,196.0,196.0,6510.0,27264.0,0,0.940625,1.0,128.0,6400000.0,0.9409246575342465
1.0,32.0,8.0,1.0,1.0,1.0,543.0,32.0,0,0.5015625,256.0,256.0,6400000.0,0.5273919092465753
1.0,32.0,4.0,1.0,1.0,1.0,63.0,32.0,0,0.5015625,8192.0,0.0078125,6400000.0,0.5273919092465753
32.0,32.0,4.0,5.0,196.0,196.0,6510.0,27264.0,0,0.940625,128.0,0.0625,6400000.0,0.9409246575342465
1.0,32.0,2.0,1.0,1.0,1.0,39.0,32.0,0,0.5015625,4096.0,32.0,6400000.0,0.5273919092465753
32.0,32.0,8.0,5.0,196.0,196.0,8910.0,27264.0,0,0.940625,256.0,0.25,6400000.0,0.9409246575342465
1.0,32.0,4.0,1.0,1.0,1.0,63.0,32.0,0,0.5015625,8192.0,8.0,6400000.0,0.5273919092465753
1.0,32.0,4.0,1.0,1.0,1.0,63.0,32.0,0,0.5015625,16384.0,64.0,6400000.0,0.5273919092465753
1.0,32.0,4.0,1.0,1.0,1.0,63.0,32.0,0,0.5015625,8192.0,8192.0,6400000.0,0.5273919092465753
32.0,32.0,4.0,5.0,196.0,196.0,6510.0,27264.0,0,0.940625,128.0,64.0,6400000.0,0.9409246575342465
1.0,32.0,8.0,1.0,1.0,1.0,543.0,32.0,0,0.5015625,512.0,0.00195312,6400000.0,0.5273919092465753
1.0,32.0,4.0,1.0,1.0,1.0,63.0,32.0,0,0.5015625,32768.0,0.5,6400000.0,0.5273919092465753
1.0,32.0,4.0,1.0,1.0,1.0,63.0,32.0,0,0.5015625,32768.0,0.0,6400000.0,0.5273919092465753
1.0,32.0,4.0,1.0,1.0,1.0,63.0,32.0,0,0.5015625,16384.0,0.0625,6400000.0,0.5273919092465753
1.0,32.0,4.0,1.0,1.0,1.0,63.0,32.0,0,0.5015625,32768.0,512.0,6400000.0,0.5273919092465753
1.0,32.0,8.0,1.0,1.0,1.0,543.0,32.0,0,0.5015625,512.0,2.0,6400000.0,0.5273919092465753
32.0,32.0,4.0,16.0,319.0,317.0,10382.0,46624.0,0,0.9453125,2.0,0.000976562,6400000.0,0.9471845951565557
1.0,32.0,2.0,1.0,1.0,1.0,39.0,32.0,0,0.5015625,1024.0,1.0,6400000.0,0.5273919092465753
1.0,32.0,8.0,1.0,1.0,1.0,543.0,32.0,0,0.5015625,512.0,2048.0,6400000.0,0.5273919092465753
1.0,32.0,8.0,1.0,1.0,1.0,543.0,32.0,0,0.5015625,1024.0,0.015625,6400000.0,0.5273919092465753
32.0,32.0,4.0,5.0,196.0,196.0,6510.0,27264.0,0,0.940625,256.0,0.0,6400000.0,0.9409246575342465
1.0,32.0,4.0,1.0,1.0,1.0,63.0,32.0,0,0.5015625,0.00195312,4096.0,6400000.0,0.5273919092465753
32.0,32.0,4.0,20.0,321.0,322.0,10382.0,47424.0,0,0.94375,0.00195312,0.00390625,6400000.0,0.9479673740215265
1.0,32.0,8.0,1.0,1.0,1.0,543.0,32.0,0,0.5015625,1024.0,16.0,6400000.0,0.5273919092465753
1.0,32.0,8.0,1.0,1.0,1.0,543.0,32.0,0,0.5015625,1024.0,16384.0,6400000.0,0.5273919092465753
32.0,32.0,2.0,5.0,121.0,117.0,3907.0,14624.0,0,0.940625,128.0,4.0,6400000.0,0.9409246575342465
32.0,32.0,4.0,21.0,332.0,330.0,10721.0,48704.0,0,0.95,0.25,0.00390625,6400000.0,0.9507071000489237
32.0,32.0,4.0,9.0,302.0,303.0,9956.0,44384.0,0,0.9453125,16.0,0.25,6400000.0,0.949531402886497
1.0,32.0,2.0,1.0,1.0,1.0,39.0,32.0,0,0.5015625,128.0,4096.0,6400000.0,0.5273919092465753
1.0,32.0,2.0,1.0,1.0,1.0,39.0,32.0,0,0.5015625,1024.0,1024.0,6400000.0,0.5273919092465753
32.0,32.0,8.0,28.0,808.0,900.0,29992.0,139904.0,0,0.9765625,0.0,0.00390625,6400000.0,0.9733977495107631
1.0,32.0,8.0,1.0,1.0,1.0,543.0,32.0,0,0.5015625,2048.0,0.125,6400000.0,0.5273919092465753
32.0,32.0,4.0,5.0,196.0,196.0,6510.0,27264.0,0,0.940625,256.0,0.5,6400000.0,0.9409246575342465
32.0,32.0,4.0,15.0,310.0,309.0,10107.0,45344.0,0,0.946875,0.00195312,4.0,6400000.0,0.9491415423189824
1.0,32.0,4.0,1.0,1.0,1.0,63.0,32.0,0,0.5015625,256.0,512.0,6400000.0,0.5273919092465753
32.0,32.0,8.0,22.0,771.0,894.0,28928.0,138944.0,0,0.978125,0.0,4.0,6400000.0,0.9710486484833659
1.0,32.0,8.0,1.0,1.0,1.0,543.0,32.0,0,0.5015625,2048.0,128.0,6400000.0,0.5273919092465753
1.0,32.0,2.0,1.0,1.0,1.0,39.0,32.0,0,0.5015625,4096.0,32768.0,6400000.0,0.5273919092465753
1.0,32.0,8.0,1.0,1.0,1.0,543.0,32.0,0,0.5015625,0.0,4096.0,6400000.0,0.5273919092465753
1.0,32.0,2.0,1.0,1.0,1.0,39.0,32.0,0,0.5015625,8192.0,0.25,6400000.0,0.5273919092465753
1.0,32.0,2.0,1.0,1.0,1.0,39.0,32.0,0,0.5015625,8192.0,256.0,6400000.0,0.5273919092465753
1.0,32.0,4.0,1.0,1.0,1.0,63.0,32.0,0,0.5015625,512.0,0.00390625,6400000.0,0.5273919092465753
1.0,32.0,4.0,1.0,1.0,1.0,63.0,32.0,0,0.5015625,0.00390625,32768.0,6400000.0,0.5273919092465753
1.0,32.0,8.0,1.0,1.0,1.0,543.0,32.0,0,0.5015625,0.000976562,32768.0,6400000.0,0.5273919092465753
1.0,32.0,2.0,1.0,1.0,1.0,39.0,32.0,0,0.5015625,16384.0,2.0,6400000.0,0.5273919092465753
1.0,32.0,8.0,1.0,1.0,1.0,543.0,32.0,0,0.5015625,4096.0,0.000976562,6400000.0,0.5273919092465753
1.0,32.0,8.0,1.0,1.0,1.0,543.0,32.0,0,0.5015625,4096.0,1.0,6400000.0,0.5273919092465753
1.0,32.0,8.0,1.0,1.0,1.0,543.0,32.0,0,0.5015625,0.00390625,2048.0,6400000.0,0.5273919092465753
32.0,32.0,8.0,28.0,809.0,901.0,30025.0,140064.0,0,0.975,0.000976562,0.03125,6400000.0,0.9730063600782778
32.0,32.0,8.0,10.0,457.0,562.0,18289.0,85824.0,0,0.959375,0.000976562,32.0,6400000.0,0.9620543358610567
32.0,32.0,8.0,5.0,196.0,196.0,8910.0,27264.0,0,0.940625,0.00195312,256.0,6400000.0,0.9409246575342465
32.0,32.0,4.0,8.0,238.0,239.0,7849.0,34144.0,0,0.940625,0.00390625,32.0,6400000.0,0.9409246575342465
32.0,32.0,8.0,28.0,801.0,900.0,29768.0,139904.0,0,0.978125,0.00195312,0.25,6400000.0,0.9726149706457925
1.0,32.0,8.0,1.0,1.0,1.0,543.0,32.0,0,0.5015625,4096.0,1024.0,6400000.0,0.5273919092465753
1.0,32.0,8.0,1.0,1.0,1.0,543.0,32.0,0,0.5015625,0.0078125,16384.0,6400000.0,0.5273919092465753
1.0,32.0,2.0,1.0,1.0,1.0,39.0,32.0,0,0.5015625,16384.0,2048.0,6400000.0,0.5273919092465753
32.0,32.0,8.0,28.0,808.0,900.0,29992.0,139904.0,0,0.9765625,0.00390625,0.00195312,6400000.0,0.9733977495107631
32.0,32.0,4.0,20.0,323.0,323.0,10447.0,47584.0,0,0.94375,0.00390625,0.03125,6400000.0,0.9483587634540118
1.0,32.0,2.0,1.0,1.0,1.0,39.0,32.0,0,0.5015625,16384.0,0.00195312,6400000.0,0.5273919092465753
32.0,32.0,4.0,14.0,310.0,310.0,10129.0,45504.0,0,0.946875,0.25,4.0,6400000.0,0.9499243211839531
32.0,32.0,8.0,23.0,766.0,898.0,28751.0,139584.0,0,0.978125,0.00390625,2.0,6400000.0,0.9718344850782777
32.0,32.0,8.0,5.0,196.0,196.0,8910.0,27264.0,0,0.940625,0.015625,128.0,6400000.0,0.9409246575342465
1.0,32.0,2.0,1.0,1.0,1.0,39.0,32.0,0,0.5015625,2048.0,0.0078125,6400000.0,0.5273919092465753
1.0,32.0,8.0,1.0,1.0,1.0,543.0,32.0,0,0.5015625,8192.0,0.0078125,6400000.0,0.5273919092465753
32.0,32.0,8.0,28.0,806.0,899.0,29927.0,139744.0,0,0.9765625,0.0078125,0.015625,6400000.0,0.9730063600782778
32.0,32.0,8.0,13.0,640.0,729.0,24505.0,112544.0,0,0.9671875,0.0078125,16.0,6400000.0,0.962445725293542
32.0,32.0,2.0,5.0,120.0,116.0,3874.0,14464.0,0,0.940625,256.0,0.03125,6400000.0,0.9033657962328766
1.0,32.0,4.0,1.0,1.0,1.0,63.0,32.0,0,0.5015625,512.0,4096.0,6400000.0,0.5273919092465753
1.0,32.0,8.0,1.0,1.0,1.0,543.0,32.0,0,0.5015625,0.03125,1024.0,6400000.0,0.5273919092465753
1.0,32.0,4.0,1.0,1.0,1.0,63.0,32.0,0,0.5015625,2.0,1024.0,6400000.0,0.5273919092465753
32.0,32.0,8.0,28.0,808.0,906.0,29998.0,140864.0,0,0.978125,0.015625,0.125,6400000.0,0.9733977495107631
1.0,32.0,4.0,1.0,1.0,1.0,63.0,32.0,0,0.5015625,512.0,4.0,6400000.0,0.5273919092465753
1.0,32.0,4.0,1.0,1.0,1.0,63.0,32.0,0,0.5015625,1024.0,0.03125,6400000.0,0.5273919092465753
32.0,32.0,8.0,26.0,800.0,904.0,29782.0,140544.0,0,0.9765625,0.03125,1.0,6400000.0,0.9745719178082191
32.0,32.0,4.0,8.0,238.0,239.0,7849.0,34144.0,0,0.940625,32.0,0.00195312,6400000.0,0.9409246575342465
32.0,32.0,4.0,15.0,310.0,309.0,10107.0,45344.0,0,0.946875,2.0,1.0,6400000.0,0.9460104268590996
32.0,32.0,8.0,28.0,809.0,901.0,30025.0,140064.0,0,0.975,0.03125,0.000976562,6400000.0,0.9730063600782778
1.0,32.0,4.0,1.0,1.0,1.0,63.0,32.0,0,0.5015625,1024.0,32.0,6400000.0,0.5273919092465753
32.0,32.0,4.0,21.0,332.0,330.0,10721.0,48704.0,0,0.95,0.0078125,0.25,6400000.0,0.9507071000489237
32.0,32.0,4.0,5.0,195.0,195.0,6477.0,27104.0,0,0.940625,16.0,256.0,6400000.0,0.9409246575342465
32.0,32.0,8.0,28.0,804.0,899.0,29863.0,139744.0,0,0.975,0.0625,0.0078125,6400000.0,0.9733977495107631
32.0,32.0,8.0,28.0,801.0,900.0,29768.0,139904.0,0,0.978125,0.25,0.0,6400000.0,0.9730063600782778
1.0,32.0,4.0,1.0,1.0,1.0,63.0,32.0,0,0.5015625,1024.0,32768.0,6400000.0,0.5273919092465753
1.0,32.0,8.0,1.0,1.0,1.0,543.0,32.0,0,0.5015625,0.0625,8192.0,6400000.0,0.5273919092465753
1.0,32.0,2.0,1.0,1.0,1.0,39.0,32.0,0,0.5015625,32768.0,0.015625,6400000.0,0.5273919092465753
32.0,32.0,8.0,17.0,674.0,828.0,25608.0,128384.0,0,0.9734375,0.0625,8.0,6400000.0,0.966356561888454
1.0,32.0,2.0,1.0,1.0,1.0,39.0,32.0,0,0.5015625,32768.0,16384.0,6400000.0,0.5273919092465753
32.0,32.0,4.0,8.0,232.0,234.0,7683.0,33344.0,0,0.940625,32.0,2.0,6400000.0,0.9409246575342465
32.0,32.0,4.0,5.0,196.0,196.0,6510.0,27264.0,0,0.940625,0.0078125,256.0,6400000.0,0.9409246575342465
32.0,32.0,4.0,19.0,322.0,323.0,10436.0,47584.0,0,0.94375,0.0,0.125,6400000.0,0.9483587634540118
1.0,32.0,8.0,1.0,1.0,1.0,543.0,32.0,0,0.5015625,8192.0,8.0,6400000.0,0.5273919092465753
32.0,32.0,4.0,20.0,323.0,323.0,10447.0,47584.0,0,0.94375,0.015625,0.00195312,6400000.0,0.9479673740215265
32.0,32.0,8.0,27.0,802.0,904.0,29825.0,140544.0,0,0.978125,0.25,0.5,6400000.0,0.9722243456457924
32.0,32.0,4.0,17.0,315.0,312.0,10228.0,45824.0,0,0.946875,0.015625,2.0,6400000.0,0.9464018162915849
32.0,32.0,8.0,8.0,445.0,469.0,17599.0,70944.0,0,0.959375,0.125,64.0,6400000.0,0.9471930039138943
1.0,32.0,8.0,1.0,1.0,1.0,543.0,32.0,0,0.5015625,0.25,512.0,6400000.0,0.5273919092465753
1.0,32.0,4.0,1.0,1.0,1.0,63.0,32.0,0,0.5015625,0.015625,2048.0,6400000.0,0.5273919092465753
32.0,32.0,8.0,28.0,808.0,906.0,29998.0,140864.0,0,0.978125,0.125,0.0625,6400000.0,0.9733977495107631
1.0,32.0,2.0,1.0,1.0,1.0,39.0,32.0,0,0.5015625,32768.0,16.0,6400000.0,0.5273919092465753
1.0,32.0,8.0,1.0,1.0,1.0,543.0,32.0,0,0.5015625,0.5,4096.0,6400000.0,0.5273919092465753
1.0,32.0,2.0,1.0,1.0,1.0,39.0,32.0,0,0.5015625,512.0,0.25,6400000.0,0.5273919092465753
1.0,32.0,4.0,1.0,1.0,1.0,63.0,32.0,0,0.5015625,0.03125,16384.0,6400000.0,0.5273919092465753
32.0,32.0,8.0,28.0,800.0,899.0,29735.0,139744.0,0,0.978125,0.5,0.00390625,6400000.0,0.9730063600782778
32.0,32.0,8.0,21.0,772.0,893.0,28980.0,138784.0,0,0.9765625,0.5,4.0,6400000.0,0.9698752446183952
1.0,32.0,2.0,1.0,1.0,1.0,39.0,32.0,0,0.5015625,256.0,32768.0,6400000.0,0.5273919092465753
32.0,32.0,2.0,5.0,125.0,121.0,4039.0,15264.0,0,0.9078125,256.0,32.0,6400000.0,0.9033657962328766
32.0,32.0,4.0,20.0,323.0,323.0,10447.0,47584.0,0,0.94375,0.03125,0.015625,6400000.0,0.9483587634540118
32.0,32.0,8.0,26.0,800.0,904.0,29782.0,140544.0,0,0.9765625,1.0,0.03125,6400000.0,0.9745719178082191
32.0,32.0,8.0,10.0,457.0,562.0,18289.0,85824.0,0,0.959375,1.0,32.0,6400000.0,0.961271556996086
32.0,32.0,4.0,20.0,321.0,322.0,10382.0,47424.0,0,0.94375,0.000976562,0.000976562,6400000.0,0.9479673740215265
32.0,32.0,4.0,14.0,314.0,314.0,10261.0,46144.0,0,0.946875,4.0,0.0078125,6400000.0,0.9460104268590996
32.0,32.0,4.0,5.0,196.0,196.0,6510.0,27264.0,0,0.940625,0.0,128.0,6400000.0,0.9409246575342465
1.0,32.0,8.0,1.0,1.0,1.0,543.0,32.0,0,0.5015625,1.0,32768.0,6400000.0,0.5273919092465753
32.0,32.0,4.0,5.0,196.0,196.0,6510.0,27264.0,0,0.940625,0.0625,128.0,6400000.0,0.9409246575342465
1.0,32.0,4.0,1.0,1.0,1.0,63.0,32.0,0,0.5015625,0.25,4096.0,6400000.0,0.5273919092465753
1.0,32.0,4.0,1.0,1.0,1.0,63.0,32.0,0,0.5015625,0.5,32768.0,6400000.0,0.5273919092465753
32.0,32.0,4.0,9.0,281.0,286.0,9267.0,41664.0,0,0.9453125,4.0,8.0,6400000.0,0.947575984589041
32.0,32.0,4.0,9.0,297.0,300.0,9793.0,43904.0,0,0.9453125,0.03125,16.0,6400000.0,0.949531402886497
1.0,32.0,8.0,1.0,1.0,1.0,543.0,32.0,0,0.5015625,8192.0,8192.0,6400000.0,0.5273919092465753
32.0,32.0,8.0,23.0,782.0,904.0,29269.0,140544.0,0,0.9734375,2.0,0.25,6400000.0,0.9745711533757337
32.0,32.0,4.0,19.0,322.0,323.0,10436.0,47584.0,0,0.94375,0.0625,0.125,6400000.0,0.9483587634540118
1.0,32.0,4.0,1.0,1.0,1.0,63.0,32.0,0,0.5015625,4.0,8192.0,6400000.0,0.5273919092465753
32.0,32.0,8.0,5.0,196.0,196.0,8910.0,27264.0,0,0.940625,2.0,256.0,6400000.0,0.9409246575342465
32.0,32.0,8.0,18.0,756.0,892.0,28530.0,138624.0,0,0.9734375,4.0,2.0,6400000.0,0.9687056629158513
1.0,32.0,8.0,1.0,1.0,1.0,543.0,32.0,0,0.5015625,4.0,2048.0,6400000.0,0.5273919092465753
32.0,32.0,8.0,22.0,771.0,894.0,28928.0,138944.0,0,0.978125,4.0,0.00195312,6400000.0,0.9710486484833659
1.0,32.0,4.0,1.0,1.0,1.0,63.0,32.0,0,0.5015625,2048.0,0.25,6400000.0,0.5273919092465753
1.0,32.0,2.0,1.0,1.0,1.0,39.0,32.0,0,0.5015625,1024.0,0.00195312,6400000.0,0.5273919092465753
1.0,32.0,2.0,1.0,1.0,1.0,39.0,32.0,0,0.5015625,2048.0,8.0,6400000.0,0.5273919092465753
1.0,32.0,8.0,1.0,1.0,1.0,543.0,32.0,0,0.5015625,16384.0,0.0625,6400000.0,0.5273919092465753
32.0,32.0,4.0,19.0,322.0,323.0,10436.0,47584.0,0,0.94375,0.125,0.000976562,6400000.0,0.9483587634540118
1.0,32.0,8.0,1.0,1.0,1.0,543.0,32.0,0,0.5015625,8.0,16384.0,6400000.0,0.5273919092465753
1.0,32.0,2.0,1.0,1.0,1.0,39.0,32.0,0,0.5015625,512.0,256.0,6400000.0,0.5273919092465753
32.0,32.0,8.0,13.0,561.0,655.0,21903.0,100704.0,0,0.9671875,8.0,16.0,6400000.0,0.9632285041585128
1.0,32.0,8.0,1.0,1.0,1.0,543.0,32.0,0,0.5015625,32.0,1024.0,6400000.0,0.5273919092465753
32.0,32.0,4.0,19.0,323.0,323.0,10468.0,47584.0,0,0.95,0.5,0.03125,6400000.0,0.9456190374266145
32.0,32.0,8.0,17.0,674.0,828.0,25608.0,128384.0,0,0.9734375,8.0,0.015625,6400000.0,0.9683135090508805
32.0,32.0,4.0,8.0,238.0,239.0,7849.0,34144.0,0,0.940625,0.5,32.0,6400000.0,0.9409246575342465
1.0,32.0,4.0,1.0,1.0,1.0,63.0,32.0,0,0.5015625,2048.0,256.0,6400000.0,0.5273919092465753
1.0,32.0,2.0,1.0,1.0,1.0,39.0,32.0,0,0.5015625,2048.0,8192.0,6400000.0,0.5273919092465753
32.0,32.0,8.0,13.0,641.0,730.0,24538.0,112704.0,0,0.9671875,16.0,0.125,6400000.0,0.962445725293542
1.0,32.0,8.0,1.0,1.0,1.0,543.0,32.0,0,0.5015625,16384.0,64.0,6400000.0,0.5273919092465753
32.0,32.0,8.0,5.0,196.0,196.0,8910.0,27264.0,0,0.940625,16.0,128.0,6400000.0,0.9409246575342465
32.0,32.0,4.0,16.0,313.0,317.0,10190.0,46624.0,0,0.9484375,0.000976562,1.0,6400000.0,0.9475752201565557
1.0,32.0,8.0,1.0,1.0,1.0,543.0,32.0,0,0.5015625,32768.0,0.0,6400000.0,0.5273919092465753
1.0,32.0,4.0,1.0,1.0,1.0,63.0,32.0,0,0.5015625,0.125,1024.0,6400000.0,0.5273919092465753
1.0,32.0,4.0,1.0,1.0,1.0,63.0,32.0,0,0.5015625,64.0,16384.0,6400000.0,0.5273919092465753
1.0,32.0,4.0,1.0,1.0,1.0,63.0,32.0,0,0.5015625,32.0,2048.0,6400000.0,0.5273919092465753
32.0,32.0,8.0,10.0,458.0,563.0,18322.0,85984.0,0,0.959375,32.0,0.000976562,6400000.0,0.9628371147260273
32.0,32.0,4.0,17.0,318.0,314.0,10326.0,46144.0,0,0.9453125,0.125,1.0,6400000.0,0.9467924412915851
32.0,32.0,4.0,9.0,302.0,303.0,9956.0,44384.0,0,0.9453125,16.0,0.0,6400000.0,0.949531402886497
32.0,32.0,4.0,11.0,305.0,308.0,10030.0,45184.0,0,0.94375,8.0,0.0625,6400000.0,0.9460104268590998
32.0,32.0,4.0,7.0,284.0,293.0,9412.0,42784.0,0,0.940625,64.0,0.015625,6400000.0,0.9409246575342465
1.0,32.0,8.0,1.0,1.0,1.0,543.0,32.0,0,0.5015625,64.0,8192.0,6400000.0,0.5273919092465753
1.0,32.0,8.0,1.0,1.0,1.0,543.0,32.0,0,0.5015625,32768.0,0.5,6400000.0,0.5273919092465753
32.0,32.0,8.0,10.0,458.0,563.0,18322.0,85984.0,0,0.959375,32.0,1.0,6400000.0,0.9620543358610567
32.0,32.0,4.0,7.0,259.0,264.0,8567.0,38144.0,0,0.940625,64.0,16.0,6400000.0,0.9409246575342465
1.0,32.0,4.0,1.0,1.0,1.0,63.0,32.0,0,0.5015625,4096.0,2.0,6400000.0,0.5273919092465753
1.0,32.0,4.0,1.0,1.0,1.0,63.0,32.0,0,0.5015625,4096.0,0.00195312,6400000.0,0.5273919092465753
1.0,32.0,2.0,1.0,1.0,1.0,39.0,32.0,0,0.5015625,4096.0,0.0625,6400000.0,0.5273919092465753
32.0,32.0,8.0,5.0,196.0,196.0,8910.0,27264.0,0,0.940625,128.0,0.0625,6400000.0,0.9409246575342465
32.0,32.0,8.0,8.0,487.0,514.0,18988.0,78144.0,0,0.959375,64.0,0.0078125,6400000.0,0.9522711289138943
1.0,32.0,4.0,1.0,1.0,1.0,63.0,32.0,0,0.5015625,4096.0,2048.0,6400000.0,0.5273919092465753
32.0,32.0,8.0,8.0,442.0,461.0,17495.0,69664.0,0,0.959375,64.0,8.0,6400000.0,0.9546194655088062
1.0,32.0,4.0,1.0,1.0,1.0,63.0,32.0,0,0.5015625,0.000976562,1024.0,6400000.0,0.5273919092465753
32.0,32.0,8.0,5.0,196.0,196.0,8910.0,27264.0,0,0.940625,256.0,0.0,6400000.0,0.9409246575342465
32.0,32.0,4.0,7.0,272.0,280.0,9015.0,40704.0,0,0.940625,8.0,64.0,6400000.0,0.9409246575342465
1.0,32.0,8.0,1.0,1.0,1.0,543.0,32.0,0,0.5015625,256.0,512.0,6400000.0,0.5273919092465753
32.0,32.0,8.0,5.0,196.0,196.0,8910.0,27264.0,0,0.940625,128.0,64.0,6400000.0,0.9409246575342465
1.0,32.0,4.0,1.0,1.0,1.0,63.0,32.0,0,0.5015625,8192.0,0.015625,6400000.0,0.5273919092465753
1.0,32.0,4.0,1.0,1.0,1.0,63.0,32.0,0,0.5015625,8192.0,16384.0,6400000.0,0.5273919092465753
32.0,32.0,4.0,17.0,321.0,319.0,10427.0,46944.0,0,0.9453125,1.0,0.25,6400000.0,0.9467924412915851
32.0,32.0,4.0,5.0,196.0,196.0,6510.0,27264.0,0,0.940625,1.0,256.0,6400000.0,0.9409246575342465
1.0,32.0,4.0,1.0,1.0,1.0,63.0,32.0,0,0.5015625,8192.0,16.0,6400000.0,0.5273919092465753
32.0,32.0,4.0,5.0,196.0,196.0,6510.0,27264.0,0,0.940625,128.0,0.125,6400000.0,0.9409246575342465
1.0,32.0,4.0,1.0,1.0,1.0,63.0,32.0,0,0.5015625,32768.0,1.0,6400000.0,0.5273919092465753
1.0,32.0,2.0,1.0,1.0,1.0,39.0,32.0,0,0.5015625,4096.0,64.0,6400000.0,0.5273919092465753
32.0,32.0,8.0,5.0,196.0,196.0,8910.0,27264.0,0,0.940625,256.0,0.5,6400000.0,0.9409246575342465
1.0,32.0,2.0,1.0,1.0,1.0,39.0,32.0,0,0.5015625,1024.0,2.0,6400000.0,0.5273919092465753
32.0,32.0,4.0,5.0,196.0,196.0,6510.0,27264.0,0,0.940625,128.0,128.0,6400000.0,0.9409246575342465
1.0,32.0,8.0,1.0,1.0,1.0,543.0,32.0,0,0.5015625,1024.0,0.03125,6400000.0,0.5273919092465753
1.0,32.0,4.0,1.0,1.0,1.0,63.0,32.0,0,0.5015625,32768.0,0.000976562,6400000.0,0.5273919092465753
1.0,32.0,4.0,1.0,1.0,1.0,63.0,32.0,0,0.5015625,16384.0,128.0,6400000.0,0.5273919092465753
32.0,32.0,4.0,16.0,319.0,317.0,10382.0,46624.0,0,0.9453125,2.0,0.00195312,6400000.0,0.9471845951565557
1.0,32.0,8.0,1.0,1.0,1.0,543.0,32.0,0,0.5015625,512.0,4.0,6400000.0,0.5273919092465753
1.0,32.0,8.0,1.0,1.0,1.0,543.0,32.0,0,0.5015625,512.0,0.00390625,6400000.0,0.5273919092465753
1.0,32.0,4.0,1.0,1.0,1.0,63.0,32.0,0,0.5015625,16384.0,0.125,6400000.0,0.5273919092465753
1.0,32.0,4.0,1.0,1.0,1.0,63.0,32.0,0,0.5015625,32768.0,1024.0,6400000.0,0.5273919092465753
1.0,32.0,8.0,1.0,1.0,1.0,543.0,32.0,0,0.5015625,512.0,4096.0,6400000.0,0.5273919092465753
1.0,32.0,4.0,1.0,1.0,1.0,63.0,32.0,0,0.5015625,0.00195312,8192.0,6400000.0,0.5273919092465753
1.0,32.0,8.0,1.0,1.0,1.0,543.0,32.0,0,0.5015625,1024.0,32.0,6400000.0,0.5273919092465753
32.0,32.0,4.0,5.0,196.0,196.0,6510.0,27264.0,0,0.940625,256.0,0.000976562,6400000.0,0.9409246575342465
32.0,32.0,4.0,20.0,321.0,322.0,10382.0,47424.0,0,0.94375,0.00195312,0.0078125,6400000.0,0.9479673740215265
1.0,32.0,8.0,1.0,1.0,1.0,543.0,32.0,0,0.5015625,32768.0,512.0,6400000.0,0.5273919092465753
64.0,64.0,1.0,6.0,133.0,128.0,4232.0,12288.0,0,0.940625,0.0,0.00390625,6400000.0,0.93818646037182
32.0,32.0,4.0,9.0,300.0,300.0,9889.0,43904.0,0,0.9453125,16.0,0.5,6400000.0,0.9487486240215264
1.0,32.0,4.0,1.0,1.0,1.0,63.0,32.0,0,0.5015625,256.0,1024.0,6400000.0,0.5273919092465753
32.0,32.0,4.0,5.0,196.0,196.0,6510.0,27264.0,0,0.940625,256.0,1.0,6400000.0,0.9409246575342465
1.0,32.0,8.0,1.0,1.0,1.0,543.0,32.0,0,0.5015625,1024.0,32768.0,6400000.0,0.5273919092465753
1.0,32.0,2.0,1.0,1.0,1.0,39.0,32.0,0,0.5015625,1024.0,2048.0,6400000.0,0.5273919092465753
1.0,32.0,8.0,1.0,1.0,1.0,543.0,32.0,0,0.5015625,2048.0,0.25,6400000.0,0.5273919092465753
32.0,32.0,4.0,11.0,311.0,314.0,10228.0,46144.0,0,0.9453125,0.00195312,8.0,6400000.0,0.9467932057240704
32.0,32.0,4.0,21.0,332.0,330.0,10721.0,48704.0,0,0.95,0.25,0.0078125,6400000.0,0.9507071000489237
32.0,32.0,8.0,28.0,808.0,900.0,29992.0,139904.0,0,0.9765625,0.0,0.0078125,6400000.0,0.9730063600782778
1.0,32.0,8.0,1.0,1.0,1.0,543.0,32.0,0,0.5015625,2048.0,256.0,6400000.0,0.5273919092465753
1.0,32.0,2.0,1.0,1.0,1.0,39.0,32.0,0,0.5015625,8192.0,0.5,6400000.0,0.5273919092465753
1.0,32.0,2.0,1.0,1.0,1.0,39.0,32.0,0,0.5015625,8192.0,0.0,6400000.0,0.5273919092465753
32.0,32.0,8.0,17.0,674.0,828.0,25608.0,128384.0,0,0.9734375,0.0,8.0,6400000.0,0.966356561888454
1.0,32.0,8.0,1.0,1.0,1.0,543.0,32.0,0,0.5015625,0.0,8192.0,6400000.0,0.5273919092465753
1.0,32.0,2.0,1.0,1.0,1.0,39.0,32.0,0,0.5015625,8192.0,512.0,6400000.0,0.5273919092465753
1.0,32.0,4.0,1.0,1.0,1.0,63.0,32.0,0,0.5015625,512.0,0.0078125,6400000.0,0.5273919092465753
1.0,32.0,2.0,1.0,1.0,1.0,39.0,32.0,0,0.5015625,16384.0,4.0,6400000.0,0.5273919092465753
1.0,32.0,8.0,1.0,1.0,1.0,543.0,32.0,0,0.5015625,4096.0,2.0,6400000.0,0.5273919092465753
32.0,32.0,4.0,20.0,321.0,322.0,10382.0,47424.0,0,0.94375,0.0078125,0.0,6400000.0,0.9479673740215265
1.0,32.0,8.0,1.0,1.0,1.0,543.0,32.0,0,0.5015625,4096.0,0.00195312,6400000.0,0.5273919092465753
32.0,32.0,8.0,28.0,808.0,900.0,29992.0,139904.0,0,0.9765625,0.00195312,0.0,6400000.0,0.9733977495107631
1.0,32.0,8.0,1.0,1.0,1.0,543.0,32.0,0,0.5015625,0.00390625,4096.0,6400000.0,0.5273919092465753
1.0,32.0,8.0,1.0,1.0,1.0,543.0,32.0,0,0.5015625,0.00195312,512.0,6400000.0,0.5273919092465753
1.0,32.0,8.0,1.0,1.0,1.0,543.0,32.0,0,0.5015625,4096.0,2048.0,6400000.0,0.5273919092465753
32.0,32.0,8.0,28.0,804.0,899.0,29863.0,139744.0,0,0.975,0.000976562,0.0625,6400000.0,0.9733977495107631
32.0,32.0,8.0,8.0,445.0,469.0,17599.0,70944.0,0,0.959375,0.000976562,64.0,6400000.0,0.9471930039138943
32.0,32.0,4.0,7.0,284.0,293.0,9412.0,42784.0,0,0.940625,0.00390625,64.0,6400000.0,0.9409246575342465
1.0,32.0,8.0,1.0,1.0,1.0,543.0,32.0,0,0.5015625,0.0078125,32768.0,6400000.0,0.5273919092465753
1.0,32.0,2.0,1.0,1.0,1.0,39.0,32.0,0,0.5015625,16384.0,4096.0,6400000.0,0.5273919092465753
1.0,32.0,2.0,1.0,1.0,1.0,39.0,32.0,0,0.5015625,2048.0,0.015625,6400000.0,0.5273919092465753
32.0,32.0,8.0,28.0,800.0,899.0,29735.0,139744.0,0,0.978125,0.00195312,0.5,6400000.0,0.9730063600782778
1.0,32.0,2.0,1.0,1.0,1.0,39.0,32.0,0,0.5015625,16384.0,0.00390625,6400000.0,0.5273919092465753
32.0,32.0,8.0,5.0,196.0,196.0,8910.0,27264.0,0,0.940625,0.015625,256.0,6400000.0,0.9409246575342465
64.0,64.0,1.0,6.0,133.0,128.0,4232.0,12288.0,0,0.940625,0.0,4.0,6400000.0,0.9389677103718199
32.0,32.0,4.0,11.0,345.0,351.0,11353.0,52064.0,0,0.9453125,0.25,8.0,6400000.0,0.9487501528864971
1.0,32.0,8.0,1.0,1.0,1.0,543.0,32.0,0,0.5015625,8192.0,0.015625,6400000.0,0.5273919092465753
32.0,32.0,4.0,19.0,322.0,323.0,10436.0,47584.0,0,0.94375,0.00390625,0.0625,6400000.0,0.9483587634540118
32.0,32.0,8.0,10.0,457.0,562.0,18289.0,85824.0,0,0.959375,0.0078125,32.0,6400000.0,0.9620543358610567
32.0,32.0,8.0,28.0,808.0,900.0,29992.0,139904.0,0,0.9765625,0.00390625,0.00390625,6400000.0,0.9730063600782778
1.0,32.0,4.0,1.0,1.0,1.0,63.0,32.0,0,0.5015625,1024.0,0.0625,6400000.0,0.5273919092465753
32.0,32.0,8.0,22.0,771.0,894.0,28928.0,138944.0,0,0.978125,0.00390625,4.0,6400000.0,0.9710486484833659
1.0,32.0,8.0,1.0,1.0,1.0,543.0,32.0,0,0.5015625,0.03125,2048.0,6400000.0,0.5273919092465753
1.0,32.0,4.0,1.0,1.0,1.0,63.0,32.0,0,0.5015625,2.0,2048.0,6400000.0,0.5273919092465753
1.0,32.0,4.0,1.0,1.0,1.0,63.0,32.0,0,0.5015625,512.0,8192.0,6400000.0,0.5273919092465753
1.0,32.0,4.0,1.0,1.0,1.0,63.0,32.0,0,0.5015625,512.0,8.0,6400000.0,0.5273919092465753
32.0,32.0,8.0,28.0,809.0,901.0,30025.0,140064.0,0,0.975,0.0078125,0.03125,6400000.0,0.9733977495107631
1.0,32.0,4.0,1.0,1.0,1.0,63.0,32.0,0,0.5015625,1024.0,64.0,6400000.0,0.5273919092465753
32.0,32.0,8.0,28.0,801.0,900.0,29768.0,139904.0,0,0.978125,0.015625,0.25,6400000.0,0.9726149706457925
32.0,32.0,8.0,23.0,782.0,904.0,29269.0,140544.0,0,0.9734375,0.03125,2.0,6400000.0,0.9718344850782777
32.0,32.0,4.0,15.0,310.0,309.0,10107.0,45344.0,0,0.946875,2.0,2.0,6400000.0,0.9460104268590996
32.0,32.0,4.0,8.0,238.0,239.0,7849.0,34144.0,0,0.940625,32.0,0.00390625,6400000.0,0.9409246575342465
1.0,32.0,4.0,1.0,1.0,1.0,63.0,32.0,0,0.5015625,16.0,512.0,6400000.0,0.5273919092465753
1.0,32.0,2.0,1.0,1.0,1.0,39.0,32.0,0,0.5015625,32768.0,0.03125,6400000.0,0.5273919092465753
1.0,32.0,8.0,1.0,1.0,1.0,543.0,32.0,0,0.5015625,0.0625,16384.0,6400000.0,0.5273919092465753
1.0,32.0,4.0,1.0,1.0,1.0,63.0,32.0,0,0.5015625,2048.0,0.0,6400000.0,0.5273919092465753
32.0,32.0,4.0,19.0,323.0,323.0,10468.0,47584.0,0,0.95,0.0078125,0.5,6400000.0,0.9456190374266145
32.0,32.0,8.0,28.0,809.0,901.0,30025.0,140064.0,0,0.975,0.03125,0.00195312,6400000.0,0.9730063600782778
32.0,32.0,8.0,28.0,801.0,900.0,29768.0,139904.0,0,0.978125,0.25,0.000976562,6400000.0,0.9730063600782778
1.0,32.0,2.0,1.0,1.0,1.0,39.0,32.0,0,0.5015625,32768.0,32768.0,6400000.0,0.5273919092465753
32.0,32.0,8.0,28.0,804.0,899.0,29863.0,139744.0,0,0.975,0.0625,0.015625,6400000.0,0.9733977495107631
32.0,32.0,8.0,13.0,640.0,729.0,24505.0,112544.0,0,0.9671875,0.0625,16.0,6400000.0,0.9620543358610567
32.0,32.0,4.0,7.0,231.0,234.0,7641.0,33344.0,0,0.940625,32.0,4.0,6400000.0,0.9409246575342465
1.0,32.0,4.0,1.0,1.0,1.0,63.0,32.0,0,0.5015625,0.0078125,512.0,6400000.0,0.5273919092465753
1.0,32.0,8.0,1.0,1.0,1.0,543.0,32.0,0,0.5015625,8192.0,16.0,6400000.0,0.5273919092465753
1.0,32.0,8.0,1.0,1.0,1.0,543.0,32.0,0,0.5015625,0.25,1024.0,6400000.0,0.5273919092465753
32.0,32.0,4.0,21.0,332.0,330.0,10721.0,48704.0,0,0.95,0.0,0.25,6400000.0,0.9507071000489237
32.0,32.0,4.0,15.0,310.0,309.0,10107.0,45344.0,0,0.946875,0.015625,4.0,6400000.0,0.9491415423189824
1.0,32.0,8.0,1.0,1.0,1.0,543.0,32.0,0,0.5015625,0.5,8192.0,6400000.0,0.5273919092465753
32.0,32.0,8.0,5.0,196.0,196.0,8910.0,27264.0,0,0.940625,0.125,128.0,6400000.0,0.9409246575342465
1.0,32.0,4.0,1.0,1.0,1.0,63.0,32.0,0,0.5015625,0.015625,4096.0,6400000.0,0.5273919092465753
32.0,32.0,4.0,20.0,323.0,323.0,10447.0,47584.0,0,0.94375,0.015625,0.00390625,6400000.0,0.9479673740215265
1.0,64.0,1.0,1.0,1.0,1.0,35.0,32.0,0,0.5015625,0.0,4096.0,6400000.0,0.5273919092465753
1.0,32.0,2.0,1.0,1.0,1.0,39.0,32.0,0,0.5015625,32768.0,32.0,6400000.0,0.5273919092465753
32.0,32.0,8.0,25.0,802.0,906.0,29869.0,140864.0,0,0.978125,0.25,1.0,6400000.0,0.9733977495107631
32.0,32.0,8.0,28.0,801.0,900.0,29768.0,139904.0,0,0.978125,0.125,0.125,6400000.0,0.9730063600782778
64.0,64.0,1.0,6.0,133.0,128.0,4232.0,12288.0,0,0.940625,0.000976562,0.03125,6400000.0,0.93818646037182
1.0,32.0,4.0,1.0,1.0,1.0,63.0,32.0,0,0.5015625,0.03125,32768.0,6400000.0,0.5273919092465753
32.0,32.0,8.0,16.0,675.0,830.0,25663.0,128704.0,0,0.9734375,0.5,8.0,6400000.0,0.96753073018591
32.0,32.0,8.0,28.0,800.0,899.0,29735.0,139744.0,0,0.978125,0.5,0.0078125,6400000.0,0.9730063600782778
64.0,64.0,1.0,5.0,132.0,128.0,4220.0,12288.0,0,0.940625,0.000976562,32.0,6400000.0,0.93818646037182
32.0,32.0,4.0,20.0,321.0,322.0,10382.0,47424.0,0,0.94375,0.000976562,0.00195312,6400000.0,0.9479673740215265
32.0,32.0,4.0,19.0,322.0,323.0,10436.0,47584.0,0,0.94375,0.03125,0.03125,6400000.0,0.9483587634540118
32.0,32.0,8.0,26.0,800.0,904.0,29782.0,140544.0,0,0.9765625,1.0,0.0625,6400000.0,0.9745719178082191
32.0,32.0,4.0,14.0,314.0,314.0,10261.0,46144.0,0,0.946875,4.0,0.015625,6400000.0,0.9460104268590996
32.0,32.0,8.0,8.0,444.0,468.0,17566.0,70784.0,0,0.959375,1.0,64.0,6400000.0,0.9483671722113503
32.0,32.0,4.0,5.0,196.0,196.0,6510.0,27264.0,0,0.940625,0.0,256.0,6400000.0,0.9409246575342465
32.0,32.0,4.0,8.0,238.0,239.0,7849.0,34144.0,0,0.940625,0.03125,32.0,6400000.0,0.9409246575342465
32.0,32.0,4.0,9.0,301.0,301.0,9922.0,44064.0,0,0.9453125,4.0,16.0,6400000.0,0.9475744557240704
32.0,32.0,8.0,23.0,766.0,898.0,28751.0,139584.0,0,0.978125,2.0,0.0,6400000.0,0.9718344850782777
32.0,32.0,4.0,16.0,313.0,317.0,10190.0,46624.0,0,0.9484375,1.0,0.0,6400000.0,0.947966609589041
32.0,32.0,4.0,5.0,196.0,196.0,6510.0,27264.0,0,0.940625,0.0625,256.0,6400000.0,0.9409246575342465
1.0,32.0,4.0,1.0,1.0,1.0,63.0,32.0,0,0.5015625,0.25,8192.0,6400000.0,0.5273919092465753
1.0,32.0,4.0,1.0,1.0,1.0,63.0,32.0,0,0.5015625,4.0,16384.0,6400000.0,0.5273919092465753
1.0,32.0,8.0,1.0,1.0,1.0,543.0,32.0,0,0.5015625,8192.0,16384.0,6400000.0,0.5273919092465753
1.0,32.0,8.0,1.0,1.0,1.0,543.0,32.0,0,0.5015625,2.0,512.0,6400000.0,0.5273919092465753
1.0,32.0,8.0,1.0,1.0,1.0,543.0,32.0,0,0.5015625,4.0,4096.0,6400000.0,0.5273919092465753
32.0,32.0,4.0,21.0,332.0,330.0,10721.0,48704.0,0,0.95,0.0625,0.25,6400000.0,0.9460104268590998
1.0,64.0,1.0,1.0,1.0,1.0,35.0,32.0,0,0.5015625,0.000976562,32768.0,6400000.0,0.5273919092465753
1.0,32.0,4.0,1.0,1.0,1.0,63.0,32.0,0,0.5015625,2048.0,0.5,6400000.0,0.5273919092465753
1.0,32.0,8.0,1.0,1.0,1.0,543.0,32.0,0,0.5015625,16384.0,0.125,6400000.0,0.5273919092465753
32.0,32.0,8.0,23.0,778.0,903.0,29140.0,140384.0,0,0.9734375,2.0,0.5,6400000.0,0.9702681629158512
1.0,32.0,2.0,1.0,1.0,1.0,39.0,32.0,0,0.5015625,2048.0,16.0,6400000.0,0.5273919092465753
32.0,32.0,8.0,22.0,771.0,894.0,28928.0,138944.0,0,0.978125,4.0,0.00390625,6400000.0,0.9710486484833659
32.0,32.0,4.0,19.0,323.0,323.0,10468.0,47584.0,0,0.95,0.5,0.0625,6400000.0,0.9456190374266145
32.0,32.0,8.0,17.0,674.0,828.0,25608.0,128384.0,0,0.9734375,4.0,4.0,6400000.0,0.9683135090508805
1.0,32.0,8.0,1.0,1.0,1.0,543.0,32.0,0,0.5015625,8.0,32768.0,6400000.0,0.5273919092465753
1.0,32.0,8.0,1.0,1.0,1.0,543.0,32.0,0,0.5015625,32.0,2048.0,6400000.0,0.5273919092465753
1.0,32.0,2.0,1.0,1.0,1.0,39.0,32.0,0,0.5015625,2048.0,16384.0,6400000.0,0.5273919092465753
32.0,32.0,8.0,10.0,469.0,549.0,18660.0,83744.0,0,0.959375,8.0,32.0,6400000.0,0.9604887781311154
1.0,32.0,4.0,1.0,1.0,1.0,63.0,32.0,0,0.5015625,2048.0,512.0,6400000.0,0.5273919092465753
32.0,32.0,4.0,7.0,284.0,293.0,9412.0,42784.0,0,0.940625,0.5,64.0,6400000.0,0.9409246575342465
64.0,64.0,1.0,6.0,133.0,128.0,4232.0,12288.0,0,0.940625,0.00195312,0.25,6400000.0,0.93818646037182
32.0,32.0,4.0,19.0,322.0,323.0,10436.0,47584.0,0,0.94375,0.125,0.00195312,6400000.0,0.9483587634540118
32.0,32.0,8.0,17.0,674.0,828.0,25608.0,128384.0,0,0.9734375,8.0,0.03125,6400000.0,0.9683135090508805
1.0,32.0,8.0,1.0,1.0,1.0,543.0,32.0,0,0.5015625,16384.0,128.0,6400000.0,0.5273919092465753
1.0,32.0,4.0,1.0,1.0,1.0,63.0,32.0,0,0.5015625,64.0,32768.0,6400000.0,0.5273919092465753
32.0,32.0,8.0,5.0,195.0,195.0,8877.0,27104.0,0,0.940625,16.0,256.0,6400000.0,0.9409246575342465
32.0,32.0,8.0,13.0,641.0,731.0,24539.0,112864.0,0,0.9671875,16.0,0.25,6400000.0,0.962445725293542
1.0,32.0,4.0,1.0,1.0,1.0,63.0,32.0,0,0.5015625,32.0,4096.0,6400000.0,0.5273919092465753
1.0,32.0,8.0,1.0,1.0,1.0,543.0,32.0,0,0.5015625,32768.0,0.000976562,6400000.0,0.5273919092465753
1.0,32.0,8.0,1.0,1.0,1.0,543.0,32.0,0,0.5015625,64.0,16384.0,6400000.0,0.5273919092465753
32.0,32.0,4.0,17.0,315.0,312.0,10228.0,45824.0,0,0.946875,0.000976562,2.0,6400000.0,0.9464018162915849
32.0,32.0,4.0,9.0,302.0,303.0,9956.0,44384.0,0,0.9453125,16.0,0.000976562,6400000.0,0.949531402886497
32.0,32.0,4.0,7.0,284.0,293.0,9412.0,42784.0,0,0.940625,64.0,0.03125,6400000.0,0.9409246575342465
1.0,32.0,4.0,1.0,1.0,1.0,63.0,32.0,0,0.5015625,4096.0,0.00390625,6400000.0,0.5273919092465753
1.0,32.0,4.0,1.0,1.0,1.0,63.0,32.0,0,0.5015625,0.125,2048.0,6400000.0,0.5273919092465753
1.0,32.0,2.0,1.0,1.0,1.0,39.0,32.0,0,0.5015625,4096.0,0.125,6400000.0,0.5273919092465753
32.0,32.0,8.0,10.0,458.0,563.0,18322.0,85984.0,0,0.959375,32.0,2.0,6400000.0,0.9620543358610567
32.0,32.0,8.0,10.0,458.0,563.0,18322.0,85984.0,0,0.959375,32.0,0.00195312,6400000.0,0.9628371147260273
32.0,32.0,8.0,5.0,196.0,196.0,8910.0,27264.0,0,0.940625,128.0,0.125,6400000.0,0.9409246575342465
32.0,32.0,4.0,15.0,313.0,312.0,10206.0,45824.0,0,0.9453125,0.125,2.0,6400000.0,0.9471845951565557
32.0,32.0,4.0,6.0,233.0,254.0,7746.0,36544.0,0,0.940625,64.0,32.0,6400000.0,0.9409246575342465
1.0,32.0,4.0,1.0,1.0,1.0,63.0,32.0,0,0.5015625,4096.0,4.0,6400000.0,0.5273919092465753
1.0,32.0,8.0,1.0,1.0,1.0,543.0,32.0,0,0.5015625,32768.0,1.0,6400000.0,0.5273919092465753
1.0,32.0,4.0,1.0,1.0,1.0,63.0,32.0,0,0.5015625,0.000976562,2048.0,6400000.0,0.5273919092465753
32.0,32.0,4.0,11.0,305.0,308.0,10030.0,45184.0,0,0.94375,8.0,0.125,6400000.0,0.9460104268590998
32.0,32.0,8.0,8.0,405.0,417.0,16267.0,62624.0,0,0.959375,64.0,16.0,6400000.0,0.9514921722113503
32.0,32.0,8.0,5.0,196.0,196.0,8910.0,27264.0,0,0.940625,128.0,128.0,6400000.0,0.9409246575342465
32.0,32.0,8.0,8.0,487.0,514.0,18988.0,78144.0,0,0.959375,64.0,0.015625,6400000.0,0.9522711289138943
1.0,32.0,4.0,1.0,1.0,1.0,63.0,32.0,0,0.5015625,8192.0,0.03125,6400000.0,0.5273919092465753
32.0,32.0,8.0,5.0,196.0,196.0,8910.0,27264.0,0,0.940625,256.0,0.000976562,6400000.0,0.9409246575342465
1.0,32.0,8.0,1.0,1.0,1.0,543.0,32.0,0,0.5015625,256.0,1024.0,6400000.0,0.5273919092465753
1.0,32.0,4.0,1.0,1.0,1.0,63.0,32.0,0,0.5015625,4096.0,4096.0,6400000.0,0.5273919092465753
32.0,32.0,4.0,5.0,196.0,196.0,6510.0,27264.0,0,0.940625,8.0,128.0,6400000.0,0.9409246575342465
1.0,32.0,4.0,1.0,1.0,1.0,63.0,32.0,0,0.5015625,32768.0,2.0,6400000.0,0.5273919092465753
1.0,32.0,4.0,1.0,1.0,1.0,63.0,32.0,0,0.5015625,8192.0,32.0,6400000.0,0.5273919092465753
32.0,32.0,4.0,16.0,319.0,317.0,10382.0,46624.0,0,0.9453125,1.0,0.5,6400000.0,0.947575984589041
1.0,32.0,4.0,1.0,1.0,1.0,63.0,32.0,0,0.5015625,8192.0,32768.0,6400000.0,0.5273919092465753
1.0,32.0,4.0,1.0,1.0,1.0,63.0,32.0,0,0.5015625,1.0,512.0,6400000.0,0.5273919092465753
1.0,32.0,8.0,1.0,1.0,1.0,543.0,32.0,0,0.5015625,1024.0,0.0625,6400000.0,0.5273919092465753
1.0,32.0,2.0,1.0,1.0,1.0,39.0,32.0,0,0.5015625,4096.0,128.0,6400000.0,0.5273919092465753
1.0,32.0,4.0,1.0,1.0,1.0,63.0,32.0,0,0.5015625,32768.0,0.00195312,6400000.0,0.5273919092465753
32.0,32.0,4.0,5.0,196.0,196.0,6510.0,27264.0,0,0.940625,128.0,0.25,6400000.0,0.9409246575342465
32.0,32.0,8.0,5.0,196.0,196.0,8910.0,27264.0,0,0.940625,256.0,1.0,6400000.0,0.9409246575342465
64.0,64.0,1.0,6.0,133.0,128.0,4232.0,12288.0,0,0.940625,0.00390625,0.00195312,6400000.0,0.93818646037182
64.0,64.0,1.0,4.0,131.0,128.0,4209.0,12288.0,0,0.9078125,0.00195312,256.0,6400000.0,0.9033657962328766
1.0,32.0,8.0,1.0,1.0,1.0,543.0,32.0,0,0.5015625,512.0,8.0,6400000.0,0.5273919092465753
1.0,32.0,4.0,1.0,1.0,1.0,63.0,32.0,0,0.5015625,16384.0,256.0,6400000.0,0.5273919092465753
1.0,32.0,4.0,1.0,1.0,1.0,63.0,32.0,0,0.5015625,16384.0,0.25,6400000.0,0.5273919092465753
32.0,32.0,4.0,5.0,176.0,193.0,5867.0,26784.0,0,0.940625,128.0,256.0,6400000.0,0.9033657962328766
1.0,32.0,4.0,1.0,1.0,1.0,63.0,32.0,0,0.5015625,32768.0,2048.0,6400000.0,0.5273919092465753
1.0,32.0,8.0,1.0,1.0,1.0,543.0,32.0,0,0.5015625,512.0,8192.0,6400000.0,0.5273919092465753
1.0,32.0,8.0,1.0,1.0,1.0,543.0,32.0,0,0.5015625,512.0,0.0078125,6400000.0,0.5273919092465753
1.0,32.0,4.0,1.0,1.0,1.0,63.0,32.0,0,0.5015625,0.00195312,16384.0,6400000.0,0.5273919092465753
1.0,32.0,8.0,1.0,1.0,1.0,543.0,32.0,0,0.5015625,1024.0,64.0,6400000.0,0.5273919092465753
32.0,32.0,4.0,16.0,319.0,317.0,10382.0,46624.0,0,0.9453125,2.0,0.00390625,6400000.0,0.9471845951565557
1.0,32.0,8.0,1.0,1.0,1.0,543.0,32.0,0,0.5015625,32768.0,1024.0,6400000.0,0.5273919092465753
32.0,32.0,4.0,9.0,300.0,300.0,9889.0,43904.0,0,0.9453125,16.0,1.0,6400000.0,0.9487486240215264
32.0,32.0,4.0,5.0,196.0,196.0,6510.0,27264.0,0,0.940625,256.0,2.0,6400000.0,0.9409246575342465
32.0,32.0,4.0,5.0,196.0,196.0,6510.0,27264.0,0,0.940625,256.0,0.00195312,6400000.0,0.9409246575342465
1.0,32.0,8.0,1.0,1.0,1.0,543.0,32.0,0,0.5015625,2048.0,0.0,6400000.0,0.5273919092465753
64.0,64.0,1.0,6.0,133.0,128.0,4232.0,12288.0,0,0.940625,0.0,0.0078125,6400000.0,0.93818646037182
32.0,32.0,4.0,20.0,323.0,323.0,10447.0,47584.0,0,0.94375,0.00195312,0.015625,6400000.0,0.9479673740215265
1.0,32.0,4.0,1.0,1.0,1.0,63.0,32.0,0,0.5015625,256.0,2048.0,6400000.0,0.5273919092465753
1.0,32.0,8.0,1.0,1.0,1.0,543.0,32.0,0,0.5015625,2048.0,0.5,6400000.0,0.5273919092465753
32.0,32.0,4.0,21.0,332.0,330.0,10721.0,48704.0,0,0.95,0.25,0.015625,6400000.0,0.9491415423189823
32.0,32.0,4.0,9.0,297.0,300.0,9793.0,43904.0,0,0.9453125,0.00195312,16.0,6400000.0,0.949531402886497
1.0,32.0,2.0,1.0,1.0,1.0,39.0,32.0,0,0.5015625,8192.0,1.0,6400000.0,0.5273919092465753
1.0,32.0,8.0,1.0,1.0,1.0,543.0,32.0,0,0.5015625,2048.0,512.0,6400000.0,0.5273919092465753
1.0,32.0,2.0,1.0,1.0,1.0,39.0,32.0,0,0.5015625,8192.0,0.000976562,6400000.0,0.5273919092465753
32.0,32.0,8.0,29.0,802.0,893.0,29772.0,138784.0,0,0.9796875,0.0,0.015625,6400000.0,0.9730063600782778
1.0,32.0,8.0,1.0,1.0,1.0,543.0,32.0,0,0.5015625,0.0,16384.0,6400000.0,0.5273919092465753
1.0,32.0,2.0,1.0,1.0,1.0,39.0,32.0,0,0.5015625,16384.0,8.0,6400000.0,0.5273919092465753
1.0,32.0,8.0,1.0,1.0,1.0,543.0,32.0,0,0.5015625,4096.0,4.0,6400000.0,0.5273919092465753
1.0,32.0,4.0,1.0,1.0,1.0,63.0,32.0,0,0.5015625,512.0,0.015625,6400000.0,0.5273919092465753
1.0,32.0,2.0,1.0,1.0,1.0,39.0,32.0,0,0.5015625,8192.0,1024.0,6400000.0,0.5273919092465753
32.0,32.0,8.0,13.0,640.0,729.0,24505.0,112544.0,0,0.9671875,0.0,16.0,6400000.0,0.962445725293542
1.0,32.0,8.0,1.0,1.0,1.0,543.0,32.0,0,0.5015625,0.00390625,8192.0,6400000.0,0.5273919092465753
1.0,32.0,8.0,1.0,1.0,1.0,543.0,32.0,0,0.5015625,4096.0,0.00390625,6400000.0,0.5273919092465753
1.0,32.0,8.0,1.0,1.0,1.0,543.0,32.0,0,0.5015625,0.00195312,1024.0,6400000.0,0.5273919092465753
32.0,32.0,4.0,20.0,321.0,322.0,10382.0,47424.0,0,0.94375,0.0078125,0.000976562,6400000.0,0.9479673740215265
1.0,32.0,8.0,1.0,1.0,1.0,543.0,32.0,0,0.5015625,4096.0,4096.0,6400000.0,0.5273919092465753
32.0,32.0,8.0,28.0,808.0,900.0,29992.0,139904.0,0,0.9765625,0.00195312,0.000976562,6400000.0,0.9733977495107631
32.0,32.0,8.0,5.0,196.0,196.0,8910.0,27264.0,0,0.940625,0.000976562,128.0,6400000.0,0.9409246575342465
1.0,32.0,2.0,1.0,1.0,1.0,39.0,32.0,0,0.5015625,16384.0,8192.0,6400000.0,0.5273919092465753
32.0,32.0,8.0,29.0,794.0,893.0,29516.0,138784.0,0,0.9734375,0.000976562,0.125,6400000.0,0.9737891389432486
64.0,64.0,1.0,6.0,133.0,128.0,4232.0,12288.0,0,0.940625,0.00390625,2.0,6400000.0,0.9389677103718199
1.0,32.0,2.0,1.0,1.0,1.0,39.0,32.0,0,0.5015625,16384.0,0.0078125,6400000.0,0.5273919092465753
32.0,32.0,8.0,29.0,802.0,893.0,29772.0,138784.0,0,0.9796875,0.015625,0.0,6400000.0,0.9730063600782778
32.0,32.0,4.0,5.0,196.0,196.0,6510.0,27264.0,0,0.940625,0.00390625,128.0,6400000.0,0.9409246575342465
1.0,32.0,8.0,1.0,1.0,1.0,543.0,32.0,0,0.5015625,0.015625,512.0,6400000.0,0.5273919092465753
1.0,32.0,8.0,1.0,1.0,1.0,543.0,32.0,0,0.5015625,0.03125,4096.0,6400000.0,0.5273919092465753
1.0,32.0,8.0,1.0,1.0,1.0,543.0,32.0,0,0.5015625,8192.0,0.03125,6400000.0,0.5273919092465753
64.0,64.0,1.0,5.0,132.0,128.0,4220.0,12288.0,0,0.940625,0.0,8.0,6400000.0,0.9389677103718199
32.0,32.0,8.0,26.0,800.0,904.0,29782.0,140544.0,0,0.9765625,0.00195312,1.0,6400000.0,0.9745719178082191
32.0,32.0,4.0,9.0,297.0,300.0,9793.0,43904.0,0,0.9453125,0.25,16.0,6400000.0,0.949531402886497
1.0,32.0,4.0,1.0,1.0,1.0,63.0,32.0,0,0.5015625,512.0,16384.0,6400000.0,0.5273919092465753
1.0,32.0,4.0,1.0,1.0,1.0,63.0,32.0,0,0.5015625,2.0,4096.0,6400000.0,0.5273919092465753
32.0,32.0,4.0,19.0,322.0,323.0,10436.0,47584.0,0,0.94375,0.00390625,0.125,6400000.0,0.9483587634540118
1.0,32.0,4.0,1.0,1.0,1.0,63.0,32.0,0,0.5015625,1024.0,0.125,6400000.0,0.5273919092465753
32.0,32.0,8.0,17.0,674.0,828.0,25608.0,128384.0,0,0.9734375,0.00390625,8.0,6400000.0,0.966356561888454
1.0,32.0,4.0,1.0,1.0,1.0,63.0,32.0,0,0.5015625,512.0,16.0,6400000.0,0.5273919092465753
32.0,32.0,8.0,28.0,808.0,900.0,29992.0,139904.0,0,0.9765625,0.00390625,0.0078125,6400000.0,0.9730063600782778
32.0,32.0,8.0,8.0,445.0,469.0,17599.0,70944.0,0,0.959375,0.0078125,64.0,6400000.0,0.9471930039138943
1.0,32.0,4.0,1.0,1.0,1.0,63.0,32.0,0,0.5015625,1024.0,128.0,6400000.0,0.5273919092465753
1.0,32.0,4.0,1.0,1.0,1.0,63.0,32.0,0,0.5015625,2048.0,0.000976562,6400000.0,0.5273919092465753
32.0,32.0,8.0,28.0,804.0,899.0,29863.0,139744.0,0,0.975,0.0078125,0.0625,6400000.0,0.9733977495107631
32.0,32.0,4.0,8.0,238.0,239.0,7849.0,34144.0,0,0.940625,32.0,0.0078125,6400000.0,0.9409246575342465
1.0,32.0,4.0,1.0,1.0,1.0,63.0,32.0,0,0.5015625,16.0,1024.0,6400000.0,0.5273919092465753
32.0,32.0,4.0,14.0,312.0,312.0,10195.0,45824.0,0,0.9484375,2.0,4.0,6400000.0,0.9460104268590998
1.0,32.0,8.0,1.0,1.0,1.0,543.0,32.0,0,0.5015625,0.0625,32768.0,6400000.0,0.5273919092465753
32.0,32.0,8.0,22.0,771.0,894.0,28928.0,138944.0,0,0.978125,0.03125,4.0,6400000.0,0.9710486484833659
1.0,32.0,2.0,1.0,1.0,1.0,39.0,32.0,0,0.5015625,32768.0,0.0625,6400000.0,0.5273919092465753
32.0,32.0,8.0,28.0,809.0,901.0,30025.0,140064.0,0,0.975,0.03125,0.00390625,6400000.0,0.9733977495107631
32.0,32.0,8.0,28.0,800.0,899.0,29735.0,139744.0,0,0.978125,0.015625,0.5,6400000.0,0.9730063600782778
32.0,32.0,4.0,25.0,329.0,328.0,10539.0,48384.0,0,0.94375,0.0,0.0,6400000.0,0.9479673740215265
32.0,32.0,4.0,16.0,313.0,317.0,10190.0,46624.0,0,0.9484375,0.0078125,1.0,6400000.0,0.9475752201565557
32.0,32.0,8.0,28.0,801.0,900.0,29768.0,139904.0,0,0.978125,0.25,0.00195312,6400000.0,0.9726149706457925
1.0,32.0,8.0,1.0,1.0,1.0,543.0,32.0,0,0.5015625,0.25,2048.0,6400000.0,0.5273919092465753
32.0,32.0,8.0,28.0,804.0,899.0,29863.0,139744.0,0,0.975,0.0625,0.03125,6400000.0,0.9733977495107631
32.0,32.0,4.0,7.0,231.0,234.0,7641.0,33344.0,0,0.940625,32.0,8.0,6400000.0,0.9409246575342465
32.0,32.0,8.0,10.0,457.0,562.0,18289.0,85824.0,0,0.959375,0.0625,32.0,6400000.0,0.9620543358610567
1.0,32.0,4.0,1.0,1.0,1.0,63.0,32.0,0,0.5015625,0.0078125,1024.0,6400000.0,0.5273919092465753
1.0,32.0,8.0,1.0,1.0,1.0,543.0,32.0,0,0.5015625,0.5,16384.0,6400000.0,0.5273919092465753
1.0,32.0,8.0,1.0,1.0,1.0,543.0,32.0,0,0.5015625,8192.0,32.0,6400000.0,0.5273919092465753
1.0,32.0,4.0,1.0,1.0,1.0,63.0,32.0,0,0.5015625,0.015625,8192.0,6400000.0,0.5273919092465753
1.0,32.0,2.0,1.0,1.0,1.0,39.0,32.0,0,0.5015625,32768.0,64.0,6400000.0,0.5273919092465753
32.0,32.0,4.0,19.0,323.0,323.0,10468.0,47584.0,0,0.95,0.0,0.5,6400000.0,0.9456190374266145
32.0,32.0,4.0,20.0,323.0,323.0,10447.0,47584.0,0,0.94375,0.015625,0.0078125,6400000.0,0.9483587634540118
1.0,64.0,1.0,1.0,1.0,1.0,35.0,32.0,0,0.5015625,0.0,8192.0,6400000.0,0.5273919092465753
32.0,32.0,4.0,11.0,311.0,314.0,10228.0,46144.0,0,0.9453125,0.015625,8.0,6400000.0,0.9467932057240704
32.0,32.0,8.0,5.0,196.0,196.0,8910.0,27264.0,0,0.940625,0.125,256.0,6400000.0,0.9409246575342465
32.0,32.0,4.0,19.0,322.0,323.0,10436.0,47584.0,0,0.94375,0.0625,0.0,6400000.0,0.9483587634540118
64.0,64.0,1.0,6.0,133.0,128.0,4232.0,12288.0,0,0.940625,0.000976562,0.0625,6400000.0,0.93818646037182
32.0,32.0,8.0,23.0,782.0,904.0,29269.0,140544.0,0,0.9734375,0.25,2.0,6400000.0,0.9745711533757337
32.0,32.0,8.0,28.0,800.0,899.0,29735.0,139744.0,0,0.978125,0.125,0.25,6400000.0,0.9722235812133071
32.0,32.0,4.0,19.0,322.0,323.0,10436.0,47584.0,0,0.94375,0.03125,0.0625,6400000.0,0.9483587634540118
32.0,32.0,8.0,13.0,633.0,722.0,24274.0,111424.0,0,0.9671875,0.5,16.0,6400000.0,0.9620543358610567
32.0,32.0,4.0,20.0,321.0,322.0,10382.0,47424.0,0,0.94375,0.000976562,0.00390625,6400000.0,0.9479673740215265
64.0,64.0,1.0,5.0,132.0,128.0,4220.0,12288.0,0,0.940625,0.000976562,64.0,6400000.0,0.9385778498043053
32.0,32.0,8.0,28.0,800.0,899.0,29735.0,139744.0,0,0.978125,0.5,0.015625,6400000.0,0.9730063600782778
1.0,32.0,4.0,1.0,1.0,1.0,63.0,32.0,0,0.5015625,0.0,512.0,6400000.0,0.5273919092465753
32.0,32.0,8.0,5.0,196.0,196.0,8910.0,27264.0,0,0.940625,1.0,128.0,6400000.0,0.9409246575342465
32.0,32.0,4.0,14.0,314.0,314.0,10261.0,46144.0,0,0.946875,4.0,0.03125,6400000.0,0.9460104268590996
1.0,32.0,4.0,1.0,1.0,1.0,63.0,32.0,0,0.5015625,0.25,16384.0,6400000.0,0.5273919092465753
32.0,32.0,8.0,23.0,766.0,898.0,28751.0,139584.0,0,0.978125,2.0,0.000976562,6400000.0,0.9718344850782777
32.0,32.0,4.0,7.0,284.0,293.0,9412.0,42784.0,0,0.940625,0.03125,64.0,6400000.0,0.9409246575342465
1.0,32.0,8.0,1.0,1.0,1.0,543.0,32.0,0,0.5015625,8192.0,32768.0,6400000.0,0.5273919092465753
32.0,32.0,4.0,7.0,231.0,234.0,7641.0,33344.0,0,0.940625,4.0,32.0,6400000.0,0.9409246575342465
1.0,32.0,4.0,1.0,1.0,1.0,63.0,32.0,0,0.5015625,4.0,32768.0,6400000.0,0.5273919092465753
1.0,32.0,8.0,1.0,1.0,1.0,543.0,32.0,0,0.5015625,4.0,8192.0,6400000.0,0.5273919092465753
32.0,32.0,8.0,25.0,798.0,902.0,29737.0,140224.0,0,0.978125,1.0,0.125,6400000.0,0.9730063600782778
1.0,32.0,8.0,1.0,1.0,1.0,543.0,32.0,0,0.5015625,2.0,1024.0,6400000.0,0.5273919092465753
32.0,32.0,4.0,16.0,313.0,317.0,10190.0,46624.0,0,0.9484375,1.0,0.000976562,6400000.0,0.947966609589041
1.0,32.0,4.0,1.0,1.0,1.0,63.0,32.0,0,0.5015625,2048.0,1.0,6400000.0,0.5273919092465753
1.0,64.0,1.0,1.0,1.0,1.0,35.0,32.0,0,0.5015625,0.00390625,2048.0,6400000.0,0.5273919092465753
1.0,32.0,4.0,1.0,1.0,1.0,63.0,32.0,0,0.5015625,0.0625,512.0,6400000.0,0.5273919092465753
64.0,64.0,1.0,6.0,133.0,128.0,4232.0,12288.0,0,0.940625,0.00195312,0.0,6400000.0,0.93818646037182
32.0,32.0,8.0,21.0,800.0,905.0,29888.0,140704.0,0,0.9734375,2.0,1.0,6400000.0,0.9737876100782777
32.0,32.0,4.0,19.0,323.0,323.0,10468.0,47584.0,0,0.95,0.0625,0.5,6400000.0,0.9456190374266145
32.0,32.0,4.0,18.0,320.0,321.0,10391.0,47264.0,0,0.95,0.5,0.125,6400000.0,0.9456190374266145
1.0,32.0,8.0,1.0,1.0,1.0,543.0,32.0,0,0.5015625,32.0,4096.0,6400000.0,0.5273919092465753
1.0,32.0,4.0,1.0,1.0,1.0,63.0,32.0,0,0.5015625,2048.0,1024.0,6400000.0,0.5273919092465753
64.0,64.0,1.0,6.0,133.0,128.0,4232.0,12288.0,0,0.940625,0.0078125,0.015625,6400000.0,0.93818646037182
32.0,32.0,8.0,22.0,771.0,894.0,28928.0,138944.0,0,0.978125,4.0,0.0078125,6400000.0,0.9710486484833659
32.0,32.0,8.0,13.0,641.0,730.0,24538.0,112704.0,0,0.9671875,16.0,0.0,6400000.0,0.9628371147260275
1.0,32.0,8.0,1.0,1.0,1.0,543.0,32.0,0,0.5015625,16384.0,256.0,6400000.0,0.5273919092465753
32.0,32.0,4.0,5.0,196.0,196.0,6510.0,27264.0,0,0.940625,0.5,128.0,6400000.0,0.9409246575342465
32.0,32.0,8.0,16.0,796.0,871.0,29576.0,135264.0,0,0.9703125,4.0,8.0,6400000.0,0.9640112830234833
32.0,32.0,8.0,8.0,421.0,438.0,16800.0,65984.0,0,0.959375,8.0,64.0,6400000.0,0.9514921722113503
1.0,32.0,8.0,1.0,1.0,1.0,543.0,32.0,0,0.5015625,16384.0,0.25,6400000.0,0.5273919092465753
64.0,64.0,1.0,6.0,133.0,128.0,4232.0,12288.0,0,0.940625,0.00195312,0.5,6400000.0,0.93818646037182
32.0,32.0,4.0,19.0,322.0,323.0,10436.0,47584.0,0,0.94375,0.125,0.00390625,6400000.0,0.9483587634540118
32.0,32.0,4.0,5.0,196.0,196.0,6510.0,27264.0,0,0.940625,128.0,0.0,6400000.0,0.9409246575342465
1.0,32.0,4.0,1.0,1.0,1.0,63.0,32.0,0,0.5015625,32.0,8192.0,6400000.0,0.5273919092465753
32.0,32.0,8.0,17.0,674.0,828.0,25608.0,128384.0,0,0.9734375,8.0,0.0625,6400000.0,0.9683135090508805
32.0,32.0,8.0,13.0,632.0,721.0,24241.0,111264.0,0,0.9671875,16.0,0.5,6400000.0,0.962445725293542
1.0,32.0,8.0,1.0,1.0,1.0,543.0,32.0,0,0.5015625,64.0,32768.0,6400000.0,0.5273919092465753
1.0,32.0,8.0,1.0,1.0,1.0,543.0,32.0,0,0.5015625,16.0,512.0,6400000.0,0.5273919092465753
1.0,32.0,4.0,1.0,1.0,1.0,63.0,32.0,0,0.5015625,0.125,4096.0,6400000.0,0.5273919092465753
32.0,32.0,4.0,7.0,284.0,293.0,9412.0,42784.0,0,0.940625,64.0,0.0625,6400000.0,0.9409246575342465
64.0,64.0,1.0,5.0,132.0,128.0,4220.0,12288.0,0,0.940625,0.0078125,16.0,6400000.0,0.93818646037182
1.0,32.0,8.0,1.0,1.0,1.0,543.0,32.0,0,0.5015625,32768.0,0.00195312,6400000.0,0.5273919092465753
32.0,32.0,4.0,15.0,310.0,309.0,10107.0,45344.0,0,0.946875,0.000976562,4.0,6400000.0,0.9491415423189824
1.0,32.0,4.0,1.0,1.0,1.0,63.0,32.0,0,0.5015625,4096.0,0.0078125,6400000.0,0.5273919092465753
1.0,32.0,4.0,1.0,1.0,1.0,63.0,32.0,0,0.5015625,4096.0,8.0,6400000.0,0.5273919092465753
32.0,32.0,4.0,9.0,302.0,303.0,9956.0,44384.0,0,0.9453125,16.0,0.00195312,6400000.0,0.949531402886497
32.0,32.0,4.0,15.0,310.0,309.0,10107.0,45344.0,0,0.946875,0.125,4.0,6400000.0,0.9491415423189824
32.0,32.0,8.0,5.0,196.0,196.0,8910.0,27264.0,0,0.940625,128.0,0.25,6400000.0,0.9409246575342465
1.0,32.0,8.0,1.0,1.0,1.0,543.0,32.0,0,0.5015625,32768.0,2.0,6400000.0,0.5273919092465753
32.0,32.0,8.0,10.0,458.0,563.0,18322.0,85984.0,0,0.959375,32.0,4.0,6400000.0,0.9620543358610567
32.0,32.0,4.0,5.0,196.0,196.0,6510.0,27264.0,0,0.940625,64.0,64.0,6400000.0,0.9409246575342465
1.0,32.0,4.0,1.0,1.0,1.0,63.0,32.0,0,0.5015625,32768.0,4.0,6400000.0,0.5273919092465753
1.0,32.0,4.0,1.0,1.0,1.0,63.0,32.0,0,0.5015625,0.000976562,4096.0,6400000.0,0.5273919092465753
1.0,32.0,4.0,1.0,1.0,1.0,63.0,32.0,0,0.5015625,4096.0,8192.0,6400000.0,0.5273919092465753
32.0,32.0,8.0,10.0,458.0,563.0,18322.0,85984.0,0,0.959375,32.0,0.00390625,6400000.0,0.9628371147260273
32.0,32.0,8.0,8.0,387.0,423.0,15697.0,63584.0,0,0.959375,64.0,32.0,6400000.0,0.9409246575342465
1.0,32.0,8.0,1.0,1.0,1.0,543.0,32.0,0,0.5015625,256.0,2048.0,6400000.0,0.5273919092465753
32.0,32.0,8.0,5.0,196.0,196.0,8910.0,27264.0,0,0.940625,256.0,0.00195312,6400000.0,0.9409246575342465
32.0,32.0,4.0,11.0,342.0,346.0,11252.0,51264.0,0,0.9453125,8.0,0.25,6400000.0,0.9460104268590998
1.0,32.0,4.0,1.0,1.0,1.0,63.0,32.0,0,0.5015625,8192.0,0.0625,6400000.0,0.5273919092465753
32.0,32.0,4.0,5.0,196.0,196.0,6510.0,27264.0,0,0.940625,8.0,256.0,6400000.0,0.9409246575342465
32.0,32.0,4.0,16.0,319.0,317.0,10382.0,46624.0,0,0.9453125,1.0,1.0,6400000.0,0.9467932057240702
32.0,32.0,8.0,5.0,176.0,193.0,8267.0,26784.0,0,0.940625,128.0,256.0,6400000.0,0.9033657962328766
1.0,32.0,4.0,1.0,1.0,1.0,63.0,32.0,0,0.5015625,1.0,1024.0,6400000.0,0.5273919092465753
1.0,32.0,4.0,1.0,1.0,1.0,63.0,32.0,0,0.5015625,16384.0,0.0,6400000.0,0.5273919092465753
32.0,32.0,8.0,8.0,487.0,514.0,18988.0,78144.0,0,0.959375,64.0,0.03125,6400000.0,0.9522711289138943
1.0,32.0,4.0,1.0,1.0,1.0,63.0,32.0,0,0.5015625,8192.0,64.0,6400000.0,0.5273919092465753
1.0,32.0,4.0,1.0,1.0,1.0,63.0,32.0,0,0.5015625,32768.0,0.00390625,6400000.0,0.5273919092465753
1.0,32.0,4.0,1.0,1.0,1.0,63.0,32.0,0,0.5015625,16384.0,0.5,6400000.0,0.5273919092465753
1.0,32.0,8.0,1.0,1.0,1.0,543.0,32.0,0,0.5015625,1024.0,0.125,6400000.0,0.5273919092465753
64.0,64.0,1.0,6.0,133.0,128.0,4232.0,12288.0,0,0.940625,0.00390625,0.00390625,6400000.0,0.93818646037182
1.0,64.0,1.0,1.0,1.0,1.0,35.0,32.0,0,0.5015625,0.0078125,16384.0,6400000.0,0.5273919092465753
32.0,32.0,8.0,5.0,196.0,196.0,8910.0,27264.0,0,0.940625,256.0,2.0,6400000.0,0.9409246575342465
1.0,32.0,8.0,1.0,1.0,1.0,543.0,32.0,0,0.5015625,512.0,0.015625,6400000.0,0.5273919092465753
1.0,32.0,4.0,1.0,1.0,1.0,63.0,32.0,0,0.5015625,32768.0,4096.0,6400000.0,0.5273919092465753
1.0,32.0,4.0,1.0,1.0,1.0,63.0,32.0,0,0.5015625,128.0,512.0,6400000.0,0.5273919092465753
1.0,32.0,4.0,1.0,1.0,1.0,63.0,32.0,0,0.5015625,16384.0,512.0,6400000.0,0.5273919092465753
1.0,64.0,1.0,1.0,1.0,1.0,35.0,32.0,0,0.5015625,0.00195312,512.0,6400000.0,0.5273919092465753
1.0,32.0,8.0,1.0,1.0,1.0,543.0,32.0,0,0.5015625,512.0,16384.0,6400000.0,0.5273919092465753
32.0,32.0,4.0,5.0,196.0,196.0,6510.0,27264.0,0,0.940625,128.0,0.5,6400000.0,0.9409246575342465
1.0,32.0,4.0,1.0,1.0,1.0,63.0,32.0,0,0.5015625,0.00195312,32768.0,6400000.0,0.5273919092465753
1.0,32.0,8.0,1.0,1.0,1.0,543.0,32.0,0,0.5015625,32768.0,2048.0,6400000.0,0.5273919092465753
1.0,32.0,8.0,1.0,1.0,1.0,543.0,32.0,0,0.5015625,2048.0,0.000976562,6400000.0,0.5273919092465753
1.0,32.0,8.0,1.0,1.0,1.0,543.0,32.0,0,0.5015625,1024.0,128.0,6400000.0,0.5273919092465753
32.0,32.0,4.0,16.0,319.0,317.0,10382.0,46624.0,0,0.9453125,2.0,0.0078125,6400000.0,0.9471845951565557
32.0,32.0,4.0,5.0,196.0,196.0,6510.0,27264.0,0,0.940625,256.0,4.0,6400000.0,0.9409246575342465
1.0,32.0,4.0,1.0,1.0,1.0,63.0,32.0,0,0.5015625,256.0,4096.0,6400000.0,0.5273919092465753
64.0,64.0,1.0,6.0,133.0,128.0,4232.0,12288.0,0,0.940625,0.0,0.015625,6400000.0,0.93818646037182
1.0,32.0,8.0,1.0,1.0,1.0,543.0,32.0,0,0.5015625,512.0,16.0,6400000.0,0.5273919092465753
32.0,32.0,4.0,20.0,323.0,323.0,10447.0,47584.0,0,0.94375,0.00195312,0.03125,6400000.0,0.9483587634540118
32.0,32.0,4.0,5.0,196.0,196.0,6510.0,27264.0,0,0.940625,256.0,0.00390625,6400000.0,0.9409246575342465
32.0,32.0,4.0,9.0,298.0,298.0,9823.0,43584.0,0,0.9453125,16.0,2.0,6400000.0,0.9510969606164382
1.0,32.0,8.0,1.0,1.0,1.0,543.0,32.0,0,0.5015625,2048.0,1.0,6400000.0,0.5273919092465753
32.0,32.0,4.0,21.0,332.0,330.0,10721.0,48704.0,0,0.95,0.25,0.03125,6400000.0,0.9491415423189823
64.0,64.0,1.0,6.0,133.0,128.0,4232.0,12288.0,0,0.940625,0.015625,0.125,6400000.0,0.93818646037182
32.0,32.0,4.0,8.0,238.0,239.0,7849.0,34144.0,0,0.940625,0.00195312,32.0,6400000.0,0.9409246575342465
1.0,32.0,8.0,1.0,1.0,1.0,543.0,32.0,0,0.5015625,2048.0,1024.0,6400000.0,0.5273919092465753
64.0,64.0,1.0,5.0,132.0,128.0,4220.0,12288.0,0,0.940625,0.015625,128.0,6400000.0,0.9033657962328766
1.0,32.0,8.0,1.0,1.0,1.0,543.0,32.0,0,0.5015625,0.0,32768.0,6400000.0,0.5273919092465753
1.0,32.0,8.0,1.0,1.0,1.0,543.0,32.0,0,0.5015625,4096.0,8.0,6400000.0,0.5273919092465753
1.0,32.0,8.0,1.0,1.0,1.0,543.0,32.0,0,0.5015625,0.00195312,2048.0,6400000.0,0.5273919092465753
64.0,64.0,1.0,6.0,133.0,128.0,4232.0,12288.0,0,0.940625,0.03125,0.000976562,6400000.0,0.93818646037182
1.0,32.0,8.0,1.0,1.0,1.0,543.0,32.0,0,0.5015625,4096.0,0.0078125,6400000.0,0.5273919092465753
1.0,32.0,4.0,1.0,1.0,1.0,63.0,32.0,0,0.5015625,512.0,0.03125,6400000.0,0.5273919092465753
32.0,32.0,8.0,28.0,809.0,901.0,30025.0,140064.0,0,0.975,0.0,0.03125,6400000.0,0.9730063600782778
64.0,64.0,1.0,6.0,133.0,128.0,4232.0,12288.0,0,0.940625,0.03125,1.0,6400000.0,0.93818646037182
1.0,32.0,8.0,1.0,1.0,1.0,543.0,32.0,0,0.5015625,0.00390625,16384.0,6400000.0,0.5273919092465753
1.0,32.0,8.0,1.0,1.0,1.0,543.0,32.0,0,0.5015625,4096.0,8192.0,6400000.0,0.5273919092465753
1.0,64.0,1.0,1.0,1.0,1.0,35.0,32.0,0,0.5015625,0.03125,1024.0,6400000.0,0.5273919092465753
32.0,32.0,8.0,10.0,457.0,562.0,18289.0,85824.0,0,0.959375,0.0,32.0,6400000.0,0.9620543358610567
32.0,32.0,4.0,20.0,321.0,322.0,10382.0,47424.0,0,0.94375,0.0078125,0.00195312,6400000.0,0.9479673740215265
32.0,32.0,8.0,28.0,808.0,900.0,29992.0,139904.0,0,0.9765625,0.00195312,0.00195312,6400000.0,0.9733977495107631
32.0,32.0,8.0,5.0,196.0,196.0,8910.0,27264.0,0,0.940625,0.000976562,256.0,6400000.0,0.9409246575342465
64.0,64.0,1.0,6.0,133.0,128.0,4232.0,12288.0,0,0.940625,0.0625,0.0078125,6400000.0,0.93818646037182
1.0,32.0,8.0,1.0,1.0,1.0,543.0,32.0,0,0.5015625,0.015625,1024.0,6400000.0,0.5273919092465753
32.0,32.0,4.0,5.0,196.0,196.0,6510.0,27264.0,0,0.940625,0.00390625,256.0,6400000.0,0.9409246575342465
1.0,32.0,8.0,1.0,1.0,1.0,543.0,32.0,0,0.5015625,8192.0,0.0625,6400000.0,0.5273919092465753
1.0,32.0,8.0,1.0,1.0,1.0,543.0,32.0,0,0.5015625,0.03125,8192.0,6400000.0,0.5273919092465753
64.0,64.0,1.0,6.0,133.0,128.0,4232.0,12288.0,0,0.940625,0.00390625,4.0,6400000.0,0.9389677103718199
32.0,32.0,8.0,28.0,801.0,900.0,29768.0,139904.0,0,0.978125,0.000976562,0.25,6400000.0,0.9730063600782778
1.0,32.0,4.0,1.0,1.0,1.0,63.0,32.0,0,0.5015625,1024.0,0.25,6400000.0,0.5273919092465753
32.0,32.0,8.0,28.0,806.0,899.0,29927.0,139744.0,0,0.9765625,0.015625,0.000976562,6400000.0,0.9730063600782778
32.0,32.0,4.0,8.0,238.0,239.0,7849.0,34144.0,0,0.940625,0.25,32.0,6400000.0,0.9409246575342465
1.0,32.0,4.0,1.0,1.0,1.0,63.0,32.0,0,0.5015625,2.0,8192.0,6400000.0,0.5273919092465753
64.0,64.0,1.0,5.0,132.0,128.0,4220.0,12288.0,0,0.940625,0.0,16.0,6400000.0,0.93818646037182
1.0,32.0,4.0,1.0,1.0,1.0,63.0,32.0,0,0.5015625,512.0,32768.0,6400000.0,0.5273919092465753
32.0,32.0,4.0,21.0,332.0,330.0,10721.0,48704.0,0,0.95,0.00390625,0.25,6400000.0,0.9507071000489237
32.0,32.0,8.0,23.0,766.0,898.0,28751.0,139584.0,0,0.978125,0.00195312,2.0,6400000.0,0.9718344850782777
1.0,32.0,4.0,1.0,1.0,1.0,63.0,32.0,0,0.5015625,512.0,32.0,6400000.0,0.5273919092465753
32.0,32.0,8.0,13.0,640.0,729.0,24505.0,112544.0,0,0.9671875,0.00390625,16.0,6400000.0,0.962445725293542
1.0,32.0,4.0,1.0,1.0,1.0,63.0,32.0,0,0.5015625,2048.0,0.00195312,6400000.0,0.5273919092465753
32.0,32.0,8.0,5.0,196.0,196.0,8910.0,27264.0,0,0.940625,0.0078125,128.0,6400000.0,0.9409246575342465
32.0,32.0,8.0,28.0,806.0,899.0,29927.0,139744.0,0,0.9765625,0.00390625,0.015625,6400000.0,0.9730063600782778
1.0,32.0,4.0,1.0,1.0,1.0,63.0,32.0,0,0.5015625,1024.0,256.0,6400000.0,0.5273919092465753
32.0,32.0,4.0,9.0,266.0,278.0,8779.0,40384.0,0,0.9453125,2.0,8.0,6400000.0,0.9467932057240704
32.0,32.0,4.0,8.0,238.0,239.0,7849.0,34144.0,0,0.940625,32.0,0.015625,6400000.0,0.9409246575342465
64.0,64.0,1.0,5.0,132.0,128.0,4220.0,12288.0,0,0.940625,0.0625,8.0,6400000.0,0.9389677103718199
1.0,32.0,4.0,1.0,1.0,1.0,63.0,32.0,0,0.5015625,16.0,2048.0,6400000.0,0.5273919092465753
32.0,32.0,8.0,29.0,794.0,893.0,29516.0,138784.0,0,0.9734375,0.0078125,0.125,6400000.0,0.9737891389432486
32.0,32.0,8.0,29.0,794.0,893.0,29516.0,138784.0,0,0.9734375,0.125,0.0,6400000.0,0.9737891389432486
32.0,32.0,8.0,28.0,809.0,901.0,30025.0,140064.0,0,0.975,0.03125,0.0078125,6400000.0,0.9733977495107631
32.0,32.0,4.0,17.0,315.0,312.0,10228.0,45824.0,0,0.946875,0.0078125,2.0,6400000.0,0.9464018162915849
32.0,32.0,8.0,17.0,674.0,828.0,25608.0,128384.0,0,0.9734375,0.03125,8.0,6400000.0,0.966356561888454
32.0,32.0,8.0,26.0,800.0,904.0,29782.0,140544.0,0,0.9765625,0.015625,1.0,6400000.0,0.9745719178082191
1.0,64.0,1.0,1.0,1.0,1.0,35.0,32.0,0,0.5015625,0.0625,8192.0,6400000.0,0.5273919092465753
1.0,32.0,8.0,1.0,1.0,1.0,543.0,32.0,0,0.5015625,0.25,4096.0,6400000.0,0.5273919092465753
32.0,32.0,8.0,28.0,801.0,900.0,29768.0,139904.0,0,0.978125,0.25,0.00390625,6400000.0,0.9726149706457925
1.0,32.0,4.0,1.0,1.0,1.0,63.0,32.0,0,0.5015625,0.015625,16384.0,6400000.0,0.5273919092465753
1.0,32.0,8.0,1.0,1.0,1.0,543.0,32.0,0,0.5015625,8192.0,64.0,6400000.0,0.5273919092465753
1.0,32.0,4.0,1.0,1.0,1.0,63.0,32.0,0,0.5015625,0.0078125,2048.0,6400000.0,0.5273919092465753
32.0,32.0,8.0,29.0,794.0,893.0,29516.0,138784.0,0,0.9734375,0.0625,0.0625,6400000.0,0.9737891389432486
64.0,64.0,1.0,5.0,132.0,128.0,4220.0,12288.0,0,0.940625,0.125,64.0,6400000.0,0.9385778498043053
1.0,32.0,8.0,1.0,1.0,1.0,543.0,32.0,0,0.5015625,0.5,32768.0,6400000.0,0.5273919092465753
32.0,32.0,4.0,7.0,231.0,233.0,7640.0,33184.0,0,0.940625,32.0,16.0,6400000.0,0.9409246575342465
32.0,32.0,8.0,8.0,445.0,469.0,17599.0,70944.0,0,0.959375,0.0625,64.0,6400000.0,0.9471930039138943
64.0,64.0,1.0,6.0,133.0,128.0,4232.0,12288.0,0,0.940625,0.125,0.0625,6400000.0,0.93818646037182
32.0,32.0,4.0,19.0,322.0,323.0,10436.0,47584.0,0,0.94375,0.0625,0.000976562,6400000.0,0.9483587634540118
1.0,32.0,8.0,1.0,1.0,1.0,543.0,32.0,0,0.5015625,0.125,512.0,6400000.0,0.5273919092465753
64.0,64.0,1.0,6.0,133.0,128.0,4232.0,12288.0,0,0.940625,0.000976562,0.125,6400000.0,0.93818646037182
1.0,64.0,1.0,1.0,1.0,1.0,35.0,32.0,0,0.5015625,0.0,16384.0,6400000.0,0.5273919092465753
32.0,32.0,4.0,9.0,297.0,300.0,9793.0,43904.0,0,0.9453125,0.015625,16.0,6400000.0,0.949531402886497
32.0,32.0,4.0,20.0,323.0,323.0,10447.0,47584.0,0,0.94375,0.015625,0.015625,6400000.0,0.9483587634540118
64.0,64.0,1.0,6.0,133.0,128.0,4232.0,12288.0,0,0.940625,0.25,0.0,6400000.0,0.93818646037182
64.0,64.0,1.0,6.0,133.0,128.0,4232.0,12288.0,0,0.940625,0.25,0.5,6400000.0,0.93818646037182
32.0,32.0,8.0,10.0,457.0,562.0,18289.0,85824.0,0,0.959375,0.5,32.0,6400000.0,0.961271556996086
32.0,32.0,8.0,21.0,772.0,893.0,28980.0,138784.0,0,0.9765625,0.25,4.0,6400000.0,0.9698744801859099
32.0,32.0,4.0,19.0,322.0,323.0,10436.0,47584.0,0,0.94375,0.03125,0.125,6400000.0,0.9483587634540118
64.0,64.0,1.0,5.0,132.0,128.0,4220.0,12288.0,0,0.940625,0.000976562,128.0,6400000.0,0.9033657962328766
32.0,32.0,8.0,26.0,799.0,906.0,29752.0,140864.0,0,0.978125,0.125,0.5,6400000.0,0.9730063600782778
32.0,32.0,8.0,28.0,800.0,899.0,29735.0,139744.0,0,0.978125,0.5,0.03125,6400000.0,0.9730063600782778
32.0,32.0,8.0,5.0,196.0,196.0,8910.0,27264.0,0,0.940625,1.0,256.0,6400000.0,0.9409246575342465
1.0,32.0,4.0,1.0,1.0,1.0,63.0,32.0,0,0.5015625,0.25,32768.0,6400000.0,0.5273919092465753
1.0,32.0,8.0,1.0,1.0,1.0,543.0,32.0,0,0.5015625,16384.0,0.0,6400000.0,0.5273919092465753
32.0,32.0,4.0,5.0,196.0,196.0,6510.0,27264.0,0,0.940625,0.03125,128.0,6400000.0,0.9409246575342465
32.0,32.0,4.0,14.0,314.0,314.0,10261.0,46144.0,0,0.946875,4.0,0.0625,6400000.0,0.9460104268590996
1.0,32.0,4.0,1.0,1.0,1.0,63.0,32.0,0,0.5015625,2048.0,2.0,6400000.0,0.5273919092465753
32.0,32.0,4.0,7.0,284.0,293.0,9412.0,42784.0,0,0.940625,4.0,64.0,6400000.0,0.9409246575342465
1.0,32.0,8.0,1.0,1.0,1.0,543.0,32.0,0,0.5015625,4.0,16384.0,6400000.0,0.5273919092465753
1.0,32.0,8.0,1.0,1.0,1.0,543.0,32.0,0,0.5015625,2.0,2048.0,6400000.0,0.5273919092465753
1.0,64.0,1.0,1.0,1.0,1.0,35.0,32.0,0,0.5015625,0.00390625,4096.0,6400000.0,0.5273919092465753
64.0,64.0,1.0,6.0,133.0,128.0,4232.0,12288.0,0,0.940625,0.00195312,0.000976562,6400000.0,0.93818646037182
32.0,32.0,4.0,11.0,305.0,308.0,10030.0,45184.0,0,0.94375,8.0,0.0,6400000.0,0.9460104268590998
32.0,32.0,8.0,23.0,766.0,898.0,28751.0,139584.0,0,0.978125,2.0,0.00195312,6400000.0,0.9718344850782777
1.0,32.0,8.0,1.0,1.0,1.0,543.0,32.0,0,0.5015625,32.0,8192.0,6400000.0,0.5273919092465753
32.0,32.0,4.0,16.0,313.0,317.0,10190.0,46624.0,0,0.9484375,1.0,0.00195312,6400000.0,0.947966609589041
1.0,32.0,4.0,1.0,1.0,1.0,63.0,32.0,0,0.5015625,0.0625,1024.0,6400000.0,0.5273919092465753
32.0,32.0,8.0,25.0,802.0,906.0,29869.0,140864.0,0,0.978125,1.0,0.25,6400000.0,0.9733977495107631
32.0,32.0,4.0,18.0,315.0,311.0,10221.0,45664.0,0,0.9453125,0.0625,1.0,6400000.0,0.9475752201565557
32.0,32.0,4.0,5.0,196.0,196.0,6510.0,27264.0,0,0.940625,0.5,256.0,6400000.0,0.9409246575342465
32.0,32.0,4.0,19.0,317.0,318.0,10271.0,46784.0,0,0.9484375,0.5,0.25,6400000.0,0.9475759845890412
32.0,32.0,8.0,22.0,771.0,894.0,28928.0,138944.0,0,0.978125,2.0,2.0,6400000.0,0.9710486484833659
1.0,32.0,4.0,1.0,1.0,1.0,63.0,32.0,0,0.5015625,2048.0,2048.0,6400000.0,0.5273919092465753
32.0,32.0,8.0,22.0,771.0,894.0,28928.0,138944.0,0,0.978125,4.0,0.015625,6400000.0,0.9710486484833659
1.0,32.0,8.0,1.0,1.0,1.0,543.0,32.0,0,0.5015625,16384.0,0.5,6400000.0,0.5273919092465753
1.0,32.0,8.0,1.0,1.0,1.0,543.0,32.0,0,0.5015625,16384.0,512.0,6400000.0,0.5273919092465753
32.0,32.0,8.0,13.0,641.0,730.0,24538.0,112704.0,0,0.9671875,16.0,0.000976562,6400000.0,0.9628371147260275
64.0,64.0,1.0,6.0,133.0,128.0,4232.0,12288.0,0,0.940625,0.0078125,0.03125,6400000.0,0.93818646037182
64.0,64.0,1.0,6.0,133.0,128.0,4232.0,12288.0,0,0.940625,0.00195312,1.0,6400000.0,0.93818646037182
32.0,32.0,8.0,13.0,592.0,684.0,22924.0,105344.0,0,0.9671875,4.0,16.0,6400000.0,0.961271556996086
32.0,32.0,8.0,5.0,196.0,196.0,8910.0,27264.0,0,0.940625,8.0,128.0,6400000.0,0.9409246575342465
32.0,32.0,4.0,19.0,322.0,323.0,10436.0,47584.0,0,0.94375,0.125,0.0078125,6400000.0,0.9483587634540118
1.0,32.0,4.0,1.0,1.0,1.0,63.0,32.0,0,0.5015625,32.0,16384.0,6400000.0,0.5273919092465753
32.0,32.0,8.0,13.0,632.0,721.0,24241.0,111264.0,0,0.9671875,16.0,1.0,6400000.0,0.9628371147260273
32.0,32.0,8.0,5.0,196.0,196.0,8910.0,27264.0,0,0.940625,128.0,0.0,6400000.0,0.9409246575342465
64.0,64.0,1.0,5.0,132.0,128.0,4220.0,12288.0,0,0.940625,0.0078125,32.0,6400000.0,0.93818646037182
1.0,32.0,8.0,1.0,1.0,1.0,543.0,32.0,0,0.5015625,32768.0,0.00390625,6400000.0,0.5273919092465753
32.0,32.0,4.0,7.0,284.0,293.0,9412.0,42784.0,0,0.940625,64.0,0.125,6400000.0,0.9409246575342465
1.0,32.0,8.0,1.0,1.0,1.0,543.0,32.0,0,0.5015625,16.0,1024.0,6400000.0,0.5273919092465753
32.0,32.0,8.0,17.0,674.0,828.0,25608.0,128384.0,0,0.9734375,8.0,0.125,6400000.0,0.9683135090508805
1.0,64.0,1.0,1.0,1.0,1.0,35.0,32.0,0,0.5015625,0.25,512.0,6400000.0,0.5273919092465753
1.0,32.0,4.0,1.0,1.0,1.0,63.0,32.0,0,0.5015625,0.125,8192.0,6400000.0,0.5273919092465753
32.0,32.0,4.0,5.0,196.0,196.0,6510.0,27264.0,0,0.940625,128.0,0.000976562,6400000.0,0.9409246575342465
1.0,32.0,4.0,1.0,1.0,1.0,63.0,32.0,0,0.5015625,4096.0,0.015625,6400000.0,0.5273919092465753
32.0,32.0,4.0,5.0,196.0,196.0,6510.0,27264.0,0,0.940625,64.0,128.0,6400000.0,0.9409246575342465
32.0,32.0,4.0,9.0,302.0,303.0,9956.0,44384.0,0,0.9453125,16.0,0.00390625,6400000.0,0.949531402886497
64.0,64.0,1.0,6.0,133.0,128.0,4232.0,12288.0,0,0.940625,0.5,0.00390625,6400000.0,0.93818646037182
1.0,32.0,4.0,1.0,1.0,1.0,63.0,32.0,0,0.5015625,4096.0,16.0,6400000.0,0.5273919092465753
32.0,32.0,4.0,11.0,311.0,314.0,10228.0,46144.0,0,0.9453125,0.125,8.0,6400000.0,0.9487501528864971
1.0,32.0,4.0,1.0,1.0,1.0,63.0,32.0,0,0.5015625,4096.0,16384.0,6400000.0,0.5273919092465753
1.0,32.0,8.0,1.0,1.0,1.0,543.0,32.0,0,0.5015625,32768.0,4.0,6400000.0,0.5273919092465753
1.0,32.0,4.0,1.0,1.0,1.0,63.0,32.0,0,0.5015625,32768.0,8.0,6400000.0,0.5273919092465753
32.0,32.0,8.0,5.0,196.0,196.0,8910.0,27264.0,0,0.940625,128.0,0.5,6400000.0,0.9409246575342465
64.0,64.0,1.0,6.0,133.0,128.0,4232.0,12288.0,0,0.940625,0.5,4.0,6400000.0,0.9389677103718199
32.0,32.0,8.0,5.0,196.0,196.0,8910.0,27264.0,0,0.940625,64.0,64.0,6400000.0,0.9409246575342465
1.0,32.0,4.0,1.0,1.0,1.0,63.0,32.0,0,0.5015625,8192.0,0.125,6400000.0,0.5273919092465753
32.0,32.0,8.0,5.0,196.0,196.0,8910.0,27264.0,0,0.940625,256.0,0.00390625,6400000.0,0.9409246575342465
1.0,32.0,8.0,1.0,1.0,1.0,543.0,32.0,0,0.5015625,128.0,512.0,6400000.0,0.5273919092465753
1.0,32.0,8.0,1.0,1.0,1.0,543.0,32.0,0,0.5015625,256.0,4096.0,6400000.0,0.5273919092465753
32.0,32.0,8.0,10.0,472.0,552.0,18759.0,84224.0,0,0.959375,32.0,8.0,6400000.0,0.9604887781311154
32.0,32.0,4.0,15.0,310.0,309.0,10107.0,45344.0,0,0.946875,1.0,2.0,6400000.0,0.9460104268590996
1.0,32.0,4.0,1.0,1.0,1.0,63.0,32.0,0,0.5015625,8.0,512.0,6400000.0,0.5273919092465753
32.0,32.0,4.0,11.0,342.0,346.0,11252.0,51264.0,0,0.9453125,8.0,0.5,6400000.0,0.948750152886497
32.0,32.0,8.0,10.0,458.0,563.0,18322.0,85984.0,0,0.959375,32.0,0.0078125,6400000.0,0.9628371147260273
1.0,32.0,4.0,1.0,1.0,1.0,63.0,32.0,0,0.5015625,1.0,2048.0,6400000.0,0.5273919092465753
1.0,32.0,4.0,1.0,1.0,1.0,63.0,32.0,0,0.5015625,16384.0,0.000976562,6400000.0,0.5273919092465753
32.0,32.0,8.0,8.0,487.0,514.0,18988.0,78144.0,0,0.959375,64.0,0.0625,6400000.0,0.9522711289138943
1.0,32.0,4.0,1.0,1.0,1.0,63.0,32.0,0,0.5015625,8192.0,128.0,6400000.0,0.5273919092465753
1.0,32.0,4.0,1.0,1.0,1.0,63.0,32.0,0,0.5015625,32768.0,0.0078125,6400000.0,0.5273919092465753
1.0,32.0,4.0,1.0,1.0,1.0,63.0,32.0,0,0.5015625,16384.0,1.0,6400000.0,0.5273919092465753
1.0,64.0,1.0,1.0,1.0,1.0,35.0,32.0,0,0.5015625,0.0078125,32768.0,6400000.0,0.5273919092465753
1.0,32.0,8.0,1.0,1.0,1.0,543.0,32.0,0,0.5015625,1024.0,0.25,6400000.0,0.5273919092465753
64.0,64.0,1.0,6.0,133.0,128.0,4232.0,12288.0,0,0.940625,0.00390625,0.0078125,6400000.0,0.93818646037182
1.0,32.0,4.0,1.0,1.0,1.0,63.0,32.0,0,0.5015625,16384.0,1024.0,6400000.0,0.5273919092465753
1.0,32.0,8.0,1.0,1.0,1.0,543.0,32.0,0,0.5015625,512.0,0.03125,6400000.0,0.5273919092465753
1.0,64.0,1.0,1.0,1.0,1.0,35.0,32.0,0,0.5015625,0.00195312,1024.0,6400000.0,0.5273919092465753
32.0,32.0,8.0,5.0,196.0,196.0,8910.0,27264.0,0,0.940625,256.0,4.0,6400000.0,0.9409246575342465
1.0,32.0,8.0,1.0,1.0,1.0,543.0,32.0,0,0.5015625,512.0,32768.0,6400000.0,0.5273919092465753
1.0,32.0,4.0,1.0,1.0,1.0,63.0,32.0,0,0.5015625,32768.0,8192.0,6400000.0,0.5273919092465753
1.0,32.0,4.0,1.0,1.0,1.0,63.0,32.0,0,0.5015625,128.0,1024.0,6400000.0,0.5273919092465753
1.0,32.0,8.0,1.0,1.0,1.0,543.0,32.0,0,0.5015625,2048.0,0.00195312,6400000.0,0.5273919092465753
32.0,32.0,4.0,5.0,196.0,196.0,6510.0,27264.0,0,0.940625,128.0,1.0,6400000.0,0.9409246575342465
1.0,32.0,8.0,1.0,1.0,1.0,543.0,32.0,0,0.5015625,512.0,32.0,6400000.0,0.5273919092465753
1.0,32.0,8.0,1.0,1.0,1.0,543.0,32.0,0,0.5015625,32768.0,4096.0,6400000.0,0.5273919092465753
1.0,64.0,1.0,1.0,1.0,1.0,35.0,32.0,0,0.5015625,0.5,4096.0,6400000.0,0.5273919092465753
1.0,32.0,8.0,1.0,1.0,1.0,543.0,32.0,0,0.5015625,1024.0,256.0,6400000.0,0.5273919092465753
1.0,32.0,4.0,1.0,1.0,1.0,63.0,32.0,0,0.5015625,256.0,8192.0,6400000.0,0.5273919092465753
32.0,32.0,4.0,5.0,196.0,196.0,6510.0,27264.0,0,0.940625,256.0,8.0,6400000.0,0.9409246575342465
1.0,32.0,8.0,1.0,1.0,1.0,543.0,32.0,0,0.5015625,2048.0,2.0,6400000.0,0.5273919092465753
64.0,64.0,1.0,6.0,133.0,128.0,4232.0,12288.0,0,0.940625,0.0,0.03125,6400000.0,0.93818646037182
32.0,32.0,4.0,16.0,319.0,317.0,10382.0,46624.0,0,0.9453125,2.0,0.015625,6400000.0,0.9471845951565557
32.0,32.0,4.0,21.0,332.0,330.0,10721.0,48704.0,0,0.95,0.25,0.0625,6400000.0,0.9460104268590998
32.0,32.0,4.0,9.0,301.0,301.0,9922.0,44064.0,0,0.9453125,16.0,4.0,6400000.0,0.9475744557240704
32.0,32.0,4.0,5.0,196.0,196.0,6510.0,27264.0,0,0.940625,256.0,0.0078125,6400000.0,0.9409246575342465
1.0,32.0,8.0,1.0,1.0,1.0,543.0,32.0,0,0.5015625,4096.0,16.0,6400000.0,0.5273919092465753
64.0,64.0,1.0,6.0,133.0,128.0,4232.0,12288.0,0,0.940625,0.015625,0.25,6400000.0,0.93818646037182
1.0,32.0,8.0,1.0,1.0,1.0,543.0,32.0,0,0.5015625,2048.0,2048.0,6400000.0,0.5273919092465753
64.0,64.0,1.0,6.0,133.0,128.0,4232.0,12288.0,0,0.940625,1.0,0.03125,6400000.0,0.93818646037182
1.0,32.0,4.0,1.0,1.0,1.0,63.0,32.0,0,0.5015625,512.0,0.0625,6400000.0,0.5273919092465753
1.0,32.0,8.0,1.0,1.0,1.0,543.0,32.0,0,0.5015625,0.00195312,4096.0,6400000.0,0.5273919092465753
64.0,64.0,1.0,4.0,131.0,128.0,4209.0,12288.0,0,0.9078125,0.015625,256.0,6400000.0,0.9033657962328766
1.0,32.0,8.0,1.0,1.0,1.0,543.0,32.0,0,0.5015625,4096.0,0.015625,6400000.0,0.5273919092465753
1.0,32.0,8.0,1.0,1.0,1.0,543.0,32.0,0,0.5015625,4096.0,16384.0,6400000.0,0.5273919092465753
64.0,64.0,1.0,6.0,133.0,128.0,4232.0,12288.0,0,0.940625,0.03125,2.0,6400000.0,0.9389677103718199
32.0,32.0,8.0,28.0,808.0,900.0,29992.0,139904.0,0,0.9765625,0.000976562,0.0,6400000.0,0.9733977495107631
64.0,64.0,1.0,6.0,133.0,128.0,4232.0,12288.0,0,0.940625,0.03125,0.00195312,6400000.0,0.93818646037182
1.0,32.0,8.0,1.0,1.0,1.0,543.0,32.0,0,0.5015625,0.00390625,32768.0,6400000.0,0.5273919092465753
1.0,64.0,1.0,1.0,1.0,1.0,35.0,32.0,0,0.5015625,0.03125,2048.0,6400000.0,0.5273919092465753
32.0,32.0,8.0,28.0,804.0,899.0,29863.0,139744.0,0,0.975,0.0,0.0625,6400000.0,0.9733977495107631
32.0,32.0,8.0,8.0,445.0,469.0,17599.0,70944.0,0,0.959375,0.0,64.0,6400000.0,0.9471930039138943
1.0,32.0,8.0,1.0,1.0,1.0,543.0,32.0,0,0.5015625,0.015625,2048.0,6400000.0,0.5273919092465753
64.0,64.0,1.0,5.0,132.0,128.0,4220.0,12288.0,0,0.940625,1.0,32.0,6400000.0,0.9389677103718199
1.0,32.0,8.0,1.0,1.0,1.0,543.0,32.0,0,0.5015625,8192.0,0.125,6400000.0,0.5273919092465753
1.0,32.0,8.0,1.0,1.0,1.0,543.0,32.0,0,0.5015625,0.03125,16384.0,6400000.0,0.5273919092465753
1.0,32.0,8.0,1.0,1.0,1.0,543.0,32.0,0,0.5015625,0.000976562,512.0,6400000.0,0.5273919092465753
64.0,64.0,1.0,6.0,133.0,128.0,4232.0,12288.0,0,0.940625,0.0625,0.015625,6400000.0,0.93818646037182
64.0,64.0,1.0,5.0,132.0,128.0,4220.0,12288.0,0,0.940625,0.00390625,8.0,6400000.0,0.9389677103718199
1.0,32.0,4.0,1.0,1.0,1.0,63.0,32.0,0,0.5015625,2.0,16384.0,6400000.0,0.5273919092465753
64.0,64.0,1.0,5.0,132.0,128.0,4220.0,12288.0,0,0.940625,0.0,32.0,6400000.0,0.93818646037182
1.0,64.0,1.0,1.0,1.0,1.0,35.0,32.0,0,0.5015625,1.0,32768.0,6400000.0,0.5273919092465753
32.0,32.0,8.0,28.0,808.0,900.0,29992.0,139904.0,0,0.9765625,0.00195312,0.00390625,6400000.0,0.9733977495107631
1.0,32.0,4.0,1.0,1.0,1.0,63.0,32.0,0,0.5015625,1024.0,0.0,6400000.0,0.5273919092465753
1.0,32.0,4.0,1.0,1.0,1.0,63.0,32.0,0,0.5015625,1024.0,0.5,6400000.0,0.5273919092465753
64.0,64.0,1.0,6.0,133.0,128.0,4232.0,12288.0,0,0.940625,2.0,0.25,6400000.0,0.9389677103718199
1.0,32.0,4.0,1.0,1.0,1.0,63.0,32.0,0,0.5015625,512.0,64.0,6400000.0,0.5273919092465753
32.0,32.0,8.0,28.0,800.0,899.0,29735.0,139744.0,0,0.978125,0.000976562,0.5,6400000.0,0.9730063600782778
32.0,32.0,4.0,7.0,284.0,293.0,9412.0,42784.0,0,0.940625,0.25,64.0,6400000.0,0.9409246575342465
32.0,32.0,8.0,28.0,806.0,899.0,29927.0,139744.0,0,0.9765625,0.015625,0.00195312,6400000.0,0.9730063600782778
1.0,32.0,4.0,1.0,1.0,1.0,63.0,32.0,0,0.5015625,2048.0,0.00390625,6400000.0,0.5273919092465753
64.0,64.0,1.0,4.0,131.0,128.0,4209.0,12288.0,0,0.9078125,2.0,256.0,6400000.0,0.9033657962328766
32.0,32.0,8.0,22.0,771.0,894.0,28928.0,138944.0,0,0.978125,0.00195312,4.0,6400000.0,0.9710486484833659
32.0,32.0,8.0,10.0,457.0,562.0,18289.0,85824.0,0,0.959375,0.00390625,32.0,6400000.0,0.9620543358610567
1.0,32.0,4.0,1.0,1.0,1.0,63.0,32.0,0,0.5015625,1024.0,512.0,6400000.0,0.5273919092465753
32.0,32.0,8.0,5.0,196.0,196.0,8910.0,27264.0,0,0.940625,0.0078125,256.0,6400000.0,0.9409246575342465
32.0,32.0,8.0,28.0,809.0,901.0,30025.0,140064.0,0,0.975,0.00390625,0.03125,6400000.0,0.9733977495107631
64.0,64.0,1.0,5.0,132.0,128.0,4220.0,12288.0,0,0.940625,0.0625,16.0,6400000.0,0.93818646037182
32.0,32.0,4.0,9.0,296.0,296.0,9757.0,43264.0,0,0.9453125,2.0,16.0,6400000.0,0.9538366866438356
32.0,32.0,4.0,8.0,238.0,239.0,7849.0,34144.0,0,0.940625,32.0,0.03125,6400000.0,0.9409246575342465
64.0,64.0,1.0,6.0,133.0,128.0,4232.0,12288.0,0,0.940625,4.0,0.00195312,6400000.0,0.9389677103718199
1.0,32.0,4.0,1.0,1.0,1.0,63.0,32.0,0,0.5015625,16.0,4096.0,6400000.0,0.5273919092465753
64.0,64.0,1.0,5.0,132.0,128.0,4220.0,12288.0,0,0.940625,4.0,2.0,6400000.0,0.9389677103718199
32.0,32.0,8.0,28.0,801.0,900.0,29768.0,139904.0,0,0.978125,0.0078125,0.25,6400000.0,0.9726149706457925
32.0,32.0,8.0,29.0,794.0,893.0,29516.0,138784.0,0,0.9734375,0.125,0.000976562,6400000.0,0.9737891389432486
1.0,64.0,1.0,1.0,1.0,1.0,35.0,32.0,0,0.5015625,0.0625,16384.0,6400000.0,0.5273919092465753
1.0,32.0,8.0,1.0,1.0,1.0,543.0,32.0,0,0.5015625,0.25,8192.0,6400000.0,0.5273919092465753
1.0,64.0,1.0,1.0,1.0,1.0,35.0,32.0,0,0.5015625,4.0,2048.0,6400000.0,0.5273919092465753
32.0,32.0,8.0,13.0,640.0,729.0,24505.0,112544.0,0,0.9671875,0.03125,16.0,6400000.0,0.962445725293542
32.0,32.0,8.0,28.0,804.0,899.0,29863.0,139744.0,0,0.975,0.03125,0.015625,6400000.0,0.9733977495107631
1.0,32.0,8.0,1.0,1.0,1.0,543.0,32.0,0,0.5015625,8192.0,128.0,6400000.0,0.5273919092465753
32.0,32.0,8.0,23.0,782.0,904.0,29269.0,140544.0,0,0.9734375,0.015625,2.0,6400000.0,0.9718344850782777
64.0,64.0,1.0,5.0,132.0,128.0,4220.0,12288.0,0,0.940625,8.0,0.015625,6400000.0,0.9389677103718199
64.0,64.0,1.0,5.0,132.0,128.0,4220.0,12288.0,0,0.940625,0.125,128.0,6400000.0,0.9033657962328766
32.0,32.0,8.0,26.0,800.0,904.0,29782.0,140544.0,0,0.9765625,1.0,0.0,6400000.0,0.9745719178082191
1.0,64.0,1.0,1.0,1.0,1.0,35.0,32.0,0,0.5015625,0.0,32768.0,6400000.0,0.5273919092465753
32.0,32.0,8.0,28.0,801.0,900.0,29768.0,139904.0,0,0.978125,0.25,0.0078125,6400000.0,0.9726149706457925
1.0,64.0,1.0,1.0,1.0,1.0,35.0,32.0,0,0.5015625,8.0,16384.0,6400000.0,0.5273919092465753
64.0,64.0,1.0,6.0,133.0,128.0,4232.0,12288.0,0,0.940625,0.125,0.125,6400000.0,0.93818646037182
32.0,32.0,8.0,28.0,808.0,906.0,29998.0,140864.0,0,0.978125,0.0625,0.125,6400000.0,0.9733977495107631
32.0,32.0,8.0,5.0,196.0,196.0,8910.0,27264.0,0,0.940625,0.0625,128.0,6400000.0,0.9409246575342465
32.0,32.0,4.0,7.0,284.0,293.0,9412.0,42784.0,0,0.940625,32.0,32.0,6400000.0,0.9409246575342465
64.0,64.0,1.0,5.0,132.0,128.0,4220.0,12288.0,0,0.940625,8.0,16.0,6400000.0,0.93818646037182
1.0,32.0,8.0,1.0,1.0,1.0,543.0,32.0,0,0.5015625,0.125,1024.0,6400000.0,0.5273919092465753
64.0,64.0,1.0,6.0,133.0,128.0,4232.0,12288.0,0,0.940625,0.000976562,0.25,6400000.0,0.93818646037182
64.0,64.0,1.0,6.0,133.0,128.0,4232.0,12288.0,0,0.940625,0.25,0.000976562,6400000.0,0.93818646037182
64.0,64.0,1.0,6.0,133.0,128.0,4232.0,12288.0,0,0.940625,0.25,1.0,6400000.0,0.93818646037182
32.0,32.0,8.0,8.0,444.0,468.0,17566.0,70784.0,0,0.959375,0.5,64.0,6400000.0,0.9495413405088062
64.0,64.0,1.0,4.0,131.0,128.0,4209.0,12288.0,0,0.9078125,0.000976562,256.0,6400000.0,0.9033657962328766
64.0,64.0,1.0,5.0,132.0,128.0,4220.0,12288.0,0,0.940625,16.0,0.125,6400000.0,0.93818646037182
1.0,32.0,8.0,1.0,1.0,1.0,543.0,32.0,0,0.5015625,1.0,512.0,6400000.0,0.5273919092465753
1.0,32.0,8.0,1.0,1.0,1.0,543.0,32.0,0,0.5015625,16384.0,0.000976562,6400000.0,0.5273919092465753
32.0,32.0,8.0,16.0,675.0,830.0,25663.0,128704.0,0,0.9734375,0.25,8.0,6400000.0,0.9651839224559685
32.0,32.0,8.0,25.0,798.0,902.0,29737.0,140224.0,0,0.978125,0.125,1.0,6400000.0,0.9730063600782778
32.0,32.0,4.0,19.0,323.0,323.0,10468.0,47584.0,0,0.95,0.5,0.0,6400000.0,0.9456190374266145
32.0,32.0,8.0,26.0,794.0,896.0,29582.0,139264.0,0,0.978125,0.5,0.0625,6400000.0,0.9726149706457925
32.0,32.0,4.0,14.0,314.0,314.0,10261.0,46144.0,0,0.946875,4.0,0.125,6400000.0,0.9460104268590996
64.0,64.0,1.0,5.0,132.0,128.0,4220.0,12288.0,0,0.9078125,16.0,128.0,6400000.0,0.9033657962328766
1.0,32.0,8.0,1.0,1.0,1.0,543.0,32.0,0,0.5015625,2.0,4096.0,6400000.0,0.5273919092465753
32.0,32.0,4.0,5.0,196.0,196.0,6510.0,27264.0,0,0.940625,4.0,128.0,6400000.0,0.9409246575342465
1.0,32.0,4.0,1.0,1.0,1.0,63.0,32.0,0,0.5015625,2048.0,4.0,6400000.0,0.5273919092465753
64.0,64.0,1.0,6.0,133.0,128.0,4232.0,12288.0,0,0.940625,0.00195312,0.00195312,6400000.0,0.93818646037182
1.0,64.0,1.0,1.0,1.0,1.0,35.0,32.0,0,0.5015625,0.00390625,8192.0,6400000.0,0.5273919092465753
1.0,32.0,8.0,1.0,1.0,1.0,543.0,32.0,0,0.5015625,4.0,32768.0,6400000.0,0.5273919092465753
32.0,32.0,4.0,16.0,313.0,317.0,10190.0,46624.0,0,0.9484375,1.0,0.00390625,6400000.0,0.947966609589041
1.0,32.0,8.0,1.0,1.0,1.0,543.0,32.0,0,0.5015625,32.0,16384.0,6400000.0,0.5273919092465753
32.0,32.0,4.0,11.0,305.0,308.0,10030.0,45184.0,0,0.94375,8.0,0.000976562,6400000.0,0.9460104268590998
32.0,32.0,8.0,23.0,760.0,894.0,28555.0,138944.0,0,0.978125,1.0,0.5,6400000.0,0.9702689273483365
64.0,64.0,1.0,5.0,132.0,128.0,4220.0,12288.0,0,0.940625,32.0,0.000976562,6400000.0,0.93818646037182
64.0,64.0,1.0,5.0,132.0,128.0,4220.0,12288.0,0,0.940625,32.0,1.0,6400000.0,0.9389677103718199
1.0,32.0,4.0,1.0,1.0,1.0,63.0,32.0,0,0.5015625,2048.0,4096.0,6400000.0,0.5273919092465753
1.0,32.0,8.0,1.0,1.0,1.0,543.0,32.0,0,0.5015625,16384.0,1.0,6400000.0,0.5273919092465753
64.0,64.0,1.0,6.0,133.0,128.0,4232.0,12288.0,0,0.940625,0.0078125,0.0625,6400000.0,0.93818646037182
32.0,32.0,8.0,23.0,766.0,898.0,28751.0,139584.0,0,0.978125,2.0,0.00390625,6400000.0,0.9718344850782777
1.0,32.0,4.0,1.0,1.0,1.0,63.0,32.0,0,0.5015625,0.5,512.0,6400000.0,0.5273919092465753
32.0,32.0,8.0,18.0,756.0,892.0,28530.0,138624.0,0,0.9734375,2.0,4.0,6400000.0,0.9687056629158513
1.0,32.0,8.0,1.0,1.0,1.0,543.0,32.0,0,0.5015625,16384.0,1024.0,6400000.0,0.5273919092465753
32.0,32.0,8.0,13.0,641.0,730.0,24538.0,112704.0,0,0.9671875,16.0,0.00195312,6400000.0,0.9628371147260275
32.0,32.0,4.0,16.0,313.0,317.0,10190.0,46624.0,0,0.9484375,0.5,0.5,6400000.0,0.9475752201565557
32.0,32.0,8.0,22.0,771.0,894.0,28928.0,138944.0,0,0.978125,4.0,0.03125,6400000.0,0.9710486484833659
1.0,32.0,4.0,1.0,1.0,1.0,63.0,32.0,0,0.5015625,32.0,32768.0,6400000.0,0.5273919092465753
64.0,64.0,1.0,6.0,133.0,128.0,4232.0,12288.0,0,0.940625,0.00195312,2.0,6400000.0,0.9389677103718199
32.0,32.0,8.0,10.0,457.0,562.0,18289.0,85824.0,0,0.959375,4.0,32.0,6400000.0,0.9604887781311154
1.0,32.0,8.0,1.0,1.0,1.0,543.0,32.0,0,0.5015625,32768.0,0.0078125,6400000.0,0.5273919092465753
1.0,64.0,1.0,1.0,1.0,1.0,35.0,32.0,0,0.5015625,32.0,1024.0,6400000.0,0.5273919092465753
32.0,32.0,8.0,5.0,196.0,196.0,8910.0,27264.0,0,0.940625,8.0,256.0,6400000.0,0.9409246575342465
1.0,32.0,8.0,1.0,1.0,1.0,543.0,32.0,0,0.5015625,16.0,2048.0,6400000.0,0.5273919092465753
32.0,32.0,8.0,5.0,196.0,196.0,8910.0,27264.0,0,0.940625,128.0,0.000976562,6400000.0,0.9409246575342465
1.0,64.0,1.0,1.0,1.0,1.0,35.0,32.0,0,0.5015625,0.25,1024.0,6400000.0,0.5273919092465753
64.0,64.0,1.0,5.0,132.0,128.0,4220.0,12288.0,0,0.940625,0.0078125,64.0,6400000.0,0.9385778498043053
32.0,32.0,4.0,7.0,284.0,293.0,9412.0,42784.0,0,0.940625,64.0,0.25,6400000.0,0.9409246575342465
1.0,32.0,4.0,1.0,1.0,1.0,63.0,32.0,0,0.5015625,4096.0,0.03125,6400000.0,0.5273919092465753
32.0,32.0,8.0,13.0,619.0,710.0,23814.0,109504.0,0,0.9671875,16.0,2.0,6400000.0,0.9644026724559686
32.0,32.0,4.0,5.0,196.0,196.0,6510.0,27264.0,0,0.940625,128.0,0.00195312,6400000.0,0.9409246575342465
32.0,32.0,4.0,5.0,229.0,235.0,7605.0,33504.0,0,0.940625,64.0,256.0,6400000.0,0.9229352678571427
1.0,32.0,8.0,1.0,1.0,1.0,543.0,32.0,0,0.5015625,32768.0,8.0,6400000.0,0.5273919092465753
64.0,64.0,1.0,5.0,132.0,128.0,4220.0,12288.0,0,0.940625,64.0,0.0078125,6400000.0,0.9385778498043053
1.0,32.0,4.0,1.0,1.0,1.0,63.0,32.0,0,0.5015625,4096.0,32768.0,6400000.0,0.5273919092465753
1.0,32.0,4.0,1.0,1.0,1.0,63.0,32.0,0,0.5015625,4096.0,32.0,6400000.0,0.5273919092465753
64.0,64.0,1.0,6.0,133.0,128.0,4232.0,12288.0,0,0.940625,0.5,0.0078125,6400000.0,0.93818646037182
64.0,64.0,1.0,5.0,132.0,128.0,4220.0,12288.0,0,0.940625,0.5,8.0,6400000.0,0.93818646037182
1.0,32.0,4.0,1.0,1.0,1.0,63.0,32.0,0,0.5015625,8192.0,0.25,6400000.0,0.5273919092465753
32.0,32.0,8.0,16.0,675.0,830.0,25663.0,128704.0,0,0.9734375,8.0,0.25,6400000.0,0.9675322590508806
1.0,32.0,4.0,1.0,1.0,1.0,63.0,32.0,0,0.5015625,32768.0,16.0,6400000.0,0.5273919092465753
32.0,32.0,4.0,9.0,302.0,303.0,9956.0,44384.0,0,0.9453125,16.0,0.0078125,6400000.0,0.949531402886497
64.0,64.0,1.0,5.0,132.0,128.0,4220.0,12288.0,0,0.940625,64.0,8.0,6400000.0,0.9385778498043053
32.0,32.0,8.0,5.0,196.0,196.0,8910.0,27264.0,0,0.940625,128.0,1.0,6400000.0,0.9409246575342465
1.0,32.0,4.0,1.0,1.0,1.0,63.0,32.0,0,0.5015625,8.0,1024.0,6400000.0,0.5273919092465753
32.0,32.0,8.0,5.0,196.0,196.0,8910.0,27264.0,0,0.940625,256.0,0.0078125,6400000.0,0.9409246575342465
32.0,32.0,8.0,5.0,196.0,196.0,8910.0,27264.0,0,0.940625,64.0,128.0,6400000.0,0.9409246575342465
1.0,32.0,8.0,1.0,1.0,1.0,543.0,32.0,0,0.5015625,256.0,8192.0,6400000.0,0.5273919092465753
1.0,32.0,8.0,1.0,1.0,1.0,543.0,32.0,0,0.5015625,128.0,1024.0,6400000.0,0.5273919092465753
32.0,32.0,4.0,14.0,311.0,311.0,10162.0,45664.0,0,0.946875,1.0,4.0,6400000.0,0.9460104268590998
32.0,32.0,4.0,11.0,341.0,348.0,11222.0,51584.0,0,0.9453125,8.0,1.0,6400000.0,0.948750152886497
32.0,32.0,8.0,8.0,460.0,542.0,18152.0,82624.0,0,0.959375,32.0,16.0,6400000.0,0.9569662732387474
1.0,32.0,4.0,1.0,1.0,1.0,63.0,32.0,0,0.5015625,8192.0,256.0,6400000.0,0.5273919092465753
32.0,32.0,8.0,8.0,487.0,514.0,18988.0,78144.0,0,0.959375,64.0,0.125,6400000.0,0.9522711289138943
1.0,32.0,8.0,1.0,1.0,1.0,543.0,32.0,0,0.5015625,1024.0,0.5,6400000.0,0.5273919092465753
1.0,32.0,4.0,1.0,1.0,1.0,63.0,32.0,0,0.5015625,1.0,4096.0,6400000.0,0.5273919092465753
1.0,32.0,4.0,1.0,1.0,1.0,63.0,32.0,0,0.5015625,16384.0,0.00195312,6400000.0,0.5273919092465753
1.0,32.0,4.0,1.0,1.0,1.0,63.0,32.0,0,0.5015625,32768.0,0.015625,6400000.0,0.5273919092465753
32.0,32.0,8.0,10.0,458.0,563.0,18322.0,85984.0,0,0.959375,32.0,0.015625,6400000.0,0.9628371147260273
64.0,64.0,1.0,6.0,133.0,128.0,4232.0,12288.0,0,0.940625,0.015625,0.0,6400000.0,0.93818646037182
1.0,32.0,4.0,1.0,1.0,1.0,63.0,32.0,0,0.5015625,16384.0,2.0,6400000.0,0.5273919092465753
1.0,32.0,4.0,1.0,1.0,1.0,63.0,32.0,0,0.5015625,32768.0,16384.0,6400000.0,0.5273919092465753
1.0,32.0,8.0,1.0,1.0,1.0,543.0,32.0,0,0.5015625,512.0,0.0625,6400000.0,0.5273919092465753
1.0,32.0,8.0,1.0,1.0,1.0,543.0,32.0,0,0.5015625,1024.0,0.0,6400000.0,0.5273919092465753
64.0,64.0,1.0,6.0,133.0,128.0,4232.0,12288.0,0,0.940625,0.00390625,0.015625,6400000.0,0.93818646037182
1.0,32.0,4.0,1.0,1.0,1.0,63.0,32.0,0,0.5015625,16384.0,2048.0,6400000.0,0.5273919092465753
1.0,64.0,1.0,1.0,1.0,1.0,35.0,32.0,0,0.5015625,0.00195312,2048.0,6400000.0,0.5273919092465753
32.0,32.0,8.0,5.0,196.0,196.0,8910.0,27264.0,0,0.940625,256.0,8.0,6400000.0,0.9409246575342465
1.0,32.0,4.0,1.0,1.0,1.0,63.0,32.0,0,0.5015625,128.0,2048.0,6400000.0,0.5273919092465753
1.0,32.0,8.0,1.0,1.0,1.0,543.0,32.0,0,0.5015625,512.0,64.0,6400000.0,0.5273919092465753
32.0,32.0,4.0,5.0,196.0,196.0,6510.0,27264.0,0,0.940625,128.0,2.0,6400000.0,0.9409246575342465
1.0,32.0,8.0,1.0,1.0,1.0,543.0,32.0,0,0.5015625,32768.0,8192.0,6400000.0,0.5273919092465753
1.0,32.0,8.0,1.0,1.0,1.0,543.0,32.0,0,0.5015625,2048.0,0.00390625,6400000.0,0.5273919092465753
1.0,32.0,4.0,1.0,1.0,1.0,63.0,32.0,0,0.5015625,256.0,16384.0,6400000.0,0.5273919092465753
1.0,32.0,8.0,1.0,1.0,1.0,543.0,32.0,0,0.5015625,1024.0,512.0,6400000.0,0.5273919092465753
1.0,64.0,1.0,1.0,1.0,1.0,35.0,32.0,0,0.5015625,0.5,8192.0,6400000.0,0.5273919092465753
1.0,32.0,8.0,1.0,1.0,1.0,543.0,32.0,0,0.5015625,2048.0,4.0,6400000.0,0.5273919092465753
64.0,64.0,1.0,6.0,133.0,128.0,4232.0,12288.0,0,0.940625,0.0,0.0625,6400000.0,0.93818646037182
32.0,32.0,4.0,5.0,195.0,195.0,6477.0,27104.0,0,0.940625,256.0,16.0,6400000.0,0.9409246575342465
1.0,64.0,1.0,1.0,1.0,1.0,35.0,32.0,0,0.5015625,64.0,8192.0,6400000.0,0.5273919092465753
32.0,32.0,4.0,16.0,310.0,308.0,10085.0,45184.0,0,0.9453125,2.0,0.03125,6400000.0,0.9471845951565557
32.0,32.0,4.0,5.0,196.0,196.0,6510.0,27264.0,0,0.940625,256.0,0.015625,6400000.0,0.9409246575342465
32.0,32.0,4.0,8.0,265.0,268.0,8758.0,38784.0,0,0.959375,16.0,8.0,6400000.0,0.9471830662915851
1.0,32.0,4.0,1.0,1.0,1.0,63.0,32.0,0,0.5015625,512.0,0.125,6400000.0,0.5273919092465753
1.0,32.0,8.0,1.0,1.0,1.0,543.0,32.0,0,0.5015625,2048.0,4096.0,6400000.0,0.5273919092465753
1.0,32.0,8.0,1.0,1.0,1.0,543.0,32.0,0,0.5015625,4096.0,32.0,6400000.0,0.5273919092465753
1.0,32.0,8.0,1.0,1.0,1.0,543.0,32.0,0,0.5015625,0.00195312,8192.0,6400000.0,0.5273919092465753
64.0,64.0,1.0,6.0,133.0,128.0,4232.0,12288.0,0,0.940625,0.015625,0.5,6400000.0,0.93818646037182
1.0,64.0,1.0,1.0,1.0,1.0,35.0,32.0,0,0.5015625,0.015625,512.0,6400000.0,0.5273919092465753
64.0,64.0,1.0,6.0,133.0,128.0,4232.0,12288.0,0,0.940625,1.0,0.0625,6400000.0,0.93818646037182
1.0,32.0,8.0,1.0,1.0,1.0,543.0,32.0,0,0.5015625,4096.0,0.03125,6400000.0,0.5273919092465753
1.0,32.0,8.0,1.0,1.0,1.0,543.0,32.0,0,0.5015625,4096.0,32768.0,6400000.0,0.5273919092465753
64.0,64.0,1.0,6.0,133.0,128.0,4232.0,12288.0,0,0.940625,0.03125,4.0,6400000.0,0.9389677103718199
64.0,64.0,1.0,6.0,133.0,128.0,4232.0,12288.0,0,0.940625,0.03125,0.00390625,6400000.0,0.93818646037182
1.0,64.0,1.0,1.0,1.0,1.0,35.0,32.0,0,0.5015625,0.03125,4096.0,6400000.0,0.5273919092465753
32.0,32.0,8.0,28.0,808.0,900.0,29992.0,139904.0,0,0.9765625,0.000976562,0.000976562,6400000.0,0.9733977495107631
32.0,32.0,8.0,28.0,808.0,900.0,29992.0,139904.0,0,0.9765625,0.0078125,0.0,6400000.0,0.9730063600782778
32.0,32.0,8.0,29.0,794.0,893.0,29516.0,138784.0,0,0.9734375,0.0,0.125,6400000.0,0.9737891389432486
1.0,32.0,8.0,1.0,1.0,1.0,543.0,32.0,0,0.5015625,0.015625,4096.0,6400000.0,0.5273919092465753
1.0,32.0,4.0,1.0,1.0,1.0,63.0,32.0,0,0.5015625,2.0,32768.0,6400000.0,0.5273919092465753
1.0,32.0,8.0,1.0,1.0,1.0,543.0,32.0,0,0.5015625,8192.0,0.25,6400000.0,0.5273919092465753
64.0,64.0,1.0,5.0,132.0,128.0,4220.0,12288.0,0,0.940625,1.0,64.0,6400000.0,0.9385778498043053
1.0,32.0,8.0,1.0,1.0,1.0,543.0,32.0,0,0.5015625,0.03125,32768.0,6400000.0,0.5273919092465753
32.0,32.0,8.0,5.0,196.0,196.0,8910.0,27264.0,0,0.940625,0.0,128.0,6400000.0,0.9409246575342465
1.0,32.0,8.0,1.0,1.0,1.0,543.0,32.0,0,0.5015625,0.000976562,1024.0,6400000.0,0.5273919092465753
64.0,64.0,1.0,6.0,133.0,128.0,4232.0,12288.0,0,0.940625,0.0625,0.03125,6400000.0,0.93818646037182
1.0,32.0,4.0,1.0,1.0,1.0,63.0,32.0,0,0.5015625,1024.0,1.0,6400000.0,0.5273919092465753
64.0,64.0,1.0,5.0,132.0,128.0,4220.0,12288.0,0,0.940625,0.0,64.0,6400000.0,0.9385778498043053
64.0,64.0,1.0,6.0,133.0,128.0,4232.0,12288.0,0,0.940625,2.0,0.0,6400000.0,0.9389677103718199
1.0,32.0,4.0,1.0,1.0,1.0,63.0,32.0,0,0.5015625,1024.0,0.000976562,6400000.0,0.5273919092465753
64.0,64.0,1.0,5.0,132.0,128.0,4220.0,12288.0,0,0.940625,0.00390625,16.0,6400000.0,0.93818646037182
1.0,32.0,4.0,1.0,1.0,1.0,63.0,32.0,0,0.5015625,512.0,128.0,6400000.0,0.5273919092465753
64.0,64.0,1.0,6.0,133.0,128.0,4232.0,12288.0,0,0.940625,2.0,0.5,6400000.0,0.9389677103718199
64.0,64.0,1.0,5.0,132.0,128.0,4220.0,12288.0,0,0.940625,128.0,0.0625,6400000.0,0.9033657962328766
32.0,32.0,8.0,28.0,808.0,900.0,29992.0,139904.0,0,0.9765625,0.00195312,0.0078125,6400000.0,0.9730063600782778
1.0,64.0,1.0,1.0,1.0,1.0,35.0,32.0,0,0.5015625,2.0,512.0,6400000.0,0.5273919092465753
32.0,32.0,8.0,26.0,800.0,904.0,29782.0,140544.0,0,0.9765625,0.000976562,1.0,6400000.0,0.9745719178082191
1.0,32.0,4.0,1.0,1.0,1.0,63.0,32.0,0,0.5015625,2048.0,0.0078125,6400000.0,0.5273919092465753
32.0,32.0,8.0,17.0,674.0,828.0,25608.0,128384.0,0,0.9734375,0.00195312,8.0,6400000.0,0.966356561888454
1.0,32.0,4.0,1.0,1.0,1.0,63.0,32.0,0,0.5015625,1024.0,1024.0,6400000.0,0.5273919092465753
32.0,32.0,8.0,8.0,445.0,469.0,17599.0,70944.0,0,0.959375,0.00390625,64.0,6400000.0,0.9471930039138943
1.0,32.0,8.0,1.0,1.0,1.0,543.0,32.0,0,0.5015625,0.0078125,512.0,6400000.0,0.5273919092465753
1.0,32.0,4.0,1.0,1.0,1.0,63.0,32.0,0,0.5015625,16.0,8192.0,6400000.0,0.5273919092465753
1.0,32.0,8.0,1.0,1.0,1.0,543.0,32.0,0,0.5015625,0.25,16384.0,6400000.0,0.5273919092465753
64.0,64.0,1.0,5.0,132.0,128.0,4220.0,12288.0,0,0.940625,0.0625,32.0,6400000.0,0.93818646037182
32.0,32.0,4.0,8.0,238.0,239.0,7849.0,34144.0,0,0.940625,32.0,0.0625,6400000.0,0.9409246575342465
32.0,32.0,8.0,28.0,806.0,899.0,29927.0,139744.0,0,0.9765625,0.015625,0.00390625,6400000.0,0.9730063600782778
32.0,32.0,4.0,8.0,232.0,234.0,7683.0,33344.0,0,0.940625,2.0,32.0,6400000.0,0.9409246575342465
1.0,64.0,1.0,1.0,1.0,1.0,35.0,32.0,0,0.5015625,4.0,4096.0,6400000.0,0.5273919092465753
64.0,64.0,1.0,6.0,133.0,128.0,4232.0,12288.0,0,0.940625,4.0,0.00390625,6400000.0,0.9389677103718199
64.0,64.0,1.0,5.0,132.0,128.0,4220.0,12288.0,0,0.940625,4.0,4.0,6400000.0,0.9389677103718199
32.0,32.0,8.0,28.0,804.0,899.0,29863.0,139744.0,0,0.975,0.00390625,0.0625,6400000.0,0.9733977495107631
1.0,64.0,1.0,1.0,1.0,1.0,35.0,32.0,0,0.5015625,0.0625,32768.0,6400000.0,0.5273919092465753
1.0,32.0,8.0,1.0,1.0,1.0,543.0,32.0,0,0.5015625,8192.0,256.0,6400000.0,0.5273919092465753
32.0,32.0,8.0,29.0,794.0,893.0,29516.0,138784.0,0,0.9734375,0.125,0.00195312,6400000.0,0.9737891389432486
32.0,32.0,8.0,28.0,800.0,899.0,29735.0,139744.0,0,0.978125,0.0078125,0.5,6400000.0,0.9730063600782778
1.0,64.0,1.0,1.0,1.0,1.0,35.0,32.0,0,0.5015625,8.0,32768.0,6400000.0,0.5273919092465753
64.0,64.0,1.0,5.0,132.0,128.0,4220.0,12288.0,0,0.940625,8.0,0.03125,6400000.0,0.9389677103718199
64.0,64.0,1.0,4.0,131.0,128.0,4209.0,12288.0,0,0.9078125,0.125,256.0,6400000.0,0.9033657962328766
1.0,32.0,8.0,1.0,1.0,1.0,543.0,32.0,0,0.5015625,0.125,2048.0,6400000.0,0.5273919092465753
32.0,32.0,8.0,10.0,457.0,562.0,18289.0,85824.0,0,0.959375,0.03125,32.0,6400000.0,0.9620543358610567
64.0,64.0,1.0,6.0,133.0,128.0,4232.0,12288.0,0,0.940625,0.000976562,0.0,6400000.0,0.93818646037182
32.0,32.0,8.0,28.0,804.0,899.0,29863.0,139744.0,0,0.975,0.03125,0.03125,6400000.0,0.9733977495107631
64.0,64.0,1.0,6.0,133.0,128.0,4232.0,12288.0,0,0.940625,0.125,0.25,6400000.0,0.93818646037182
32.0,32.0,4.0,6.0,233.0,254.0,7746.0,36544.0,0,0.940625,32.0,64.0,6400000.0,0.9409246575342465
64.0,64.0,1.0,5.0,132.0,128.0,4220.0,12288.0,0,0.940625,8.0,32.0,6400000.0,0.9389677103718199
32.0,32.0,8.0,22.0,771.0,894.0,28928.0,138944.0,0,0.978125,0.015625,4.0,6400000.0,0.9710486484833659
32.0,32.0,8.0,28.0,801.0,900.0,29768.0,139904.0,0,0.978125,0.25,0.015625,6400000.0,0.9726149706457925
32.0,32.0,8.0,26.0,800.0,904.0,29782.0,140544.0,0,0.9765625,1.0,0.000976562,6400000.0,0.9745719178082191
64.0,64.0,1.0,6.0,133.0,128.0,4232.0,12288.0,0,0.940625,0.000976562,0.5,6400000.0,0.93818646037182
32.0,32.0,8.0,5.0,196.0,196.0,8910.0,27264.0,0,0.940625,0.0625,256.0,6400000.0,0.9409246575342465
32.0,32.0,8.0,28.0,800.0,899.0,29735.0,139744.0,0,0.978125,0.0625,0.25,6400000.0,0.9718321917808218
64.0,64.0,1.0,6.0,133.0,128.0,4232.0,12288.0,0,0.940625,0.25,0.00195312,6400000.0,0.93818646037182
32.0,32.0,8.0,5.0,196.0,196.0,8910.0,27264.0,0,0.940625,0.5,128.0,6400000.0,0.9409246575342465
64.0,64.0,1.0,6.0,133.0,128.0,4232.0,12288.0,0,0.940625,0.25,2.0,6400000.0,0.9389677103718199
1.0,32.0,8.0,1.0,1.0,1.0,543.0,32.0,0,0.5015625,1.0,1024.0,6400000.0,0.5273919092465753
1.0,64.0,1.0,1.0,1.0,1.0,35.0,32.0,0,0.5015625,0.000976562,512.0,6400000.0,0.5273919092465753
64.0,64.0,1.0,5.0,132.0,128.0,4220.0,12288.0,0,0.940625,16.0,0.25,6400000.0,0.93818646037182
1.0,32.0,8.0,1.0,1.0,1.0,543.0,32.0,0,0.5015625,16384.0,0.00195312,6400000.0,0.5273919092465753
32.0,32.0,8.0,13.0,640.0,730.0,24506.0,112704.0,0,0.9671875,0.25,16.0,6400000.0,0.9620543358610567
1.0,32.0,8.0,1.0,1.0,1.0,543.0,32.0,0,0.5015625,2.0,8192.0,6400000.0,0.5273919092465753
32.0,32.0,4.0,14.0,309.0,309.0,10096.0,45344.0,0,0.946875,4.0,0.25,6400000.0,0.9460104268590996
1.0,64.0,1.0,1.0,1.0,1.0,35.0,32.0,0,0.5015625,0.00390625,16384.0,6400000.0,0.5273919092465753
64.0,64.0,1.0,4.0,131.0,128.0,4209.0,12288.0,0,0.9078125,128.0,64.0,6400000.0,0.9033657962328766
32.0,32.0,4.0,5.0,196.0,196.0,6510.0,27264.0,0,0.940625,4.0,256.0,6400000.0,0.9409246575342465
64.0,64.0,1.0,4.0,131.0,128.0,4209.0,12288.0,0,0.9078125,16.0,256.0,6400000.0,0.9033657962328766
1.0,32.0,4.0,1.0,1.0,1.0,63.0,32.0,0,0.5015625,2048.0,8.0,6400000.0,0.5273919092465753
64.0,64.0,1.0,4.0,131.0,128.0,4209.0,12288.0,0,0.9078125,256.0,0.0,6400000.0,0.9033657962328766
32.0,32.0,8.0,23.0,782.0,904.0,29269.0,140544.0,0,0.9734375,0.125,2.0,6400000.0,0.9737883745107633
64.0,64.0,1.0,6.0,133.0,128.0,4232.0,12288.0,0,0.940625,0.00195312,0.00390625,6400000.0,0.93818646037182
1.0,32.0,8.0,1.0,1.0,1.0,543.0,32.0,0,0.5015625,32.0,32768.0,6400000.0,0.5273919092465753
32.0,32.0,8.0,17.0,674.0,828.0,25608.0,128384.0,0,0.9734375,8.0,0.0,6400000.0,0.9683135090508805
32.0,32.0,8.0,26.0,799.0,906.0,29752.0,140864.0,0,0.978125,0.5,0.125,6400000.0,0.9730063600782778
32.0,32.0,4.0,11.0,305.0,308.0,10030.0,45184.0,0,0.94375,8.0,0.00195312,6400000.0,0.9460104268590998
64.0,64.0,1.0,5.0,132.0,128.0,4220.0,12288.0,0,0.940625,32.0,0.00195312,6400000.0,0.93818646037182
1.0,32.0,8.0,1.0,1.0,1.0,543.0,32.0,0,0.5015625,16384.0,2.0,6400000.0,0.5273919092465753
64.0,64.0,1.0,5.0,132.0,128.0,4220.0,12288.0,0,0.940625,32.0,2.0,6400000.0,0.9389677103718199
1.0,32.0,4.0,1.0,1.0,1.0,63.0,32.0,0,0.5015625,2048.0,8192.0,6400000.0,0.5273919092465753
32.0,32.0,8.0,23.0,766.0,898.0,28751.0,139584.0,0,0.978125,1.0,1.0,6400000.0,0.9718344850782777
64.0,64.0,1.0,6.0,133.0,128.0,4232.0,12288.0,0,0.940625,0.0078125,0.125,6400000.0,0.93818646037182
32.0,32.0,4.0,7.0,284.0,293.0,9412.0,42784.0,0,0.940625,64.0,0.0,6400000.0,0.9409246575342465
64.0,64.0,1.0,4.0,131.0,128.0,4209.0,12288.0,0,0.9078125,256.0,0.5,6400000.0,0.9033657962328766
1.0,64.0,1.0,1.0,1.0,1.0,35.0,32.0,0,0.5015625,256.0,512.0,6400000.0,0.5273919092465753
32.0,32.0,8.0,23.0,782.0,904.0,29269.0,140544.0,0,0.9734375,2.0,0.0078125,6400000.0,0.9718344850782777
32.0,32.0,8.0,17.0,624.0,759.0,23939.0,117344.0,0,0.971875,2.0,8.0,6400000.0,0.9667479513209394
1.0,32.0,8.0,1.0,1.0,1.0,543.0,32.0,0,0.5015625,16.0,4096.0,6400000.0,0.5273919092465753
32.0,32.0,8.0,8.0,433.0,455.0,17201.0,68704.0,0,0.959375,4.0,64.0,6400000.0,0.9460188356164384
1.0,64.0,1.0,1.0,1.0,1.0,35.0,32.0,0,0.5015625,32.0,2048.0,6400000.0,0.5273919092465753
32.0,32.0,8.0,22.0,771.0,894.0,28928.0,138944.0,0,0.978125,4.0,0.0625,6400000.0,0.9710486484833659
1.0,32.0,8.0,1.0,1.0,1.0,543.0,32.0,0,0.5015625,32768.0,0.015625,6400000.0,0.5273919092465753
64.0,64.0,1.0,6.0,133.0,128.0,4232.0,12288.0,0,0.940625,0.00195312,4.0,6400000.0,0.9389677103718199
1.0,32.0,8.0,1.0,1.0,1.0,543.0,32.0,0,0.5015625,16384.0,2048.0,6400000.0,0.5273919092465753
1.0,64.0,1.0,1.0,1.0,1.0,35.0,32.0,0,0.5015625,0.25,2048.0,6400000.0,0.5273919092465753
32.0,32.0,8.0,5.0,196.0,196.0,8910.0,27264.0,0,0.940625,128.0,0.00195312,6400000.0,0.9409246575342465
32.0,32.0,8.0,13.0,641.0,730.0,24538.0,112704.0,0,0.9671875,16.0,0.00390625,6400000.0,0.9628371147260275
1.0,32.0,4.0,1.0,1.0,1.0,63.0,32.0,0,0.5015625,4096.0,0.0625,6400000.0,0.5273919092465753
1.0,32.0,8.0,1.0,1.0,1.0,543.0,32.0,0,0.5015625,8.0,512.0,6400000.0,0.5273919092465753
1.0,32.0,4.0,1.0,1.0,1.0,63.0,32.0,0,0.5015625,8192.0,0.0,6400000.0,0.5273919092465753
64.0,64.0,1.0,5.0,132.0,128.0,4220.0,12288.0,0,0.940625,0.0078125,128.0,6400000.0,0.9033657962328766
1.0,32.0,4.0,1.0,1.0,1.0,63.0,32.0,0,0.5015625,64.0,512.0,6400000.0,0.5273919092465753
1.0,32.0,8.0,1.0,1.0,1.0,543.0,32.0,0,0.5015625,32768.0,16.0,6400000.0,0.5273919092465753
32.0,32.0,4.0,5.0,196.0,196.0,6510.0,27264.0,0,0.940625,128.0,0.00390625,6400000.0,0.9409246575342465
1.0,32.0,4.0,1.0,1.0,1.0,63.0,32.0,0,0.5015625,8192.0,0.5,6400000.0,0.5273919092465753
32.0,32.0,8.0,13.0,593.0,685.0,22957.0,105504.0,0,0.9671875,16.0,4.0,6400000.0,0.9636198935909979
64.0,64.0,1.0,5.0,132.0,128.0,4220.0,12288.0,0,0.940625,0.5,16.0,6400000.0,0.93818646037182
1.0,32.0,4.0,1.0,1.0,1.0,63.0,32.0,0,0.5015625,4096.0,64.0,6400000.0,0.5273919092465753
1.0,32.0,4.0,1.0,1.0,1.0,63.0,32.0,0,0.5015625,32768.0,32.0,6400000.0,0.5273919092465753
32.0,32.0,4.0,7.0,284.0,293.0,9412.0,42784.0,0,0.940625,64.0,0.5,6400000.0,0.9409246575342465
64.0,64.0,1.0,5.0,132.0,128.0,4220.0,12288.0,0,0.940625,64.0,0.015625,6400000.0,0.9385778498043053
1.0,32.0,4.0,1.0,1.0,1.0,63.0,32.0,0,0.5015625,8.0,2048.0,6400000.0,0.5273919092465753
1.0,32.0,8.0,1.0,1.0,1.0,543.0,32.0,0,0.5015625,256.0,16384.0,6400000.0,0.5273919092465753
64.0,64.0,1.0,5.0,132.0,128.0,4220.0,12288.0,0,0.940625,64.0,16.0,6400000.0,0.93818646037182
32.0,32.0,8.0,5.0,196.0,196.0,8910.0,27264.0,0,0.940625,128.0,2.0,6400000.0,0.9409246575342465
64.0,64.0,1.0,6.0,133.0,128.0,4232.0,12288.0,0,0.940625,0.5,0.015625,6400000.0,0.93818646037182
1.0,32.0,8.0,1.0,1.0,1.0,543.0,32.0,0,0.5015625,128.0,2048.0,6400000.0,0.5273919092465753
32.0,32.0,4.0,9.0,302.0,303.0,9956.0,44384.0,0,0.9453125,16.0,0.015625,6400000.0,0.949531402886497
32.0,32.0,8.0,16.0,675.0,830.0,25663.0,128704.0,0,0.9734375,8.0,0.5,6400000.0,0.9683135090508805
32.0,32.0,8.0,5.0,229.0,235.0,10005.0,33504.0,0,0.940625,64.0,256.0,6400000.0,0.9229352678571427
32.0,32.0,8.0,5.0,196.0,196.0,8910.0,27264.0,0,0.940625,256.0,0.015625,6400000.0,0.9409246575342465
1.0,64.0,1.0,1.0,1.0,1.0,35.0,32.0,0,0.5015625,512.0,0.00390625,6400000.0,0.5273919092465753
1.0,32.0,4.0,1.0,1.0,1.0,63.0,32.0,0,0.5015625,8192.0,512.0,6400000.0,0.5273919092465753
32.0,32.0,4.0,9.0,267.0,278.0,8811.0,40384.0,0,0.9453125,8.0,2.0,6400000.0,0.951098489481409
1.0,32.0,4.0,1.0,1.0,1.0,63.0,32.0,0,0.5015625,32768.0,0.03125,6400000.0,0.5273919092465753
32.0,32.0,8.0,8.0,484.0,511.0,18889.0,77664.0,0,0.959375,32.0,32.0,6400000.0,0.9522711289138943
1.0,64.0,1.0,1.0,1.0,1.0,35.0,32.0,0,0.5015625,512.0,4.0,6400000.0,0.5273919092465753
1.0,32.0,8.0,1.0,1.0,1.0,543.0,32.0,0,0.5015625,1024.0,1.0,6400000.0,0.5273919092465753
1.0,32.0,4.0,1.0,1.0,1.0,63.0,32.0,0,0.5015625,16384.0,0.00390625,6400000.0,0.5273919092465753
32.0,32.0,8.0,8.0,487.0,514.0,18988.0,78144.0,0,0.959375,64.0,0.25,6400000.0,0.9557936338062621
1.0,32.0,4.0,1.0,1.0,1.0,63.0,32.0,0,0.5015625,16384.0,4.0,6400000.0,0.5273919092465753
1.0,32.0,4.0,1.0,1.0,1.0,63.0,32.0,0,0.5015625,32768.0,32768.0,6400000.0,0.5273919092465753
1.0,32.0,8.0,1.0,1.0,1.0,543.0,32.0,0,0.5015625,1024.0,0.000976562,6400000.0,0.5273919092465753
32.0,32.0,8.0,10.0,458.0,563.0,18322.0,85984.0,0,0.959375,32.0,0.03125,6400000.0,0.9628371147260273
64.0,64.0,1.0,6.0,133.0,128.0,4232.0,12288.0,0,0.940625,0.015625,0.000976562,6400000.0,0.93818646037182
64.0,64.0,1.0,6.0,133.0,128.0,4232.0,12288.0,0,0.940625,0.00390625,0.03125,6400000.0,0.93818646037182
1.0,32.0,8.0,1.0,1.0,1.0,543.0,32.0,0,0.5015625,32768.0,16384.0,6400000.0,0.5273919092465753
1.0,32.0,4.0,1.0,1.0,1.0,63.0,32.0,0,0.5015625,16384.0,4096.0,6400000.0,0.5273919092465753
1.0,64.0,1.0,1.0,1.0,1.0,35.0,32.0,0,0.5015625,0.00195312,4096.0,6400000.0,0.5273919092465753
1.0,32.0,4.0,1.0,1.0,1.0,63.0,32.0,0,0.5015625,128.0,4096.0,6400000.0,0.5273919092465753
1.0,32.0,8.0,1.0,1.0,1.0,543.0,32.0,0,0.5015625,512.0,0.125,6400000.0,0.5273919092465753
1.0,32.0,8.0,1.0,1.0,1.0,543.0,32.0,0,0.5015625,512.0,128.0,6400000.0,0.5273919092465753
1.0,32.0,8.0,1.0,1.0,1.0,543.0,32.0,0,0.5015625,2048.0,8.0,6400000.0,0.5273919092465753
32.0,32.0,8.0,5.0,195.0,195.0,8877.0,27104.0,0,0.940625,256.0,16.0,6400000.0,0.9409246575342465
1.0,32.0,4.0,1.0,1.0,1.0,63.0,32.0,0,0.5015625,256.0,32768.0,6400000.0,0.5273919092465753
64.0,64.0,1.0,6.0,133.0,128.0,4232.0,12288.0,0,0.940625,0.0,0.125,6400000.0,0.93818646037182
32.0,32.0,4.0,5.0,196.0,196.0,6510.0,27264.0,0,0.940625,128.0,4.0,6400000.0,0.9409246575342465
1.0,64.0,1.0,1.0,1.0,1.0,35.0,32.0,0,0.5015625,0.5,16384.0,6400000.0,0.5273919092465753
1.0,32.0,8.0,1.0,1.0,1.0,543.0,32.0,0,0.5015625,2048.0,0.0078125,6400000.0,0.5273919092465753
1.0,64.0,1.0,1.0,1.0,1.0,35.0,32.0,0,0.5015625,64.0,16384.0,6400000.0,0.5273919092465753
1.0,32.0,8.0,1.0,1.0,1.0,543.0,32.0,0,0.5015625,1024.0,1024.0,6400000.0,0.5273919092465753
32.0,32.0,4.0,5.0,191.0,191.0,6345.0,26464.0,0,0.940625,256.0,32.0,6400000.0,0.9409246575342465
1.0,64.0,1.0,1.0,1.0,1.0,35.0,32.0,0,0.5015625,512.0,4096.0,6400000.0,0.5273919092465753
1.0,32.0,4.0,1.0,1.0,1.0,63.0,32.0,0,0.5015625,512.0,0.25,6400000.0,0.5273919092465753
1.0,32.0,8.0,1.0,1.0,1.0,543.0,32.0,0,0.5015625,0.00195312,16384.0,6400000.0,0.5273919092465753
32.0,32.0,4.0,8.0,238.0,239.0,7849.0,34144.0,0,0.940625,16.0,16.0,6400000.0,0.9409246575342465
32.0,32.0,4.0,5.0,196.0,196.0,6510.0,27264.0,0,0.940625,256.0,0.03125,6400000.0,0.9409246575342465
1.0,32.0,8.0,1.0,1.0,1.0,543.0,32.0,0,0.5015625,2048.0,8192.0,6400000.0,0.5273919092465753
1.0,64.0,1.0,1.0,1.0,1.0,35.0,32.0,0,0.5015625,0.015625,1024.0,6400000.0,0.5273919092465753
1.0,32.0,8.0,1.0,1.0,1.0,543.0,32.0,0,0.5015625,4096.0,64.0,6400000.0,0.5273919092465753
64.0,64.0,1.0,6.0,133.0,128.0,4232.0,12288.0,0,0.940625,0.015625,1.0,6400000.0,0.93818646037182
64.0,64.0,1.0,6.0,133.0,128.0,4232.0,12288.0,0,0.940625,1.0,0.125,6400000.0,0.93818646037182
1.0,32.0,8.0,1.0,1.0,1.0,543.0,32.0,0,0.5015625,4096.0,0.0625,6400000.0,0.5273919092465753
1.0,32.0,8.0,1.0,1.0,1.0,543.0,32.0,0,0.5015625,8192.0,0.0,6400000.0,0.5273919092465753
64.0,64.0,1.0,6.0,133.0,128.0,4232.0,12288.0,0,0.940625,0.03125,0.0078125,6400000.0,0.93818646037182
1.0,64.0,1.0,1.0,1.0,1.0,35.0,32.0,0,0.5015625,0.03125,8192.0,6400000.0,0.5273919092465753
64.0,64.0,1.0,5.0,132.0,128.0,4220.0,12288.0,0,0.940625,0.03125,8.0,6400000.0,0.9389677103718199
32.0,32.0,8.0,28.0,808.0,900.0,29992.0,139904.0,0,0.9765625,0.0078125,0.000976562,6400000.0,0.9730063600782778
1.0,64.0,1.0,1.0,1.0,1.0,35.0,32.0,0,0.5015625,1024.0,0.03125,6400000.0,0.5273919092465753
32.0,32.0,8.0,28.0,808.0,900.0,29992.0,139904.0,0,0.9765625,0.000976562,0.00195312,6400000.0,0.9733977495107631
1.0,32.0,8.0,1.0,1.0,1.0,543.0,32.0,0,0.5015625,0.015625,8192.0,6400000.0,0.5273919092465753
32.0,32.0,8.0,5.0,196.0,196.0,8910.0,27264.0,0,0.940625,0.0,256.0,6400000.0,0.9409246575342465
1.0,32.0,8.0,1.0,1.0,1.0,543.0,32.0,0,0.5015625,0.000976562,2048.0,6400000.0,0.5273919092465753
32.0,32.0,8.0,28.0,804.0,899.0,29863.0,139744.0,0,0.975,0.0625,0.0,6400000.0,0.9733977495107631
1.0,32.0,4.0,1.0,1.0,1.0,63.0,32.0,0,0.5015625,1024.0,0.00195312,6400000.0,0.5273919092465753
32.0,32.0,8.0,28.0,801.0,900.0,29768.0,139904.0,0,0.978125,0.0,0.25,6400000.0,0.9730063600782778
1.0,32.0,8.0,1.0,1.0,1.0,543.0,32.0,0,0.5015625,8192.0,0.5,6400000.0,0.5273919092465753
64.0,64.0,1.0,6.0,133.0,128.0,4232.0,12288.0,0,0.940625,0.0625,0.0625,6400000.0,0.93818646037182
1.0,32.0,4.0,1.0,1.0,1.0,63.0,32.0,0,0.5015625,1024.0,2.0,6400000.0,0.5273919092465753
64.0,64.0,1.0,5.0,132.0,128.0,4220.0,12288.0,0,0.940625,0.0,128.0,6400000.0,0.9033657962328766
1.0,32.0,4.0,1.0,1.0,1.0,63.0,32.0,0,0.5015625,512.0,256.0,6400000.0,0.5273919092465753
64.0,64.0,1.0,5.0,132.0,128.0,4220.0,12288.0,0,0.940625,1.0,128.0,6400000.0,0.9033657962328766
1.0,64.0,1.0,1.0,1.0,1.0,35.0,32.0,0,0.5015625,1024.0,32.0,6400000.0,0.5273919092465753
64.0,64.0,1.0,5.0,132.0,128.0,4220.0,12288.0,0,0.940625,0.00390625,32.0,6400000.0,0.93818646037182
64.0,64.0,1.0,6.0,133.0,128.0,4232.0,12288.0,0,0.940625,2.0,0.000976562,6400000.0,0.9389677103718199
64.0,64.0,1.0,6.0,133.0,128.0,4232.0,12288.0,0,0.940625,2.0,1.0,6400000.0,0.9389677103718199
64.0,64.0,1.0,5.0,132.0,128.0,4220.0,12288.0,0,0.940625,128.0,0.125,6400000.0,0.9033657962328766
1.0,32.0,4.0,1.0,1.0,1.0,63.0,32.0,0,0.5015625,2048.0,0.015625,6400000.0,0.5273919092465753
32.0,32.0,8.0,28.0,806.0,899.0,29927.0,139744.0,0,0.9765625,0.00195312,0.015625,6400000.0,0.9730063600782778
1.0,32.0,4.0,1.0,1.0,1.0,63.0,32.0,0,0.5015625,1024.0,2048.0,6400000.0,0.5273919092465753
1.0,32.0,8.0,1.0,1.0,1.0,543.0,32.0,0,0.5015625,0.0078125,1024.0,6400000.0,0.5273919092465753
1.0,64.0,1.0,1.0,1.0,1.0,35.0,32.0,0,0.5015625,2.0,1024.0,6400000.0,0.5273919092465753
1.0,32.0,4.0,1.0,1.0,1.0,63.0,32.0,0,0.5015625,16.0,16384.0,6400000.0,0.5273919092465753
32.0,32.0,8.0,5.0,196.0,196.0,8910.0,27264.0,0,0.940625,0.00390625,128.0,6400000.0,0.9409246575342465
64.0,64.0,1.0,5.0,132.0,128.0,4220.0,12288.0,0,0.940625,0.0625,64.0,6400000.0,0.9385778498043053
1.0,32.0,8.0,1.0,1.0,1.0,543.0,32.0,0,0.5015625,0.25,32768.0,6400000.0,0.5273919092465753
32.0,32.0,8.0,23.0,766.0,898.0,28751.0,139584.0,0,0.978125,0.000976562,2.0,6400000.0,0.9718344850782777
32.0,32.0,8.0,13.0,640.0,729.0,24505.0,112544.0,0,0.9671875,0.00195312,16.0,6400000.0,0.962445725293542
32.0,32.0,4.0,8.0,238.0,239.0,7849.0,34144.0,0,0.940625,32.0,0.125,6400000.0,0.9409246575342465
64.0,64.0,1.0,6.0,133.0,128.0,4232.0,12288.0,0,0.940625,0.125,0.0,6400000.0,0.93818646037182
1.0,64.0,1.0,1.0,1.0,1.0,35.0,32.0,0,0.5015625,4.0,8192.0,6400000.0,0.5273919092465753
64.0,64.0,1.0,5.0,132.0,128.0,4220.0,12288.0,0,0.940625,4.0,8.0,6400000.0,0.93818646037182
64.0,64.0,1.0,6.0,133.0,128.0,4232.0,12288.0,0,0.940625,4.0,0.0078125,6400000.0,0.9389677103718199
1.0,32.0,8.0,1.0,1.0,1.0,543.0,32.0,0,0.5015625,8192.0,512.0,6400000.0,0.5273919092465753
32.0,32.0,8.0,28.0,806.0,899.0,29927.0,139744.0,0,0.9765625,0.015625,0.0078125,6400000.0,0.9730063600782778
64.0,64.0,1.0,5.0,132.0,128.0,4220.0,12288.0,0,0.940625,16.0,0.0,6400000.0,0.93818646037182
1.0,64.0,1.0,1.0,1.0,1.0,35.0,32.0,0,0.5015625,0.125,512.0,6400000.0,0.5273919092465753
32.0,32.0,8.0,29.0,794.0,893.0,29516.0,138784.0,0,0.9734375,0.125,0.00390625,6400000.0,0.9737891389432486
32.0,32.0,8.0,29.0,794.0,893.0,29516.0,138784.0,0,0.9734375,0.00390625,0.125,6400000.0,0.9737891389432486
64.0,64.0,1.0,6.0,133.0,128.0,4232.0,12288.0,0,0.940625,0.125,0.5,6400000.0,0.93818646037182
64.0,64.0,1.0,6.0,133.0,128.0,4232.0,12288.0,0,0.940625,0.000976562,0.000976562,6400000.0,0.93818646037182
32.0,32.0,8.0,28.0,804.0,899.0,29863.0,139744.0,0,0.975,0.03125,0.0625,6400000.0,0.9733977495107631
32.0,32.0,4.0,5.0,196.0,196.0,6510.0,27264.0,0,0.940625,32.0,128.0,6400000.0,0.9409246575342465
1.0,32.0,8.0,1.0,1.0,1.0,543.0,32.0,0,0.5015625,0.125,4096.0,6400000.0,0.5273919092465753
64.0,64.0,1.0,5.0,132.0,128.0,4220.0,12288.0,0,0.940625,8.0,0.0625,6400000.0,0.9389677103718199
64.0,64.0,1.0,5.0,132.0,128.0,4220.0,12288.0,0,0.940625,8.0,64.0,6400000.0,0.9385778498043053
32.0,32.0,8.0,8.0,445.0,469.0,17599.0,70944.0,0,0.959375,0.03125,64.0,6400000.0,0.9471930039138943
1.0,32.0,8.0,1.0,1.0,1.0,543.0,32.0,0,0.5015625,0.0625,512.0,6400000.0,0.5273919092465753
64.0,64.0,1.0,6.0,133.0,128.0,4232.0,12288.0,0,0.940625,0.000976562,1.0,6400000.0,0.93818646037182
32.0,32.0,8.0,26.0,800.0,904.0,29782.0,140544.0,0,0.9765625,1.0,0.00195312,6400000.0,0.9745719178082191
32.0,32.0,8.0,17.0,674.0,828.0,25608.0,128384.0,0,0.9734375,0.015625,8.0,6400000.0,0.966356561888454
32.0,32.0,8.0,26.0,800.0,904.0,29782.0,140544.0,0,0.9765625,0.0078125,1.0,6400000.0,0.9745719178082191
32.0,32.0,8.0,28.0,801.0,900.0,29768.0,139904.0,0,0.978125,0.25,0.03125,6400000.0,0.9722235812133071
32.0,32.0,8.0,26.0,794.0,896.0,29582.0,139264.0,0,0.978125,0.0625,0.5,6400000.0,0.9726149706457925
64.0,64.0,1.0,6.0,133.0,128.0,4232.0,12288.0,0,0.940625,0.25,0.00390625,6400000.0,0.93818646037182
32.0,32.0,8.0,5.0,196.0,196.0,8910.0,27264.0,0,0.940625,0.5,256.0,6400000.0,0.9409246575342465
1.0,32.0,8.0,1.0,1.0,1.0,543.0,32.0,0,0.5015625,1.0,2048.0,6400000.0,0.5273919092465753
1.0,64.0,1.0,1.0,1.0,1.0,35.0,32.0,0,0.5015625,0.000976562,1024.0,6400000.0,0.5273919092465753
64.0,64.0,1.0,6.0,133.0,128.0,4232.0,12288.0,0,0.940625,0.25,4.0,6400000.0,0.9389677103718199
64.0,64.0,1.0,5.0,132.0,128.0,4220.0,12288.0,0,0.940625,16.0,0.5,6400000.0,0.93818646037182
1.0,32.0,8.0,1.0,1.0,1.0,543.0,32.0,0,0.5015625,16384.0,0.00390625,6400000.0,0.5273919092465753
1.0,64.0,1.0,1.0,1.0,1.0,35.0,32.0,0,0.5015625,16.0,512.0,6400000.0,0.5273919092465753
1.0,32.0,8.0,1.0,1.0,1.0,543.0,32.0,0,0.5015625,2.0,16384.0,6400000.0,0.5273919092465753
1.0,64.0,1.0,1.0,1.0,1.0,35.0,32.0,0,0.5015625,1024.0,32768.0,6400000.0,0.5273919092465753
64.0,64.0,1.0,6.0,133.0,128.0,4232.0,12288.0,0,0.940625,0.00195312,0.0078125,6400000.0,0.93818646037182
1.0,64.0,1.0,1.0,1.0,1.0,35.0,32.0,0,0.5015625,0.00390625,32768.0,6400000.0,0.5273919092465753
64.0,64.0,1.0,4.0,131.0,128.0,4209.0,12288.0,0,0.9078125,128.0,128.0,6400000.0,0.9033657962328766
1.0,64.0,1.0,1.0,1.0,1.0,35.0,32.0,0,0.5015625,2048.0,0.25,6400000.0,0.5273919092465753
32.0,32.0,8.0,10.0,457.0,562.0,18289.0,85824.0,0,0.959375,0.25,32.0,6400000.0,0.9620543358610567
1.0,32.0,4.0,1.0,1.0,1.0,63.0,32.0,0,0.5015625,2048.0,16.0,6400000.0,0.5273919092465753
64.0,64.0,1.0,4.0,131.0,128.0,4209.0,12288.0,0,0.9078125,256.0,0.000976562,6400000.0,0.9033657962328766
32.0,32.0,8.0,8.0,487.0,514.0,18988.0,78144.0,0,0.959375,64.0,0.0,6400000.0,0.9522711289138943
32.0,32.0,8.0,27.0,802.0,904.0,29825.0,140544.0,0,0.978125,0.5,0.25,6400000.0,0.9722243456457924
1.0,32.0,8.0,1.0,1.0,1.0,543.0,32.0,0,0.5015625,16384.0,4.0,6400000.0,0.5273919092465753
64.0,64.0,1.0,5.0,132.0,128.0,4220.0,12288.0,0,0.940625,32.0,0.00390625,6400000.0,0.93818646037182
1.0,64.0,1.0,1.0,1.0,1.0,35.0,32.0,0,0.5015625,2048.0,256.0,6400000.0,0.5273919092465753
32.0,32.0,8.0,17.0,674.0,828.0,25608.0,128384.0,0,0.9734375,8.0,0.000976562,6400000.0,0.9683135090508805
32.0,32.0,8.0,22.0,771.0,894.0,28928.0,138944.0,0,0.978125,0.125,4.0,6400000.0,0.9706572590508806
1.0,32.0,4.0,1.0,1.0,1.0,63.0,32.0,0,0.5015625,2048.0,16384.0,6400000.0,0.5273919092465753
64.0,64.0,1.0,5.0,132.0,128.0,4220.0,12288.0,0,0.940625,32.0,4.0,6400000.0,0.9389677103718199
64.0,64.0,1.0,6.0,133.0,128.0,4232.0,12288.0,0,0.940625,0.0078125,0.25,6400000.0,0.93818646037182
32.0,32.0,8.0,21.0,800.0,905.0,29888.0,140704.0,0,0.9734375,1.0,2.0,6400000.0,0.9737876100782777
1.0,64.0,1.0,1.0,1.0,1.0,35.0,32.0,0,0.5015625,256.0,1024.0,6400000.0,0.5273919092465753
1.0,64.0,1.0,1.0,1.0,1.0,35.0,32.0,0,0.5015625,0.25,4096.0,6400000.0,0.5273919092465753
32.0,32.0,4.0,7.0,284.0,293.0,9412.0,42784.0,0,0.940625,64.0,0.000976562,6400000.0,0.9409246575342465
1.0,32.0,8.0,1.0,1.0,1.0,543.0,32.0,0,0.5015625,32768.0,0.03125,6400000.0,0.5273919092465753
1.0,32.0,8.0,1.0,1.0,1.0,543.0,32.0,0,0.5015625,16384.0,4096.0,6400000.0,0.5273919092465753
1.0,32.0,8.0,1.0,1.0,1.0,543.0,32.0,0,0.5015625,16.0,8192.0,6400000.0,0.5273919092465753
64.0,64.0,1.0,4.0,131.0,128.0,4209.0,12288.0,0,0.9078125,256.0,1.0,6400000.0,0.9033657962328766
1.0,64.0,1.0,1.0,1.0,1.0,35.0,32.0,0,0.5015625,32.0,4096.0,6400000.0,0.5273919092465753
32.0,32.0,8.0,5.0,196.0,196.0,8910.0,27264.0,0,0.940625,4.0,128.0,6400000.0,0.9409246575342465
64.0,64.0,1.0,5.0,132.0,128.0,4220.0,12288.0,0,0.940625,0.00195312,8.0,6400000.0,0.9389677103718199
32.0,32.0,8.0,13.0,618.0,709.0,23781.0,109344.0,0,0.9671875,2.0,16.0,6400000.0,0.9628371147260273
1.0,32.0,4.0,1.0,1.0,1.0,63.0,32.0,0,0.5015625,64.0,1024.0,6400000.0,0.5273919092465753
32.0,32.0,8.0,23.0,782.0,904.0,29269.0,140544.0,0,0.9734375,2.0,0.015625,6400000.0,0.9718344850782777
1.0,32.0,4.0,1.0,1.0,1.0,63.0,32.0,0,0.5015625,8192.0,1.0,6400000.0,0.5273919092465753
32.0,32.0,8.0,5.0,196.0,196.0,8910.0,27264.0,0,0.940625,128.0,0.00390625,6400000.0,0.9409246575342465
1.0,32.0,4.0,1.0,1.0,1.0,63.0,32.0,0,0.5015625,4096.0,0.125,6400000.0,0.5273919092465753
1.0,32.0,4.0,1.0,1.0,1.0,63.0,32.0,0,0.5015625,8192.0,0.000976562,6400000.0,0.5273919092465753
1.0,32.0,8.0,1.0,1.0,1.0,543.0,32.0,0,0.5015625,32768.0,32.0,6400000.0,0.5273919092465753
1.0,32.0,8.0,1.0,1.0,1.0,543.0,32.0,0,0.5015625,8.0,1024.0,6400000.0,0.5273919092465753
64.0,64.0,1.0,5.0,132.0,128.0,4220.0,12288.0,0,0.940625,0.5,32.0,6400000.0,0.9389677103718199
32.0,32.0,8.0,22.0,771.0,894.0,28928.0,138944.0,0,0.978125,4.0,0.125,6400000.0,0.9706572590508806
64.0,64.0,1.0,4.0,131.0,128.0,4209.0,12288.0,0,0.9078125,0.0078125,256.0,6400000.0,0.9033657962328766
1.0,32.0,4.0,1.0,1.0,1.0,63.0,32.0,0,0.5015625,32768.0,64.0,6400000.0,0.5273919092465753
64.0,64.0,1.0,5.0,132.0,128.0,4220.0,12288.0,0,0.940625,64.0,0.03125,6400000.0,0.9385778498043053
1.0,32.0,4.0,1.0,1.0,1.0,63.0,32.0,0,0.5015625,4096.0,128.0,6400000.0,0.5273919092465753
1.0,32.0,8.0,1.0,1.0,1.0,543.0,32.0,0,0.5015625,256.0,32768.0,6400000.0,0.5273919092465753
32.0,32.0,8.0,13.0,641.0,730.0,24538.0,112704.0,0,0.9671875,16.0,0.0078125,6400000.0,0.9628371147260275
32.0,32.0,4.0,5.0,196.0,196.0,6510.0,27264.0,0,0.940625,128.0,0.0078125,6400000.0,0.9409246575342465
32.0,32.0,4.0,7.0,284.0,293.0,9412.0,42784.0,0,0.940625,64.0,1.0,6400000.0,0.9409246575342465
1.0,64.0,1.0,1.0,1.0,1.0,35.0,32.0,0,0.5015625,4096.0,0.00195312,6400000.0,0.5273919092465753
64.0,64.0,1.0,5.0,132.0,128.0,4220.0,12288.0,0,0.940625,64.0,32.0,6400000.0,0.9276189456947161
1.0,32.0,4.0,1.0,1.0,1.0,63.0,32.0,0,0.5015625,8192.0,1024.0,6400000.0,0.5273919092465753
32.0,32.0,8.0,13.0,562.0,656.0,21936.0,100864.0,0,0.9671875,16.0,8.0,6400000.0,0.9632285041585128
1.0,64.0,1.0,1.0,1.0,1.0,35.0,32.0,0,0.5015625,4096.0,2.0,6400000.0,0.5273919092465753
32.0,32.0,8.0,5.0,196.0,196.0,8910.0,27264.0,0,0.940625,128.0,4.0,6400000.0,0.9409246575342465
1.0,64.0,1.0,1.0,1.0,1.0,35.0,32.0,0,0.5015625,512.0,0.0078125,6400000.0,0.5273919092465753
1.0,32.0,8.0,1.0,1.0,1.0,543.0,32.0,0,0.5015625,64.0,512.0,6400000.0,0.5273919092465753
1.0,32.0,8.0,1.0,1.0,1.0,543.0,32.0,0,0.5015625,128.0,4096.0,6400000.0,0.5273919092465753
1.0,64.0,1.0,1.0,1.0,1.0,35.0,32.0,0,0.5015625,4096.0,2048.0,6400000.0,0.5273919092465753
1.0,32.0,4.0,1.0,1.0,1.0,63.0,32.0,0,0.5015625,32768.0,0.0625,6400000.0,0.5273919092465753
32.0,32.0,8.0,16.0,675.0,830.0,25663.0,128704.0,0,0.9734375,8.0,1.0,6400000.0,0.9687048984833659
1.0,32.0,8.0,1.0,1.0,1.0,543.0,32.0,0,0.5015625,1024.0,2.0,6400000.0,0.5273919092465753
32.0,32.0,8.0,5.0,196.0,196.0,8910.0,27264.0,0,0.940625,256.0,0.03125,6400000.0,0.9409246575342465
1.0,32.0,4.0,1.0,1.0,1.0,63.0,32.0,0,0.5015625,16384.0,8.0,6400000.0,0.5273919092465753
1.0,64.0,1.0,1.0,1.0,1.0,35.0,32.0,0,0.5015625,512.0,8.0,6400000.0,0.5273919092465753
64.0,64.0,1.0,6.0,133.0,128.0,4232.0,12288.0,0,0.940625,0.5,0.03125,6400000.0,0.93818646037182
1.0,32.0,4.0,1.0,1.0,1.0,63.0,32.0,0,0.5015625,16384.0,0.0078125,6400000.0,0.5273919092465753
1.0,32.0,8.0,1.0,1.0,1.0,543.0,32.0,0,0.5015625,1024.0,0.00195312,6400000.0,0.5273919092465753
32.0,32.0,8.0,8.0,482.0,508.0,18822.0,77184.0,0,0.959375,64.0,0.5,6400000.0,0.9557936338062621
32.0,32.0,8.0,32.0,819.0,910.0,30270.0,141504.0,0,0.9765625,0.0,0.0,6400000.0,0.9733977495107631
1.0,32.0,8.0,1.0,1.0,1.0,543.0,32.0,0,0.5015625,512.0,0.25,6400000.0,0.5273919092465753
64.0,64.0,1.0,6.0,133.0,128.0,4232.0,12288.0,0,0.940625,0.00390625,0.0625,6400000.0,0.93818646037182
32.0,32.0,8.0,10.0,458.0,563.0,18322.0,85984.0,0,0.959375,32.0,0.0625,6400000.0,0.9628371147260273
64.0,64.0,1.0,6.0,133.0,128.0,4232.0,12288.0,0,0.940625,0.015625,0.00195312,6400000.0,0.93818646037182
1.0,32.0,4.0,1.0,1.0,1.0,63.0,32.0,0,0.5015625,16384.0,8192.0,6400000.0,0.5273919092465753
1.0,64.0,1.0,1.0,1.0,1.0,35.0,32.0,0,0.5015625,0.00195312,8192.0,6400000.0,0.5273919092465753
1.0,32.0,4.0,1.0,1.0,1.0,63.0,32.0,0,0.5015625,128.0,8192.0,6400000.0,0.5273919092465753
1.0,32.0,8.0,1.0,1.0,1.0,543.0,32.0,0,0.5015625,512.0,256.0,6400000.0,0.5273919092465753
1.0,32.0,8.0,1.0,1.0,1.0,543.0,32.0,0,0.5015625,2048.0,16.0,6400000.0,0.5273919092465753
32.0,32.0,8.0,8.0,384.0,420.0,15598.0,63104.0,0,0.959375,32.0,64.0,6400000.0,0.9409246575342465
1.0,32.0,8.0,1.0,1.0,1.0,543.0,32.0,0,0.5015625,32768.0,32768.0,6400000.0,0.5273919092465753
32.0,32.0,4.0,5.0,196.0,196.0,6510.0,27264.0,0,0.940625,128.0,8.0,6400000.0,0.9409246575342465
1.0,64.0,1.0,1.0,1.0,1.0,35.0,32.0,0,0.5015625,0.5,32768.0,6400000.0,0.5273919092465753
1.0,32.0,8.0,1.0,1.0,1.0,543.0,32.0,0,0.5015625,2048.0,0.015625,6400000.0,0.5273919092465753
64.0,64.0,1.0,6.0,133.0,128.0,4232.0,12288.0,0,0.940625,0.0,0.25,6400000.0,0.93818646037182
1.0,32.0,8.0,1.0,1.0,1.0,543.0,32.0,0,0.5015625,1024.0,2048.0,6400000.0,0.5273919092465753
32.0,32.0,8.0,5.0,191.0,191.0,8745.0,26464.0,0,0.940625,256.0,32.0,6400000.0,0.9409246575342465
1.0,32.0,4.0,1.0,1.0,1.0,63.0,32.0,0,0.5015625,512.0,0.0,6400000.0,0.5273919092465753
1.0,64.0,1.0,1.0,1.0,1.0,35.0,32.0,0,0.5015625,64.0,32768.0,6400000.0,0.5273919092465753
1.0,64.0,1.0,1.0,1.0,1.0,35.0,32.0,0,0.5015625,512.0,8192.0,6400000.0,0.5273919092465753
1.0,32.0,4.0,1.0,1.0,1.0,63.0,32.0,0,0.5015625,512.0,0.5,6400000.0,0.5273919092465753
1.0,32.0,8.0,1.0,1.0,1.0,543.0,32.0,0,0.5015625,0.00195312,32768.0,6400000.0,0.5273919092465753
32.0,32.0,4.0,5.0,229.0,235.0,7605.0,33504.0,0,0.940625,256.0,64.0,6400000.0,0.9229352678571427
1.0,64.0,1.0,1.0,1.0,1.0,35.0,32.0,0,0.5015625,8192.0,0.015625,6400000.0,0.5273919092465753
32.0,32.0,4.0,5.0,196.0,196.0,6510.0,27264.0,0,0.940625,256.0,0.0625,6400000.0,0.9409246575342465
1.0,32.0,8.0,1.0,1.0,1.0,543.0,32.0,0,0.5015625,4096.0,128.0,6400000.0,0.5273919092465753
1.0,64.0,1.0,1.0,1.0,1.0,35.0,32.0,0,0.5015625,0.015625,2048.0,6400000.0,0.5273919092465753
1.0,32.0,8.0,1.0,1.0,1.0,543.0,32.0,0,0.5015625,4096.0,0.125,6400000.0,0.5273919092465753
64.0,64.0,1.0,6.0,133.0,128.0,4232.0,12288.0,0,0.940625,1.0,0.25,6400000.0,0.93818646037182
1.0,32.0,8.0,1.0,1.0,1.0,543.0,32.0,0,0.5015625,2048.0,16384.0,6400000.0,0.5273919092465753
1.0,32.0,8.0,1.0,1.0,1.0,543.0,32.0,0,0.5015625,8192.0,0.000976562,6400000.0,0.5273919092465753
1.0,64.0,1.0,1.0,1.0,1.0,35.0,32.0,0,0.5015625,0.03125,16384.0,6400000.0,0.5273919092465753
64.0,64.0,1.0,6.0,133.0,128.0,4232.0,12288.0,0,0.940625,0.015625,2.0,6400000.0,0.9389677103718199
64.0,64.0,1.0,6.0,133.0,128.0,4232.0,12288.0,0,0.940625,0.03125,0.015625,6400000.0,0.93818646037182
1.0,64.0,1.0,1.0,1.0,1.0,35.0,32.0,0,0.5015625,1024.0,0.0625,6400000.0,0.5273919092465753
64.0,64.0,1.0,5.0,132.0,128.0,4220.0,12288.0,0,0.940625,0.03125,16.0,6400000.0,0.93818646037182
1.0,32.0,8.0,1.0,1.0,1.0,543.0,32.0,0,0.5015625,0.015625,16384.0,6400000.0,0.5273919092465753
32.0,32.0,8.0,28.0,808.0,900.0,29992.0,139904.0,0,0.9765625,0.0078125,0.00195312,6400000.0,0.9730063600782778
1.0,32.0,8.0,1.0,1.0,1.0,543.0,32.0,0,0.5015625,0.000976562,4096.0,6400000.0,0.5273919092465753
1.0,32.0,8.0,1.0,1.0,1.0,543.0,32.0,0,0.5015625,0.0,512.0,6400000.0,0.5273919092465753
1.0,32.0,4.0,1.0,1.0,1.0,63.0,32.0,0,0.5015625,1024.0,0.00390625,6400000.0,0.5273919092465753
64.0,64.0,1.0,4.0,131.0,128.0,4209.0,12288.0,0,0.9078125,0.0,256.0,6400000.0,0.9033657962328766
1.0,32.0,4.0,1.0,1.0,1.0,63.0,32.0,0,0.5015625,512.0,512.0,6400000.0,0.5273919092465753
32.0,32.0,8.0,28.0,808.0,900.0,29992.0,139904.0,0,0.9765625,0.000976562,0.00390625,6400000.0,0.9733977495107631
1.0,64.0,1.0,1.0,1.0,1.0,35.0,32.0,0,0.5015625,1024.0,64.0,6400000.0,0.5273919092465753
64.0,64.0,1.0,4.0,131.0,128.0,4209.0,12288.0,0,0.9078125,1.0,256.0,6400000.0,0.9033657962328766
64.0,64.0,1.0,5.0,132.0,128.0,4220.0,12288.0,0,0.940625,0.00390625,64.0,6400000.0,0.9385778498043053
32.0,32.0,8.0,28.0,804.0,899.0,29863.0,139744.0,0,0.975,0.0625,0.000976562,6400000.0,0.9733977495107631
64.0,64.0,1.0,6.0,133.0,128.0,4232.0,12288.0,0,0.940625,2.0,0.00195312,6400000.0,0.9389677103718199
1.0,32.0,8.0,1.0,1.0,1.0,543.0,32.0,0,0.5015625,8192.0,1.0,6400000.0,0.5273919092465753
64.0,64.0,1.0,6.0,133.0,128.0,4232.0,12288.0,0,0.940625,0.0625,0.125,6400000.0,0.93818646037182
32.0,32.0,8.0,28.0,800.0,899.0,29735.0,139744.0,0,0.978125,0.0,0.5,6400000.0,0.9730063600782778
64.0,64.0,1.0,6.0,133.0,128.0,4232.0,12288.0,0,0.940625,2.0,2.0,6400000.0,0.9389677103718199
64.0,64.0,1.0,5.0,132.0,128.0,4220.0,12288.0,0,0.940625,128.0,0.25,6400000.0,0.9033657962328766
1.0,32.0,4.0,1.0,1.0,1.0,63.0,32.0,0,0.5015625,1024.0,4.0,6400000.0,0.5273919092465753
1.0,32.0,4.0,1.0,1.0,1.0,63.0,32.0,0,0.5015625,2048.0,0.03125,6400000.0,0.5273919092465753
1.0,32.0,4.0,1.0,1.0,1.0,63.0,32.0,0,0.5015625,1024.0,4096.0,6400000.0,0.5273919092465753
1.0,64.0,1.0,1.0,1.0,1.0,35.0,32.0,0,0.5015625,8192.0,16.0,6400000.0,0.5273919092465753
32.0,32.0,8.0,28.0,809.0,901.0,30025.0,140064.0,0,0.975,0.00195312,0.03125,6400000.0,0.9730063600782778
64.0,64.0,1.0,5.0,132.0,128.0,4220.0,12288.0,0,0.940625,0.0625,128.0,6400000.0,0.9033657962328766
1.0,32.0,8.0,1.0,1.0,1.0,543.0,32.0,0,0.5015625,0.0078125,2048.0,6400000.0,0.5273919092465753
1.0,64.0,1.0,1.0,1.0,1.0,35.0,32.0,0,0.5015625,2.0,2048.0,6400000.0,0.5273919092465753
32.0,32.0,8.0,5.0,196.0,196.0,8910.0,27264.0,0,0.940625,0.00390625,256.0,6400000.0,0.9409246575342465
32.0,32.0,8.0,28.0,800.0,899.0,29735.0,139744.0,0,0.978125,0.5,0.0,6400000.0,0.9730063600782778
32.0,32.0,8.0,22.0,771.0,894.0,28928.0,138944.0,0,0.978125,0.000976562,4.0,6400000.0,0.9710486484833659
1.0,64.0,1.0,1.0,1.0,1.0,35.0,32.0,0,0.5015625,8192.0,16384.0,6400000.0,0.5273919092465753
64.0,64.0,1.0,6.0,133.0,128.0,4232.0,12288.0,0,0.940625,0.125,0.000976562,6400000.0,0.93818646037182
1.0,64.0,1.0,1.0,1.0,1.0,35.0,32.0,0,0.5015625,4.0,16384.0,6400000.0,0.5273919092465753
1.0,64.0,1.0,1.0,1.0,1.0,35.0,32.0,0,0.5015625,0.125,1024.0,6400000.0,0.5273919092465753
64.0,64.0,1.0,5.0,132.0,128.0,4220.0,12288.0,0,0.940625,4.0,16.0,6400000.0,0.93818646037182
64.0,64.0,1.0,6.0,133.0,128.0,4232.0,12288.0,0,0.940625,4.0,0.015625,6400000.0,0.9389677103718199
1.0,32.0,8.0,1.0,1.0,1.0,543.0,32.0,0,0.5015625,8192.0,1024.0,6400000.0,0.5273919092465753
32.0,32.0,8.0,10.0,457.0,562.0,18289.0,85824.0,0,0.959375,0.00195312,32.0,6400000.0,0.9620543358610567
1.0,64.0,1.0,1.0,1.0,1.0,35.0,32.0,0,0.5015625,16384.0,0.125,6400000.0,0.5273919092465753
64.0,64.0,1.0,6.0,133.0,128.0,4232.0,12288.0,0,0.940625,0.000976562,0.00195312,6400000.0,0.93818646037182
64.0,64.0,1.0,6.0,133.0,128.0,4232.0,12288.0,0,0.940625,0.125,1.0,6400000.0,0.93818646037182
64.0,64.0,1.0,5.0,132.0,128.0,4220.0,12288.0,0,0.940625,16.0,0.000976562,6400000.0,0.93818646037182
32.0,32.0,8.0,28.0,809.0,901.0,30025.0,140064.0,0,0.975,0.015625,0.015625,6400000.0,0.9730063600782778
32.0,32.0,8.0,29.0,794.0,893.0,29516.0,138784.0,0,0.9734375,0.125,0.0078125,6400000.0,0.9737891389432486
1.0,32.0,8.0,1.0,1.0,1.0,543.0,32.0,0,0.5015625,0.125,8192.0,6400000.0,0.5273919092465753
32.0,32.0,8.0,28.0,808.0,906.0,29998.0,140864.0,0,0.978125,0.03125,0.125,6400000.0,0.9737891389432486
1.0,32.0,8.0,1.0,1.0,1.0,543.0,32.0,0,0.5015625,0.0625,1024.0,6400000.0,0.5273919092465753
32.0,32.0,8.0,28.0,801.0,900.0,29768.0,139904.0,0,0.978125,0.00390625,0.25,6400000.0,0.9726149706457925
32.0,32.0,8.0,5.0,196.0,196.0,8910.0,27264.0,0,0.940625,0.03125,128.0,6400000.0,0.9409246575342465
64.0,64.0,1.0,6.0,133.0,128.0,4232.0,12288.0,0,0.940625,0.000976562,2.0,6400000.0,0.9389677103718199
64.0,64.0,1.0,5.0,132.0,128.0,4220.0,12288.0,0,0.940625,8.0,0.125,6400000.0,0.9389677103718199
64.0,64.0,1.0,5.0,132.0,128.0,4220.0,12288.0,0,0.940625,8.0,128.0,6400000.0,0.9033657962328766
32.0,32.0,8.0,13.0,640.0,729.0,24505.0,112544.0,0,0.9671875,0.015625,16.0,6400000.0,0.962445725293542
64.0,64.0,1.0,6.0,133.0,128.0,4232.0,12288.0,0,0.940625,0.25,0.0078125,6400000.0,0.93818646037182
1.0,32.0,8.0,1.0,1.0,1.0,543.0,32.0,0,0.5015625,0.5,512.0,6400000.0,0.5273919092465753
1.0,64.0,1.0,1.0,1.0,1.0,35.0,32.0,0,0.5015625,0.000976562,2048.0,6400000.0,0.5273919092465753
32.0,32.0,8.0,26.0,800.0,904.0,29782.0,140544.0,0,0.9765625,0.0625,1.0,6400000.0,0.9745719178082191
1.0,32.0,8.0,1.0,1.0,1.0,543.0,32.0,0,0.5015625,1.0,4096.0,6400000.0,0.5273919092465753
32.0,32.0,8.0,26.0,800.0,904.0,29782.0,140544.0,0,0.9765625,1.0,0.00390625,6400000.0,0.9745719178082191
32.0,32.0,8.0,23.0,782.0,904.0,29269.0,140544.0,0,0.9734375,0.0078125,2.0,6400000.0,0.9718344850782777
64.0,64.0,1.0,5.0,132.0,128.0,4220.0,12288.0,0,0.940625,0.25,8.0,6400000.0,0.9389677103718199
32.0,32.0,8.0,28.0,800.0,899.0,29735.0,139744.0,0,0.978125,0.25,0.0625,6400000.0,0.9718321917808218
64.0,64.0,1.0,5.0,132.0,128.0,4220.0,12288.0,0,0.940625,16.0,1.0,6400000.0,0.93818646037182
1.0,32.0,8.0,1.0,1.0,1.0,543.0,32.0,0,0.5015625,16384.0,0.0078125,6400000.0,0.5273919092465753
1.0,64.0,1.0,1.0,1.0,1.0,35.0,32.0,0,0.5015625,2048.0,0.0,6400000.0,0.5273919092465753
1.0,64.0,1.0,1.0,1.0,1.0,35.0,32.0,0,0.5015625,16.0,1024.0,6400000.0,0.5273919092465753
1.0,32.0,4.0,1.0,1.0,1.0,63.0,32.0,0,0.5015625,2048.0,32.0,6400000.0,0.5273919092465753
1.0,64.0,1.0,1.0,1.0,1.0,35.0,32.0,0,0.5015625,2048.0,0.5,6400000.0,0.5273919092465753
1.0,32.0,8.0,1.0,1.0,1.0,543.0,32.0,0,0.5015625,2.0,32768.0,6400000.0,0.5273919092465753
64.0,64.0,1.0,6.0,133.0,128.0,4232.0,12288.0,0,0.940625,0.00195312,0.015625,6400000.0,0.93818646037182
64.0,64.0,1.0,6.0,133.0,128.0,4232.0,12288.0,0,0.940625,0.0078125,0.0,6400000.0,0.93818646037182
1.0,32.0,8.0,1.0,1.0,1.0,543.0,32.0,0,0.5015625,16384.0,8.0,6400000.0,0.5273919092465753
32.0,32.0,8.0,8.0,445.0,469.0,17599.0,70944.0,0,0.959375,0.25,64.0,6400000.0,0.9495413405088062
32.0,32.0,8.0,8.0,487.0,514.0,18988.0,78144.0,0,0.959375,64.0,0.000976562,6400000.0,0.9522711289138943
64.0,64.0,1.0,4.0,131.0,128.0,4209.0,12288.0,0,0.9078125,128.0,256.0,6400000.0,0.9033657962328766
64.0,64.0,1.0,4.0,131.0,128.0,4209.0,12288.0,0,0.9078125,256.0,0.00195312,6400000.0,0.9033657962328766
1.0,64.0,1.0,1.0,1.0,1.0,35.0,32.0,0,0.5015625,2048.0,512.0,6400000.0,0.5273919092465753
1.0,32.0,4.0,1.0,1.0,1.0,63.0,32.0,0,0.5015625,2048.0,32768.0,6400000.0,0.5273919092465753
64.0,64.0,1.0,5.0,132.0,128.0,4220.0,12288.0,0,0.940625,32.0,8.0,6400000.0,0.9389677103718199
1.0,64.0,1.0,1.0,1.0,1.0,35.0,32.0,0,0.5015625,256.0,2048.0,6400000.0,0.5273919092465753
32.0,32.0,8.0,26.0,800.0,904.0,29782.0,140544.0,0,0.9765625,0.5,0.5,6400000.0,0.9745719178082191
1.0,64.0,1.0,1.0,1.0,1.0,35.0,32.0,0,0.5015625,32.0,8192.0,6400000.0,0.5273919092465753
32.0,32.0,8.0,17.0,674.0,828.0,25608.0,128384.0,0,0.9734375,0.125,8.0,6400000.0,0.96753073018591
64.0,64.0,1.0,6.0,133.0,128.0,4232.0,12288.0,0,0.940625,0.0078125,0.5,6400000.0,0.93818646037182
32.0,32.0,8.0,17.0,674.0,828.0,25608.0,128384.0,0,0.9734375,8.0,0.00195312,6400000.0,0.9683135090508805
1.0,64.0,1.0,1.0,1.0,1.0,35.0,32.0,0,0.5015625,0.25,8192.0,6400000.0,0.5273919092465753
64.0,64.0,1.0,4.0,131.0,128.0,4209.0,12288.0,0,0.9078125,256.0,2.0,6400000.0,0.9033657962328766
64.0,64.0,1.0,5.0,132.0,128.0,4220.0,12288.0,0,0.940625,32.0,0.0078125,6400000.0,0.93818646037182
1.0,32.0,8.0,1.0,1.0,1.0,543.0,32.0,0,0.5015625,32768.0,0.0625,6400000.0,0.5273919092465753
32.0,32.0,8.0,20.0,779.0,902.0,29234.0,140224.0,0,0.978125,1.0,4.0,6400000.0,0.9698767734833659
1.0,32.0,4.0,1.0,1.0,1.0,63.0,32.0,0,0.5015625,8192.0,2.0,6400000.0,0.5273919092465753
32.0,32.0,8.0,5.0,196.0,196.0,8910.0,27264.0,0,0.940625,4.0,256.0,6400000.0,0.9409246575342465
1.0,32.0,8.0,1.0,1.0,1.0,543.0,32.0,0,0.5015625,16384.0,8192.0,6400000.0,0.5273919092465753
1.0,32.0,8.0,1.0,1.0,1.0,543.0,32.0,0,0.5015625,16.0,16384.0,6400000.0,0.5273919092465753
64.0,64.0,1.0,5.0,132.0,128.0,4220.0,12288.0,0,0.940625,0.00195312,16.0,6400000.0,0.93818646037182
1.0,32.0,8.0,1.0,1.0,1.0,543.0,32.0,0,0.5015625,32768.0,64.0,6400000.0,0.5273919092465753
1.0,32.0,4.0,1.0,1.0,1.0,63.0,32.0,0,0.5015625,8192.0,0.00195312,6400000.0,0.5273919092465753
1.0,64.0,1.0,1.0,1.0,1.0,35.0,32.0,0,0.5015625,16384.0,128.0,6400000.0,0.5273919092465753
1.0,32.0,8.0,1.0,1.0,1.0,543.0,32.0,0,0.5015625,8.0,2048.0,6400000.0,0.5273919092465753
1.0,32.0,4.0,1.0,1.0,1.0,63.0,32.0,0,0.5015625,32768.0,128.0,6400000.0,0.5273919092465753
1.0,32.0,4.0,1.0,1.0,1.0,63.0,32.0,0,0.5015625,4096.0,0.25,6400000.0,0.5273919092465753
32.0,32.0,8.0,10.0,457.0,562.0,18289.0,85824.0,0,0.959375,2.0,32.0,6400000.0,0.9604887781311154
32.0,32.0,8.0,5.0,196.0,196.0,8910.0,27264.0,0,0.940625,128.0,0.0078125,6400000.0,0.9409246575342465
1.0,32.0,8.0,1.0,1.0,1.0,543.0,32.0,0,0.5015625,512.0,0.0,6400000.0,0.5273919092465753
32.0,32.0,8.0,23.0,782.0,904.0,29269.0,140544.0,0,0.9734375,2.0,0.03125,6400000.0,0.9718344850782777
64.0,64.0,1.0,5.0,132.0,128.0,4220.0,12288.0,0,0.940625,0.5,64.0,6400000.0,0.9385778498043053
1.0,64.0,1.0,1.0,1.0,1.0,35.0,32.0,0,0.5015625,0.0078125,512.0,6400000.0,0.5273919092465753
1.0,64.0,1.0,1.0,1.0,1.0,35.0,32.0,0,0.5015625,4096.0,0.00390625,6400000.0,0.5273919092465753
1.0,32.0,4.0,1.0,1.0,1.0,63.0,32.0,0,0.5015625,4096.0,256.0,6400000.0,0.5273919092465753
1.0,64.0,1.0,1.0,1.0,1.0,35.0,32.0,0,0.5015625,4096.0,4.0,6400000.0,0.5273919092465753
1.0,32.0,4.0,1.0,1.0,1.0,63.0,32.0,0,0.5015625,8192.0,2048.0,6400000.0,0.5273919092465753
64.0,64.0,1.0,5.0,132.0,128.0,4220.0,12288.0,0,0.940625,64.0,0.0625,6400000.0,0.9385778498043053
32.0,32.0,8.0,21.0,772.0,893.0,28980.0,138784.0,0,0.9765625,4.0,0.25,6400000.0,0.9698744801859099
64.0,64.0,1.0,5.0,132.0,128.0,4220.0,12288.0,0,0.940625,64.0,64.0,6400000.0,0.9033657962328766
1.0,32.0,8.0,1.0,1.0,1.0,543.0,32.0,0,0.5015625,64.0,1024.0,6400000.0,0.5273919092465753
1.0,64.0,1.0,1.0,1.0,1.0,35.0,32.0,0,0.5015625,32768.0,0.000976562,6400000.0,0.5273919092465753
32.0,32.0,8.0,13.0,641.0,730.0,24538.0,112704.0,0,0.9671875,16.0,0.015625,6400000.0,0.9628371147260275
1.0,64.0,1.0,1.0,1.0,1.0,35.0,32.0,0,0.5015625,32768.0,1.0,6400000.0,0.5273919092465753
1.0,32.0,8.0,1.0,1.0,1.0,543.0,32.0,0,0.5015625,128.0,8192.0,6400000.0,0.5273919092465753
32.0,32.0,8.0,10.0,457.0,562.0,18289.0,85824.0,0,0.959375,16.0,16.0,6400000.0,0.9620543358610567
32.0,32.0,8.0,5.0,196.0,196.0,8910.0,27264.0,0,0.940625,128.0,8.0,6400000.0,0.9409246575342465
1.0,64.0,1.0,1.0,1.0,1.0,35.0,32.0,0,0.5015625,512.0,0.015625,6400000.0,0.5273919092465753
1.0,32.0,4.0,1.0,1.0,1.0,63.0,32.0,0,0.5015625,32768.0,0.125,6400000.0,0.5273919092465753
1.0,64.0,1.0,1.0,1.0,1.0,35.0,32.0,0,0.5015625,4096.0,4096.0,6400000.0,0.5273919092465753
1.0,32.0,8.0,1.0,1.0,1.0,543.0,32.0,0,0.5015625,1024.0,4.0,6400000.0,0.5273919092465753
1.0,32.0,4.0,1.0,1.0,1.0,63.0,32.0,0,0.5015625,16384.0,16.0,6400000.0,0.5273919092465753
64.0,64.0,1.0,6.0,133.0,128.0,4232.0,12288.0,0,0.940625,0.5,0.0625,6400000.0,0.93818646037182
1.0,64.0,1.0,1.0,1.0,1.0,35.0,32.0,0,0.5015625,512.0,16.0,6400000.0,0.5273919092465753
1.0,32.0,8.0,1.0,1.0,1.0,543.0,32.0,0,0.5015625,1024.0,0.00390625,6400000.0,0.5273919092465753
32.0,32.0,8.0,17.0,624.0,759.0,23939.0,117344.0,0,0.971875,8.0,2.0,6400000.0,0.9671393407534247
32.0,32.0,8.0,5.0,196.0,196.0,8910.0,27264.0,0,0.940625,256.0,0.0625,6400000.0,0.9409246575342465
32.0,32.0,8.0,8.0,482.0,508.0,18822.0,77184.0,0,0.959375,64.0,1.0,6400000.0,0.9557936338062621
1.0,32.0,4.0,1.0,1.0,1.0,63.0,32.0,0,0.5015625,16384.0,0.015625,6400000.0,0.5273919092465753
1.0,32.0,8.0,1.0,1.0,1.0,543.0,32.0,0,0.5015625,512.0,0.5,6400000.0,0.5273919092465753
64.0,64.0,1.0,6.0,133.0,128.0,4232.0,12288.0,0,0.940625,0.00390625,0.125,6400000.0,0.93818646037182
1.0,64.0,1.0,1.0,1.0,1.0,35.0,32.0,0,0.5015625,32768.0,1024.0,6400000.0,0.5273919092465753
1.0,32.0,8.0,1.0,1.0,1.0,543.0,32.0,0,0.5015625,2048.0,32.0,6400000.0,0.5273919092465753
1.0,32.0,8.0,1.0,1.0,1.0,543.0,32.0,0,0.5015625,512.0,512.0,6400000.0,0.5273919092465753
1.0,32.0,4.0,1.0,1.0,1.0,63.0,32.0,0,0.5015625,16384.0,16384.0,6400000.0,0.5273919092465753
64.0,64.0,1.0,6.0,133.0,128.0,4232.0,12288.0,0,0.940625,0.015625,0.00390625,6400000.0,0.93818646037182
32.0,32.0,8.0,5.0,196.0,196.0,8910.0,27264.0,0,0.940625,32.0,128.0,6400000.0,0.9409246575342465
32.0,32.0,8.0,28.0,808.0,900.0,29992.0,139904.0,0,0.9765625,0.0,0.000976562,6400000.0,0.9733977495107631
1.0,32.0,8.0,1.0,1.0,1.0,543.0,32.0,0,0.5015625,2048.0,0.03125,6400000.0,0.5273919092465753
1.0,64.0,1.0,1.0,1.0,1.0,35.0,32.0,0,0.5015625,0.00195312,16384.0,6400000.0,0.5273919092465753
64.0,64.0,1.0,6.0,133.0,128.0,4232.0,12288.0,0,0.940625,1.0,0.0,6400000.0,0.93818646037182
64.0,64.0,2.0,16.0,269.0,253.0,8526.0,32288.0,0,0.940625,0.0,0.0078125,6400000.0,0.942881604696673
64.0,64.0,1.0,6.0,133.0,128.0,4232.0,12288.0,0,0.940625,0.0,0.5,6400000.0,0.93818646037182
64.0,64.0,1.0,6.0,133.0,128.0,4232.0,12288.0,0,0.940625,0.0,0.0,6400000.0,0.93818646037182
32.0,32.0,8.0,10.0,458.0,563.0,18322.0,85984.0,0,0.959375,32.0,0.125,6400000.0,0.9628371147260273
1.0,32.0,8.0,1.0,1.0,1.0,543.0,32.0,0,0.5015625,1024.0,4096.0,6400000.0,0.5273919092465753
64.0,64.0,1.0,5.0,132.0,128.0,4220.0,12288.0,0,0.940625,128.0,0.0,6400000.0,0.9033657962328766
1.0,64.0,2.0,1.0,1.0,1.0,39.0,32.0,0,0.5015625,0.0,8192.0,6400000.0,0.5273919092465753
64.0,64.0,2.0,9.0,260.0,252.0,8412.0,32128.0,0,0.940625,0.0,8.0,6400000.0,0.9409246575342465
1.0,32.0,8.0,1.0,1.0,1.0,543.0,32.0,0,0.5015625,4096.0,256.0,6400000.0,0.5273919092465753
32.0,32.0,8.0,5.0,229.0,235.0,10005.0,33504.0,0,0.940625,256.0,64.0,6400000.0,0.9229352678571427
1.0,64.0,1.0,1.0,1.0,1.0,35.0,32.0,0,0.5015625,512.0,16384.0,6400000.0,0.5273919092465753
1.0,64.0,1.0,1.0,1.0,1.0,35.0,32.0,0,0.5015625,8192.0,0.03125,6400000.0,0.5273919092465753
64.0,64.0,2.0,16.0,269.0,253.0,8526.0,32288.0,0,0.940625,0.000976562,0.0625,6400000.0,0.942881604696673
64.0,64.0,2.0,6.0,241.0,236.0,7820.0,29568.0,0,0.940625,0.000976562,64.0,6400000.0,0.9409246575342465
1.0,64.0,1.0,1.0,1.0,1.0,35.0,32.0,0,0.5015625,0.015625,4096.0,6400000.0,0.5273919092465753
32.0,32.0,8.0,28.0,808.0,900.0,29992.0,139904.0,0,0.9765625,0.00390625,0.0,6400000.0,0.9733977495107631
1.0,32.0,8.0,1.0,1.0,1.0,543.0,32.0,0,0.5015625,4096.0,0.25,6400000.0,0.5273919092465753
1.0,32.0,8.0,1.0,1.0,1.0,543.0,32.0,0,0.5015625,8192.0,0.00195312,6400000.0,0.5273919092465753
1.0,32.0,8.0,1.0,1.0,1.0,543.0,32.0,0,0.5015625,2048.0,32768.0,6400000.0,0.5273919092465753
1.0,64.0,1.0,1.0,1.0,1.0,35.0,32.0,0,0.5015625,0.03125,32768.0,6400000.0,0.5273919092465753
64.0,64.0,1.0,6.0,133.0,128.0,4232.0,12288.0,0,0.940625,1.0,0.5,6400000.0,0.93818646037182
1.0,64.0,1.0,1.0,1.0,1.0,35.0,32.0,0,0.5015625,1024.0,0.125,6400000.0,0.5273919092465753
64.0,64.0,1.0,6.0,133.0,128.0,4232.0,12288.0,0,0.940625,0.015625,4.0,6400000.0,0.9389677103718199
1.0,32.0,8.0,1.0,1.0,1.0,543.0,32.0,0,0.5015625,0.015625,32768.0,6400000.0,0.5273919092465753
64.0,64.0,1.0,6.0,133.0,128.0,4232.0,12288.0,0,0.940625,0.03125,0.03125,6400000.0,0.93818646037182
64.0,64.0,1.0,5.0,132.0,128.0,4220.0,12288.0,0,0.940625,0.03125,32.0,6400000.0,0.93818646037182
1.0,32.0,8.0,1.0,1.0,1.0,543.0,32.0,0,0.5015625,0.0,1024.0,6400000.0,0.5273919092465753
1.0,64.0,1.0,1.0,1.0,1.0,35.0,32.0,0,0.5015625,0.0,512.0,6400000.0,0.5273919092465753
1.0,32.0,8.0,1.0,1.0,1.0,543.0,32.0,0,0.5015625,0.000976562,8192.0,6400000.0,0.5273919092465753
1.0,64.0,1.0,1.0,1.0,1.0,35.0,32.0,0,0.5015625,1024.0,128.0,6400000.0,0.5273919092465753
64.0,64.0,2.0,16.0,269.0,253.0,8526.0,32288.0,0,0.940625,0.00195312,0.0,6400000.0,0.942881604696673
1.0,64.0,1.0,1.0,1.0,1.0,35.0,32.0,0,0.5015625,1.0,512.0,6400000.0,0.5273919092465753
32.0,32.0,8.0,28.0,808.0,900.0,29992.0,139904.0,0,0.9765625,0.0078125,0.00390625,6400000.0,0.9730063600782778
64.0,64.0,1.0,6.0,133.0,128.0,4232.0,12288.0,0,0.940625,2.0,0.00390625,6400000.0,0.9389677103718199
64.0,64.0,1.0,6.0,133.0,128.0,4232.0,12288.0,0,0.940625,0.0625,0.25,6400000.0,0.93818646037182
32.0,32.0,8.0,28.0,808.0,900.0,29992.0,139904.0,0,0.9765625,0.000976562,0.0078125,6400000.0,0.9730063600782778
64.0,64.0,1.0,5.0,132.0,128.0,4220.0,12288.0,0,0.940625,0.00390625,128.0,6400000.0,0.9033657962328766
64.0,64.0,1.0,5.0,132.0,128.0,4220.0,12288.0,0,0.940625,2.0,4.0,6400000.0,0.9389677103718199
32.0,32.0,8.0,28.0,804.0,899.0,29863.0,139744.0,0,0.975,0.0625,0.00195312,6400000.0,0.9733977495107631
1.0,32.0,8.0,1.0,1.0,1.0,543.0,32.0,0,0.5015625,8192.0,2.0,6400000.0,0.5273919092465753
64.0,64.0,1.0,5.0,132.0,128.0,4220.0,12288.0,0,0.940625,128.0,0.5,6400000.0,0.9033657962328766
1.0,64.0,2.0,1.0,1.0,1.0,39.0,32.0,0,0.5015625,0.00195312,512.0,6400000.0,0.5273919092465753
64.0,64.0,2.0,15.0,268.0,253.0,8515.0,32288.0,0,0.940625,0.00195312,0.5,6400000.0,0.9420988258317025
32.0,32.0,8.0,26.0,800.0,904.0,29782.0,140544.0,0,0.9765625,0.0,1.0,6400000.0,0.9745719178082191
64.0,64.0,2.0,11.0,263.0,253.0,8470.0,32288.0,0,0.940625,0.00390625,4.0,6400000.0,0.9420988258317025
64.0,64.0,2.0,16.0,269.0,253.0,8526.0,32288.0,0,0.940625,0.00390625,0.00390625,6400000.0,0.942881604696673
1.0,64.0,1.0,1.0,1.0,1.0,35.0,32.0,0,0.5015625,8192.0,32.0,6400000.0,0.5273919092465753
1.0,32.0,8.0,1.0,1.0,1.0,543.0,32.0,0,0.5015625,0.0078125,4096.0,6400000.0,0.5273919092465753
1.0,64.0,1.0,1.0,1.0,1.0,35.0,32.0,0,0.5015625,2.0,4096.0,6400000.0,0.5273919092465753
1.0,32.0,8.0,1.0,1.0,1.0,543.0,32.0,0,0.5015625,0.00390625,512.0,6400000.0,0.5273919092465753
64.0,64.0,1.0,4.0,131.0,128.0,4209.0,12288.0,0,0.9078125,0.0625,256.0,6400000.0,0.9033657962328766
1.0,64.0,1.0,1.0,1.0,1.0,35.0,32.0,0,0.5015625,4.0,32768.0,6400000.0,0.5273919092465753
32.0,32.0,8.0,28.0,804.0,899.0,29863.0,139744.0,0,0.975,0.00195312,0.0625,6400000.0,0.9733977495107631
1.0,64.0,1.0,1.0,1.0,1.0,35.0,32.0,0,0.5015625,0.125,2048.0,6400000.0,0.5273919092465753
64.0,64.0,1.0,6.0,133.0,128.0,4232.0,12288.0,0,0.940625,4.0,0.03125,6400000.0,0.9389677103718199
1.0,32.0,8.0,1.0,1.0,1.0,543.0,32.0,0,0.5015625,8192.0,2048.0,6400000.0,0.5273919092465753
64.0,64.0,1.0,5.0,132.0,128.0,4220.0,12288.0,0,0.940625,4.0,32.0,6400000.0,0.9389677103718199
1.0,64.0,1.0,1.0,1.0,1.0,35.0,32.0,0,0.5015625,8192.0,32768.0,6400000.0,0.5273919092465753
32.0,32.0,8.0,17.0,674.0,828.0,25608.0,128384.0,0,0.9734375,0.000976562,8.0,6400000.0,0.966356561888454
1.0,64.0,1.0,1.0,1.0,1.0,35.0,32.0,0,0.5015625,16384.0,0.25,6400000.0,0.5273919092465753
32.0,32.0,8.0,8.0,445.0,469.0,17599.0,70944.0,0,0.959375,0.00195312,64.0,6400000.0,0.9471930039138943
64.0,64.0,1.0,6.0,133.0,128.0,4232.0,12288.0,0,0.940625,0.125,0.00195312,6400000.0,0.93818646037182
32.0,32.0,8.0,28.0,800.0,899.0,29735.0,139744.0,0,0.978125,0.5,0.000976562,6400000.0,0.9730063600782778
64.0,64.0,1.0,6.0,133.0,128.0,4232.0,12288.0,0,0.940625,0.125,2.0,6400000.0,0.9389677103718199
64.0,64.0,1.0,6.0,133.0,128.0,4232.0,12288.0,0,0.940625,0.000976562,0.00390625,6400000.0,0.93818646037182
64.0,64.0,1.0,5.0,132.0,128.0,4220.0,12288.0,0,0.940625,16.0,0.00195312,6400000.0,0.93818646037182
1.0,32.0,8.0,1.0,1.0,1.0,543.0,32.0,0,0.5015625,0.125,16384.0,6400000.0,0.5273919092465753
1.0,32.0,8.0,1.0,1.0,1.0,543.0,32.0,0,0.5015625,0.0625,2048.0,6400000.0,0.5273919092465753
64.0,64.0,1.0,5.0,132.0,128.0,4220.0,12288.0,0,0.940625,8.0,0.25,6400000.0,0.9389677103718199
32.0,32.0,8.0,28.0,804.0,899.0,29863.0,139744.0,0,0.975,0.015625,0.03125,6400000.0,0.9733977495107631
32.0,32.0,8.0,28.0,808.0,906.0,29998.0,140864.0,0,0.978125,0.125,0.015625,6400000.0,0.9733977495107631
32.0,32.0,8.0,5.0,196.0,196.0,8910.0,27264.0,0,0.940625,0.03125,256.0,6400000.0,0.9409246575342465
32.0,32.0,8.0,28.0,801.0,900.0,29768.0,139904.0,0,0.978125,0.03125,0.25,6400000.0,0.9722235812133071
64.0,64.0,1.0,6.0,133.0,128.0,4232.0,12288.0,0,0.940625,0.000976562,4.0,6400000.0,0.9389677103718199
1.0,32.0,8.0,1.0,1.0,1.0,543.0,32.0,0,0.5015625,1.0,8192.0,6400000.0,0.5273919092465753
64.0,64.0,1.0,4.0,131.0,128.0,4209.0,12288.0,0,0.9078125,8.0,256.0,6400000.0,0.9033657962328766
1.0,64.0,1.0,1.0,1.0,1.0,35.0,32.0,0,0.5015625,0.000976562,4096.0,6400000.0,0.5273919092465753
32.0,32.0,8.0,28.0,800.0,899.0,29735.0,139744.0,0,0.978125,0.00390625,0.5,6400000.0,0.9730063600782778
64.0,64.0,1.0,6.0,133.0,128.0,4232.0,12288.0,0,0.940625,0.25,0.015625,6400000.0,0.93818646037182
1.0,32.0,8.0,1.0,1.0,1.0,543.0,32.0,0,0.5015625,0.5,1024.0,6400000.0,0.5273919092465753
32.0,32.0,8.0,10.0,457.0,562.0,18289.0,85824.0,0,0.959375,0.015625,32.0,6400000.0,0.9620543358610567
32.0,32.0,8.0,26.0,800.0,904.0,29782.0,140544.0,0,0.9765625,1.0,0.0078125,6400000.0,0.9745719178082191
64.0,64.0,1.0,5.0,132.0,128.0,4220.0,12288.0,0,0.940625,16.0,2.0,6400000.0,0.93818646037182
64.0,64.0,1.0,5.0,132.0,128.0,4220.0,12288.0,0,0.940625,0.25,16.0,6400000.0,0.93818646037182
32.0,32.0,8.0,23.0,782.0,904.0,29269.0,140544.0,0,0.9734375,0.0625,2.0,6400000.0,0.9718344850782777
32.0,32.0,8.0,22.0,771.0,894.0,28928.0,138944.0,0,0.978125,0.0078125,4.0,6400000.0,0.9710486484833659
1.0,32.0,8.0,1.0,1.0,1.0,543.0,32.0,0,0.5015625,16384.0,0.015625,6400000.0,0.5273919092465753
1.0,64.0,1.0,1.0,1.0,1.0,35.0,32.0,0,0.5015625,2048.0,0.000976562,6400000.0,0.5273919092465753
1.0,64.0,2.0,1.0,1.0,1.0,39.0,32.0,0,0.5015625,0.00390625,4096.0,6400000.0,0.5273919092465753
1.0,64.0,1.0,1.0,1.0,1.0,35.0,32.0,0,0.5015625,2048.0,1.0,6400000.0,0.5273919092465753
32.0,32.0,8.0,28.0,800.0,899.0,29735.0,139744.0,0,0.978125,0.25,0.125,6400000.0,0.9722235812133071
32.0,32.0,8.0,22.0,771.0,894.0,28928.0,138944.0,0,0.978125,4.0,0.0,6400000.0,0.9710486484833659
1.0,64.0,1.0,1.0,1.0,1.0,35.0,32.0,0,0.5015625,16.0,2048.0,6400000.0,0.5273919092465753
1.0,32.0,8.0,1.0,1.0,1.0,543.0,32.0,0,0.5015625,16384.0,16.0,6400000.0,0.5273919092465753
64.0,64.0,1.0,6.0,133.0,128.0,4232.0,12288.0,0,0.940625,0.0078125,0.000976562,6400000.0,0.93818646037182
1.0,64.0,1.0,1.0,1.0,1.0,35.0,32.0,0,0.5015625,2048.0,1024.0,6400000.0,0.5273919092465753
1.0,64.0,1.0,1.0,1.0,1.0,35.0,32.0,0,0.5015625,128.0,512.0,6400000.0,0.5273919092465753
64.0,64.0,1.0,6.0,133.0,128.0,4232.0,12288.0,0,0.940625,0.00195312,0.03125,6400000.0,0.93818646037182
32.0,32.0,8.0,8.0,487.0,514.0,18988.0,78144.0,0,0.959375,64.0,0.00195312,6400000.0,0.9522711289138943
32.0,32.0,8.0,5.0,196.0,196.0,8910.0,27264.0,0,0.940625,0.25,128.0,6400000.0,0.9409246575342465
64.0,64.0,2.0,16.0,269.0,253.0,8526.0,32288.0,0,0.940625,0.0078125,0.03125,6400000.0,0.942881604696673
64.0,64.0,1.0,4.0,131.0,128.0,4209.0,12288.0,0,0.9078125,256.0,0.00390625,6400000.0,0.9033657962328766
32.0,32.0,8.0,23.0,760.0,894.0,28555.0,138944.0,0,0.978125,0.5,1.0,6400000.0,0.9702689273483365
64.0,64.0,1.0,6.0,133.0,128.0,4232.0,12288.0,0,0.940625,0.0078125,1.0,6400000.0,0.93818646037182
1.0,64.0,1.0,1.0,1.0,1.0,35.0,32.0,0,0.5015625,256.0,4096.0,6400000.0,0.5273919092465753
64.0,64.0,1.0,4.0,131.0,128.0,4209.0,12288.0,0,0.9078125,256.0,4.0,6400000.0,0.9033657962328766
1.0,64.0,1.0,1.0,1.0,1.0,35.0,32.0,0,0.5015625,32.0,16384.0,6400000.0,0.5273919092465753
1.0,64.0,1.0,1.0,1.0,1.0,35.0,32.0,0,0.5015625,0.25,16384.0,6400000.0,0.5273919092465753
1.0,32.0,8.0,1.0,1.0,1.0,543.0,32.0,0,0.5015625,32768.0,0.125,6400000.0,0.5273919092465753
64.0,64.0,1.0,5.0,132.0,128.0,4220.0,12288.0,0,0.940625,32.0,0.015625,6400000.0,0.93818646037182
64.0,64.0,2.0,8.0,252.0,245.0,8170.0,31008.0,0,0.940625,0.0078125,32.0,6400000.0,0.9409246575342465
64.0,64.0,1.0,5.0,132.0,128.0,4220.0,12288.0,0,0.940625,32.0,16.0,6400000.0,0.9389677103718199
32.0,32.0,8.0,13.0,640.0,729.0,24505.0,112544.0,0,0.9671875,0.125,16.0,6400000.0,0.9620543358610567
1.0,32.0,8.0,1.0,1.0,1.0,543.0,32.0,0,0.5015625,16.0,32768.0,6400000.0,0.5273919092465753
1.0,32.0,8.0,1.0,1.0,1.0,543.0,32.0,0,0.5015625,8.0,4096.0,6400000.0,0.5273919092465753
1.0,64.0,1.0,1.0,1.0,1.0,35.0,32.0,0,0.5015625,16384.0,256.0,6400000.0,0.5273919092465753
64.0,64.0,1.0,5.0,132.0,128.0,4220.0,12288.0,0,0.940625,0.00195312,32.0,6400000.0,0.93818646037182
1.0,32.0,8.0,1.0,1.0,1.0,543.0,32.0,0,0.5015625,32768.0,128.0,6400000.0,0.5273919092465753
1.0,32.0,8.0,1.0,1.0,1.0,543.0,32.0,0,0.5015625,16384.0,16384.0,6400000.0,0.5273919092465753
1.0,32.0,8.0,1.0,1.0,1.0,543.0,32.0,0,0.5015625,4.0,512.0,6400000.0,0.5273919092465753
1.0,64.0,2.0,1.0,1.0,1.0,39.0,32.0,0,0.5015625,0.0078125,32768.0,6400000.0,0.5273919092465753
32.0,32.0,8.0,17.0,674.0,828.0,25608.0,128384.0,0,0.9734375,8.0,0.00390625,6400000.0,0.9683135090508805
64.0,64.0,1.0,5.0,132.0,128.0,4220.0,12288.0,0,0.940625,0.5,128.0,6400000.0,0.9033657962328766
64.0,64.0,2.0,15.0,268.0,253.0,8515.0,32288.0,0,0.940625,0.015625,0.25,6400000.0,0.9420988258317025
1.0,32.0,8.0,1.0,1.0,1.0,543.0,32.0,0,0.5015625,512.0,0.000976562,6400000.0,0.5273919092465753
32.0,32.0,8.0,16.0,675.0,830.0,25663.0,128704.0,0,0.9734375,1.0,8.0,6400000.0,0.96753073018591
64.0,64.0,2.0,5.0,235.0,231.0,7641.0,28768.0,0,0.940625,0.015625,256.0,6400000.0,0.9409246575342465
32.0,32.0,8.0,5.0,196.0,196.0,8910.0,27264.0,0,0.940625,128.0,0.015625,6400000.0,0.9409246575342465
1.0,64.0,1.0,1.0,1.0,1.0,35.0,32.0,0,0.5015625,4096.0,0.0078125,6400000.0,0.5273919092465753
64.0,64.0,2.0,16.0,269.0,253.0,8526.0,32288.0,0,0.940625,0.03125,0.00195312,6400000.0,0.942881604696673
1.0,64.0,1.0,1.0,1.0,1.0,35.0,32.0,0,0.5015625,0.0078125,1024.0,6400000.0,0.5273919092465753
32.0,32.0,8.0,8.0,444.0,468.0,17566.0,70784.0,0,0.959375,2.0,64.0,6400000.0,0.9460188356164384
32.0,32.0,8.0,23.0,782.0,904.0,29269.0,140544.0,0,0.9734375,2.0,0.0625,6400000.0,0.9718344850782777
1.0,32.0,8.0,1.0,1.0,1.0,543.0,32.0,0,0.5015625,64.0,2048.0,6400000.0,0.5273919092465753
1.0,64.0,1.0,1.0,1.0,1.0,35.0,32.0,0,0.5015625,4096.0,8.0,6400000.0,0.5273919092465753
64.0,64.0,1.0,4.0,131.0,128.0,4209.0,12288.0,0,0.9078125,64.0,128.0,6400000.0,0.9033657962328766
64.0,64.0,1.0,5.0,132.0,128.0,4220.0,12288.0,0,0.940625,64.0,0.125,6400000.0,0.9385778498043053
1.0,32.0,8.0,1.0,1.0,1.0,543.0,32.0,0,0.5015625,128.0,16384.0,6400000.0,0.5273919092465753
1.0,64.0,1.0,1.0,1.0,1.0,35.0,32.0,0,0.5015625,512.0,0.03125,6400000.0,0.5273919092465753
1.0,64.0,2.0,1.0,1.0,1.0,39.0,32.0,0,0.5015625,0.03125,2048.0,6400000.0,0.5273919092465753
1.0,64.0,1.0,1.0,1.0,1.0,35.0,32.0,0,0.5015625,32768.0,2.0,6400000.0,0.5273919092465753
32.0,32.0,8.0,21.0,772.0,893.0,28980.0,138784.0,0,0.9765625,4.0,0.5,6400000.0,0.9698752446183952
64.0,64.0,2.0,14.0,267.0,253.0,8504.0,32288.0,0,0.9421875,0.03125,2.0,6400000.0,0.9420988258317025
1.0,64.0,1.0,1.0,1.0,1.0,35.0,32.0,0,0.5015625,32768.0,0.00195312,6400000.0,0.5273919092465753
32.0,32.0,8.0,13.0,641.0,730.0,24538.0,112704.0,0,0.9671875,16.0,0.03125,6400000.0,0.9628371147260275
1.0,32.0,8.0,1.0,1.0,1.0,543.0,32.0,0,0.5015625,1024.0,8.0,6400000.0,0.5273919092465753
32.0,32.0,8.0,5.0,196.0,196.0,8910.0,27264.0,0,0.940625,128.0,16.0,6400000.0,0.9409246575342465
1.0,64.0,1.0,1.0,1.0,1.0,35.0,32.0,0,0.5015625,4096.0,8192.0,6400000.0,0.5273919092465753
64.0,64.0,2.0,16.0,269.0,253.0,8526.0,32288.0,0,0.940625,0.0625,0.015625,6400000.0,0.942881604696673
32.0,32.0,8.0,5.0,196.0,196.0,8910.0,27264.0,0,0.940625,256.0,0.125,6400000.0,0.9409246575342465
32.0,32.0,8.0,8.0,460.0,542.0,18152.0,82624.0,0,0.959375,16.0,32.0,6400000.0,0.9569662732387474
1.0,64.0,1.0,1.0,1.0,1.0,35.0,32.0,0,0.5015625,512.0,32.0,6400000.0,0.5273919092465753
1.0,32.0,8.0,1.0,1.0,1.0,543.0,32.0,0,0.5015625,1024.0,0.0078125,6400000.0,0.5273919092465753
1.0,64.0,2.0,1.0,1.0,1.0,39.0,32.0,0,0.5015625,0.0625,16384.0,6400000.0,0.5273919092465753
64.0,64.0,2.0,9.0,256.0,248.0,8280.0,31488.0,0,0.940625,0.0625,16.0,6400000.0,0.9409246575342465
64.0,64.0,1.0,6.0,133.0,128.0,4232.0,12288.0,0,0.940625,0.5,0.125,6400000.0,0.93818646037182
32.0,32.0,8.0,16.0,796.0,871.0,29576.0,135264.0,0,0.9703125,8.0,4.0,6400000.0,0.9671423984833659
1.0,32.0,8.0,1.0,1.0,1.0,543.0,32.0,0,0.5015625,512.0,1.0,6400000.0,0.5273919092465753
32.0,32.0,8.0,8.0,482.0,508.0,18822.0,77184.0,0,0.959375,64.0,2.0,6400000.0,0.9522711289138943
1.0,64.0,1.0,1.0,1.0,1.0,35.0,32.0,0,0.5015625,32768.0,2048.0,6400000.0,0.5273919092465753
1.0,32.0,8.0,1.0,1.0,1.0,543.0,32.0,0,0.5015625,2048.0,64.0,6400000.0,0.5273919092465753
64.0,64.0,2.0,15.0,268.0,253.0,8515.0,32288.0,0,0.940625,0.125,0.125,6400000.0,0.9420988258317025
1.0,32.0,8.0,1.0,1.0,1.0,543.0,32.0,0,0.5015625,512.0,1024.0,6400000.0,0.5273919092465753
64.0,64.0,1.0,6.0,133.0,128.0,4232.0,12288.0,0,0.940625,0.00390625,0.25,6400000.0,0.93818646037182
1.0,32.0,8.0,1.0,1.0,1.0,543.0,32.0,0,0.5015625,2048.0,0.0625,6400000.0,0.5273919092465753
32.0,32.0,8.0,5.0,191.0,191.0,8745.0,26464.0,0,0.940625,32.0,256.0,6400000.0,0.9409246575342465
64.0,64.0,1.0,5.0,132.0,128.0,4220.0,12288.0,0,0.940625,128.0,0.000976562,6400000.0,0.9033657962328766
64.0,64.0,1.0,6.0,133.0,128.0,4232.0,12288.0,0,0.940625,1.0,0.000976562,6400000.0,0.93818646037182
64.0,64.0,1.0,6.0,133.0,128.0,4232.0,12288.0,0,0.940625,0.015625,0.0078125,6400000.0,0.93818646037182
1.0,32.0,8.0,1.0,1.0,1.0,543.0,32.0,0,0.5015625,1024.0,8192.0,6400000.0,0.5273919092465753
64.0,64.0,1.0,6.0,133.0,128.0,4232.0,12288.0,0,0.940625,0.0,0.000976562,6400000.0,0.93818646037182
1.0,64.0,1.0,1.0,1.0,1.0,35.0,32.0,0,0.5015625,0.00195312,32768.0,6400000.0,0.5273919092465753
64.0,64.0,2.0,16.0,269.0,253.0,8526.0,32288.0,0,0.940625,0.0,0.015625,6400000.0,0.942881604696673
64.0,64.0,1.0,6.0,133.0,128.0,4232.0,12288.0,0,0.940625,0.0,1.0,6400000.0,0.93818646037182
64.0,64.0,2.0,5.0,235.0,231.0,7641.0,28768.0,0,0.940625,0.125,128.0,6400000.0,0.9409246575342465
1.0,64.0,2.0,1.0,1.0,1.0,39.0,32.0,0,0.5015625,0.0,16384.0,6400000.0,0.5273919092465753
1.0,32.0,8.0,1.0,1.0,1.0,543.0,32.0,0,0.5015625,4096.0,512.0,6400000.0,0.5273919092465753
1.0,64.0,1.0,1.0,1.0,1.0,35.0,32.0,0,0.5015625,512.0,32768.0,6400000.0,0.5273919092465753
32.0,32.0,8.0,10.0,458.0,563.0,18322.0,85984.0,0,0.959375,32.0,0.25,6400000.0,0.9628371147260273
64.0,64.0,2.0,9.0,253.0,245.0,8181.0,31008.0,0,0.940625,0.0,16.0,6400000.0,0.9409246575342465
1.0,64.0,1.0,1.0,1.0,1.0,35.0,32.0,0,0.5015625,8192.0,0.0625,6400000.0,0.5273919092465753
32.0,32.0,8.0,5.0,176.0,193.0,8267.0,26784.0,0,0.940625,256.0,128.0,6400000.0,0.9033657962328766
1.0,64.0,1.0,1.0,1.0,1.0,35.0,32.0,0,0.5015625,0.015625,8192.0,6400000.0,0.5273919092465753
1.0,32.0,8.0,1.0,1.0,1.0,543.0,32.0,0,0.5015625,8192.0,0.00390625,6400000.0,0.5273919092465753
64.0,64.0,2.0,16.0,269.0,253.0,8526.0,32288.0,0,0.940625,0.000976562,0.125,6400000.0,0.942881604696673
64.0,64.0,2.0,5.0,235.0,231.0,7641.0,28768.0,0,0.940625,0.000976562,128.0,6400000.0,0.9409246575342465
1.0,32.0,8.0,1.0,1.0,1.0,543.0,32.0,0,0.5015625,4096.0,0.5,6400000.0,0.5273919092465753
64.0,64.0,1.0,6.0,133.0,128.0,4232.0,12288.0,0,0.940625,1.0,1.0,6400000.0,0.9389677103718199
1.0,32.0,8.0,1.0,1.0,1.0,543.0,32.0,0,0.5015625,4096.0,0.0,6400000.0,0.5273919092465753
1.0,64.0,1.0,1.0,1.0,1.0,35.0,32.0,0,0.5015625,1024.0,0.25,6400000.0,0.5273919092465753
64.0,64.0,2.0,15.0,268.0,253.0,8515.0,32288.0,0,0.940625,0.25,1.0,6400000.0,0.942881604696673
64.0,64.0,1.0,6.0,133.0,128.0,4232.0,12288.0,0,0.940625,0.0625,0.0,6400000.0,0.93818646037182
64.0,64.0,2.0,15.0,268.0,253.0,8515.0,32288.0,0,0.940625,0.25,0.000976562,6400000.0,0.9420988258317025
64.0,64.0,1.0,5.0,132.0,128.0,4220.0,12288.0,0,0.940625,0.015625,8.0,6400000.0,0.9389677103718199
64.0,64.0,1.0,6.0,133.0,128.0,4232.0,12288.0,0,0.940625,0.03125,0.0625,6400000.0,0.93818646037182
64.0,64.0,1.0,5.0,132.0,128.0,4220.0,12288.0,0,0.940625,0.03125,64.0,6400000.0,0.9385778498043053
1.0,64.0,2.0,1.0,1.0,1.0,39.0,32.0,0,0.5015625,0.25,1024.0,6400000.0,0.5273919092465753
1.0,64.0,1.0,1.0,1.0,1.0,35.0,32.0,0,0.5015625,0.0,1024.0,6400000.0,0.5273919092465753
1.0,64.0,1.0,1.0,1.0,1.0,35.0,32.0,0,0.5015625,1.0,1024.0,6400000.0,0.5273919092465753
1.0,64.0,1.0,1.0,1.0,1.0,35.0,32.0,0,0.5015625,1024.0,256.0,6400000.0,0.5273919092465753
64.0,64.0,2.0,9.0,260.0,252.0,8412.0,32128.0,0,0.940625,0.5,8.0,6400000.0,0.9409246575342465
64.0,64.0,2.0,15.0,268.0,253.0,8515.0,32288.0,0,0.940625,0.5,0.0078125,6400000.0,0.9420988258317025
64.0,64.0,1.0,6.0,133.0,128.0,4232.0,12288.0,0,0.940625,2.0,0.0078125,6400000.0,0.9389677103718199
64.0,64.0,2.0,16.0,269.0,253.0,8526.0,32288.0,0,0.940625,0.00195312,0.000976562,6400000.0,0.942881604696673
1.0,64.0,2.0,1.0,1.0,1.0,39.0,32.0,0,0.5015625,0.5,8192.0,6400000.0,0.5273919092465753
64.0,64.0,1.0,6.0,133.0,128.0,4232.0,12288.0,0,0.940625,0.0625,0.5,6400000.0,0.93818646037182
64.0,64.0,1.0,4.0,131.0,128.0,4209.0,12288.0,0,0.9078125,0.00390625,256.0,6400000.0,0.9033657962328766
1.0,64.0,2.0,1.0,1.0,1.0,39.0,32.0,0,0.5015625,0.00195312,1024.0,6400000.0,0.5273919092465753
1.0,32.0,8.0,1.0,1.0,1.0,543.0,32.0,0,0.5015625,8192.0,4.0,6400000.0,0.5273919092465753
64.0,64.0,1.0,5.0,132.0,128.0,4220.0,12288.0,0,0.940625,128.0,1.0,6400000.0,0.9033657962328766
64.0,64.0,1.0,5.0,132.0,128.0,4220.0,12288.0,0,0.940625,2.0,8.0,6400000.0,0.93818646037182
64.0,64.0,2.0,9.0,260.0,252.0,8412.0,32128.0,0,0.940625,0.00390625,8.0,6400000.0,0.9409246575342465
64.0,64.0,2.0,15.0,268.0,253.0,8515.0,32288.0,0,0.940625,0.00195312,1.0,6400000.0,0.942881604696673
1.0,64.0,1.0,1.0,1.0,1.0,35.0,32.0,0,0.5015625,8192.0,64.0,6400000.0,0.5273919092465753
64.0,64.0,2.0,15.0,268.0,253.0,8515.0,32288.0,0,0.940625,1.0,0.0625,6400000.0,0.9424902152641877
64.0,64.0,2.0,16.0,269.0,253.0,8526.0,32288.0,0,0.940625,0.00390625,0.0078125,6400000.0,0.942881604696673
1.0,64.0,2.0,1.0,1.0,1.0,39.0,32.0,0,0.5015625,2.0,512.0,6400000.0,0.5273919092465753
1.0,64.0,1.0,1.0,1.0,1.0,35.0,32.0,0,0.5015625,2.0,8192.0,6400000.0,0.5273919092465753
64.0,64.0,2.0,12.0,265.0,253.0,8482.0,32288.0,0,0.940625,2.0,0.5,6400000.0,0.9424902152641877
64.0,64.0,2.0,6.0,240.0,235.0,7787.0,29408.0,0,0.940625,1.0,64.0,6400000.0,0.9409246575342465
1.0,64.0,1.0,1.0,1.0,1.0,35.0,32.0,0,0.5015625,0.0625,512.0,6400000.0,0.5273919092465753
64.0,64.0,2.0,14.0,267.0,253.0,8504.0,32288.0,0,0.940625,2.0,0.0,6400000.0,0.9424902152641877
1.0,32.0,8.0,1.0,1.0,1.0,543.0,32.0,0,0.5015625,8192.0,4096.0,6400000.0,0.5273919092465753
1.0,64.0,1.0,1.0,1.0,1.0,35.0,32.0,0,0.5015625,16384.0,0.5,6400000.0,0.5273919092465753
64.0,64.0,1.0,5.0,132.0,128.0,4220.0,12288.0,0,0.940625,8.0,0.0,6400000.0,0.9389677103718199
64.0,64.0,2.0,11.0,264.0,253.0,8471.0,32288.0,0,0.940625,4.0,0.00390625,6400000.0,0.9420988258317025
64.0,64.0,1.0,5.0,132.0,128.0,4220.0,12288.0,0,0.940625,4.0,64.0,6400000.0,0.9385778498043053
64.0,64.0,1.0,6.0,133.0,128.0,4232.0,12288.0,0,0.940625,4.0,0.0625,6400000.0,0.9389677103718199
1.0,64.0,1.0,1.0,1.0,1.0,35.0,32.0,0,0.5015625,16384.0,0.0,6400000.0,0.5273919092465753
1.0,64.0,1.0,1.0,1.0,1.0,35.0,32.0,0,0.5015625,0.125,4096.0,6400000.0,0.5273919092465753
64.0,64.0,1.0,6.0,133.0,128.0,4232.0,12288.0,0,0.940625,0.125,0.00390625,6400000.0,0.93818646037182
64.0,64.0,1.0,6.0,133.0,128.0,4232.0,12288.0,0,0.940625,0.125,4.0,6400000.0,0.9389677103718199
64.0,64.0,1.0,6.0,133.0,128.0,4232.0,12288.0,0,0.940625,0.000976562,0.0078125,6400000.0,0.93818646037182
1.0,64.0,2.0,1.0,1.0,1.0,39.0,32.0,0,0.5015625,4.0,4096.0,6400000.0,0.5273919092465753
64.0,64.0,2.0,9.0,261.0,252.0,8413.0,32128.0,0,0.940625,8.0,0.03125,6400000.0,0.9409246575342465
64.0,64.0,2.0,9.0,260.0,252.0,8412.0,32128.0,0,0.940625,4.0,4.0,6400000.0,0.9409246575342465
1.0,64.0,2.0,1.0,1.0,1.0,39.0,32.0,0,0.5015625,8.0,32768.0,6400000.0,0.5273919092465753
64.0,64.0,2.0,8.0,251.0,244.0,8137.0,30848.0,0,0.940625,8.0,32.0,6400000.0,0.9409246575342465
64.0,64.0,1.0,5.0,132.0,128.0,4220.0,12288.0,0,0.940625,16.0,0.00390625,6400000.0,0.93818646037182
64.0,64.0,2.0,5.0,235.0,231.0,7641.0,28768.0,0,0.940625,16.0,256.0,6400000.0,0.9409246575342465
1.0,64.0,1.0,1.0,1.0,1.0,35.0,32.0,0,0.5015625,8.0,512.0,6400000.0,0.5273919092465753
64.0,64.0,2.0,9.0,257.0,248.0,8281.0,31488.0,0,0.940625,16.0,0.25,6400000.0,0.9409246575342465
64.0,64.0,1.0,5.0,132.0,128.0,4220.0,12288.0,0,0.940625,8.0,0.5,6400000.0,0.93818646037182
1.0,64.0,2.0,1.0,1.0,1.0,39.0,32.0,0,0.5015625,32.0,2048.0,6400000.0,0.5273919092465753
64.0,64.0,2.0,8.0,253.0,245.0,8171.0,31008.0,0,0.940625,32.0,0.00195312,6400000.0,0.9409246575342465
1.0,64.0,1.0,1.0,1.0,1.0,35.0,32.0,0,0.5015625,0.000976562,8192.0,6400000.0,0.5273919092465753
64.0,64.0,1.0,5.0,132.0,128.0,4220.0,12288.0,0,0.940625,0.000976562,8.0,6400000.0,0.9389677103718199
64.0,64.0,2.0,6.0,241.0,236.0,7820.0,29568.0,0,0.940625,64.0,0.015625,6400000.0,0.9409246575342465
1.0,64.0,2.0,1.0,1.0,1.0,39.0,32.0,0,0.5015625,64.0,16384.0,6400000.0,0.5273919092465753
64.0,64.0,2.0,5.0,237.0,233.0,7707.0,29088.0,0,0.940625,64.0,16.0,6400000.0,0.9409246575342465
64.0,64.0,1.0,6.0,133.0,128.0,4232.0,12288.0,0,0.940625,0.25,0.03125,6400000.0,0.93818646037182
1.0,64.0,1.0,1.0,1.0,1.0,35.0,32.0,0,0.5015625,2048.0,0.00195312,6400000.0,0.5273919092465753
1.0,32.0,8.0,1.0,1.0,1.0,543.0,32.0,0,0.5015625,16384.0,0.03125,6400000.0,0.5273919092465753
64.0,64.0,1.0,5.0,132.0,128.0,4220.0,12288.0,0,0.940625,16.0,4.0,6400000.0,0.93818646037182
64.0,64.0,2.0,8.0,253.0,245.0,8171.0,31008.0,0,0.940625,32.0,2.0,6400000.0,0.9409246575342465
1.0,64.0,2.0,1.0,1.0,1.0,39.0,32.0,0,0.5015625,0.00390625,8192.0,6400000.0,0.5273919092465753
1.0,64.0,1.0,1.0,1.0,1.0,35.0,32.0,0,0.5015625,16.0,4096.0,6400000.0,0.5273919092465753
64.0,64.0,2.0,5.0,235.0,231.0,7641.0,28768.0,0,0.940625,128.0,0.125,6400000.0,0.9409246575342465
1.0,64.0,1.0,1.0,1.0,1.0,35.0,32.0,0,0.5015625,2048.0,2.0,6400000.0,0.5273919092465753
64.0,64.0,1.0,5.0,132.0,128.0,4220.0,12288.0,0,0.940625,0.25,32.0,6400000.0,0.9389677103718199
64.0,64.0,2.0,5.0,235.0,231.0,7641.0,28768.0,0,0.940625,128.0,128.0,6400000.0,0.9409246575342465
64.0,64.0,2.0,5.0,235.0,231.0,7641.0,28768.0,0,0.940625,256.0,0.000976562,6400000.0,0.9409246575342465
64.0,64.0,2.0,5.0,235.0,231.0,7641.0,28768.0,0,0.940625,256.0,1.0,6400000.0,0.9409246575342465
1.0,32.0,8.0,1.0,1.0,1.0,543.0,32.0,0,0.5015625,16384.0,32.0,6400000.0,0.5273919092465753
1.0,64.0,1.0,1.0,1.0,1.0,35.0,32.0,0,0.5015625,128.0,1024.0,6400000.0,0.5273919092465753
64.0,64.0,1.0,6.0,133.0,128.0,4232.0,12288.0,0,0.940625,0.0078125,0.00195312,6400000.0,0.93818646037182
1.0,64.0,1.0,1.0,1.0,1.0,35.0,32.0,0,0.5015625,2048.0,2048.0,6400000.0,0.5273919092465753
1.0,64.0,2.0,1.0,1.0,1.0,39.0,32.0,0,0.5015625,512.0,0.0078125,6400000.0,0.5273919092465753
1.0,64.0,2.0,1.0,1.0,1.0,39.0,32.0,0,0.5015625,256.0,1024.0,6400000.0,0.5273919092465753
1.0,64.0,2.0,1.0,1.0,1.0,39.0,32.0,0,0.5015625,512.0,8.0,6400000.0,0.5273919092465753
64.0,64.0,1.0,6.0,133.0,128.0,4232.0,12288.0,0,0.940625,0.00195312,0.0625,6400000.0,0.93818646037182
64.0,64.0,1.0,6.0,133.0,128.0,4232.0,12288.0,0,0.940625,0.0078125,2.0,6400000.0,0.9389677103718199
1.0,64.0,1.0,1.0,1.0,1.0,35.0,32.0,0,0.5015625,256.0,8192.0,6400000.0,0.5273919092465753
1.0,64.0,2.0,1.0,1.0,1.0,39.0,32.0,0,0.5015625,512.0,8192.0,6400000.0,0.5273919092465753
1.0,64.0,2.0,1.0,1.0,1.0,39.0,32.0,0,0.5015625,1024.0,0.0625,6400000.0,0.5273919092465753
1.0,64.0,1.0,1.0,1.0,1.0,35.0,32.0,0,0.5015625,32.0,32768.0,6400000.0,0.5273919092465753
64.0,64.0,1.0,4.0,131.0,128.0,4209.0,12288.0,0,0.9078125,256.0,0.0078125,6400000.0,0.9033657962328766
64.0,64.0,1.0,4.0,131.0,128.0,4209.0,12288.0,0,0.9078125,256.0,8.0,6400000.0,0.9033657962328766
1.0,64.0,1.0,1.0,1.0,1.0,35.0,32.0,0,0.5015625,16384.0,512.0,6400000.0,0.5273919092465753
1.0,64.0,1.0,1.0,1.0,1.0,35.0,32.0,0,0.5015625,0.25,32768.0,6400000.0,0.5273919092465753
1.0,64.0,2.0,1.0,1.0,1.0,39.0,32.0,0,0.5015625,2048.0,0.0,6400000.0,0.5273919092465753
1.0,32.0,8.0,1.0,1.0,1.0,543.0,32.0,0,0.5015625,32768.0,256.0,6400000.0,0.5273919092465753
1.0,64.0,2.0,1.0,1.0,1.0,39.0,32.0,0,0.5015625,2048.0,0.5,6400000.0,0.5273919092465753
1.0,64.0,2.0,1.0,1.0,1.0,39.0,32.0,0,0.5015625,1024.0,64.0,6400000.0,0.5273919092465753
1.0,32.0,8.0,1.0,1.0,1.0,543.0,32.0,0,0.5015625,16384.0,32768.0,6400000.0,0.5273919092465753
64.0,64.0,1.0,5.0,132.0,128.0,4220.0,12288.0,0,0.940625,32.0,0.03125,6400000.0,0.93818646037182
64.0,64.0,1.0,5.0,132.0,128.0,4220.0,12288.0,0,0.940625,32.0,32.0,6400000.0,0.9385778498043053
64.0,64.0,2.0,6.0,241.0,236.0,7820.0,29568.0,0,0.940625,0.0078125,64.0,6400000.0,0.9409246575342465
1.0,64.0,2.0,1.0,1.0,1.0,39.0,32.0,0,0.5015625,4096.0,4.0,6400000.0,0.5273919092465753
64.0,64.0,2.0,16.0,269.0,253.0,8526.0,32288.0,0,0.940625,0.0078125,0.0625,6400000.0,0.942881604696673
64.0,64.0,1.0,5.0,132.0,128.0,4220.0,12288.0,0,0.940625,0.00195312,64.0,6400000.0,0.9385778498043053
64.0,64.0,1.0,4.0,131.0,128.0,4209.0,12288.0,0,0.9078125,0.5,256.0,6400000.0,0.9033657962328766
1.0,64.0,2.0,1.0,1.0,1.0,39.0,32.0,0,0.5015625,2048.0,512.0,6400000.0,0.5273919092465753
1.0,32.0,8.0,1.0,1.0,1.0,543.0,32.0,0,0.5015625,32768.0,0.25,6400000.0,0.5273919092465753
1.0,64.0,1.0,1.0,1.0,1.0,35.0,32.0,0,0.5015625,0.0078125,2048.0,6400000.0,0.5273919092465753
64.0,64.0,2.0,15.0,268.0,253.0,8515.0,32288.0,0,0.940625,0.015625,0.5,6400000.0,0.9420988258317025
1.0,64.0,2.0,1.0,1.0,1.0,39.0,32.0,0,0.5015625,8192.0,0.03125,6400000.0,0.5273919092465753
1.0,64.0,1.0,1.0,1.0,1.0,35.0,32.0,0,0.5015625,4096.0,0.015625,6400000.0,0.5273919092465753
1.0,64.0,2.0,1.0,1.0,1.0,39.0,32.0,0,0.5015625,4096.0,0.00390625,6400000.0,0.5273919092465753
64.0,64.0,2.0,16.0,269.0,253.0,8526.0,32288.0,0,0.940625,0.03125,0.00390625,6400000.0,0.942881604696673
1.0,64.0,2.0,1.0,1.0,1.0,39.0,32.0,0,0.5015625,8192.0,32768.0,6400000.0,0.5273919092465753
1.0,64.0,2.0,1.0,1.0,1.0,39.0,32.0,0,0.5015625,8192.0,32.0,6400000.0,0.5273919092465753
1.0,64.0,2.0,1.0,1.0,1.0,39.0,32.0,0,0.5015625,4096.0,4096.0,6400000.0,0.5273919092465753
1.0,64.0,2.0,1.0,1.0,1.0,39.0,32.0,0,0.5015625,16384.0,0.25,6400000.0,0.5273919092465753
64.0,64.0,2.0,16.0,269.0,253.0,8526.0,32288.0,0,0.940625,0.015625,0.0,6400000.0,0.942881604696673
1.0,64.0,2.0,1.0,1.0,1.0,39.0,32.0,0,0.5015625,0.015625,512.0,6400000.0,0.5273919092465753
1.0,64.0,1.0,1.0,1.0,1.0,35.0,32.0,0,0.5015625,512.0,0.0625,6400000.0,0.5273919092465753
1.0,64.0,2.0,1.0,1.0,1.0,39.0,32.0,0,0.5015625,16384.0,256.0,6400000.0,0.5273919092465753
1.0,64.0,1.0,1.0,1.0,1.0,35.0,32.0,0,0.5015625,4096.0,16.0,6400000.0,0.5273919092465753
1.0,64.0,2.0,1.0,1.0,1.0,39.0,32.0,0,0.5015625,0.03125,4096.0,6400000.0,0.5273919092465753
64.0,64.0,1.0,5.0,132.0,128.0,4220.0,12288.0,0,0.940625,64.0,0.25,6400000.0,0.9385778498043053
64.0,64.0,1.0,4.0,131.0,128.0,4209.0,12288.0,0,0.9078125,64.0,256.0,6400000.0,0.9033657962328766
1.0,64.0,2.0,1.0,1.0,1.0,39.0,32.0,0,0.5015625,32768.0,2.0,6400000.0,0.5273919092465753
1.0,64.0,1.0,1.0,1.0,1.0,35.0,32.0,0,0.5015625,32768.0,0.00390625,6400000.0,0.5273919092465753
1.0,64.0,1.0,1.0,1.0,1.0,35.0,32.0,0,0.5015625,32768.0,4.0,6400000.0,0.5273919092465753
64.0,64.0,2.0,11.0,263.0,253.0,8470.0,32288.0,0,0.940625,0.03125,4.0,6400000.0,0.9420988258317025
1.0,64.0,1.0,1.0,1.0,1.0,35.0,32.0,0,0.5015625,4096.0,16384.0,6400000.0,0.5273919092465753
1.0,64.0,2.0,1.0,1.0,1.0,39.0,32.0,0,0.5015625,32768.0,0.00195312,6400000.0,0.5273919092465753
1.0,64.0,2.0,1.0,1.0,1.0,39.0,32.0,0,0.5015625,32768.0,2048.0,6400000.0,0.5273919092465753
64.0,64.0,2.0,16.0,269.0,253.0,8526.0,32288.0,0,0.940625,0.0625,0.03125,6400000.0,0.942881604696673
1.0,64.0,4.0,1.0,1.0,1.0,63.0,32.0,0,0.5015625,0.0,16384.0,6400000.0,0.5273919092465753
64.0,64.0,4.0,29.0,752.0,743.0,24390.0,110688.0,0,0.9734375,0.0,0.015625,6400000.0,0.961662181996086
64.0,64.0,4.0,13.0,729.0,728.0,23960.0,108288.0,0,0.9609375,0.0,16.0,6400000.0,0.9600996819960862
1.0,64.0,1.0,1.0,1.0,1.0,35.0,32.0,0,0.5015625,512.0,64.0,6400000.0,0.5273919092465753
64.0,64.0,1.0,6.0,133.0,128.0,4232.0,12288.0,0,0.940625,0.5,0.25,6400000.0,0.93818646037182
1.0,64.0,2.0,1.0,1.0,1.0,39.0,32.0,0,0.5015625,0.0625,32768.0,6400000.0,0.5273919092465753
1.0,64.0,1.0,1.0,1.0,1.0,35.0,32.0,0,0.5015625,32768.0,4096.0,6400000.0,0.5273919092465753
64.0,64.0,2.0,8.0,252.0,245.0,8170.0,31008.0,0,0.940625,0.0625,32.0,6400000.0,0.9409246575342465
64.0,64.0,4.0,6.0,537.0,538.0,17758.0,77888.0,0,0.940625,0.000976562,128.0,6400000.0,0.9409246575342465
64.0,64.0,4.0,27.0,749.0,742.0,24335.0,110528.0,0,0.9703125,0.000976562,0.125,6400000.0,0.961662181996086
64.0,64.0,1.0,6.0,133.0,128.0,4232.0,12288.0,0,0.940625,0.00390625,0.5,6400000.0,0.93818646037182
64.0,64.0,4.0,24.0,721.0,717.0,23477.0,106528.0,0,0.965625,0.00195312,1.0,6400000.0,0.9624464897260274
1.0,64.0,4.0,1.0,1.0,1.0,63.0,32.0,0,0.5015625,0.00195312,1024.0,6400000.0,0.5273919092465753
64.0,64.0,2.0,15.0,268.0,253.0,8515.0,32288.0,0,0.940625,0.125,0.25,6400000.0,0.9420988258317025
64.0,64.0,4.0,30.0,756.0,747.0,24501.0,111328.0,0,0.9734375,0.00195312,0.000976562,6400000.0,0.961662181996086
1.0,64.0,4.0,1.0,1.0,1.0,63.0,32.0,0,0.5015625,0.00390625,8192.0,6400000.0,0.5273919092465753
64.0,64.0,1.0,5.0,132.0,128.0,4220.0,12288.0,0,0.940625,128.0,0.00195312,6400000.0,0.9033657962328766
64.0,64.0,4.0,29.0,753.0,745.0,24424.0,111008.0,0,0.9734375,0.00390625,0.0078125,6400000.0,0.9620535714285715
64.0,64.0,1.0,6.0,133.0,128.0,4232.0,12288.0,0,0.940625,0.00390625,0.0,6400000.0,0.93818646037182
64.0,64.0,1.0,6.0,133.0,128.0,4232.0,12288.0,0,0.940625,0.0,2.0,6400000.0,0.9389677103718199
64.0,64.0,1.0,6.0,133.0,128.0,4232.0,12288.0,0,0.940625,0.015625,0.015625,6400000.0,0.93818646037182
64.0,64.0,4.0,16.0,702.0,700.0,23005.0,103808.0,0,0.95625,0.00390625,8.0,6400000.0,0.9640120474559687
64.0,64.0,1.0,6.0,133.0,128.0,4232.0,12288.0,0,0.940625,0.0,0.00195312,6400000.0,0.93818646037182
64.0,64.0,1.0,6.0,133.0,128.0,4232.0,12288.0,0,0.940625,1.0,0.00195312,6400000.0,0.93818646037182
1.0,64.0,2.0,1.0,1.0,1.0,39.0,32.0,0,0.5015625,0.0,32768.0,6400000.0,0.5273919092465753
64.0,64.0,2.0,5.0,235.0,231.0,7641.0,28768.0,0,0.940625,0.125,256.0,6400000.0,0.9409246575342465
64.0,64.0,2.0,16.0,269.0,253.0,8526.0,32288.0,0,0.940625,0.0,0.03125,6400000.0,0.942881604696673
1.0,64.0,1.0,1.0,1.0,1.0,35.0,32.0,0,0.5015625,8192.0,0.125,6400000.0,0.5273919092465753
64.0,64.0,4.0,27.0,749.0,742.0,24335.0,110528.0,0,0.9703125,0.0078125,0.0625,6400000.0,0.9624449608610567
64.0,64.0,4.0,8.0,700.0,710.0,23104.0,105408.0,0,0.940625,0.0078125,64.0,6400000.0,0.9354513209393345
1.0,64.0,1.0,1.0,1.0,1.0,35.0,32.0,0,0.5015625,1024.0,0.0,6400000.0,0.5273919092465753
64.0,64.0,2.0,8.0,252.0,245.0,8170.0,31008.0,0,0.940625,0.0,32.0,6400000.0,0.9409246575342465
1.0,64.0,1.0,1.0,1.0,1.0,35.0,32.0,0,0.5015625,0.015625,16384.0,6400000.0,0.5273919092465753
64.0,64.0,2.0,14.0,267.0,253.0,8504.0,32288.0,0,0.9421875,0.25,2.0,6400000.0,0.9420988258317025
64.0,64.0,4.0,29.0,752.0,743.0,24390.0,110688.0,0,0.9734375,0.015625,0.0,6400000.0,0.961662181996086
1.0,64.0,4.0,1.0,1.0,1.0,63.0,32.0,0,0.5015625,0.015625,512.0,6400000.0,0.5273919092465753
64.0,64.0,4.0,25.0,737.0,731.0,23982.0,108768.0,0,0.9671875,0.015625,0.5,6400000.0,0.9640105185909981
64.0,64.0,2.0,15.0,268.0,253.0,8515.0,32288.0,0,0.940625,0.000976562,0.25,6400000.0,0.9420988258317025
1.0,64.0,1.0,1.0,1.0,1.0,35.0,32.0,0,0.5015625,1024.0,0.5,6400000.0,0.5273919092465753
64.0,64.0,2.0,5.0,235.0,231.0,7641.0,28768.0,0,0.940625,0.000976562,256.0,6400000.0,0.9409246575342465
64.0,64.0,1.0,6.0,133.0,128.0,4232.0,12288.0,0,0.940625,1.0,2.0,6400000.0,0.9389677103718199
64.0,64.0,1.0,6.0,133.0,128.0,4232.0,12288.0,0,0.940625,0.0625,0.000976562,6400000.0,0.93818646037182
64.0,64.0,2.0,15.0,268.0,253.0,8515.0,32288.0,0,0.940625,0.25,0.00195312,6400000.0,0.9420988258317025
64.0,64.0,1.0,5.0,132.0,128.0,4220.0,12288.0,0,0.940625,0.015625,16.0,6400000.0,0.93818646037182
64.0,64.0,4.0,29.0,752.0,743.0,24390.0,110688.0,0,0.9734375,0.03125,0.00390625,6400000.0,0.9604887781311154
64.0,64.0,1.0,5.0,132.0,128.0,4220.0,12288.0,0,0.940625,0.03125,128.0,6400000.0,0.9033657962328766
1.0,64.0,2.0,1.0,1.0,1.0,39.0,32.0,0,0.5015625,0.25,2048.0,6400000.0,0.5273919092465753
1.0,64.0,1.0,1.0,1.0,1.0,35.0,32.0,0,0.5015625,0.0,2048.0,6400000.0,0.5273919092465753
64.0,64.0,1.0,6.0,133.0,128.0,4232.0,12288.0,0,0.940625,0.03125,0.125,6400000.0,0.93818646037182
1.0,64.0,1.0,1.0,1.0,1.0,35.0,32.0,0,0.5015625,1.0,2048.0,6400000.0,0.5273919092465753
1.0,64.0,1.0,1.0,1.0,1.0,35.0,32.0,0,0.5015625,1024.0,512.0,6400000.0,0.5273919092465753
64.0,64.0,2.0,16.0,269.0,253.0,8526.0,32288.0,0,0.940625,0.00195312,0.00195312,6400000.0,0.942881604696673
64.0,64.0,1.0,6.0,133.0,128.0,4232.0,12288.0,0,0.940625,0.0625,1.0,6400000.0,0.93818646037182
64.0,64.0,2.0,9.0,253.0,245.0,8181.0,31008.0,0,0.940625,0.5,16.0,6400000.0,0.9409246575342465
1.0,64.0,2.0,1.0,1.0,1.0,39.0,32.0,0,0.5015625,0.5,16384.0,6400000.0,0.5273919092465753
1.0,64.0,2.0,1.0,1.0,1.0,39.0,32.0,0,0.5015625,0.00195312,2048.0,6400000.0,0.5273919092465753
64.0,64.0,2.0,15.0,268.0,253.0,8515.0,32288.0,0,0.940625,0.5,0.015625,6400000.0,0.9420988258317025
1.0,64.0,1.0,1.0,1.0,1.0,35.0,32.0,0,0.5015625,0.00390625,512.0,6400000.0,0.5273919092465753
64.0,64.0,1.0,6.0,133.0,128.0,4232.0,12288.0,0,0.940625,2.0,0.015625,6400000.0,0.9389677103718199
64.0,64.0,1.0,5.0,132.0,128.0,4220.0,12288.0,0,0.940625,2.0,16.0,6400000.0,0.93818646037182
64.0,64.0,1.0,5.0,132.0,128.0,4220.0,12288.0,0,0.940625,128.0,2.0,6400000.0,0.9033657962328766
1.0,64.0,1.0,1.0,1.0,1.0,35.0,32.0,0,0.5015625,8192.0,128.0,6400000.0,0.5273919092465753
64.0,64.0,2.0,9.0,256.0,248.0,8280.0,31488.0,0,0.940625,0.00390625,16.0,6400000.0,0.9409246575342465
64.0,64.0,2.0,14.0,267.0,253.0,8504.0,32288.0,0,0.9421875,0.00195312,2.0,6400000.0,0.9420988258317025
1.0,64.0,1.0,1.0,1.0,1.0,35.0,32.0,0,0.5015625,2.0,16384.0,6400000.0,0.5273919092465753
64.0,64.0,2.0,15.0,268.0,253.0,8515.0,32288.0,0,0.940625,1.0,0.125,6400000.0,0.9432729941291585
1.0,64.0,2.0,1.0,1.0,1.0,39.0,32.0,0,0.5015625,2.0,1024.0,6400000.0,0.5273919092465753
64.0,64.0,2.0,14.0,267.0,253.0,8504.0,32288.0,0,0.940625,2.0,1.0,6400000.0,0.9424902152641877
64.0,64.0,2.0,16.0,269.0,253.0,8526.0,32288.0,0,0.940625,0.00390625,0.015625,6400000.0,0.942881604696673
64.0,64.0,4.0,19.0,721.0,716.0,23581.0,106368.0,0,0.971875,0.03125,4.0,6400000.0,0.9643988502935421
64.0,64.0,2.0,5.0,235.0,231.0,7641.0,28768.0,0,0.940625,1.0,128.0,6400000.0,0.9409246575342465
1.0,64.0,1.0,1.0,1.0,1.0,35.0,32.0,0,0.5015625,0.0625,1024.0,6400000.0,0.5273919092465753
1.0,64.0,4.0,1.0,1.0,1.0,63.0,32.0,0,0.5015625,0.03125,4096.0,6400000.0,0.5273919092465753
64.0,64.0,1.0,6.0,133.0,128.0,4232.0,12288.0,0,0.940625,4.0,0.125,6400000.0,0.9389677103718199
1.0,64.0,1.0,1.0,1.0,1.0,35.0,32.0,0,0.5015625,0.125,8192.0,6400000.0,0.5273919092465753
1.0,64.0,1.0,1.0,1.0,1.0,35.0,32.0,0,0.5015625,16384.0,1.0,6400000.0,0.5273919092465753
64.0,64.0,1.0,5.0,132.0,128.0,4220.0,12288.0,0,0.940625,8.0,0.000976562,6400000.0,0.9389677103718199
64.0,64.0,2.0,11.0,264.0,253.0,8471.0,32288.0,0,0.940625,4.0,0.0078125,6400000.0,0.9420988258317025
1.0,64.0,1.0,1.0,1.0,1.0,35.0,32.0,0,0.5015625,16384.0,0.000976562,6400000.0,0.5273919092465753
64.0,64.0,2.0,14.0,267.0,253.0,8504.0,32288.0,0,0.940625,2.0,0.000976562,6400000.0,0.9424902152641877
64.0,64.0,1.0,5.0,132.0,128.0,4220.0,12288.0,0,0.940625,4.0,128.0,6400000.0,0.9033657962328766
64.0,64.0,1.0,5.0,132.0,128.0,4220.0,12288.0,0,0.940625,0.125,8.0,6400000.0,0.9389677103718199
64.0,64.0,1.0,6.0,133.0,128.0,4232.0,12288.0,0,0.940625,0.125,0.0078125,6400000.0,0.93818646037182
1.0,64.0,2.0,1.0,1.0,1.0,39.0,32.0,0,0.5015625,4.0,8192.0,6400000.0,0.5273919092465753
64.0,64.0,1.0,6.0,133.0,128.0,4232.0,12288.0,0,0.940625,0.000976562,0.015625,6400000.0,0.93818646037182
64.0,64.0,2.0,6.0,238.0,233.0,7721.0,29088.0,0,0.940625,8.0,64.0,6400000.0,0.9409246575342465
64.0,64.0,2.0,9.0,261.0,252.0,8413.0,32128.0,0,0.940625,8.0,0.0625,6400000.0,0.9409246575342465
64.0,64.0,2.0,9.0,256.0,248.0,8280.0,31488.0,0,0.940625,4.0,8.0,6400000.0,0.9409246575342465
1.0,64.0,1.0,1.0,1.0,1.0,35.0,32.0,0,0.5015625,8.0,1024.0,6400000.0,0.5273919092465753
64.0,64.0,2.0,9.0,257.0,248.0,8281.0,31488.0,0,0.940625,16.0,0.0,6400000.0,0.9409246575342465
64.0,64.0,1.0,5.0,132.0,128.0,4220.0,12288.0,0,0.940625,16.0,0.0078125,6400000.0,0.93818646037182
1.0,64.0,2.0,1.0,1.0,1.0,39.0,32.0,0,0.5015625,16.0,512.0,6400000.0,0.5273919092465753
64.0,64.0,2.0,8.0,253.0,245.0,8171.0,31008.0,0,0.940625,32.0,0.00390625,6400000.0,0.9409246575342465
1.0,64.0,1.0,1.0,1.0,1.0,35.0,32.0,0,0.5015625,0.000976562,16384.0,6400000.0,0.5273919092465753
64.0,64.0,2.0,9.0,254.0,245.0,8182.0,31008.0,0,0.940625,16.0,0.5,6400000.0,0.9409246575342465
1.0,64.0,2.0,1.0,1.0,1.0,39.0,32.0,0,0.5015625,32.0,4096.0,6400000.0,0.5273919092465753
64.0,64.0,1.0,5.0,132.0,128.0,4220.0,12288.0,0,0.940625,8.0,1.0,6400000.0,0.93818646037182
64.0,64.0,1.0,5.0,132.0,128.0,4220.0,12288.0,0,0.940625,0.000976562,16.0,6400000.0,0.93818646037182
64.0,64.0,2.0,6.0,241.0,236.0,7820.0,29568.0,0,0.940625,64.0,0.03125,6400000.0,0.9409246575342465
1.0,64.0,2.0,1.0,1.0,1.0,39.0,32.0,0,0.5015625,64.0,32768.0,6400000.0,0.5273919092465753
1.0,64.0,2.0,1.0,1.0,1.0,39.0,32.0,0,0.5015625,0.00390625,16384.0,6400000.0,0.5273919092465753
64.0,64.0,1.0,5.0,132.0,128.0,4220.0,12288.0,0,0.940625,16.0,8.0,6400000.0,0.93818646037182
1.0,64.0,1.0,1.0,1.0,1.0,35.0,32.0,0,0.5015625,2048.0,0.00390625,6400000.0,0.5273919092465753
1.0,64.0,1.0,1.0,1.0,1.0,35.0,32.0,0,0.5015625,2048.0,4.0,6400000.0,0.5273919092465753
1.0,64.0,1.0,1.0,1.0,1.0,35.0,32.0,0,0.5015625,16.0,8192.0,6400000.0,0.5273919092465753
64.0,64.0,4.0,27.0,749.0,742.0,24335.0,110528.0,0,0.9703125,0.0625,0.03125,6400000.0,0.9632277397260273
64.0,64.0,2.0,5.0,235.0,231.0,7641.0,28768.0,0,0.940625,128.0,0.25,6400000.0,0.9409246575342465
64.0,64.0,2.0,8.0,252.0,244.0,8138.0,30848.0,0,0.940625,32.0,4.0,6400000.0,0.9409246575342465
64.0,64.0,2.0,5.0,237.0,233.0,7707.0,29088.0,0,0.940625,64.0,32.0,6400000.0,0.9409246575342465
64.0,64.0,1.0,6.0,133.0,128.0,4232.0,12288.0,0,0.940625,0.25,0.0625,6400000.0,0.93818646037182
64.0,64.0,1.0,5.0,132.0,128.0,4220.0,12288.0,0,0.940625,0.25,64.0,6400000.0,0.9385778498043053
64.0,64.0,2.0,5.0,245.0,242.0,7972.0,30528.0,0,0.940625,128.0,256.0,6400000.0,0.9033657962328766
64.0,64.0,2.0,5.0,235.0,231.0,7641.0,28768.0,0,0.940625,256.0,0.00195312,6400000.0,0.9409246575342465
1.0,64.0,1.0,1.0,1.0,1.0,35.0,32.0,0,0.5015625,128.0,2048.0,6400000.0,0.5273919092465753
1.0,64.0,2.0,1.0,1.0,1.0,39.0,32.0,0,0.5015625,512.0,16.0,6400000.0,0.5273919092465753
1.0,64.0,2.0,1.0,1.0,1.0,39.0,32.0,0,0.5015625,256.0,2048.0,6400000.0,0.5273919092465753
1.0,64.0,1.0,1.0,1.0,1.0,35.0,32.0,0,0.5015625,2048.0,4096.0,6400000.0,0.5273919092465753
64.0,64.0,1.0,6.0,133.0,128.0,4232.0,12288.0,0,0.940625,0.0078125,0.00390625,6400000.0,0.93818646037182
64.0,64.0,1.0,6.0,133.0,128.0,4232.0,12288.0,0,0.940625,0.0078125,4.0,6400000.0,0.9389677103718199
64.0,64.0,4.0,9.0,655.0,655.0,21588.0,96608.0,0,0.959375,0.0625,32.0,6400000.0,0.9581419704011742
64.0,64.0,1.0,6.0,133.0,128.0,4232.0,12288.0,0,0.940625,0.00195312,0.125,6400000.0,0.93818646037182
1.0,64.0,2.0,1.0,1.0,1.0,39.0,32.0,0,0.5015625,512.0,0.015625,6400000.0,0.5273919092465753
1.0,64.0,1.0,1.0,1.0,1.0,35.0,32.0,0,0.5015625,256.0,16384.0,6400000.0,0.5273919092465753
64.0,64.0,2.0,5.0,235.0,231.0,7641.0,28768.0,0,0.940625,256.0,2.0,6400000.0,0.9409246575342465
1.0,64.0,2.0,1.0,1.0,1.0,39.0,32.0,0,0.5015625,1024.0,0.125,6400000.0,0.5273919092465753
64.0,64.0,1.0,4.0,131.0,128.0,4209.0,12288.0,0,0.9078125,256.0,0.015625,6400000.0,0.9033657962328766
1.0,64.0,1.0,1.0,1.0,1.0,35.0,32.0,0,0.5015625,16384.0,1024.0,6400000.0,0.5273919092465753
1.0,64.0,2.0,1.0,1.0,1.0,39.0,32.0,0,0.5015625,1024.0,128.0,6400000.0,0.5273919092465753
1.0,64.0,2.0,1.0,1.0,1.0,39.0,32.0,0,0.5015625,512.0,16384.0,6400000.0,0.5273919092465753
64.0,64.0,1.0,5.0,132.0,128.0,4220.0,12288.0,0,0.940625,64.0,0.0,6400000.0,0.9385778498043053
1.0,64.0,2.0,1.0,1.0,1.0,39.0,32.0,0,0.5015625,2048.0,0.000976562,6400000.0,0.5273919092465753
64.0,64.0,1.0,6.0,133.0,128.0,4232.0,12288.0,0,0.940625,0.5,0.0,6400000.0,0.93818646037182
1.0,64.0,2.0,1.0,1.0,1.0,39.0,32.0,0,0.5015625,2048.0,1.0,6400000.0,0.5273919092465753
1.0,64.0,4.0,1.0,1.0,1.0,63.0,32.0,0,0.5015625,0.0625,32768.0,6400000.0,0.5273919092465753
64.0,64.0,1.0,4.0,131.0,128.0,4209.0,12288.0,0,0.9078125,256.0,16.0,6400000.0,0.9033657962328766
64.0,64.0,1.0,5.0,132.0,128.0,4220.0,12288.0,0,0.940625,32.0,64.0,6400000.0,0.9276189456947161
64.0,64.0,4.0,27.0,746.0,738.0,24235.0,109888.0,0,0.959375,0.125,0.25,6400000.0,0.9620543358610567
1.0,64.0,2.0,1.0,1.0,1.0,39.0,32.0,0,0.5015625,4096.0,0.0078125,6400000.0,0.5273919092465753
1.0,64.0,1.0,1.0,1.0,1.0,35.0,32.0,0,0.5015625,0.0078125,4096.0,6400000.0,0.5273919092465753
1.0,64.0,2.0,1.0,1.0,1.0,39.0,32.0,0,0.5015625,4096.0,8.0,6400000.0,0.5273919092465753
64.0,64.0,2.0,16.0,269.0,253.0,8526.0,32288.0,0,0.940625,0.0078125,0.125,6400000.0,0.942881604696673
64.0,64.0,2.0,5.0,235.0,231.0,7641.0,28768.0,0,0.940625,0.0078125,128.0,6400000.0,0.9409246575342465
64.0,64.0,1.0,5.0,132.0,128.0,4220.0,12288.0,0,0.940625,0.00195312,128.0,6400000.0,0.9033657962328766
64.0,64.0,2.0,15.0,268.0,253.0,8515.0,32288.0,0,0.940625,0.015625,1.0,6400000.0,0.942881604696673
64.0,64.0,1.0,5.0,132.0,128.0,4220.0,12288.0,0,0.940625,32.0,0.0625,6400000.0,0.93818646037182
1.0,64.0,2.0,1.0,1.0,1.0,39.0,32.0,0,0.5015625,8192.0,0.0625,6400000.0,0.5273919092465753
1.0,64.0,2.0,1.0,1.0,1.0,39.0,32.0,0,0.5015625,2048.0,1024.0,6400000.0,0.5273919092465753
1.0,64.0,2.0,1.0,1.0,1.0,39.0,32.0,0,0.5015625,0.015625,1024.0,6400000.0,0.5273919092465753
1.0,64.0,2.0,1.0,1.0,1.0,39.0,32.0,0,0.5015625,16384.0,0.0,6400000.0,0.5273919092465753
1.0,64.0,2.0,1.0,1.0,1.0,39.0,32.0,0,0.5015625,16384.0,0.5,6400000.0,0.5273919092465753
1.0,64.0,2.0,1.0,1.0,1.0,39.0,32.0,0,0.5015625,8192.0,64.0,6400000.0,0.5273919092465753
64.0,64.0,2.0,16.0,269.0,253.0,8526.0,32288.0,0,0.940625,0.03125,0.0078125,6400000.0,0.942881604696673
1.0,64.0,1.0,1.0,1.0,1.0,35.0,32.0,0,0.5015625,4096.0,0.03125,6400000.0,0.5273919092465753
1.0,64.0,1.0,1.0,1.0,1.0,35.0,32.0,0,0.5015625,0.5,512.0,6400000.0,0.5273919092465753
1.0,64.0,2.0,1.0,1.0,1.0,39.0,32.0,0,0.5015625,16384.0,512.0,6400000.0,0.5273919092465753
1.0,64.0,1.0,1.0,1.0,1.0,35.0,32.0,0,0.5015625,512.0,0.125,6400000.0,0.5273919092465753
1.0,64.0,2.0,1.0,1.0,1.0,39.0,32.0,0,0.5015625,4096.0,8192.0,6400000.0,0.5273919092465753
1.0,64.0,1.0,1.0,1.0,1.0,35.0,32.0,0,0.5015625,64.0,512.0,6400000.0,0.5273919092465753
64.0,64.0,1.0,5.0,132.0,128.0,4220.0,12288.0,0,0.940625,64.0,0.5,6400000.0,0.9385778498043053
1.0,64.0,1.0,1.0,1.0,1.0,35.0,32.0,0,0.5015625,4096.0,32.0,6400000.0,0.5273919092465753
1.0,64.0,2.0,1.0,1.0,1.0,39.0,32.0,0,0.5015625,0.03125,8192.0,6400000.0,0.5273919092465753
64.0,64.0,2.0,16.0,269.0,253.0,8526.0,32288.0,0,0.940625,0.015625,0.000976562,6400000.0,0.942881604696673
1.0,64.0,2.0,1.0,1.0,1.0,39.0,32.0,0,0.5015625,32768.0,4.0,6400000.0,0.5273919092465753
1.0,64.0,1.0,1.0,1.0,1.0,35.0,32.0,0,0.5015625,32768.0,8.0,6400000.0,0.5273919092465753
1.0,64.0,4.0,1.0,1.0,1.0,63.0,32.0,0,0.5015625,0.0,32768.0,6400000.0,0.5273919092465753
1.0,64.0,1.0,1.0,1.0,1.0,35.0,32.0,0,0.5015625,32768.0,0.0078125,6400000.0,0.5273919092465753
1.0,64.0,2.0,1.0,1.0,1.0,39.0,32.0,0,0.5015625,32768.0,4096.0,6400000.0,0.5273919092465753
1.0,64.0,1.0,1.0,1.0,1.0,35.0,32.0,0,0.5015625,4096.0,32768.0,6400000.0,0.5273919092465753
64.0,64.0,2.0,9.0,260.0,252.0,8412.0,32128.0,0,0.940625,0.03125,8.0,6400000.0,0.9409246575342465
1.0,64.0,2.0,1.0,1.0,1.0,39.0,32.0,0,0.5015625,32768.0,0.00390625,6400000.0,0.5273919092465753
64.0,64.0,2.0,16.0,269.0,253.0,8526.0,32288.0,0,0.940625,0.0625,0.0625,6400000.0,0.942881604696673
1.0,64.0,1.0,1.0,1.0,1.0,35.0,32.0,0,0.5015625,32768.0,8192.0,6400000.0,0.5273919092465753
1.0,64.0,1.0,1.0,1.0,1.0,35.0,32.0,0,0.5015625,512.0,128.0,6400000.0,0.5273919092465753
64.0,64.0,4.0,9.0,655.0,655.0,21588.0,96608.0,0,0.959375,0.0,32.0,6400000.0,0.9581419704011742
1.0,64.0,4.0,1.0,1.0,1.0,63.0,32.0,0,0.5015625,0.00195312,2048.0,6400000.0,0.5273919092465753
64.0,64.0,2.0,16.0,269.0,253.0,8526.0,32288.0,0,0.940625,0.125,0.0,6400000.0,0.942881604696673
64.0,64.0,4.0,29.0,752.0,743.0,24390.0,110688.0,0,0.9734375,0.0,0.03125,6400000.0,0.961271556996086
64.0,64.0,2.0,6.0,241.0,236.0,7820.0,29568.0,0,0.940625,0.0625,64.0,6400000.0,0.9409246575342465
64.0,64.0,4.0,27.0,742.0,734.0,24103.0,109248.0,0,0.9578125,0.000976562,0.25,6400000.0,0.9636160714285715
64.0,64.0,1.0,6.0,133.0,128.0,4232.0,12288.0,0,0.940625,0.5,0.5,6400000.0,0.93818646037182
64.0,64.0,4.0,5.0,400.0,400.0,13226.0,55808.0,0,0.940625,0.000976562,256.0,6400000.0,0.9409246575342465
64.0,64.0,2.0,15.0,268.0,253.0,8515.0,32288.0,0,0.940625,0.125,0.5,6400000.0,0.9420988258317025
64.0,64.0,1.0,6.0,133.0,128.0,4232.0,12288.0,0,0.940625,0.00390625,1.0,6400000.0,0.93818646037182
1.0,64.0,4.0,1.0,1.0,1.0,63.0,32.0,0,0.5015625,0.00390625,16384.0,6400000.0,0.5273919092465753
64.0,64.0,1.0,5.0,132.0,128.0,4220.0,12288.0,0,0.940625,128.0,0.00390625,6400000.0,0.9033657962328766
64.0,64.0,1.0,6.0,133.0,128.0,4232.0,12288.0,0,0.940625,1.0,0.00390625,6400000.0,0.93818646037182
1.0,64.0,2.0,1.0,1.0,1.0,39.0,32.0,0,0.5015625,0.125,512.0,6400000.0,0.5273919092465753
64.0,64.0,4.0,30.0,756.0,747.0,24501.0,111328.0,0,0.9734375,0.00195312,0.00195312,6400000.0,0.961662181996086
64.0,64.0,1.0,6.0,133.0,128.0,4232.0,12288.0,0,0.940625,0.00390625,0.000976562,6400000.0,0.93818646037182
1.0,64.0,1.0,1.0,1.0,1.0,35.0,32.0,0,0.5015625,8192.0,0.25,6400000.0,0.5273919092465753
64.0,64.0,2.0,16.0,269.0,253.0,8526.0,32288.0,0,0.940625,0.000976562,0.0,6400000.0,0.942881604696673
64.0,64.0,4.0,5.0,400.0,400.0,13226.0,55808.0,0,0.940625,0.125,256.0,6400000.0,0.9409246575342465
1.0,64.0,1.0,1.0,1.0,1.0,35.0,32.0,0,0.5015625,1024.0,0.000976562,6400000.0,0.5273919092465753
64.0,64.0,1.0,6.0,133.0,128.0,4232.0,12288.0,0,0.940625,0.015625,0.03125,6400000.0,0.93818646037182
64.0,64.0,4.0,22.0,730.0,722.0,23812.0,107328.0,0,0.9640625,0.00195312,2.0,6400000.0,0.9651816291585128
64.0,64.0,4.0,27.0,742.0,734.0,24103.0,109248.0,0,0.9578125,0.25,0.00195312,6400000.0,0.9636160714285715
64.0,64.0,4.0,13.0,729.0,728.0,23960.0,108288.0,0,0.9609375,0.00390625,16.0,6400000.0,0.9600996819960862
64.0,64.0,4.0,29.0,752.0,743.0,24390.0,110688.0,0,0.9734375,0.00390625,0.015625,6400000.0,0.961662181996086
64.0,64.0,2.0,16.0,269.0,253.0,8526.0,32288.0,0,0.940625,0.0,0.0625,6400000.0,0.942881604696673
64.0,64.0,4.0,6.0,537.0,538.0,17758.0,77888.0,0,0.940625,0.0078125,128.0,6400000.0,0.9409246575342465
1.0,64.0,1.0,1.0,1.0,1.0,35.0,32.0,0,0.5015625,0.015625,32768.0,6400000.0,0.5273919092465753
64.0,64.0,4.0,27.0,751.0,744.0,24401.0,110848.0,0,0.9703125,0.0078125,0.125,6400000.0,0.961271556996086
64.0,64.0,2.0,6.0,241.0,236.0,7820.0,29568.0,0,0.940625,0.0,64.0,6400000.0,0.9409246575342465
1.0,64.0,4.0,1.0,1.0,1.0,63.0,32.0,0,0.5015625,0.015625,1024.0,6400000.0,0.5273919092465753
1.0,64.0,1.0,1.0,1.0,1.0,35.0,32.0,0,0.5015625,1024.0,1.0,6400000.0,0.5273919092465753
1.0,64.0,2.0,1.0,1.0,1.0,39.0,32.0,0,0.5015625,0.000976562,512.0,6400000.0,0.5273919092465753
64.0,64.0,4.0,29.0,752.0,743.0,24390.0,110688.0,0,0.9734375,0.015625,0.000976562,6400000.0,0.961662181996086
64.0,64.0,2.0,11.0,263.0,253.0,8470.0,32288.0,0,0.940625,0.25,4.0,6400000.0,0.9420988258317025
64.0,64.0,2.0,15.0,268.0,253.0,8515.0,32288.0,0,0.940625,0.000976562,0.5,6400000.0,0.9420988258317025
64.0,64.0,1.0,5.0,132.0,128.0,4220.0,12288.0,0,0.940625,1.0,4.0,6400000.0,0.9389677103718199
64.0,64.0,1.0,6.0,133.0,128.0,4232.0,12288.0,0,0.940625,0.0625,0.00195312,6400000.0,0.93818646037182
64.0,64.0,2.0,15.0,268.0,253.0,8515.0,32288.0,0,0.940625,0.25,0.00390625,6400000.0,0.9420988258317025
64.0,64.0,4.0,24.0,721.0,717.0,23477.0,106528.0,0,0.965625,0.015625,1.0,6400000.0,0.9624464897260274
64.0,64.0,1.0,5.0,132.0,128.0,4220.0,12288.0,0,0.940625,0.015625,32.0,6400000.0,0.93818646037182
64.0,64.0,1.0,4.0,131.0,128.0,4209.0,12288.0,0,0.9078125,0.03125,256.0,6400000.0,0.9033657962328766
64.0,64.0,4.0,29.0,752.0,743.0,24390.0,110688.0,0,0.9734375,0.03125,0.0078125,6400000.0,0.9604887781311154
1.0,64.0,2.0,1.0,1.0,1.0,39.0,32.0,0,0.5015625,0.25,4096.0,6400000.0,0.5273919092465753
64.0,64.0,1.0,6.0,133.0,128.0,4232.0,12288.0,0,0.940625,0.03125,0.25,6400000.0,0.93818646037182
64.0,64.0,4.0,21.0,737.0,730.0,24065.0,108608.0,0,0.9625,0.25,2.0,6400000.0,0.9655730185909981
1.0,64.0,1.0,1.0,1.0,1.0,35.0,32.0,0,0.5015625,1.0,4096.0,6400000.0,0.5273919092465753
1.0,64.0,1.0,1.0,1.0,1.0,35.0,32.0,0,0.5015625,1024.0,1024.0,6400000.0,0.5273919092465753
64.0,64.0,2.0,16.0,269.0,253.0,8526.0,32288.0,0,0.940625,0.00195312,0.00390625,6400000.0,0.942881604696673
64.0,64.0,1.0,6.0,133.0,128.0,4232.0,12288.0,0,0.940625,0.0625,2.0,6400000.0,0.9389677103718199
64.0,64.0,2.0,8.0,252.0,245.0,8170.0,31008.0,0,0.940625,0.5,32.0,6400000.0,0.9409246575342465
1.0,64.0,2.0,1.0,1.0,1.0,39.0,32.0,0,0.5015625,0.5,32768.0,6400000.0,0.5273919092465753
1.0,64.0,1.0,1.0,1.0,1.0,35.0,32.0,0,0.5015625,0.00390625,1024.0,6400000.0,0.5273919092465753
1.0,64.0,2.0,1.0,1.0,1.0,39.0,32.0,0,0.5015625,0.00195312,4096.0,6400000.0,0.5273919092465753
64.0,64.0,1.0,5.0,132.0,128.0,4220.0,12288.0,0,0.940625,128.0,4.0,6400000.0,0.9033657962328766
64.0,64.0,1.0,6.0,133.0,128.0,4232.0,12288.0,0,0.940625,2.0,0.03125,6400000.0,0.9389677103718199
64.0,64.0,1.0,5.0,132.0,128.0,4220.0,12288.0,0,0.940625,2.0,32.0,6400000.0,0.9389677103718199
1.0,64.0,1.0,1.0,1.0,1.0,35.0,32.0,0,0.5015625,8192.0,256.0,6400000.0,0.5273919092465753
64.0,64.0,2.0,15.0,268.0,253.0,8515.0,32288.0,0,0.940625,0.5,0.03125,6400000.0,0.9420988258317025
1.0,64.0,2.0,1.0,1.0,1.0,39.0,32.0,0,0.5015625,2.0,2048.0,6400000.0,0.5273919092465753
1.0,64.0,1.0,1.0,1.0,1.0,35.0,32.0,0,0.5015625,2.0,32768.0,6400000.0,0.5273919092465753
64.0,64.0,2.0,8.0,252.0,245.0,8170.0,31008.0,0,0.940625,0.00390625,32.0,6400000.0,0.9409246575342465
64.0,64.0,2.0,11.0,263.0,253.0,8470.0,32288.0,0,0.940625,0.00195312,4.0,6400000.0,0.9420988258317025
64.0,64.0,2.0,16.0,269.0,253.0,8526.0,32288.0,0,0.940625,0.00390625,0.03125,6400000.0,0.942881604696673
64.0,64.0,2.0,11.0,263.0,253.0,8470.0,32288.0,0,0.940625,2.0,2.0,6400000.0,0.9420988258317025
1.0,64.0,1.0,1.0,1.0,1.0,35.0,32.0,0,0.5015625,0.0625,2048.0,6400000.0,0.5273919092465753
64.0,64.0,2.0,5.0,235.0,231.0,7641.0,28768.0,0,0.940625,1.0,256.0,6400000.0,0.9409246575342465
1.0,64.0,4.0,1.0,1.0,1.0,63.0,32.0,0,0.5015625,0.03125,8192.0,6400000.0,0.5273919092465753
64.0,64.0,2.0,15.0,268.0,253.0,8515.0,32288.0,0,0.940625,1.0,0.25,6400000.0,0.9432729941291585
64.0,64.0,1.0,6.0,133.0,128.0,4232.0,12288.0,0,0.940625,4.0,0.25,6400000.0,0.9389677103718199
1.0,64.0,1.0,1.0,1.0,1.0,35.0,32.0,0,0.5015625,0.125,16384.0,6400000.0,0.5273919092465753
64.0,64.0,4.0,16.0,702.0,700.0,23005.0,103808.0,0,0.95625,0.03125,8.0,6400000.0,0.9640120474559687
1.0,64.0,1.0,1.0,1.0,1.0,35.0,32.0,0,0.5015625,16384.0,0.00195312,6400000.0,0.5273919092465753
64.0,64.0,1.0,5.0,132.0,128.0,4220.0,12288.0,0,0.940625,8.0,0.00195312,6400000.0,0.9389677103718199
64.0,64.0,1.0,5.0,132.0,128.0,4220.0,12288.0,0,0.940625,0.125,16.0,6400000.0,0.93818646037182
1.0,64.0,1.0,1.0,1.0,1.0,35.0,32.0,0,0.5015625,16384.0,2.0,6400000.0,0.5273919092465753
64.0,64.0,2.0,14.0,267.0,253.0,8504.0,32288.0,0,0.940625,2.0,0.00195312,6400000.0,0.9424902152641877
64.0,64.0,2.0,11.0,264.0,253.0,8471.0,32288.0,0,0.940625,4.0,0.015625,6400000.0,0.9420988258317025
64.0,64.0,1.0,4.0,131.0,128.0,4209.0,12288.0,0,0.9078125,4.0,256.0,6400000.0,0.9033657962328766
1.0,64.0,2.0,1.0,1.0,1.0,39.0,32.0,0,0.5015625,4.0,16384.0,6400000.0,0.5273919092465753
64.0,64.0,2.0,9.0,261.0,252.0,8413.0,32128.0,0,0.940625,8.0,0.125,6400000.0,0.9409246575342465
64.0,64.0,2.0,9.0,255.0,247.0,8247.0,31328.0,0,0.940625,4.0,16.0,6400000.0,0.9409246575342465
1.0,64.0,4.0,1.0,1.0,1.0,63.0,32.0,0,0.5015625,0.25,2048.0,6400000.0,0.5273919092465753
64.0,64.0,1.0,6.0,133.0,128.0,4232.0,12288.0,0,0.940625,0.125,0.015625,6400000.0,0.93818646037182
1.0,64.0,1.0,1.0,1.0,1.0,35.0,32.0,0,0.5015625,8.0,2048.0,6400000.0,0.5273919092465753
64.0,64.0,2.0,5.0,235.0,231.0,7641.0,28768.0,0,0.940625,8.0,128.0,6400000.0,0.9409246575342465
1.0,64.0,2.0,1.0,1.0,1.0,39.0,32.0,0,0.5015625,16.0,1024.0,6400000.0,0.5273919092465753
1.0,64.0,2.0,1.0,1.0,1.0,39.0,32.0,0,0.5015625,32.0,8192.0,6400000.0,0.5273919092465753
64.0,64.0,1.0,5.0,132.0,128.0,4220.0,12288.0,0,0.940625,16.0,0.015625,6400000.0,0.93818646037182
64.0,64.0,2.0,9.0,257.0,248.0,8281.0,31488.0,0,0.940625,16.0,0.000976562,6400000.0,0.9409246575342465
64.0,64.0,2.0,9.0,254.0,245.0,8182.0,31008.0,0,0.940625,16.0,1.0,6400000.0,0.9409246575342465
64.0,64.0,4.0,25.0,737.0,731.0,23982.0,108768.0,0,0.9671875,0.5,0.015625,6400000.0,0.9640105185909981
64.0,64.0,1.0,5.0,132.0,128.0,4220.0,12288.0,0,0.940625,8.0,2.0,6400000.0,0.93818646037182
64.0,64.0,2.0,8.0,253.0,245.0,8171.0,31008.0,0,0.940625,32.0,0.0078125,6400000.0,0.9409246575342465
1.0,64.0,2.0,1.0,1.0,1.0,39.0,32.0,0,0.5015625,0.00390625,32768.0,6400000.0,0.5273919092465753
64.0,64.0,2.0,5.0,235.0,231.0,7641.0,28768.0,0,0.940625,128.0,0.0,6400000.0,0.9409246575342465
64.0,64.0,4.0,13.0,731.0,728.0,24024.0,108288.0,0,0.9609375,0.5,16.0,6400000.0,0.961271556996086
1.0,64.0,1.0,1.0,1.0,1.0,35.0,32.0,0,0.5015625,2048.0,0.0078125,6400000.0,0.5273919092465753
64.0,64.0,2.0,6.0,241.0,236.0,7820.0,29568.0,0,0.940625,64.0,0.0625,6400000.0,0.9409246575342465
1.0,64.0,1.0,1.0,1.0,1.0,35.0,32.0,0,0.5015625,2048.0,8.0,6400000.0,0.5273919092465753
64.0,64.0,1.0,5.0,132.0,128.0,4220.0,12288.0,0,0.940625,16.0,16.0,6400000.0,0.93818646037182
64.0,64.0,2.0,8.0,251.0,244.0,8137.0,30848.0,0,0.940625,32.0,8.0,6400000.0,0.9409246575342465
64.0,64.0,2.0,5.0,235.0,231.0,7641.0,28768.0,0,0.940625,64.0,64.0,6400000.0,0.9409246575342465
64.0,64.0,1.0,6.0,133.0,128.0,4232.0,12288.0,0,0.940625,0.25,0.125,6400000.0,0.93818646037182
64.0,64.0,4.0,27.0,749.0,742.0,24335.0,110528.0,0,0.9703125,0.0625,0.0625,6400000.0,0.961662181996086
1.0,64.0,2.0,1.0,1.0,1.0,39.0,32.0,0,0.5015625,128.0,512.0,6400000.0,0.5273919092465753
64.0,64.0,1.0,5.0,132.0,128.0,4220.0,12288.0,0,0.940625,0.25,128.0,6400000.0,0.9033657962328766
1.0,64.0,1.0,1.0,1.0,1.0,35.0,32.0,0,0.5015625,128.0,4096.0,6400000.0,0.5273919092465753
64.0,64.0,2.0,5.0,235.0,231.0,7641.0,28768.0,0,0.940625,256.0,0.00390625,6400000.0,0.9409246575342465
64.0,64.0,2.0,5.0,235.0,231.0,7641.0,28768.0,0,0.940625,128.0,0.5,6400000.0,0.9409246575342465
1.0,64.0,1.0,1.0,1.0,1.0,35.0,32.0,0,0.5015625,16.0,16384.0,6400000.0,0.5273919092465753
1.0,64.0,2.0,1.0,1.0,1.0,39.0,32.0,0,0.5015625,512.0,32.0,6400000.0,0.5273919092465753
1.0,64.0,2.0,1.0,1.0,1.0,39.0,32.0,0,0.5015625,256.0,4096.0,6400000.0,0.5273919092465753
64.0,64.0,1.0,6.0,133.0,128.0,4232.0,12288.0,0,0.940625,0.0078125,0.0078125,6400000.0,0.93818646037182
1.0,64.0,1.0,1.0,1.0,1.0,35.0,32.0,0,0.5015625,2048.0,8192.0,6400000.0,0.5273919092465753
64.0,64.0,1.0,5.0,132.0,128.0,4220.0,12288.0,0,0.940625,0.0078125,8.0,6400000.0,0.9389677103718199
1.0,64.0,4.0,1.0,1.0,1.0,63.0,32.0,0,0.5015625,0.5,16384.0,6400000.0,0.5273919092465753
1.0,64.0,1.0,1.0,1.0,1.0,35.0,32.0,0,0.5015625,256.0,32768.0,6400000.0,0.5273919092465753
1.0,64.0,2.0,1.0,1.0,1.0,39.0,32.0,0,0.5015625,512.0,0.03125,6400000.0,0.5273919092465753
1.0,64.0,2.0,1.0,1.0,1.0,39.0,32.0,0,0.5015625,1024.0,0.25,6400000.0,0.5273919092465753
64.0,64.0,4.0,8.0,691.0,701.0,22807.0,103968.0,0,0.940625,0.0625,64.0,6400000.0,0.9354513209393345
64.0,64.0,2.0,5.0,235.0,231.0,7641.0,28768.0,0,0.940625,256.0,4.0,6400000.0,0.9409246575342465
1.0,64.0,1.0,1.0,1.0,1.0,35.0,32.0,0,0.5015625,16384.0,2048.0,6400000.0,0.5273919092465753
1.0,64.0,2.0,1.0,1.0,1.0,39.0,32.0,0,0.5015625,512.0,32768.0,6400000.0,0.5273919092465753
1.0,64.0,2.0,1.0,1.0,1.0,39.0,32.0,0,0.5015625,1024.0,256.0,6400000.0,0.5273919092465753
64.0,64.0,1.0,6.0,133.0,128.0,4232.0,12288.0,0,0.940625,0.5,0.000976562,6400000.0,0.93818646037182
64.0,64.0,1.0,5.0,132.0,128.0,4220.0,12288.0,0,0.940625,64.0,0.000976562,6400000.0,0.9385778498043053
1.0,64.0,2.0,1.0,1.0,1.0,39.0,32.0,0,0.5015625,2048.0,0.00195312,6400000.0,0.5273919092465753
64.0,64.0,1.0,4.0,131.0,128.0,4209.0,12288.0,0,0.9078125,256.0,0.03125,6400000.0,0.9033657962328766
1.0,64.0,2.0,1.0,1.0,1.0,39.0,32.0,0,0.5015625,2048.0,2.0,6400000.0,0.5273919092465753
1.0,64.0,2.0,1.0,1.0,1.0,39.0,32.0,0,0.5015625,4096.0,16.0,6400000.0,0.5273919092465753
64.0,64.0,1.0,4.0,131.0,128.0,4209.0,12288.0,0,0.9078125,256.0,32.0,6400000.0,0.9033657962328766
1.0,64.0,1.0,1.0,1.0,1.0,35.0,32.0,0,0.5015625,0.0078125,8192.0,6400000.0,0.5273919092465753
1.0,64.0,2.0,1.0,1.0,1.0,39.0,32.0,0,0.5015625,16384.0,0.000976562,6400000.0,0.5273919092465753
64.0,64.0,4.0,27.0,749.0,742.0,24335.0,110528.0,0,0.9703125,0.125,0.0,6400000.0,0.961662181996086
64.0,64.0,2.0,5.0,235.0,231.0,7641.0,28768.0,0,0.940625,0.0078125,256.0,6400000.0,0.9409246575342465
64.0,64.0,1.0,4.0,131.0,128.0,4209.0,12288.0,0,0.9078125,32.0,128.0,6400000.0,0.9033657962328766
64.0,64.0,2.0,15.0,268.0,253.0,8515.0,32288.0,0,0.940625,0.0078125,0.25,6400000.0,0.9420988258317025
1.0,64.0,2.0,1.0,1.0,1.0,39.0,32.0,0,0.5015625,4096.0,0.015625,6400000.0,0.5273919092465753
1.0,64.0,2.0,1.0,1.0,1.0,39.0,32.0,0,0.5015625,2048.0,2048.0,6400000.0,0.5273919092465753
64.0,64.0,4.0,23.0,722.0,712.0,23525.0,105728.0,0,0.9671875,1.0,0.125,6400000.0,0.9608809319960863
1.0,64.0,2.0,1.0,1.0,1.0,39.0,32.0,0,0.5015625,8192.0,128.0,6400000.0,0.5273919092465753
64.0,64.0,2.0,14.0,267.0,253.0,8504.0,32288.0,0,0.9421875,0.015625,2.0,6400000.0,0.9420988258317025
64.0,64.0,1.0,5.0,132.0,128.0,4220.0,12288.0,0,0.940625,32.0,0.125,6400000.0,0.9389677103718199
1.0,64.0,1.0,1.0,1.0,1.0,35.0,32.0,0,0.5015625,512.0,0.25,6400000.0,0.5273919092465753
1.0,64.0,1.0,1.0,1.0,1.0,35.0,32.0,0,0.5015625,0.5,1024.0,6400000.0,0.5273919092465753
1.0,64.0,2.0,1.0,1.0,1.0,39.0,32.0,0,0.5015625,16384.0,1.0,6400000.0,0.5273919092465753
1.0,64.0,2.0,1.0,1.0,1.0,39.0,32.0,0,0.5015625,0.03125,16384.0,6400000.0,0.5273919092465753
1.0,64.0,1.0,1.0,1.0,1.0,35.0,32.0,0,0.5015625,4096.0,0.0625,6400000.0,0.5273919092465753
1.0,64.0,2.0,1.0,1.0,1.0,39.0,32.0,0,0.5015625,0.015625,2048.0,6400000.0,0.5273919092465753
64.0,64.0,4.0,26.0,735.0,728.0,23894.0,108288.0,0,0.9609375,0.125,0.5,6400000.0,0.9647932974559688
1.0,64.0,2.0,1.0,1.0,1.0,39.0,32.0,0,0.5015625,16384.0,1024.0,6400000.0,0.5273919092465753
1.0,64.0,1.0,1.0,1.0,1.0,35.0,32.0,0,0.5015625,64.0,1024.0,6400000.0,0.5273919092465753
64.0,64.0,2.0,16.0,269.0,253.0,8526.0,32288.0,0,0.940625,0.015625,0.00195312,6400000.0,0.942881604696673
1.0,64.0,1.0,1.0,1.0,1.0,35.0,32.0,0,0.5015625,4096.0,64.0,6400000.0,0.5273919092465753
1.0,64.0,2.0,1.0,1.0,1.0,39.0,32.0,0,0.5015625,8192.0,0.125,6400000.0,0.5273919092465753
64.0,64.0,1.0,5.0,132.0,128.0,4220.0,12288.0,0,0.940625,64.0,1.0,6400000.0,0.9385778498043053
1.0,64.0,2.0,1.0,1.0,1.0,39.0,32.0,0,0.5015625,4096.0,16384.0,6400000.0,0.5273919092465753
64.0,64.0,2.0,16.0,269.0,253.0,8526.0,32288.0,0,0.940625,0.03125,0.015625,6400000.0,0.942881604696673
1.0,64.0,2.0,1.0,1.0,1.0,39.0,32.0,0,0.5015625,32768.0,8.0,6400000.0,0.5273919092465753
1.0,64.0,1.0,1.0,1.0,1.0,35.0,32.0,0,0.5015625,32768.0,0.015625,6400000.0,0.5273919092465753
1.0,64.0,2.0,1.0,1.0,1.0,39.0,32.0,0,0.5015625,32768.0,8192.0,6400000.0,0.5273919092465753
64.0,64.0,2.0,9.0,256.0,248.0,8280.0,31488.0,0,0.940625,0.03125,16.0,6400000.0,0.9409246575342465
1.0,64.0,2.0,1.0,1.0,1.0,39.0,32.0,0,0.5015625,32768.0,0.0078125,6400000.0,0.5273919092465753
1.0,64.0,1.0,1.0,1.0,1.0,35.0,32.0,0,0.5015625,8192.0,0.0,6400000.0,0.5273919092465753
1.0,64.0,1.0,1.0,1.0,1.0,35.0,32.0,0,0.5015625,32768.0,16.0,6400000.0,0.5273919092465753
64.0,64.0,4.0,30.0,756.0,747.0,24501.0,111328.0,0,0.9734375,0.000976562,0.0,6400000.0,0.961662181996086
1.0,64.0,1.0,1.0,1.0,1.0,35.0,32.0,0,0.5015625,32768.0,16384.0,6400000.0,0.5273919092465753
1.0,64.0,1.0,1.0,1.0,1.0,35.0,32.0,0,0.5015625,512.0,256.0,6400000.0,0.5273919092465753
64.0,64.0,2.0,15.0,268.0,253.0,8515.0,32288.0,0,0.940625,0.0625,0.125,6400000.0,0.942881604696673
1.0,64.0,4.0,1.0,1.0,1.0,63.0,32.0,0,0.5015625,0.00195312,4096.0,6400000.0,0.5273919092465753
64.0,64.0,4.0,8.0,700.0,710.0,23104.0,105408.0,0,0.940625,0.0,64.0,6400000.0,0.9354513209393345
64.0,64.0,1.0,6.0,133.0,128.0,4232.0,12288.0,0,0.940625,0.5,1.0,6400000.0,0.93818646037182
1.0,64.0,4.0,1.0,1.0,1.0,63.0,32.0,0,0.5015625,0.000976562,512.0,6400000.0,0.5273919092465753
64.0,64.0,4.0,28.0,753.0,745.0,24445.0,111008.0,0,0.9703125,0.0,0.0625,6400000.0,0.9624449608610567
1.0,64.0,2.0,1.0,1.0,1.0,39.0,32.0,0,0.5015625,0.125,1024.0,6400000.0,0.5273919092465753
64.0,64.0,2.0,16.0,269.0,253.0,8526.0,32288.0,0,0.940625,0.125,0.000976562,6400000.0,0.942881604696673
1.0,64.0,4.0,1.0,1.0,1.0,63.0,32.0,0,0.5015625,0.00390625,32768.0,6400000.0,0.5273919092465753
64.0,64.0,2.0,15.0,268.0,253.0,8515.0,32288.0,0,0.940625,0.125,1.0,6400000.0,0.942881604696673
64.0,64.0,2.0,5.0,235.0,231.0,7641.0,28768.0,0,0.940625,0.0625,128.0,6400000.0,0.9409246575342465
64.0,64.0,1.0,6.0,133.0,128.0,4232.0,12288.0,0,0.940625,1.0,0.0078125,6400000.0,0.93818646037182
1.0,64.0,1.0,1.0,1.0,1.0,35.0,32.0,0,0.5015625,1024.0,0.00195312,6400000.0,0.5273919092465753
64.0,64.0,1.0,5.0,132.0,128.0,4220.0,12288.0,0,0.940625,128.0,0.0078125,6400000.0,0.9033657962328766
64.0,64.0,4.0,25.0,737.0,731.0,23982.0,108768.0,0,0.9671875,0.000976562,0.5,6400000.0,0.9636198935909981
64.0,64.0,4.0,6.0,520.0,520.0,17196.0,75008.0,0,0.940625,1.0,128.0,6400000.0,0.9409246575342465
1.0,64.0,1.0,1.0,1.0,1.0,35.0,32.0,0,0.5015625,8192.0,0.5,6400000.0,0.5273919092465753
64.0,64.0,1.0,6.0,133.0,128.0,4232.0,12288.0,0,0.940625,0.015625,0.0625,6400000.0,0.93818646037182
64.0,64.0,2.0,16.0,269.0,253.0,8526.0,32288.0,0,0.940625,0.000976562,0.000976562,6400000.0,0.942881604696673
1.0,64.0,4.0,1.0,1.0,1.0,63.0,32.0,0,0.5015625,0.125,512.0,6400000.0,0.5273919092465753
64.0,64.0,4.0,22.0,737.0,729.0,24043.0,108448.0,0,0.9703125,2.0,0.000976562,6400000.0,0.9647902397260275
64.0,64.0,4.0,19.0,721.0,716.0,23581.0,106368.0,0,0.971875,0.00195312,4.0,6400000.0,0.9640082252935421
64.0,64.0,4.0,27.0,742.0,734.0,24103.0,109248.0,0,0.9578125,0.25,0.00390625,6400000.0,0.9636160714285715
64.0,64.0,4.0,30.0,756.0,747.0,24501.0,111328.0,0,0.9734375,0.00195312,0.00390625,6400000.0,0.9612707925636007
64.0,64.0,2.0,16.0,269.0,253.0,8526.0,32288.0,0,0.940625,0.0,0.125,6400000.0,0.942881604696673
64.0,64.0,4.0,5.0,400.0,400.0,13226.0,55808.0,0,0.940625,0.0078125,256.0,6400000.0,0.9409246575342465
1.0,64.0,4.0,1.0,1.0,1.0,63.0,32.0,0,0.5015625,0.015625,2048.0,6400000.0,0.5273919092465753
64.0,64.0,4.0,29.0,752.0,743.0,24390.0,110688.0,0,0.9734375,0.00390625,0.03125,6400000.0,0.9604887781311154
64.0,64.0,4.0,9.0,655.0,655.0,21588.0,96608.0,0,0.959375,0.00390625,32.0,6400000.0,0.9581419704011742
1.0,64.0,2.0,1.0,1.0,1.0,39.0,32.0,0,0.5015625,0.000976562,1024.0,6400000.0,0.5273919092465753
1.0,64.0,1.0,1.0,1.0,1.0,35.0,32.0,0,0.5015625,1024.0,2.0,6400000.0,0.5273919092465753
64.0,64.0,2.0,5.0,235.0,231.0,7641.0,28768.0,0,0.940625,0.0,128.0,6400000.0,0.9409246575342465
64.0,64.0,1.0,6.0,133.0,128.0,4232.0,12288.0,0,0.940625,0.03125,0.0,6400000.0,0.93818646037182
64.0,64.0,4.0,27.0,742.0,734.0,24103.0,109248.0,0,0.9578125,0.0078125,0.25,6400000.0,0.9616637108610568
64.0,64.0,2.0,15.0,268.0,253.0,8515.0,32288.0,0,0.940625,0.000976562,1.0,6400000.0,0.942881604696673
64.0,64.0,1.0,5.0,132.0,128.0,4220.0,12288.0,0,0.940625,1.0,8.0,6400000.0,0.93818646037182
64.0,64.0,1.0,6.0,133.0,128.0,4232.0,12288.0,0,0.940625,0.0625,0.00390625,6400000.0,0.93818646037182
64.0,64.0,4.0,29.0,752.0,743.0,24390.0,110688.0,0,0.9734375,0.015625,0.00195312,6400000.0,0.961662181996086
64.0,64.0,2.0,9.0,260.0,252.0,8412.0,32128.0,0,0.940625,0.25,8.0,6400000.0,0.9409246575342465
64.0,64.0,4.0,22.0,730.0,722.0,23812.0,107328.0,0,0.9640625,0.015625,2.0,6400000.0,0.9647902397260275
64.0,64.0,2.0,15.0,268.0,253.0,8515.0,32288.0,0,0.940625,0.25,0.0078125,6400000.0,0.9420988258317025
1.0,64.0,2.0,1.0,1.0,1.0,39.0,32.0,0,0.5015625,0.25,8192.0,6400000.0,0.5273919092465753
64.0,64.0,1.0,5.0,132.0,128.0,4220.0,12288.0,0,0.940625,0.015625,64.0,6400000.0,0.9385778498043053
64.0,64.0,1.0,6.0,133.0,128.0,4232.0,12288.0,0,0.940625,0.03125,0.5,6400000.0,0.93818646037182
1.0,64.0,1.0,1.0,1.0,1.0,35.0,32.0,0,0.5015625,0.03125,512.0,6400000.0,0.5273919092465753
1.0,64.0,1.0,1.0,1.0,1.0,35.0,32.0,0,0.5015625,1.0,8192.0,6400000.0,0.5273919092465753
1.0,64.0,1.0,1.0,1.0,1.0,35.0,32.0,0,0.5015625,1024.0,2048.0,6400000.0,0.5273919092465753
64.0,64.0,4.0,29.0,749.0,740.0,24291.0,110208.0,0,0.9703125,0.03125,0.015625,6400000.0,0.9608801675636007
64.0,64.0,4.0,19.0,730.0,725.0,23878.0,107808.0,0,0.965625,0.25,4.0,6400000.0,0.965184686888454
64.0,64.0,1.0,6.0,133.0,128.0,4232.0,12288.0,0,0.940625,0.0625,4.0,6400000.0,0.9389677103718199
64.0,64.0,2.0,15.0,268.0,253.0,8515.0,32288.0,0,0.940625,1.0,0.0,6400000.0,0.9424902152641877
64.0,64.0,2.0,16.0,269.0,253.0,8526.0,32288.0,0,0.940625,0.00195312,0.0078125,6400000.0,0.942881604696673
1.0,64.0,2.0,1.0,1.0,1.0,39.0,32.0,0,0.5015625,0.00195312,8192.0,6400000.0,0.5273919092465753
64.0,64.0,4.0,19.0,721.0,716.0,23581.0,106368.0,0,0.971875,2.0,1.0,6400000.0,0.9624457252935421
64.0,64.0,2.0,6.0,241.0,236.0,7820.0,29568.0,0,0.940625,0.5,64.0,6400000.0,0.9409246575342465
64.0,64.0,1.0,5.0,132.0,128.0,4220.0,12288.0,0,0.940625,128.0,8.0,6400000.0,0.9033657962328766
64.0,64.0,1.0,5.0,132.0,128.0,4220.0,12288.0,0,0.940625,2.0,64.0,6400000.0,0.9385778498043053
1.0,64.0,1.0,1.0,1.0,1.0,35.0,32.0,0,0.5015625,8192.0,512.0,6400000.0,0.5273919092465753
64.0,64.0,1.0,6.0,133.0,128.0,4232.0,12288.0,0,0.940625,2.0,0.0625,6400000.0,0.9389677103718199
1.0,64.0,2.0,1.0,1.0,1.0,39.0,32.0,0,0.5015625,2.0,4096.0,6400000.0,0.5273919092465753
64.0,64.0,2.0,15.0,268.0,253.0,8515.0,32288.0,0,0.940625,0.5,0.0625,6400000.0,0.9420988258317025
64.0,64.0,1.0,6.0,133.0,128.0,4232.0,12288.0,0,0.940625,4.0,0.0,6400000.0,0.9389677103718199
64.0,64.0,2.0,9.0,260.0,252.0,8412.0,32128.0,0,0.940625,0.00195312,8.0,6400000.0,0.9409246575342465
1.0,64.0,1.0,1.0,1.0,1.0,35.0,32.0,0,0.5015625,0.0625,4096.0,6400000.0,0.5273919092465753
1.0,64.0,4.0,1.0,1.0,1.0,63.0,32.0,0,0.5015625,0.03125,16384.0,6400000.0,0.5273919092465753
64.0,64.0,2.0,6.0,241.0,236.0,7820.0,29568.0,0,0.940625,0.00390625,64.0,6400000.0,0.9409246575342465
1.0,64.0,2.0,1.0,1.0,1.0,39.0,32.0,0,0.5015625,1.0,512.0,6400000.0,0.5273919092465753
1.0,64.0,1.0,1.0,1.0,1.0,35.0,32.0,0,0.5015625,0.125,32768.0,6400000.0,0.5273919092465753
1.0,64.0,1.0,1.0,1.0,1.0,35.0,32.0,0,0.5015625,16384.0,0.00390625,6400000.0,0.5273919092465753
64.0,64.0,2.0,16.0,269.0,253.0,8526.0,32288.0,0,0.940625,0.00390625,0.0625,6400000.0,0.942881604696673
64.0,64.0,2.0,11.0,263.0,253.0,8470.0,32288.0,0,0.940625,2.0,4.0,6400000.0,0.9420988258317025
64.0,64.0,1.0,6.0,133.0,128.0,4232.0,12288.0,0,0.940625,4.0,0.5,6400000.0,0.9389677103718199
64.0,64.0,2.0,15.0,268.0,253.0,8515.0,32288.0,0,0.940625,1.0,0.5,6400000.0,0.942881604696673
64.0,64.0,1.0,5.0,132.0,128.0,4220.0,12288.0,0,0.940625,0.125,32.0,6400000.0,0.9389677103718199
64.0,64.0,4.0,13.0,729.0,728.0,23960.0,108288.0,0,0.9609375,0.03125,16.0,6400000.0,0.9600996819960862
64.0,64.0,1.0,5.0,132.0,128.0,4220.0,12288.0,0,0.940625,8.0,0.00390625,6400000.0,0.9389677103718199
1.0,64.0,1.0,1.0,1.0,1.0,35.0,32.0,0,0.5015625,4.0,512.0,6400000.0,0.5273919092465753
64.0,64.0,2.0,11.0,264.0,253.0,8471.0,32288.0,0,0.940625,4.0,0.03125,6400000.0,0.9420988258317025
1.0,64.0,2.0,1.0,1.0,1.0,39.0,32.0,0,0.5015625,4.0,32768.0,6400000.0,0.5273919092465753
1.0,64.0,4.0,1.0,1.0,1.0,63.0,32.0,0,0.5015625,0.25,4096.0,6400000.0,0.5273919092465753
64.0,64.0,2.0,14.0,267.0,253.0,8504.0,32288.0,0,0.940625,2.0,0.00390625,6400000.0,0.9424902152641877
1.0,64.0,1.0,1.0,1.0,1.0,35.0,32.0,0,0.5015625,16384.0,4.0,6400000.0,0.5273919092465753
1.0,64.0,1.0,1.0,1.0,1.0,35.0,32.0,0,0.5015625,8.0,4096.0,6400000.0,0.5273919092465753
64.0,64.0,2.0,9.0,261.0,252.0,8413.0,32128.0,0,0.940625,8.0,0.25,6400000.0,0.9409246575342465
64.0,64.0,1.0,6.0,133.0,128.0,4232.0,12288.0,0,0.940625,0.125,0.03125,6400000.0,0.93818646037182
1.0,64.0,2.0,1.0,1.0,1.0,39.0,32.0,0,0.5015625,32.0,16384.0,6400000.0,0.5273919092465753
1.0,64.0,2.0,1.0,1.0,1.0,39.0,32.0,0,0.5015625,16.0,2048.0,6400000.0,0.5273919092465753
64.0,64.0,2.0,8.0,251.0,244.0,8137.0,30848.0,0,0.940625,4.0,32.0,6400000.0,0.9409246575342465
64.0,64.0,2.0,5.0,235.0,231.0,7641.0,28768.0,0,0.940625,8.0,256.0,6400000.0,0.9409246575342465
64.0,64.0,1.0,5.0,132.0,128.0,4220.0,12288.0,0,0.940625,16.0,0.03125,6400000.0,0.93818646037182
64.0,64.0,2.0,8.0,251.0,244.0,8137.0,30848.0,0,0.940625,16.0,2.0,6400000.0,0.9409246575342465
64.0,64.0,2.0,8.0,253.0,245.0,8171.0,31008.0,0,0.940625,32.0,0.015625,6400000.0,0.9409246575342465
64.0,64.0,2.0,9.0,257.0,248.0,8281.0,31488.0,0,0.940625,16.0,0.00195312,6400000.0,0.9409246575342465
64.0,64.0,1.0,5.0,132.0,128.0,4220.0,12288.0,0,0.940625,8.0,4.0,6400000.0,0.93818646037182
1.0,64.0,1.0,1.0,1.0,1.0,35.0,32.0,0,0.5015625,2048.0,16.0,6400000.0,0.5273919092465753
64.0,64.0,4.0,25.0,726.0,720.0,23619.0,107008.0,0,0.96875,0.5,0.03125,6400000.0,0.9640105185909981
64.0,64.0,2.0,16.0,269.0,253.0,8526.0,32288.0,0,0.940625,0.0078125,0.0,6400000.0,0.942881604696673
64.0,64.0,4.0,9.0,655.0,655.0,21588.0,96608.0,0,0.959375,0.5,32.0,6400000.0,0.9581419704011742
64.0,64.0,2.0,5.0,235.0,231.0,7641.0,28768.0,0,0.940625,128.0,0.000976562,6400000.0,0.9409246575342465
64.0,64.0,2.0,6.0,241.0,236.0,7820.0,29568.0,0,0.940625,64.0,0.125,6400000.0,0.9409246575342465
1.0,64.0,1.0,1.0,1.0,1.0,35.0,32.0,0,0.5015625,2048.0,0.015625,6400000.0,0.5273919092465753
64.0,64.0,1.0,5.0,132.0,128.0,4220.0,12288.0,0,0.940625,16.0,32.0,6400000.0,0.9389677103718199
1.0,64.0,2.0,1.0,1.0,1.0,39.0,32.0,0,0.5015625,128.0,1024.0,6400000.0,0.5273919092465753
64.0,64.0,1.0,6.0,133.0,128.0,4232.0,12288.0,0,0.940625,0.25,0.25,6400000.0,0.93818646037182
1.0,64.0,2.0,1.0,1.0,1.0,39.0,32.0,0,0.5015625,256.0,8192.0,6400000.0,0.5273919092465753
1.0,64.0,1.0,1.0,1.0,1.0,35.0,32.0,0,0.5015625,128.0,8192.0,6400000.0,0.5273919092465753
64.0,64.0,2.0,5.0,234.0,230.0,7608.0,28608.0,0,0.940625,64.0,128.0,6400000.0,0.9409246575342465
1.0,64.0,1.0,1.0,1.0,1.0,35.0,32.0,0,0.5015625,16.0,32768.0,6400000.0,0.5273919092465753
1.0,64.0,1.0,1.0,1.0,1.0,35.0,32.0,0,0.5015625,2048.0,16384.0,6400000.0,0.5273919092465753
64.0,64.0,2.0,7.0,247.0,241.0,7996.0,30368.0,0,0.940625,32.0,16.0,6400000.0,0.9409246575342465
64.0,64.0,2.0,5.0,235.0,231.0,7641.0,28768.0,0,0.940625,256.0,0.0078125,6400000.0,0.9409246575342465
64.0,64.0,2.0,5.0,235.0,231.0,7641.0,28768.0,0,0.940625,128.0,1.0,6400000.0,0.9409246575342465
64.0,64.0,1.0,4.0,131.0,128.0,4209.0,12288.0,0,0.9078125,0.25,256.0,6400000.0,0.9033657962328766
1.0,64.0,4.0,1.0,1.0,1.0,63.0,32.0,0,0.5015625,2.0,1024.0,6400000.0,0.5273919092465753
64.0,64.0,4.0,27.0,744.0,737.0,24170.0,109728.0,0,0.96875,0.0625,0.125,6400000.0,0.9632277397260273
1.0,64.0,2.0,1.0,1.0,1.0,39.0,32.0,0,0.5015625,512.0,64.0,6400000.0,0.5273919092465753
1.0,64.0,1.0,1.0,1.0,1.0,35.0,32.0,0,0.5015625,512.0,0.0,6400000.0,0.5273919092465753
1.0,64.0,2.0,1.0,1.0,1.0,39.0,32.0,0,0.5015625,1024.0,0.5,6400000.0,0.5273919092465753
1.0,64.0,2.0,1.0,1.0,1.0,39.0,32.0,0,0.5015625,512.0,0.0625,6400000.0,0.5273919092465753
64.0,64.0,4.0,19.0,738.0,733.0,24142.0,109088.0,0,0.971875,4.0,0.0078125,6400000.0,0.9651823935909981
1.0,64.0,4.0,1.0,1.0,1.0,63.0,32.0,0,0.5015625,0.5,32768.0,6400000.0,0.5273919092465753
1.0,64.0,2.0,1.0,1.0,1.0,39.0,32.0,0,0.5015625,1024.0,512.0,6400000.0,0.5273919092465753
1.0,64.0,1.0,1.0,1.0,1.0,35.0,32.0,0,0.5015625,16384.0,4096.0,6400000.0,0.5273919092465753
1.0,64.0,2.0,1.0,1.0,1.0,39.0,32.0,0,0.5015625,1024.0,0.0,6400000.0,0.5273919092465753
64.0,64.0,2.0,5.0,235.0,231.0,7641.0,28768.0,0,0.940625,256.0,8.0,6400000.0,0.9409246575342465
64.0,64.0,1.0,6.0,133.0,128.0,4232.0,12288.0,0,0.940625,0.5,0.00195312,6400000.0,0.93818646037182
64.0,64.0,1.0,4.0,131.0,128.0,4209.0,12288.0,0,0.9078125,256.0,0.0625,6400000.0,0.9033657962328766
1.0,64.0,2.0,1.0,1.0,1.0,39.0,32.0,0,0.5015625,2048.0,0.00390625,6400000.0,0.5273919092465753
64.0,64.0,4.0,6.0,537.0,538.0,17758.0,77888.0,0,0.940625,0.0625,128.0,6400000.0,0.9409246575342465
1.0,64.0,2.0,1.0,1.0,1.0,39.0,32.0,0,0.5015625,2048.0,4.0,6400000.0,0.5273919092465753
1.0,64.0,2.0,1.0,1.0,1.0,39.0,32.0,0,0.5015625,4096.0,32.0,6400000.0,0.5273919092465753
64.0,64.0,1.0,5.0,132.0,128.0,4220.0,12288.0,0,0.940625,64.0,0.00195312,6400000.0,0.9385778498043053
64.0,64.0,1.0,4.0,131.0,128.0,4209.0,12288.0,0,0.9078125,256.0,64.0,6400000.0,0.9033657962328766
1.0,64.0,2.0,1.0,1.0,1.0,39.0,32.0,0,0.5015625,16384.0,0.00195312,6400000.0,0.5273919092465753
1.0,64.0,2.0,1.0,1.0,1.0,39.0,32.0,0,0.5015625,4096.0,0.03125,6400000.0,0.5273919092465753
64.0,64.0,4.0,15.0,693.0,692.0,22730.0,102528.0,0,0.965625,4.0,8.0,6400000.0,0.9616652397260275
64.0,64.0,1.0,5.0,132.0,128.0,4220.0,12288.0,0,0.940625,32.0,0.25,6400000.0,0.9389677103718199
1.0,64.0,2.0,1.0,1.0,1.0,39.0,32.0,0,0.5015625,0.015625,4096.0,6400000.0,0.5273919092465753
1.0,64.0,2.0,1.0,1.0,1.0,39.0,32.0,0,0.5015625,2048.0,4096.0,6400000.0,0.5273919092465753
64.0,64.0,1.0,4.0,131.0,128.0,4209.0,12288.0,0,0.9078125,32.0,256.0,6400000.0,0.9033657962328766
64.0,64.0,2.0,15.0,268.0,253.0,8515.0,32288.0,0,0.940625,0.0078125,0.5,6400000.0,0.9420988258317025
64.0,64.0,2.0,11.0,263.0,253.0,8470.0,32288.0,0,0.940625,0.015625,4.0,6400000.0,0.9420988258317025
1.0,64.0,2.0,1.0,1.0,1.0,39.0,32.0,0,0.5015625,8192.0,0.25,6400000.0,0.5273919092465753
1.0,64.0,2.0,1.0,1.0,1.0,39.0,32.0,0,0.5015625,0.0078125,512.0,6400000.0,0.5273919092465753
1.0,64.0,1.0,1.0,1.0,1.0,35.0,32.0,0,0.5015625,512.0,0.5,6400000.0,0.5273919092465753
1.0,64.0,1.0,1.0,1.0,1.0,35.0,32.0,0,0.5015625,64.0,2048.0,6400000.0,0.5273919092465753
1.0,64.0,1.0,1.0,1.0,1.0,35.0,32.0,0,0.5015625,4096.0,0.125,6400000.0,0.5273919092465753
1.0,64.0,2.0,1.0,1.0,1.0,39.0,32.0,0,0.5015625,0.03125,32768.0,6400000.0,0.5273919092465753
1.0,64.0,2.0,1.0,1.0,1.0,39.0,32.0,0,0.5015625,8192.0,256.0,6400000.0,0.5273919092465753
1.0,64.0,2.0,1.0,1.0,1.0,39.0,32.0,0,0.5015625,16384.0,2048.0,6400000.0,0.5273919092465753
1.0,64.0,1.0,1.0,1.0,1.0,35.0,32.0,0,0.5015625,4096.0,128.0,6400000.0,0.5273919092465753
1.0,64.0,1.0,1.0,1.0,1.0,35.0,32.0,0,0.5015625,32768.0,0.03125,6400000.0,0.5273919092465753
1.0,64.0,2.0,1.0,1.0,1.0,39.0,32.0,0,0.5015625,16384.0,2.0,6400000.0,0.5273919092465753
64.0,64.0,4.0,27.0,749.0,742.0,24335.0,110528.0,0,0.9703125,0.125,0.000976562,6400000.0,0.961662181996086
64.0,64.0,2.0,16.0,269.0,253.0,8526.0,32288.0,0,0.940625,0.015625,0.00390625,6400000.0,0.942881604696673
64.0,64.0,1.0,5.0,132.0,128.0,4220.0,12288.0,0,0.940625,64.0,2.0,6400000.0,0.9385778498043053
1.0,64.0,1.0,1.0,1.0,1.0,35.0,32.0,0,0.5015625,0.5,2048.0,6400000.0,0.5273919092465753
1.0,64.0,2.0,1.0,1.0,1.0,39.0,32.0,0,0.5015625,32768.0,16384.0,6400000.0,0.5273919092465753
1.0,64.0,2.0,1.0,1.0,1.0,39.0,32.0,0,0.5015625,4096.0,32768.0,6400000.0,0.5273919092465753
64.0,64.0,4.0,23.0,734.0,726.0,23923.0,107968.0,0,0.959375,1.0,0.25,6400000.0,0.9643996147260273
64.0,64.0,4.0,22.0,715.0,706.0,23316.0,104768.0,0,0.9703125,0.125,1.0,6400000.0,0.9608809319960863
64.0,64.0,2.0,16.0,269.0,253.0,8526.0,32288.0,0,0.940625,0.03125,0.03125,6400000.0,0.942881604696673
1.0,64.0,2.0,1.0,1.0,1.0,39.0,32.0,0,0.5015625,32768.0,16.0,6400000.0,0.5273919092465753
1.0,64.0,2.0,1.0,1.0,1.0,39.0,32.0,0,0.5015625,32768.0,0.015625,6400000.0,0.5273919092465753
64.0,64.0,2.0,8.0,252.0,245.0,8170.0,31008.0,0,0.940625,0.03125,32.0,6400000.0,0.9409246575342465
1.0,64.0,1.0,1.0,1.0,1.0,35.0,32.0,0,0.5015625,8192.0,0.000976562,6400000.0,0.5273919092465753
1.0,64.0,1.0,1.0,1.0,1.0,35.0,32.0,0,0.5015625,512.0,512.0,6400000.0,0.5273919092465753
1.0,64.0,1.0,1.0,1.0,1.0,35.0,32.0,0,0.5015625,32768.0,32768.0,6400000.0,0.5273919092465753
1.0,64.0,1.0,1.0,1.0,1.0,35.0,32.0,0,0.5015625,32768.0,32.0,6400000.0,0.5273919092465753
1.0,64.0,4.0,1.0,1.0,1.0,63.0,32.0,0,0.5015625,0.00195312,8192.0,6400000.0,0.5273919092465753
64.0,64.0,2.0,15.0,268.0,253.0,8515.0,32288.0,0,0.940625,0.0625,0.25,6400000.0,0.9420988258317025
1.0,64.0,2.0,1.0,1.0,1.0,39.0,32.0,0,0.5015625,0.125,2048.0,6400000.0,0.5273919092465753
64.0,64.0,4.0,30.0,756.0,747.0,24501.0,111328.0,0,0.9734375,0.000976562,0.000976562,6400000.0,0.961662181996086
64.0,64.0,1.0,6.0,133.0,128.0,4232.0,12288.0,0,0.940625,1.0,0.015625,6400000.0,0.93818646037182
1.0,64.0,4.0,1.0,1.0,1.0,63.0,32.0,0,0.5015625,0.000976562,1024.0,6400000.0,0.5273919092465753
64.0,64.0,4.0,6.0,537.0,538.0,17758.0,77888.0,0,0.940625,0.0,128.0,6400000.0,0.9409246575342465
64.0,64.0,1.0,6.0,133.0,128.0,4232.0,12288.0,0,0.940625,0.5,2.0,6400000.0,0.9389677103718199
1.0,64.0,1.0,1.0,1.0,1.0,35.0,32.0,0,0.5015625,8192.0,1.0,6400000.0,0.5273919092465753
64.0,64.0,4.0,30.0,755.0,746.0,24468.0,111168.0,0,0.9734375,0.0078125,0.0,6400000.0,0.9620535714285715
64.0,64.0,4.0,27.0,749.0,742.0,24335.0,110528.0,0,0.9703125,0.0,0.125,6400000.0,0.961662181996086
1.0,64.0,4.0,1.0,1.0,1.0,63.0,32.0,0,0.5015625,0.125,1024.0,6400000.0,0.5273919092465753
64.0,64.0,2.0,14.0,267.0,253.0,8504.0,32288.0,0,0.9421875,0.125,2.0,6400000.0,0.9420988258317025
64.0,64.0,2.0,16.0,269.0,253.0,8526.0,32288.0,0,0.940625,0.125,0.00195312,6400000.0,0.942881604696673
1.0,64.0,4.0,1.0,1.0,1.0,63.0,32.0,0,0.5015625,4.0,8192.0,6400000.0,0.5273919092465753
64.0,64.0,1.0,5.0,132.0,128.0,4220.0,12288.0,0,0.940625,128.0,0.015625,6400000.0,0.9033657962328766
64.0,64.0,2.0,5.0,235.0,231.0,7641.0,28768.0,0,0.940625,0.0625,256.0,6400000.0,0.9409246575342465
1.0,64.0,1.0,1.0,1.0,1.0,35.0,32.0,0,0.5015625,1024.0,0.00390625,6400000.0,0.5273919092465753
64.0,64.0,2.0,16.0,269.0,253.0,8526.0,32288.0,0,0.940625,0.000976562,0.00195312,6400000.0,0.942881604696673
64.0,64.0,4.0,5.0,400.0,400.0,13226.0,55808.0,0,0.940625,1.0,256.0,6400000.0,0.9409246575342465
1.0,64.0,4.0,1.0,1.0,1.0,63.0,32.0,0,0.5015625,0.015625,4096.0,6400000.0,0.5273919092465753
64.0,64.0,4.0,24.0,721.0,717.0,23477.0,106528.0,0,0.965625,0.000976562,1.0,6400000.0,0.9624464897260274
1.0,64.0,2.0,1.0,1.0,1.0,39.0,32.0,0,0.5015625,0.000976562,2048.0,6400000.0,0.5273919092465753
1.0,64.0,4.0,1.0,1.0,1.0,63.0,32.0,0,0.5015625,0.0078125,512.0,6400000.0,0.5273919092465753
64.0,64.0,4.0,27.0,742.0,734.0,24103.0,109248.0,0,0.9578125,0.25,0.0078125,6400000.0,0.9616637108610568
64.0,64.0,4.0,22.0,737.0,729.0,24043.0,108448.0,0,0.9703125,2.0,0.00195312,6400000.0,0.9647902397260275
64.0,64.0,4.0,16.0,702.0,700.0,23005.0,103808.0,0,0.95625,0.00195312,8.0,6400000.0,0.9640120474559687
64.0,64.0,2.0,15.0,268.0,253.0,8515.0,32288.0,0,0.940625,0.0,0.25,6400000.0,0.9420988258317025
1.0,64.0,1.0,1.0,1.0,1.0,35.0,32.0,0,0.5015625,1024.0,4.0,6400000.0,0.5273919092465753
64.0,64.0,4.0,29.0,753.0,745.0,24424.0,111008.0,0,0.9734375,0.00195312,0.0078125,6400000.0,0.9620535714285715
64.0,64.0,2.0,5.0,235.0,231.0,7641.0,28768.0,0,0.940625,0.0,256.0,6400000.0,0.9409246575342465
64.0,64.0,2.0,9.0,256.0,248.0,8280.0,31488.0,0,0.940625,0.25,16.0,6400000.0,0.9409246575342465
64.0,64.0,4.0,8.0,700.0,710.0,23104.0,105408.0,0,0.940625,0.00390625,64.0,6400000.0,0.9354513209393345
64.0,64.0,2.0,14.0,267.0,253.0,8504.0,32288.0,0,0.9421875,0.000976562,2.0,6400000.0,0.9420988258317025
64.0,64.0,4.0,16.0,709.0,707.0,23236.0,104928.0,0,0.959375,8.0,0.0625,6400000.0,0.9628378791585126
64.0,64.0,4.0,25.0,737.0,731.0,23982.0,108768.0,0,0.9671875,0.0078125,0.5,6400000.0,0.9636198935909981
64.0,64.0,1.0,5.0,132.0,128.0,4220.0,12288.0,0,0.940625,1.0,16.0,6400000.0,0.93818646037182
64.0,64.0,4.0,28.0,753.0,745.0,24445.0,111008.0,0,0.9703125,0.00390625,0.0625,6400000.0,0.9624449608610567
64.0,64.0,4.0,13.0,728.0,725.0,23925.0,107808.0,0,0.9609375,16.0,0.0,6400000.0,0.9612738502935422
64.0,64.0,4.0,8.0,673.0,682.0,22212.0,100928.0,0,0.940625,8.0,64.0,6400000.0,0.9409246575342465
64.0,64.0,2.0,15.0,268.0,253.0,8515.0,32288.0,0,0.940625,0.25,0.015625,6400000.0,0.9420988258317025
64.0,64.0,4.0,29.0,752.0,743.0,24390.0,110688.0,0,0.9734375,0.015625,0.00390625,6400000.0,0.961662181996086
64.0,64.0,4.0,12.0,733.0,730.0,24111.0,108608.0,0,0.9609375,16.0,0.5,6400000.0,0.9593169031311154
1.0,64.0,2.0,1.0,1.0,1.0,39.0,32.0,0,0.5015625,0.25,16384.0,6400000.0,0.5273919092465753
1.0,64.0,1.0,1.0,1.0,1.0,35.0,32.0,0,0.5015625,1024.0,4096.0,6400000.0,0.5273919092465753
64.0,64.0,4.0,19.0,721.0,716.0,23581.0,106368.0,0,0.971875,0.015625,4.0,6400000.0,0.9640082252935421
1.0,64.0,4.0,1.0,1.0,1.0,63.0,32.0,0,0.5015625,16.0,512.0,6400000.0,0.5273919092465753
1.0,64.0,1.0,1.0,1.0,1.0,35.0,32.0,0,0.5015625,1.0,16384.0,6400000.0,0.5273919092465753
1.0,64.0,2.0,1.0,1.0,1.0,39.0,32.0,0,0.5015625,0.00195312,16384.0,6400000.0,0.5273919092465753
1.0,64.0,1.0,1.0,1.0,1.0,35.0,32.0,0,0.5015625,8192.0,1024.0,6400000.0,0.5273919092465753
64.0,64.0,2.0,15.0,268.0,253.0,8515.0,32288.0,0,0.940625,1.0,0.000976562,6400000.0,0.9424902152641877
64.0,64.0,4.0,9.0,665.0,665.0,21918.0,98208.0,0,0.959375,32.0,0.00390625,6400000.0,0.9597075281311154
64.0,64.0,2.0,16.0,269.0,253.0,8526.0,32288.0,0,0.940625,0.00195312,0.015625,6400000.0,0.942881604696673
64.0,64.0,4.0,28.0,753.0,745.0,24445.0,111008.0,0,0.9703125,0.03125,0.03125,6400000.0,0.9624449608610567
64.0,64.0,4.0,16.0,748.0,749.0,24526.0,111648.0,0,0.9609375,0.25,8.0,6400000.0,0.962055100293542
64.0,64.0,1.0,5.0,132.0,128.0,4220.0,12288.0,0,0.9078125,128.0,16.0,6400000.0,0.9033657962328766
64.0,64.0,1.0,5.0,132.0,128.0,4220.0,12288.0,0,0.940625,2.0,128.0,6400000.0,0.9033657962328766
64.0,64.0,4.0,19.0,721.0,716.0,23581.0,106368.0,0,0.971875,2.0,2.0,6400000.0,0.9651823935909981
64.0,64.0,1.0,6.0,133.0,128.0,4232.0,12288.0,0,0.940625,2.0,0.125,6400000.0,0.9389677103718199
64.0,64.0,2.0,5.0,235.0,231.0,7641.0,28768.0,0,0.940625,0.5,128.0,6400000.0,0.9409246575342465
1.0,64.0,2.0,1.0,1.0,1.0,39.0,32.0,0,0.5015625,2.0,8192.0,6400000.0,0.5273919092465753
64.0,64.0,2.0,15.0,268.0,253.0,8515.0,32288.0,0,0.940625,0.5,0.125,6400000.0,0.9420988258317025
1.0,64.0,4.0,1.0,1.0,1.0,63.0,32.0,0,0.5015625,32.0,4096.0,6400000.0,0.5273919092465753
64.0,64.0,2.0,9.0,256.0,248.0,8280.0,31488.0,0,0.940625,0.00195312,16.0,6400000.0,0.9409246575342465
1.0,64.0,4.0,1.0,1.0,1.0,63.0,32.0,0,0.5015625,0.03125,32768.0,6400000.0,0.5273919092465753
64.0,64.0,1.0,6.0,133.0,128.0,4232.0,12288.0,0,0.940625,4.0,0.000976562,6400000.0,0.9389677103718199
1.0,64.0,2.0,1.0,1.0,1.0,39.0,32.0,0,0.5015625,1.0,1024.0,6400000.0,0.5273919092465753
64.0,64.0,4.0,9.0,636.0,636.0,20961.0,93568.0,0,0.9625,32.0,4.0,6400000.0,0.9608816964285714
64.0,64.0,2.0,5.0,235.0,231.0,7641.0,28768.0,0,0.940625,0.00390625,128.0,6400000.0,0.9409246575342465
64.0,64.0,2.0,16.0,269.0,253.0,8526.0,32288.0,0,0.940625,0.00390625,0.125,6400000.0,0.942881604696673
64.0,64.0,2.0,9.0,257.0,249.0,8313.0,31648.0,0,0.940625,2.0,8.0,6400000.0,0.9409246575342465
1.0,64.0,1.0,1.0,1.0,1.0,35.0,32.0,0,0.5015625,16384.0,0.0078125,6400000.0,0.5273919092465753
64.0,64.0,1.0,5.0,132.0,128.0,4220.0,12288.0,0,0.940625,4.0,1.0,6400000.0,0.9389677103718199
64.0,64.0,2.0,14.0,267.0,253.0,8504.0,32288.0,0,0.940625,1.0,1.0,6400000.0,0.9420988258317025
1.0,64.0,1.0,1.0,1.0,1.0,35.0,32.0,0,0.5015625,4.0,1024.0,6400000.0,0.5273919092465753
64.0,64.0,2.0,11.0,264.0,253.0,8471.0,32288.0,0,0.940625,4.0,0.0625,6400000.0,0.9420988258317025
64.0,64.0,1.0,5.0,132.0,128.0,4220.0,12288.0,0,0.940625,8.0,0.0078125,6400000.0,0.9389677103718199
64.0,64.0,4.0,9.0,655.0,655.0,21588.0,96608.0,0,0.959375,0.03125,32.0,6400000.0,0.9581419704011742
1.0,64.0,4.0,1.0,1.0,1.0,63.0,32.0,0,0.5015625,0.25,8192.0,6400000.0,0.5273919092465753
64.0,64.0,4.0,8.0,684.0,693.0,22575.0,102688.0,0,0.9625,64.0,0.03125,6400000.0,0.9507055711839529
64.0,64.0,2.0,14.0,267.0,253.0,8504.0,32288.0,0,0.940625,2.0,0.0078125,6400000.0,0.9424902152641877
64.0,64.0,2.0,9.0,261.0,252.0,8413.0,32128.0,0,0.940625,8.0,0.5,6400000.0,0.9409246575342465
1.0,64.0,1.0,1.0,1.0,1.0,35.0,32.0,0,0.5015625,16384.0,8.0,6400000.0,0.5273919092465753
1.0,64.0,1.0,1.0,1.0,1.0,35.0,32.0,0,0.5015625,8.0,8192.0,6400000.0,0.5273919092465753
64.0,64.0,2.0,9.0,261.0,252.0,8413.0,32128.0,0,0.940625,8.0,0.0,6400000.0,0.9409246575342465
1.0,64.0,2.0,1.0,1.0,1.0,39.0,32.0,0,0.5015625,32.0,32768.0,6400000.0,0.5273919092465753
1.0,64.0,2.0,1.0,1.0,1.0,39.0,32.0,0,0.5015625,16.0,4096.0,6400000.0,0.5273919092465753
64.0,64.0,4.0,6.0,519.0,540.0,17184.0,78208.0,0,0.940625,64.0,32.0,6400000.0,0.9409246575342465
1.0,64.0,2.0,1.0,1.0,1.0,39.0,32.0,0,0.5015625,8.0,512.0,6400000.0,0.5273919092465753
64.0,64.0,2.0,6.0,240.0,235.0,7787.0,29408.0,0,0.940625,4.0,64.0,6400000.0,0.9409246575342465
64.0,64.0,2.0,8.0,255.0,247.0,8237.0,31328.0,0,0.940625,16.0,4.0,6400000.0,0.9409246575342465
64.0,64.0,2.0,8.0,253.0,245.0,8171.0,31008.0,0,0.940625,32.0,0.03125,6400000.0,0.9409246575342465
1.0,64.0,1.0,1.0,1.0,1.0,35.0,32.0,0,0.5015625,2048.0,32.0,6400000.0,0.5273919092465753
64.0,64.0,2.0,9.0,257.0,248.0,8281.0,31488.0,0,0.940625,16.0,0.00390625,6400000.0,0.9409246575342465
64.0,64.0,1.0,5.0,132.0,128.0,4220.0,12288.0,0,0.940625,16.0,0.0625,6400000.0,0.93818646037182
64.0,64.0,1.0,5.0,132.0,128.0,4220.0,12288.0,0,0.940625,8.0,8.0,6400000.0,0.93818646037182
64.0,64.0,4.0,25.0,726.0,720.0,23619.0,107008.0,0,0.96875,0.5,0.0625,6400000.0,0.9636198935909981
64.0,64.0,2.0,16.0,269.0,253.0,8526.0,32288.0,0,0.940625,0.0078125,0.000976562,6400000.0,0.942881604696673
1.0,64.0,1.0,1.0,1.0,1.0,35.0,32.0,0,0.5015625,2048.0,0.03125,6400000.0,0.5273919092465753
1.0,64.0,2.0,1.0,1.0,1.0,39.0,32.0,0,0.5015625,128.0,2048.0,6400000.0,0.5273919092465753
64.0,64.0,2.0,5.0,235.0,231.0,7641.0,28768.0,0,0.940625,128.0,0.00195312,6400000.0,0.9409246575342465
1.0,64.0,1.0,1.0,1.0,1.0,35.0,32.0,0,0.5015625,128.0,16384.0,6400000.0,0.5273919092465753
64.0,64.0,2.0,6.0,241.0,236.0,7820.0,29568.0,0,0.940625,64.0,0.25,6400000.0,0.9409246575342465
1.0,64.0,2.0,1.0,1.0,1.0,39.0,32.0,0,0.5015625,256.0,16384.0,6400000.0,0.5273919092465753
64.0,64.0,1.0,5.0,132.0,128.0,4220.0,12288.0,0,0.940625,16.0,64.0,6400000.0,0.93818646037182
64.0,64.0,4.0,8.0,691.0,701.0,22807.0,103968.0,0,0.940625,0.5,64.0,6400000.0,0.9354513209393345
64.0,64.0,2.0,5.0,235.0,231.0,7641.0,28768.0,0,0.940625,64.0,256.0,6400000.0,0.9033657962328766
1.0,64.0,1.0,1.0,1.0,1.0,35.0,32.0,0,0.5015625,2048.0,32768.0,6400000.0,0.5273919092465753
1.0,64.0,4.0,1.0,1.0,1.0,63.0,32.0,0,0.5015625,2.0,2048.0,6400000.0,0.5273919092465753
64.0,64.0,2.0,5.0,235.0,231.0,7641.0,28768.0,0,0.940625,256.0,0.015625,6400000.0,0.9409246575342465
1.0,64.0,4.0,1.0,1.0,1.0,63.0,32.0,0,0.5015625,64.0,32768.0,6400000.0,0.5273919092465753
64.0,64.0,1.0,5.0,132.0,128.0,4220.0,12288.0,0,0.940625,32.0,0.0,6400000.0,0.93818646037182
1.0,64.0,2.0,1.0,1.0,1.0,39.0,32.0,0,0.5015625,512.0,128.0,6400000.0,0.5273919092465753
1.0,64.0,2.0,1.0,1.0,1.0,39.0,32.0,0,0.5015625,512.0,0.125,6400000.0,0.5273919092465753
1.0,64.0,2.0,1.0,1.0,1.0,39.0,32.0,0,0.5015625,1024.0,1.0,6400000.0,0.5273919092465753
64.0,64.0,2.0,6.0,241.0,236.0,7820.0,29568.0,0,0.940625,32.0,32.0,6400000.0,0.9409246575342465
64.0,64.0,2.0,5.0,235.0,231.0,7641.0,28768.0,0,0.940625,128.0,2.0,6400000.0,0.9409246575342465
64.0,64.0,4.0,6.0,527.0,527.0,17427.0,76128.0,0,0.940625,128.0,0.25,6400000.0,0.9409246575342465
1.0,64.0,1.0,1.0,1.0,1.0,35.0,32.0,0,0.5015625,512.0,0.000976562,6400000.0,0.5273919092465753
64.0,64.0,4.0,27.0,747.0,739.0,24268.0,110048.0,0,0.9671875,0.0625,0.25,6400000.0,0.9647940618884541
1.0,64.0,1.0,1.0,1.0,1.0,35.0,32.0,0,0.5015625,16384.0,8192.0,6400000.0,0.5273919092465753
64.0,64.0,4.0,24.0,721.0,717.0,23477.0,106528.0,0,0.965625,1.0,0.0,6400000.0,0.9628378791585128
1.0,64.0,2.0,1.0,1.0,1.0,39.0,32.0,0,0.5015625,1024.0,0.000976562,6400000.0,0.5273919092465753
1.0,64.0,2.0,1.0,1.0,1.0,39.0,32.0,0,0.5015625,1024.0,1024.0,6400000.0,0.5273919092465753
1.0,64.0,2.0,1.0,1.0,1.0,39.0,32.0,0,0.5015625,2048.0,0.0078125,6400000.0,0.5273919092465753
64.0,64.0,4.0,19.0,738.0,733.0,24142.0,109088.0,0,0.971875,4.0,0.015625,6400000.0,0.9651823935909981
64.0,64.0,2.0,5.0,235.0,231.0,7641.0,28768.0,0,0.940625,256.0,16.0,6400000.0,0.9409246575342465
1.0,64.0,2.0,1.0,1.0,1.0,39.0,32.0,0,0.5015625,2048.0,8.0,6400000.0,0.5273919092465753
64.0,64.0,4.0,5.0,400.0,400.0,13226.0,55808.0,0,0.940625,0.0625,256.0,6400000.0,0.9409246575342465
64.0,64.0,1.0,4.0,131.0,128.0,4209.0,12288.0,0,0.9078125,256.0,0.125,6400000.0,0.9033657962328766
1.0,64.0,2.0,1.0,1.0,1.0,39.0,32.0,0,0.5015625,4096.0,64.0,6400000.0,0.5273919092465753
1.0,64.0,2.0,1.0,1.0,1.0,39.0,32.0,0,0.5015625,16384.0,0.00390625,6400000.0,0.5273919092465753
64.0,64.0,4.0,5.0,429.0,452.0,14206.0,64128.0,0,0.940625,128.0,256.0,6400000.0,0.9033657962328766
64.0,64.0,1.0,5.0,132.0,128.0,4220.0,12288.0,0,0.940625,64.0,0.00390625,6400000.0,0.9385778498043053
1.0,64.0,2.0,1.0,1.0,1.0,39.0,32.0,0,0.5015625,2048.0,8192.0,6400000.0,0.5273919092465753
64.0,64.0,1.0,4.0,131.0,128.0,4209.0,12288.0,0,0.9078125,256.0,128.0,6400000.0,0.9033657962328766
1.0,64.0,2.0,1.0,1.0,1.0,39.0,32.0,0,0.5015625,4096.0,0.0625,6400000.0,0.5273919092465753
1.0,64.0,1.0,1.0,1.0,1.0,35.0,32.0,0,0.5015625,64.0,4096.0,6400000.0,0.5273919092465753
1.0,64.0,1.0,1.0,1.0,1.0,35.0,32.0,0,0.5015625,4096.0,0.25,6400000.0,0.5273919092465753
64.0,64.0,2.0,16.0,269.0,253.0,8526.0,32288.0,0,0.940625,0.0625,0.0,6400000.0,0.942881604696673
1.0,64.0,1.0,1.0,1.0,1.0,35.0,32.0,0,0.5015625,512.0,1.0,6400000.0,0.5273919092465753
1.0,64.0,2.0,1.0,1.0,1.0,39.0,32.0,0,0.5015625,0.0078125,1024.0,6400000.0,0.5273919092465753
1.0,64.0,2.0,1.0,1.0,1.0,39.0,32.0,0,0.5015625,8192.0,0.5,6400000.0,0.5273919092465753
1.0,64.0,2.0,1.0,1.0,1.0,39.0,32.0,0,0.5015625,0.015625,8192.0,6400000.0,0.5273919092465753
1.0,64.0,1.0,1.0,1.0,1.0,35.0,32.0,0,0.5015625,32.0,512.0,6400000.0,0.5273919092465753
1.0,64.0,2.0,1.0,1.0,1.0,39.0,32.0,0,0.5015625,16384.0,4096.0,6400000.0,0.5273919092465753
64.0,64.0,2.0,9.0,260.0,252.0,8412.0,32128.0,0,0.940625,0.015625,8.0,6400000.0,0.9409246575342465
1.0,64.0,2.0,1.0,1.0,1.0,39.0,32.0,0,0.5015625,8192.0,512.0,6400000.0,0.5273919092465753
64.0,64.0,1.0,5.0,132.0,128.0,4220.0,12288.0,0,0.940625,32.0,0.5,6400000.0,0.9389677103718199
64.0,64.0,2.0,15.0,268.0,253.0,8515.0,32288.0,0,0.940625,0.0078125,1.0,6400000.0,0.942881604696673
64.0,64.0,4.0,11.0,778.0,776.0,25618.0,115968.0,0,0.953125,4.0,16.0,6400000.0,0.9608801675636007
1.0,64.0,1.0,1.0,1.0,1.0,35.0,32.0,0,0.5015625,32768.0,0.0625,6400000.0,0.5273919092465753
1.0,64.0,2.0,1.0,1.0,1.0,39.0,32.0,0,0.5015625,32768.0,32768.0,6400000.0,0.5273919092465753
1.0,64.0,2.0,1.0,1.0,1.0,39.0,32.0,0,0.5015625,16384.0,4.0,6400000.0,0.5273919092465753
64.0,64.0,4.0,5.0,400.0,400.0,13226.0,55808.0,0,0.940625,256.0,0.00195312,6400000.0,0.9409246575342465
1.0,64.0,2.0,1.0,1.0,1.0,39.0,32.0,0,0.5015625,8192.0,0.0,6400000.0,0.5273919092465753
1.0,64.0,1.0,1.0,1.0,1.0,35.0,32.0,0,0.5015625,4096.0,256.0,6400000.0,0.5273919092465753
64.0,64.0,2.0,16.0,269.0,253.0,8526.0,32288.0,0,0.940625,0.015625,0.0078125,6400000.0,0.942881604696673
1.0,64.0,2.0,1.0,1.0,1.0,39.0,32.0,0,0.5015625,32768.0,0.03125,6400000.0,0.5273919092465753
64.0,64.0,4.0,27.0,749.0,742.0,24335.0,110528.0,0,0.9703125,0.125,0.00195312,6400000.0,0.961662181996086
64.0,64.0,2.0,16.0,269.0,253.0,8526.0,32288.0,0,0.940625,0.03125,0.0625,6400000.0,0.942881604696673
1.0,64.0,2.0,1.0,1.0,1.0,39.0,32.0,0,0.5015625,32768.0,32.0,6400000.0,0.5273919092465753
64.0,64.0,1.0,5.0,132.0,128.0,4220.0,12288.0,0,0.940625,64.0,4.0,6400000.0,0.9385778498043053
64.0,64.0,4.0,21.0,737.0,730.0,24065.0,108608.0,0,0.9625,0.125,2.0,6400000.0,0.9636191291585128
64.0,64.0,4.0,22.0,734.0,726.0,23944.0,107968.0,0,0.96875,1.0,0.5,6400000.0,0.962836350293542
1.0,64.0,4.0,1.0,1.0,1.0,63.0,32.0,0,0.5015625,0.00195312,16384.0,6400000.0,0.5273919092465753
1.0,64.0,1.0,1.0,1.0,1.0,35.0,32.0,0,0.5015625,8192.0,0.00195312,6400000.0,0.5273919092465753
1.0,64.0,1.0,1.0,1.0,1.0,35.0,32.0,0,0.5015625,32768.0,64.0,6400000.0,0.5273919092465753
64.0,64.0,2.0,17.0,270.0,255.0,8539.0,32608.0,0,0.940625,0.0,0.0,6400000.0,0.942881604696673
1.0,64.0,1.0,1.0,1.0,1.0,35.0,32.0,0,0.5015625,512.0,1024.0,6400000.0,0.5273919092465753
64.0,64.0,2.0,6.0,241.0,236.0,7820.0,29568.0,0,0.940625,0.03125,64.0,6400000.0,0.9409246575342465
1.0,64.0,2.0,1.0,1.0,1.0,39.0,32.0,0,0.5015625,0.125,4096.0,6400000.0,0.5273919092465753
64.0,64.0,2.0,15.0,268.0,253.0,8515.0,32288.0,0,0.940625,0.0625,0.5,6400000.0,0.9420988258317025
64.0,64.0,4.0,5.0,400.0,400.0,13226.0,55808.0,0,0.940625,256.0,2.0,6400000.0,0.9409246575342465
1.0,64.0,4.0,1.0,1.0,1.0,63.0,32.0,0,0.5015625,0.000976562,2048.0,6400000.0,0.5273919092465753
1.0,64.0,4.0,1.0,1.0,1.0,63.0,32.0,0,0.5015625,256.0,2048.0,6400000.0,0.5273919092465753
1.0,64.0,4.0,1.0,1.0,1.0,63.0,32.0,0,0.5015625,0.125,2048.0,6400000.0,0.5273919092465753
64.0,64.0,4.0,5.0,400.0,400.0,13226.0,55808.0,0,0.940625,0.0,256.0,6400000.0,0.9409246575342465
1.0,64.0,1.0,1.0,1.0,1.0,35.0,32.0,0,0.5015625,8192.0,2.0,6400000.0,0.5273919092465753
64.0,64.0,4.0,30.0,756.0,747.0,24501.0,111328.0,0,0.9734375,0.000976562,0.00195312,6400000.0,0.961662181996086
64.0,64.0,2.0,16.0,269.0,253.0,8526.0,32288.0,0,0.940625,0.125,0.00390625,6400000.0,0.942881604696673
1.0,64.0,4.0,1.0,1.0,1.0,63.0,32.0,0,0.5015625,4.0,16384.0,6400000.0,0.5273919092465753
64.0,64.0,1.0,5.0,132.0,128.0,4220.0,12288.0,0,0.940625,128.0,0.03125,6400000.0,0.9033657962328766
64.0,64.0,2.0,11.0,263.0,253.0,8470.0,32288.0,0,0.940625,0.125,4.0,6400000.0,0.9420988258317025
1.0,64.0,2.0,1.0,1.0,1.0,39.0,32.0,0,0.5015625,0.0625,512.0,6400000.0,0.5273919092465753
1.0,64.0,1.0,1.0,1.0,1.0,35.0,32.0,0,0.5015625,1024.0,0.0078125,6400000.0,0.5273919092465753
64.0,64.0,2.0,16.0,269.0,253.0,8526.0,32288.0,0,0.940625,0.000976562,0.00390625,6400000.0,0.942881604696673
1.0,64.0,4.0,1.0,1.0,1.0,63.0,32.0,0,0.5015625,1.0,512.0,6400000.0,0.5273919092465753
64.0,64.0,4.0,27.0,742.0,734.0,24103.0,109248.0,0,0.9578125,0.0,0.25,6400000.0,0.9636160714285715
64.0,64.0,4.0,30.0,755.0,746.0,24468.0,111168.0,0,0.9734375,0.0078125,0.000976562,6400000.0,0.9620535714285715
1.0,64.0,4.0,1.0,1.0,1.0,63.0,32.0,0,0.5015625,0.015625,8192.0,6400000.0,0.5273919092465753
1.0,64.0,2.0,1.0,1.0,1.0,39.0,32.0,0,0.5015625,0.000976562,4096.0,6400000.0,0.5273919092465753
1.0,64.0,4.0,1.0,1.0,1.0,63.0,32.0,0,0.5015625,0.0078125,1024.0,6400000.0,0.5273919092465753
64.0,64.0,4.0,22.0,730.0,722.0,23812.0,107328.0,0,0.9640625,0.000976562,2.0,6400000.0,0.9651816291585128
64.0,64.0,2.0,15.0,268.0,253.0,8515.0,32288.0,0,0.940625,0.0,0.5,6400000.0,0.9420988258317025
1.0,64.0,2.0,1.0,1.0,1.0,39.0,32.0,0,0.5015625,0.0,512.0,6400000.0,0.5273919092465753
1.0,64.0,1.0,1.0,1.0,1.0,35.0,32.0,0,0.5015625,1024.0,8.0,6400000.0,0.5273919092465753
64.0,64.0,4.0,22.0,737.0,729.0,24043.0,108448.0,0,0.9703125,2.0,0.00390625,6400000.0,0.9647902397260275
64.0,64.0,4.0,29.0,752.0,743.0,24390.0,110688.0,0,0.9734375,0.00195312,0.015625,6400000.0,0.961662181996086
64.0,64.0,4.0,13.0,729.0,728.0,23960.0,108288.0,0,0.9609375,0.00195312,16.0,6400000.0,0.9600996819960862
64.0,64.0,4.0,27.0,742.0,734.0,24103.0,109248.0,0,0.9578125,0.25,0.015625,6400000.0,0.9604895425636008
1.0,64.0,4.0,1.0,1.0,1.0,63.0,32.0,0,0.5015625,512.0,0.015625,6400000.0,0.5273919092465753
64.0,64.0,2.0,11.0,263.0,253.0,8470.0,32288.0,0,0.940625,0.000976562,4.0,6400000.0,0.9420988258317025
64.0,64.0,2.0,8.0,252.0,245.0,8170.0,31008.0,0,0.940625,0.25,32.0,6400000.0,0.9409246575342465
64.0,64.0,4.0,24.0,721.0,717.0,23477.0,106528.0,0,0.965625,0.0078125,1.0,6400000.0,0.9624464897260274
64.0,64.0,2.0,15.0,268.0,253.0,8515.0,32288.0,0,0.940625,0.25,0.03125,6400000.0,0.9420988258317025
64.0,64.0,4.0,6.0,537.0,538.0,17758.0,77888.0,0,0.940625,0.00390625,128.0,6400000.0,0.9409246575342465
64.0,64.0,4.0,16.0,709.0,707.0,23236.0,104928.0,0,0.959375,8.0,0.125,6400000.0,0.9632292685909981
1.0,64.0,4.0,1.0,1.0,1.0,63.0,32.0,0,0.5015625,512.0,16.0,6400000.0,0.5273919092465753
1.0,64.0,2.0,1.0,1.0,1.0,39.0,32.0,0,0.5015625,0.25,32768.0,6400000.0,0.5273919092465753
64.0,64.0,4.0,7.0,420.0,418.0,13857.0,58688.0,0,0.940625,8.0,128.0,6400000.0,0.9409246575342465
64.0,64.0,4.0,27.0,751.0,744.0,24401.0,110848.0,0,0.9703125,0.00390625,0.125,6400000.0,0.961662181996086
64.0,64.0,4.0,13.0,728.0,725.0,23925.0,107808.0,0,0.9609375,16.0,0.000976562,6400000.0,0.9612738502935422
1.0,64.0,1.0,1.0,1.0,1.0,35.0,32.0,0,0.5015625,1024.0,8192.0,6400000.0,0.5273919092465753
1.0,64.0,4.0,1.0,1.0,1.0,63.0,32.0,0,0.5015625,16.0,1024.0,6400000.0,0.5273919092465753
64.0,64.0,4.0,13.0,748.0,744.0,24584.0,110848.0,0,0.953125,16.0,1.0,6400000.0,0.9597082925636007
1.0,64.0,2.0,1.0,1.0,1.0,39.0,32.0,0,0.5015625,0.00195312,32768.0,6400000.0,0.5273919092465753
1.0,64.0,1.0,1.0,1.0,1.0,35.0,32.0,0,0.5015625,8192.0,2048.0,6400000.0,0.5273919092465753
64.0,64.0,4.0,29.0,752.0,743.0,24390.0,110688.0,0,0.9734375,0.015625,0.0078125,6400000.0,0.961662181996086
64.0,64.0,4.0,16.0,702.0,700.0,23005.0,103808.0,0,0.95625,0.015625,8.0,6400000.0,0.9640120474559687
64.0,64.0,2.0,16.0,269.0,253.0,8526.0,32288.0,0,0.940625,0.00195312,0.03125,6400000.0,0.942881604696673
64.0,64.0,2.0,15.0,268.0,253.0,8515.0,32288.0,0,0.940625,1.0,0.00195312,6400000.0,0.9424902152641877
64.0,64.0,1.0,4.0,131.0,128.0,4209.0,12288.0,0,0.9078125,128.0,32.0,6400000.0,0.9033657962328766
64.0,64.0,4.0,9.0,665.0,665.0,21918.0,98208.0,0,0.959375,32.0,0.0078125,6400000.0,0.9597075281311154
1.0,64.0,2.0,1.0,1.0,1.0,39.0,32.0,0,0.5015625,2.0,16384.0,6400000.0,0.5273919092465753
1.0,64.0,4.0,1.0,1.0,1.0,63.0,32.0,0,0.5015625,512.0,16384.0,6400000.0,0.5273919092465753
1.0,64.0,4.0,1.0,1.0,1.0,63.0,32.0,0,0.5015625,1024.0,0.125,6400000.0,0.5273919092465753
64.0,64.0,2.0,5.0,235.0,231.0,7641.0,28768.0,0,0.940625,0.5,256.0,6400000.0,0.9409246575342465
1.0,64.0,4.0,1.0,1.0,1.0,63.0,32.0,0,0.5015625,32.0,8192.0,6400000.0,0.5273919092465753
64.0,64.0,4.0,27.0,749.0,742.0,24335.0,110528.0,0,0.9703125,0.03125,0.0625,6400000.0,0.9632277397260273
64.0,64.0,4.0,13.0,732.0,731.0,24059.0,108768.0,0,0.953125,0.25,16.0,6400000.0,0.9597082925636007
1.0,64.0,4.0,1.0,1.0,1.0,63.0,32.0,0,0.5015625,1024.0,128.0,6400000.0,0.5273919092465753
64.0,64.0,2.0,8.0,252.0,245.0,8170.0,31008.0,0,0.940625,0.00195312,32.0,6400000.0,0.9409246575342465
64.0,64.0,2.0,15.0,268.0,253.0,8515.0,32288.0,0,0.940625,0.5,0.25,6400000.0,0.9420988258317025
1.0,64.0,4.0,1.0,1.0,1.0,63.0,32.0,0,0.5015625,2048.0,0.000976562,6400000.0,0.5273919092465753
64.0,64.0,4.0,19.0,706.0,701.0,23086.0,103968.0,0,0.9640625,2.0,4.0,6400000.0,0.9651831580234832
1.0,64.0,2.0,1.0,1.0,1.0,39.0,32.0,0,0.5015625,1.0,2048.0,6400000.0,0.5273919092465753
64.0,64.0,2.0,15.0,268.0,253.0,8515.0,32288.0,0,0.940625,0.00390625,0.25,6400000.0,0.9420988258317025
64.0,64.0,2.0,5.0,235.0,231.0,7641.0,28768.0,0,0.940625,0.00390625,256.0,6400000.0,0.9409246575342465
1.0,64.0,1.0,1.0,1.0,1.0,35.0,32.0,0,0.5015625,16384.0,0.015625,6400000.0,0.5273919092465753
64.0,64.0,4.0,28.0,753.0,745.0,24445.0,111008.0,0,0.9703125,0.0625,0.0,6400000.0,0.9624449608610567
1.0,64.0,4.0,1.0,1.0,1.0,63.0,32.0,0,0.5015625,2048.0,1024.0,6400000.0,0.5273919092465753
64.0,64.0,4.0,9.0,653.0,653.0,21522.0,96288.0,0,0.9453125,32.0,8.0,6400000.0,0.9550108549412915
1.0,64.0,4.0,1.0,1.0,1.0,63.0,32.0,0,0.5015625,2048.0,1.0,6400000.0,0.5273919092465753
64.0,64.0,2.0,14.0,266.0,253.0,8503.0,32288.0,0,0.940625,1.0,2.0,6400000.0,0.9424902152641877
64.0,64.0,2.0,8.0,251.0,244.0,8137.0,30848.0,0,0.940625,2.0,16.0,6400000.0,0.9409246575342465
1.0,64.0,4.0,1.0,1.0,1.0,63.0,32.0,0,0.5015625,4096.0,0.0078125,6400000.0,0.5273919092465753
1.0,64.0,1.0,1.0,1.0,1.0,35.0,32.0,0,0.5015625,16384.0,16.0,6400000.0,0.5273919092465753
1.0,64.0,4.0,1.0,1.0,1.0,63.0,32.0,0,0.5015625,0.25,16384.0,6400000.0,0.5273919092465753
64.0,64.0,2.0,11.0,264.0,253.0,8471.0,32288.0,0,0.940625,4.0,0.125,6400000.0,0.9420988258317025
1.0,64.0,2.0,1.0,1.0,1.0,39.0,32.0,0,0.5015625,16.0,8192.0,6400000.0,0.5273919092465753
64.0,64.0,2.0,14.0,267.0,253.0,8504.0,32288.0,0,0.940625,2.0,0.015625,6400000.0,0.9424902152641877
64.0,64.0,4.0,8.0,680.0,689.0,22443.0,102048.0,0,0.9625,64.0,0.0625,6400000.0,0.9507055711839529
64.0,64.0,2.0,9.0,261.0,252.0,8413.0,32128.0,0,0.940625,8.0,1.0,6400000.0,0.9409246575342465
64.0,64.0,4.0,8.0,700.0,710.0,23104.0,105408.0,0,0.940625,0.03125,64.0,6400000.0,0.9354513209393345
64.0,64.0,2.0,6.0,241.0,236.0,7820.0,29568.0,0,0.940625,64.0,0.0,6400000.0,0.9409246575342465
64.0,64.0,2.0,9.0,261.0,252.0,8413.0,32128.0,0,0.940625,8.0,0.000976562,6400000.0,0.9409246575342465
64.0,64.0,4.0,6.0,537.0,538.0,17758.0,77888.0,0,0.940625,64.0,64.0,6400000.0,0.9409246575342465
64.0,64.0,2.0,8.0,253.0,246.0,8203.0,31168.0,0,0.940625,16.0,8.0,6400000.0,0.9409246575342465
1.0,64.0,2.0,1.0,1.0,1.0,39.0,32.0,0,0.5015625,8.0,1024.0,6400000.0,0.5273919092465753
64.0,64.0,2.0,5.0,235.0,231.0,7641.0,28768.0,0,0.940625,4.0,128.0,6400000.0,0.9409246575342465
1.0,64.0,1.0,1.0,1.0,1.0,35.0,32.0,0,0.5015625,2048.0,64.0,6400000.0,0.5273919092465753
1.0,64.0,4.0,1.0,1.0,1.0,63.0,32.0,0,0.5015625,4096.0,8.0,6400000.0,0.5273919092465753
64.0,64.0,2.0,9.0,257.0,248.0,8281.0,31488.0,0,0.940625,16.0,0.0078125,6400000.0,0.9409246575342465
1.0,64.0,4.0,1.0,1.0,1.0,63.0,32.0,0,0.5015625,4096.0,8192.0,6400000.0,0.5273919092465753
64.0,64.0,2.0,8.0,253.0,245.0,8171.0,31008.0,0,0.940625,32.0,0.0625,6400000.0,0.9405332681017612
1.0,64.0,1.0,1.0,1.0,1.0,35.0,32.0,0,0.5015625,2048.0,0.0625,6400000.0,0.5273919092465753
64.0,64.0,2.0,16.0,269.0,253.0,8526.0,32288.0,0,0.940625,0.0078125,0.00195312,6400000.0,0.942881604696673
1.0,64.0,2.0,1.0,1.0,1.0,39.0,32.0,0,0.5015625,128.0,4096.0,6400000.0,0.5273919092465753
64.0,64.0,2.0,6.0,241.0,236.0,7820.0,29568.0,0,0.940625,64.0,0.5,6400000.0,0.9409246575342465
1.0,64.0,1.0,1.0,1.0,1.0,35.0,32.0,0,0.5015625,4096.0,0.0,6400000.0,0.5273919092465753
1.0,64.0,1.0,1.0,1.0,1.0,35.0,32.0,0,0.5015625,128.0,32768.0,6400000.0,0.5273919092465753
1.0,64.0,2.0,1.0,1.0,1.0,39.0,32.0,0,0.5015625,256.0,32768.0,6400000.0,0.5273919092465753
1.0,64.0,4.0,1.0,1.0,1.0,63.0,32.0,0,0.5015625,2.0,4096.0,6400000.0,0.5273919092465753
1.0,64.0,4.0,1.0,1.0,1.0,63.0,32.0,0,0.5015625,8192.0,0.0625,6400000.0,0.5273919092465753
64.0,64.0,2.0,5.0,235.0,231.0,7641.0,28768.0,0,0.940625,256.0,0.03125,6400000.0,0.9409246575342465
64.0,64.0,4.0,26.0,735.0,728.0,23894.0,108288.0,0,0.9609375,0.5,0.125,6400000.0,0.9647932974559688
1.0,64.0,2.0,1.0,1.0,1.0,39.0,32.0,0,0.5015625,512.0,256.0,6400000.0,0.5273919092465753
64.0,64.0,2.0,5.0,235.0,231.0,7641.0,28768.0,0,0.940625,128.0,0.00390625,6400000.0,0.9409246575342465
1.0,64.0,4.0,1.0,1.0,1.0,63.0,32.0,0,0.5015625,8192.0,64.0,6400000.0,0.5273919092465753
1.0,64.0,2.0,1.0,1.0,1.0,39.0,32.0,0,0.5015625,512.0,0.25,6400000.0,0.5273919092465753
1.0,64.0,2.0,1.0,1.0,1.0,39.0,32.0,0,0.5015625,1024.0,2.0,6400000.0,0.5273919092465753
64.0,64.0,4.0,6.0,527.0,527.0,17427.0,76128.0,0,0.940625,0.5,128.0,6400000.0,0.9409246575342465
1.0,64.0,2.0,1.0,1.0,1.0,39.0,32.0,0,0.5015625,64.0,512.0,6400000.0,0.5273919092465753
64.0,64.0,4.0,6.0,537.0,538.0,17758.0,77888.0,0,0.940625,128.0,0.0,6400000.0,0.9409246575342465
64.0,64.0,2.0,5.0,237.0,233.0,7707.0,29088.0,0,0.940625,32.0,64.0,6400000.0,0.9409246575342465
64.0,64.0,2.0,5.0,235.0,231.0,7641.0,28768.0,0,0.940625,128.0,4.0,6400000.0,0.9409246575342465
64.0,64.0,4.0,6.0,527.0,527.0,17427.0,76128.0,0,0.940625,128.0,0.5,6400000.0,0.9409246575342465
1.0,64.0,1.0,1.0,1.0,1.0,35.0,32.0,0,0.5015625,512.0,0.00195312,6400000.0,0.5273919092465753
1.0,64.0,1.0,1.0,1.0,1.0,35.0,32.0,0,0.5015625,16384.0,16384.0,6400000.0,0.5273919092465753
1.0,64.0,2.0,1.0,1.0,1.0,39.0,32.0,0,0.5015625,2048.0,0.015625,6400000.0,0.5273919092465753
1.0,64.0,2.0,1.0,1.0,1.0,39.0,32.0,0,0.5015625,1024.0,0.00195312,6400000.0,0.5273919092465753
1.0,64.0,2.0,1.0,1.0,1.0,39.0,32.0,0,0.5015625,16384.0,0.0078125,6400000.0,0.5273919092465753
64.0,64.0,2.0,5.0,235.0,231.0,7641.0,28768.0,0,0.940625,256.0,32.0,6400000.0,0.9409246575342465
1.0,64.0,2.0,1.0,1.0,1.0,39.0,32.0,0,0.5015625,1024.0,2048.0,6400000.0,0.5273919092465753
64.0,64.0,4.0,24.0,721.0,717.0,23477.0,106528.0,0,0.965625,1.0,0.000976562,6400000.0,0.9628378791585128
1.0,64.0,4.0,1.0,1.0,1.0,63.0,32.0,0,0.5015625,16384.0,0.0,6400000.0,0.5273919092465753
64.0,64.0,4.0,25.0,726.0,720.0,23619.0,107008.0,0,0.96875,0.0625,0.5,6400000.0,0.9636198935909981
1.0,64.0,2.0,1.0,1.0,1.0,39.0,32.0,0,0.5015625,4096.0,128.0,6400000.0,0.5273919092465753
1.0,64.0,4.0,1.0,1.0,1.0,63.0,32.0,0,0.5015625,128.0,512.0,6400000.0,0.5273919092465753
1.0,64.0,2.0,1.0,1.0,1.0,39.0,32.0,0,0.5015625,2048.0,16.0,6400000.0,0.5273919092465753
1.0,64.0,4.0,1.0,1.0,1.0,63.0,32.0,0,0.5015625,0.0625,512.0,6400000.0,0.5273919092465753
1.0,64.0,1.0,1.0,1.0,1.0,35.0,32.0,0,0.5015625,4096.0,0.5,6400000.0,0.5273919092465753
64.0,64.0,4.0,18.0,733.0,729.0,23999.0,108448.0,0,0.965625,4.0,0.03125,6400000.0,0.9655730185909981
1.0,64.0,4.0,1.0,1.0,1.0,63.0,32.0,0,0.5015625,16384.0,0.5,6400000.0,0.5273919092465753
1.0,64.0,1.0,1.0,1.0,1.0,35.0,32.0,0,0.5015625,256.0,256.0,6400000.0,0.5273919092465753
1.0,64.0,2.0,1.0,1.0,1.0,39.0,32.0,0,0.5015625,4096.0,0.125,6400000.0,0.5273919092465753
1.0,64.0,2.0,1.0,1.0,1.0,39.0,32.0,0,0.5015625,2048.0,16384.0,6400000.0,0.5273919092465753
1.0,64.0,2.0,1.0,1.0,1.0,39.0,32.0,0,0.5015625,8192.0,1.0,6400000.0,0.5273919092465753
64.0,64.0,1.0,4.0,131.0,128.0,4209.0,12288.0,0,0.9078125,256.0,0.25,6400000.0,0.9033657962328766
1.0,64.0,4.0,1.0,1.0,1.0,63.0,32.0,0,0.5015625,32768.0,0.00390625,6400000.0,0.5273919092465753
1.0,64.0,1.0,1.0,1.0,1.0,35.0,32.0,0,0.5015625,512.0,2.0,6400000.0,0.5273919092465753
1.0,64.0,4.0,1.0,1.0,1.0,63.0,32.0,0,0.5015625,16384.0,512.0,6400000.0,0.5273919092465753
1.0,64.0,2.0,1.0,1.0,1.0,39.0,32.0,0,0.5015625,0.0078125,2048.0,6400000.0,0.5273919092465753
1.0,64.0,2.0,1.0,1.0,1.0,39.0,32.0,0,0.5015625,0.015625,16384.0,6400000.0,0.5273919092465753
1.0,64.0,2.0,1.0,1.0,1.0,39.0,32.0,0,0.5015625,16384.0,8192.0,6400000.0,0.5273919092465753
1.0,64.0,2.0,1.0,1.0,1.0,39.0,32.0,0,0.5015625,8192.0,1024.0,6400000.0,0.5273919092465753
64.0,64.0,2.0,14.0,267.0,253.0,8504.0,32288.0,0,0.9421875,0.0078125,2.0,6400000.0,0.9420988258317025
1.0,64.0,1.0,1.0,1.0,1.0,35.0,32.0,0,0.5015625,32768.0,0.125,6400000.0,0.5273919092465753
64.0,64.0,2.0,16.0,269.0,253.0,8526.0,32288.0,0,0.940625,0.0625,0.000976562,6400000.0,0.942881604696673
1.0,64.0,2.0,1.0,1.0,1.0,39.0,32.0,0,0.5015625,8192.0,0.000976562,6400000.0,0.5273919092465753
64.0,64.0,2.0,9.0,256.0,248.0,8280.0,31488.0,0,0.940625,0.015625,16.0,6400000.0,0.9409246575342465
1.0,64.0,2.0,1.0,1.0,1.0,39.0,32.0,0,0.5015625,16384.0,8.0,6400000.0,0.5273919092465753
1.0,64.0,1.0,1.0,1.0,1.0,35.0,32.0,0,0.5015625,4096.0,512.0,6400000.0,0.5273919092465753
1.0,64.0,2.0,1.0,1.0,1.0,39.0,32.0,0,0.5015625,32768.0,0.0625,6400000.0,0.5273919092465753
64.0,64.0,4.0,5.0,400.0,400.0,13226.0,55808.0,0,0.940625,256.0,0.00390625,6400000.0,0.9409246575342465
64.0,64.0,4.0,32.0,759.0,751.0,24559.0,111968.0,0,0.9734375,0.0,0.0,6400000.0,0.961662181996086
64.0,64.0,2.0,16.0,269.0,253.0,8526.0,32288.0,0,0.940625,0.03125,0.125,6400000.0,0.942881604696673
1.0,64.0,2.0,1.0,1.0,1.0,39.0,32.0,0,0.5015625,32768.0,64.0,6400000.0,0.5273919092465753
64.0,64.0,4.0,9.0,637.0,637.0,20994.0,93728.0,0,0.9625,4.0,32.0,6400000.0,0.9581419704011742
64.0,64.0,2.0,16.0,269.0,253.0,8526.0,32288.0,0,0.940625,0.015625,0.015625,6400000.0,0.942881604696673
1.0,64.0,4.0,1.0,1.0,1.0,63.0,32.0,0,0.5015625,0.00195312,32768.0,6400000.0,0.5273919092465753
1.0,64.0,4.0,1.0,1.0,1.0,63.0,32.0,0,0.5015625,32768.0,4.0,6400000.0,0.5273919092465753
1.0,64.0,1.0,1.0,1.0,1.0,35.0,32.0,0,0.5015625,32768.0,128.0,6400000.0,0.5273919092465753
1.0,64.0,1.0,1.0,1.0,1.0,35.0,32.0,0,0.5015625,8192.0,0.00390625,6400000.0,0.5273919092465753
1.0,64.0,1.0,1.0,1.0,1.0,35.0,32.0,0,0.5015625,512.0,2048.0,6400000.0,0.5273919092465753
64.0,64.0,4.0,22.0,737.0,729.0,24043.0,108448.0,0,0.9703125,1.0,1.0,6400000.0,0.9655730185909981
64.0,64.0,4.0,19.0,721.0,716.0,23581.0,106368.0,0,0.971875,0.125,4.0,6400000.0,0.9624457252935421
64.0,64.0,4.0,27.0,751.0,744.0,24401.0,110848.0,0,0.9703125,0.125,0.00390625,6400000.0,0.961662181996086
64.0,64.0,2.0,16.0,269.0,253.0,8526.0,32288.0,0,0.940625,0.0,0.000976562,6400000.0,0.942881604696673
64.0,64.0,2.0,5.0,235.0,231.0,7641.0,28768.0,0,0.940625,0.03125,128.0,6400000.0,0.9409246575342465
1.0,64.0,2.0,1.0,1.0,1.0,39.0,32.0,0,0.5015625,0.125,8192.0,6400000.0,0.5273919092465753
64.0,64.0,2.0,15.0,268.0,253.0,8515.0,32288.0,0,0.940625,0.0625,1.0,6400000.0,0.942881604696673
1.0,64.0,4.0,1.0,1.0,1.0,63.0,32.0,0,0.5015625,0.125,4096.0,6400000.0,0.5273919092465753
1.0,64.0,4.0,1.0,1.0,1.0,63.0,32.0,0,0.5015625,256.0,4096.0,6400000.0,0.5273919092465753
1.0,64.0,4.0,1.0,1.0,1.0,63.0,32.0,0,0.5015625,0.0,512.0,6400000.0,0.5273919092465753
64.0,64.0,4.0,5.0,400.0,400.0,13226.0,55808.0,0,0.940625,256.0,4.0,6400000.0,0.9409246575342465
1.0,64.0,4.0,1.0,1.0,1.0,63.0,32.0,0,0.5015625,4.0,32768.0,6400000.0,0.5273919092465753
1.0,64.0,4.0,1.0,1.0,1.0,63.0,32.0,0,0.5015625,0.000976562,4096.0,6400000.0,0.5273919092465753
1.0,64.0,1.0,1.0,1.0,1.0,35.0,32.0,0,0.5015625,8192.0,4.0,6400000.0,0.5273919092465753
64.0,64.0,2.0,16.0,269.0,253.0,8526.0,32288.0,0,0.940625,0.125,0.0078125,6400000.0,0.942881604696673
1.0,64.0,4.0,1.0,1.0,1.0,63.0,32.0,0,0.5015625,1.0,1024.0,6400000.0,0.5273919092465753
1.0,64.0,1.0,1.0,1.0,1.0,35.0,32.0,0,0.5015625,1024.0,0.015625,6400000.0,0.5273919092465753
1.0,64.0,4.0,1.0,1.0,1.0,63.0,32.0,0,0.5015625,32768.0,4096.0,6400000.0,0.5273919092465753
1.0,64.0,2.0,1.0,1.0,1.0,39.0,32.0,0,0.5015625,0.0625,1024.0,6400000.0,0.5273919092465753
64.0,64.0,4.0,30.0,756.0,747.0,24501.0,111328.0,0,0.9734375,0.000976562,0.00390625,6400000.0,0.961662181996086
64.0,64.0,2.0,9.0,260.0,252.0,8412.0,32128.0,0,0.940625,0.125,8.0,6400000.0,0.9409246575342465
1.0,64.0,2.0,1.0,1.0,1.0,39.0,32.0,0,0.5015625,0.000976562,8192.0,6400000.0,0.5273919092465753
1.0,64.0,4.0,1.0,1.0,1.0,63.0,32.0,0,0.5015625,0.015625,16384.0,6400000.0,0.5273919092465753
64.0,64.0,4.0,25.0,737.0,731.0,23982.0,108768.0,0,0.9671875,0.0,0.5,6400000.0,0.9636198935909981
64.0,64.0,2.0,16.0,269.0,253.0,8526.0,32288.0,0,0.940625,0.000976562,0.0078125,6400000.0,0.942881604696673
1.0,64.0,4.0,1.0,1.0,1.0,63.0,32.0,0,0.5015625,0.0078125,2048.0,6400000.0,0.5273919092465753
64.0,64.0,4.0,29.0,753.0,745.0,24424.0,111008.0,0,0.9734375,0.0078125,0.00195312,6400000.0,0.9620535714285715
1.0,64.0,2.0,1.0,1.0,1.0,39.0,32.0,0,0.5015625,0.0,1024.0,6400000.0,0.5273919092465753
64.0,64.0,4.0,19.0,721.0,716.0,23581.0,106368.0,0,0.971875,0.000976562,4.0,6400000.0,0.9640082252935421
64.0,64.0,2.0,15.0,268.0,253.0,8515.0,32288.0,0,0.940625,0.0,1.0,6400000.0,0.942881604696673
1.0,64.0,1.0,1.0,1.0,1.0,35.0,32.0,0,0.5015625,1024.0,16.0,6400000.0,0.5273919092465753
1.0,64.0,4.0,1.0,1.0,1.0,63.0,32.0,0,0.5015625,512.0,0.03125,6400000.0,0.5273919092465753
64.0,64.0,2.0,6.0,241.0,236.0,7820.0,29568.0,0,0.940625,0.25,64.0,6400000.0,0.9409246575342465
64.0,64.0,4.0,22.0,737.0,729.0,24043.0,108448.0,0,0.9703125,2.0,0.0078125,6400000.0,0.9647902397260275
1.0,64.0,4.0,1.0,1.0,1.0,63.0,32.0,0,0.5015625,512.0,32.0,6400000.0,0.5273919092465753
64.0,64.0,4.0,29.0,752.0,743.0,24390.0,110688.0,0,0.9734375,0.00195312,0.03125,6400000.0,0.961271556996086
64.0,64.0,2.0,9.0,260.0,252.0,8412.0,32128.0,0,0.940625,0.000976562,8.0,6400000.0,0.9409246575342465
64.0,64.0,4.0,5.0,400.0,400.0,13226.0,55808.0,0,0.940625,8.0,256.0,6400000.0,0.9409246575342465
64.0,64.0,2.0,15.0,268.0,253.0,8515.0,32288.0,0,0.940625,0.25,0.0625,6400000.0,0.9420988258317025
64.0,64.0,4.0,9.0,655.0,655.0,21588.0,96608.0,0,0.959375,0.00195312,32.0,6400000.0,0.9581419704011742
64.0,64.0,4.0,27.0,747.0,739.0,24268.0,110048.0,0,0.9671875,0.25,0.03125,6400000.0,0.9604880136986301
64.0,64.0,4.0,5.0,400.0,400.0,13226.0,55808.0,0,0.940625,0.00390625,256.0,6400000.0,0.9409246575342465
64.0,64.0,4.0,22.0,730.0,722.0,23812.0,107328.0,0,0.9640625,0.0078125,2.0,6400000.0,0.9647902397260275
1.0,64.0,1.0,1.0,1.0,1.0,35.0,32.0,0,0.5015625,1024.0,16384.0,6400000.0,0.5273919092465753
1.0,64.0,4.0,1.0,1.0,1.0,63.0,32.0,0,0.5015625,16.0,2048.0,6400000.0,0.5273919092465753
64.0,64.0,2.0,15.0,268.0,253.0,8515.0,32288.0,0,0.940625,0.5,0.0,6400000.0,0.9420988258317025
64.0,64.0,4.0,13.0,728.0,725.0,23925.0,107808.0,0,0.9609375,16.0,0.00195312,6400000.0,0.9612738502935422
64.0,64.0,4.0,16.0,735.0,734.0,24095.0,109248.0,0,0.9609375,8.0,0.25,6400000.0,0.9632292685909981
64.0,64.0,4.0,27.0,742.0,734.0,24103.0,109248.0,0,0.9578125,0.00390625,0.25,6400000.0,0.9636160714285715
64.0,64.0,2.0,16.0,269.0,253.0,8526.0,32288.0,0,0.940625,0.00390625,0.0,6400000.0,0.942881604696673
64.0,64.0,4.0,11.0,748.0,746.0,24628.0,111168.0,0,0.953125,16.0,2.0,6400000.0,0.9604910714285714
1.0,64.0,1.0,1.0,1.0,1.0,35.0,32.0,0,0.5015625,8192.0,4096.0,6400000.0,0.5273919092465753
64.0,64.0,4.0,13.0,729.0,728.0,23960.0,108288.0,0,0.9609375,0.015625,16.0,6400000.0,0.9600996819960862
1.0,64.0,4.0,1.0,1.0,1.0,63.0,32.0,0,0.5015625,32.0,16384.0,6400000.0,0.5273919092465753
1.0,64.0,4.0,1.0,1.0,1.0,63.0,32.0,0,0.5015625,512.0,32768.0,6400000.0,0.5273919092465753
1.0,64.0,2.0,1.0,1.0,1.0,39.0,32.0,0,0.5015625,2.0,32768.0,6400000.0,0.5273919092465753
64.0,64.0,2.0,15.0,268.0,253.0,8515.0,32288.0,0,0.940625,1.0,0.00390625,6400000.0,0.9424902152641877
64.0,64.0,2.0,16.0,269.0,253.0,8526.0,32288.0,0,0.940625,0.00195312,0.0625,6400000.0,0.942881604696673
1.0,64.0,4.0,1.0,1.0,1.0,63.0,32.0,0,0.5015625,1024.0,0.25,6400000.0,0.5273919092465753
64.0,64.0,4.0,29.0,752.0,743.0,24390.0,110688.0,0,0.9734375,0.015625,0.015625,6400000.0,0.961271556996086
1.0,64.0,4.0,1.0,1.0,1.0,63.0,32.0,0,0.5015625,2048.0,0.00195312,6400000.0,0.5273919092465753
64.0,64.0,4.0,9.0,665.0,665.0,21918.0,98208.0,0,0.959375,32.0,0.015625,6400000.0,0.9597075281311154
1.0,64.0,2.0,1.0,1.0,1.0,39.0,32.0,0,0.5015625,0.5,512.0,6400000.0,0.5273919092465753
64.0,64.0,2.0,6.0,241.0,236.0,7820.0,29568.0,0,0.940625,0.00195312,64.0,6400000.0,0.9409246575342465
1.0,64.0,4.0,1.0,1.0,1.0,63.0,32.0,0,0.5015625,1024.0,256.0,6400000.0,0.5273919092465753
64.0,64.0,8.0,31.0,1730.0,1821.0,60578.0,283168.0,0,0.9828125,0.0,0.03125,6400000.0,0.9788749082681019
1.0,64.0,2.0,1.0,1.0,1.0,39.0,32.0,0,0.5015625,1.0,4096.0,6400000.0,0.5273919092465753
64.0,64.0,2.0,15.0,268.0,253.0,8515.0,32288.0,0,0.940625,0.00390625,0.5,6400000.0,0.9420988258317025
64.0,64.0,2.0,15.0,268.0,253.0,8515.0,32288.0,0,0.940625,0.5,0.5,6400000.0,0.942881604696673
1.0,64.0,4.0,1.0,1.0,1.0,63.0,32.0,0,0.5015625,2048.0,2048.0,6400000.0,0.5273919092465753
64.0,64.0,4.0,9.0,655.0,655.0,21588.0,96608.0,0,0.9625,0.25,32.0,6400000.0,0.9581419704011742
64.0,64.0,4.0,27.0,744.0,737.0,24170.0,109728.0,0,0.96875,0.03125,0.125,6400000.0,0.9624449608610567
1.0,64.0,2.0,1.0,1.0,1.0,39.0,32.0,0,0.5015625,0.00390625,512.0,6400000.0,0.5273919092465753
1.0,64.0,1.0,1.0,1.0,1.0,35.0,32.0,0,0.5015625,16384.0,0.03125,6400000.0,0.5273919092465753
1.0,64.0,4.0,1.0,1.0,1.0,63.0,32.0,0,0.5015625,2048.0,2.0,6400000.0,0.5273919092465753
64.0,64.0,4.0,17.0,669.0,673.0,21901.0,99488.0,0,0.96875,2.0,8.0,6400000.0,0.9640112830234834
64.0,64.0,4.0,28.0,753.0,745.0,24445.0,111008.0,0,0.9703125,0.0625,0.000976562,6400000.0,0.9624449608610567
64.0,64.0,4.0,8.0,647.0,648.0,21346.0,95488.0,0,0.9375,32.0,16.0,6400000.0,0.9573591915362034
1.0,64.0,1.0,1.0,1.0,1.0,35.0,32.0,0,0.5015625,16384.0,32.0,6400000.0,0.5273919092465753
1.0,64.0,4.0,1.0,1.0,1.0,63.0,32.0,0,0.5015625,0.25,32768.0,6400000.0,0.5273919092465753
64.0,64.0,2.0,8.0,252.0,245.0,8170.0,31008.0,0,0.940625,2.0,32.0,6400000.0,0.9409246575342465
64.0,64.0,2.0,11.0,263.0,253.0,8470.0,32288.0,0,0.940625,1.0,4.0,6400000.0,0.9420988258317025
1.0,64.0,4.0,1.0,1.0,1.0,63.0,32.0,0,0.5015625,4096.0,0.015625,6400000.0,0.5273919092465753
1.0,64.0,2.0,1.0,1.0,1.0,39.0,32.0,0,0.5015625,16.0,16384.0,6400000.0,0.5273919092465753
64.0,64.0,2.0,14.0,267.0,253.0,8504.0,32288.0,0,0.940625,2.0,0.03125,6400000.0,0.9424902152641877
64.0,64.0,2.0,9.0,258.0,249.0,8314.0,31648.0,0,0.940625,8.0,2.0,6400000.0,0.9409246575342465
64.0,64.0,2.0,11.0,264.0,253.0,8471.0,32288.0,0,0.940625,4.0,0.25,6400000.0,0.9420988258317025
64.0,64.0,4.0,6.0,537.0,538.0,17758.0,77888.0,0,0.940625,0.03125,128.0,6400000.0,0.9409246575342465
64.0,64.0,2.0,6.0,241.0,236.0,7820.0,29568.0,0,0.940625,64.0,0.000976562,6400000.0,0.9409246575342465
64.0,64.0,2.0,9.0,261.0,252.0,8413.0,32128.0,0,0.940625,8.0,0.00195312,6400000.0,0.9409246575342465
64.0,64.0,4.0,8.0,680.0,689.0,22443.0,102048.0,0,0.9625,64.0,0.125,6400000.0,0.9507055711839529
1.0,64.0,2.0,1.0,1.0,1.0,39.0,32.0,0,0.5015625,8.0,2048.0,6400000.0,0.5273919092465753
1.0,64.0,4.0,1.0,1.0,1.0,63.0,32.0,0,0.5015625,4096.0,16.0,6400000.0,0.5273919092465753
64.0,64.0,2.0,8.0,252.0,245.0,8170.0,31008.0,0,0.940625,16.0,16.0,6400000.0,0.9409246575342465
1.0,64.0,1.0,1.0,1.0,1.0,35.0,32.0,0,0.5015625,2048.0,128.0,6400000.0,0.5273919092465753
64.0,64.0,4.0,5.0,400.0,400.0,13226.0,55808.0,0,0.940625,64.0,128.0,6400000.0,0.9409246575342465
64.0,64.0,2.0,5.0,235.0,231.0,7641.0,28768.0,0,0.940625,4.0,256.0,6400000.0,0.9409246575342465
1.0,64.0,4.0,1.0,1.0,1.0,63.0,32.0,0,0.5015625,4096.0,16384.0,6400000.0,0.5273919092465753
1.0,64.0,1.0,1.0,1.0,1.0,35.0,32.0,0,0.5015625,4096.0,0.000976562,6400000.0,0.5273919092465753
64.0,64.0,2.0,9.0,257.0,248.0,8281.0,31488.0,0,0.940625,16.0,0.015625,6400000.0,0.9409246575342465
64.0,64.0,2.0,8.0,253.0,245.0,8171.0,31008.0,0,0.940625,32.0,0.125,6400000.0,0.9405332681017612
1.0,64.0,2.0,1.0,1.0,1.0,39.0,32.0,0,0.5015625,128.0,8192.0,6400000.0,0.5273919092465753
1.0,64.0,1.0,1.0,1.0,1.0,35.0,32.0,0,0.5015625,2048.0,0.125,6400000.0,0.5273919092465753
1.0,64.0,2.0,1.0,1.0,1.0,39.0,32.0,0,0.5015625,512.0,0.0,6400000.0,0.5273919092465753
64.0,64.0,2.0,16.0,269.0,253.0,8526.0,32288.0,0,0.940625,0.0078125,0.00390625,6400000.0,0.942881604696673
64.0,64.0,2.0,6.0,240.0,235.0,7787.0,29408.0,0,0.940625,64.0,1.0,6400000.0,0.9409246575342465
1.0,64.0,4.0,1.0,1.0,1.0,63.0,32.0,0,0.5015625,8192.0,0.125,6400000.0,0.5273919092465753
1.0,64.0,4.0,1.0,1.0,1.0,63.0,32.0,0,0.5015625,2.0,8192.0,6400000.0,0.5273919092465753
64.0,64.0,2.0,5.0,235.0,231.0,7641.0,28768.0,0,0.940625,256.0,0.0625,6400000.0,0.9409246575342465
64.0,64.0,2.0,5.0,235.0,231.0,7641.0,28768.0,0,0.940625,128.0,0.0078125,6400000.0,0.9409246575342465
1.0,64.0,2.0,1.0,1.0,1.0,39.0,32.0,0,0.5015625,512.0,512.0,6400000.0,0.5273919092465753
1.0,64.0,2.0,1.0,1.0,1.0,39.0,32.0,0,0.5015625,1024.0,4.0,6400000.0,0.5273919092465753
1.0,64.0,2.0,1.0,1.0,1.0,39.0,32.0,0,0.5015625,512.0,0.5,6400000.0,0.5273919092465753
1.0,64.0,2.0,1.0,1.0,1.0,39.0,32.0,0,0.5015625,64.0,1024.0,6400000.0,0.5273919092465753
64.0,64.0,4.0,6.0,537.0,538.0,17758.0,77888.0,0,0.940625,128.0,0.000976562,6400000.0,0.9409246575342465
64.0,64.0,4.0,5.0,400.0,400.0,13226.0,55808.0,0,0.940625,0.5,256.0,6400000.0,0.9409246575342465
64.0,64.0,2.0,5.0,235.0,231.0,7641.0,28768.0,0,0.940625,128.0,8.0,6400000.0,0.9409246575342465
64.0,64.0,4.0,25.0,733.0,728.0,23851.0,108288.0,0,0.965625,0.5,0.25,6400000.0,0.961662181996086
1.0,64.0,4.0,1.0,1.0,1.0,63.0,32.0,0,0.5015625,8192.0,128.0,6400000.0,0.5273919092465753
1.0,64.0,8.0,1.0,1.0,1.0,543.0,32.0,0,0.5015625,0.0,32768.0,6400000.0,0.5273919092465753
64.0,64.0,8.0,13.0,1444.0,1546.0,51274.0,239168.0,0,0.9703125,0.0,32.0,6400000.0,0.96674948018591
64.0,64.0,2.0,5.0,234.0,230.0,7608.0,28608.0,0,0.940625,32.0,128.0,6400000.0,0.9409246575342465
1.0,64.0,2.0,1.0,1.0,1.0,39.0,32.0,0,0.5015625,2048.0,0.03125,6400000.0,0.5273919092465753
1.0,64.0,1.0,1.0,1.0,1.0,35.0,32.0,0,0.5015625,16384.0,32768.0,6400000.0,0.5273919092465753
1.0,64.0,4.0,1.0,1.0,1.0,63.0,32.0,0,0.5015625,16384.0,0.000976562,6400000.0,0.5273919092465753
64.0,64.0,4.0,6.0,520.0,520.0,17196.0,75008.0,0,0.940625,128.0,1.0,6400000.0,0.9409246575342465
1.0,64.0,2.0,1.0,1.0,1.0,39.0,32.0,0,0.5015625,1024.0,0.00390625,6400000.0,0.5273919092465753
1.0,64.0,2.0,1.0,1.0,1.0,39.0,32.0,0,0.5015625,1024.0,4096.0,6400000.0,0.5273919092465753
1.0,64.0,2.0,1.0,1.0,1.0,39.0,32.0,0,0.5015625,16384.0,0.015625,6400000.0,0.5273919092465753
64.0,64.0,2.0,5.0,235.0,231.0,7641.0,28768.0,0,0.940625,256.0,64.0,6400000.0,0.9033657962328766
1.0,64.0,2.0,1.0,1.0,1.0,39.0,32.0,0,0.5015625,4096.0,256.0,6400000.0,0.5273919092465753
1.0,64.0,2.0,1.0,1.0,1.0,39.0,32.0,0,0.5015625,2048.0,32.0,6400000.0,0.5273919092465753
1.0,64.0,1.0,1.0,1.0,1.0,35.0,32.0,0,0.5015625,4096.0,1.0,6400000.0,0.5273919092465753
1.0,64.0,4.0,1.0,1.0,1.0,63.0,32.0,0,0.5015625,16384.0,1.0,6400000.0,0.5273919092465753
1.0,64.0,4.0,1.0,1.0,1.0,63.0,32.0,0,0.5015625,0.0625,1024.0,6400000.0,0.5273919092465753
1.0,64.0,2.0,1.0,1.0,1.0,39.0,32.0,0,0.5015625,2048.0,32768.0,6400000.0,0.5273919092465753
64.0,64.0,4.0,23.0,718.0,709.0,23394.0,105248.0,0,0.965625,0.0625,1.0,6400000.0,0.9604895425636008
1.0,64.0,4.0,1.0,1.0,1.0,63.0,32.0,0,0.5015625,128.0,1024.0,6400000.0,0.5273919092465753
1.0,64.0,2.0,1.0,1.0,1.0,39.0,32.0,0,0.5015625,8192.0,2.0,6400000.0,0.5273919092465753
1.0,64.0,4.0,1.0,1.0,1.0,63.0,32.0,0,0.5015625,32768.0,0.0078125,6400000.0,0.5273919092465753
1.0,64.0,2.0,1.0,1.0,1.0,39.0,32.0,0,0.5015625,4096.0,0.25,6400000.0,0.5273919092465753
1.0,64.0,4.0,1.0,1.0,1.0,63.0,32.0,0,0.5015625,16384.0,1024.0,6400000.0,0.5273919092465753
64.0,64.0,4.0,24.0,721.0,717.0,23477.0,106528.0,0,0.965625,1.0,0.00195312,6400000.0,0.9628378791585128
1.0,64.0,1.0,1.0,1.0,1.0,35.0,32.0,0,0.5015625,32768.0,0.25,6400000.0,0.5273919092465753
1.0,64.0,2.0,1.0,1.0,1.0,39.0,32.0,0,0.5015625,0.0078125,4096.0,6400000.0,0.5273919092465753
1.0,64.0,2.0,1.0,1.0,1.0,39.0,32.0,0,0.5015625,16384.0,16384.0,6400000.0,0.5273919092465753
64.0,64.0,4.0,18.0,733.0,729.0,23999.0,108448.0,0,0.965625,4.0,0.0625,6400000.0,0.9636198935909981
1.0,64.0,2.0,1.0,1.0,1.0,39.0,32.0,0,0.5015625,0.015625,32768.0,6400000.0,0.5273919092465753
64.0,64.0,8.0,31.0,1702.0,1801.0,59662.0,279968.0,0,0.984375,0.000976562,0.25,6400000.0,0.9808310909980431
1.0,64.0,2.0,1.0,1.0,1.0,39.0,32.0,0,0.5015625,8192.0,2048.0,6400000.0,0.5273919092465753
1.0,64.0,2.0,1.0,1.0,1.0,39.0,32.0,0,0.5015625,16384.0,16.0,6400000.0,0.5273919092465753
64.0,64.0,2.0,11.0,263.0,253.0,8470.0,32288.0,0,0.940625,0.0078125,4.0,6400000.0,0.9420988258317025
64.0,64.0,8.0,5.0,400.0,400.0,15866.0,55808.0,0,0.940625,0.000976562,256.0,6400000.0,0.9409246575342465
1.0,64.0,2.0,1.0,1.0,1.0,39.0,32.0,0,0.5015625,8192.0,0.00195312,6400000.0,0.5273919092465753
64.0,64.0,2.0,8.0,252.0,245.0,8170.0,31008.0,0,0.940625,0.015625,32.0,6400000.0,0.9409246575342465
64.0,64.0,8.0,32.0,1725.0,1815.0,60391.0,282208.0,0,0.984375,0.00195312,0.00195312,6400000.0,0.9808318554305284
1.0,64.0,1.0,1.0,1.0,1.0,35.0,32.0,0,0.5015625,4096.0,1024.0,6400000.0,0.5273919092465753
64.0,64.0,2.0,16.0,269.0,253.0,8526.0,32288.0,0,0.940625,0.0625,0.00195312,6400000.0,0.942881604696673
1.0,64.0,2.0,1.0,1.0,1.0,39.0,32.0,0,0.5015625,32768.0,0.125,6400000.0,0.5273919092465753
1.0,64.0,1.0,1.0,1.0,1.0,35.0,32.0,0,0.5015625,8192.0,0.0078125,6400000.0,0.5273919092465753
1.0,64.0,4.0,1.0,1.0,1.0,63.0,32.0,0,0.5015625,32768.0,8.0,6400000.0,0.5273919092465753
1.0,64.0,2.0,1.0,1.0,1.0,39.0,32.0,0,0.5015625,32768.0,128.0,6400000.0,0.5273919092465753
1.0,64.0,1.0,1.0,1.0,1.0,35.0,32.0,0,0.5015625,32768.0,256.0,6400000.0,0.5273919092465753
64.0,64.0,2.0,16.0,269.0,253.0,8526.0,32288.0,0,0.940625,0.015625,0.03125,6400000.0,0.942881604696673
64.0,64.0,4.0,30.0,756.0,747.0,24501.0,111328.0,0,0.9734375,0.00390625,0.0,6400000.0,0.961662181996086
64.0,64.0,4.0,5.0,400.0,400.0,13226.0,55808.0,0,0.940625,256.0,0.0078125,6400000.0,0.9409246575342465
64.0,64.0,4.0,30.0,756.0,747.0,24501.0,111328.0,0,0.9734375,0.0,0.000976562,6400000.0,0.961662181996086
64.0,64.0,2.0,15.0,268.0,253.0,8515.0,32288.0,0,0.940625,0.03125,0.25,6400000.0,0.9420988258317025
64.0,64.0,4.0,8.0,695.0,705.0,22939.0,104608.0,0,0.940625,4.0,64.0,6400000.0,0.9377996575342464
1.0,64.0,2.0,1.0,1.0,1.0,39.0,32.0,0,0.5015625,0.125,16384.0,6400000.0,0.5273919092465753
64.0,64.0,2.0,16.0,269.0,253.0,8526.0,32288.0,0,0.940625,0.0,0.00195312,6400000.0,0.942881604696673
64.0,64.0,4.0,19.0,721.0,716.0,23581.0,106368.0,0,0.971875,1.0,2.0,6400000.0,0.9632285041585128
64.0,64.0,4.0,19.0,710.0,705.0,23218.0,104608.0,0,0.9625,0.125,8.0,6400000.0,0.962055100293542
64.0,64.0,2.0,5.0,235.0,231.0,7641.0,28768.0,0,0.940625,0.03125,256.0,6400000.0,0.9409246575342465
64.0,64.0,4.0,27.0,751.0,744.0,24401.0,110848.0,0,0.9703125,0.125,0.0078125,6400000.0,0.961271556996086
64.0,64.0,8.0,26.0,1700.0,1831.0,59733.0,284768.0,0,0.9890625,0.00195312,2.0,6400000.0,0.9800490765655578
1.0,64.0,4.0,1.0,1.0,1.0,63.0,32.0,0,0.5015625,0.125,8192.0,6400000.0,0.5273919092465753
1.0,64.0,4.0,1.0,1.0,1.0,63.0,32.0,0,0.5015625,256.0,8192.0,6400000.0,0.5273919092465753
64.0,64.0,2.0,14.0,267.0,253.0,8504.0,32288.0,0,0.9421875,0.0625,2.0,6400000.0,0.9420988258317025
1.0,64.0,4.0,1.0,1.0,1.0,63.0,32.0,0,0.5015625,0.000976562,8192.0,6400000.0,0.5273919092465753
1.0,64.0,1.0,1.0,1.0,1.0,35.0,32.0,0,0.5015625,8192.0,8.0,6400000.0,0.5273919092465753
1.0,64.0,4.0,1.0,1.0,1.0,63.0,32.0,0,0.5015625,0.0,1024.0,6400000.0,0.5273919092465753
64.0,64.0,4.0,5.0,400.0,400.0,13226.0,55808.0,0,0.940625,256.0,8.0,6400000.0,0.9409246575342465
1.0,64.0,4.0,1.0,1.0,1.0,63.0,32.0,0,0.5015625,1.0,2048.0,6400000.0,0.5273919092465753
1.0,64.0,8.0,1.0,1.0,1.0,543.0,32.0,0,0.5015625,0.00195312,2048.0,6400000.0,0.5273919092465753
1.0,64.0,4.0,1.0,1.0,1.0,63.0,32.0,0,0.5015625,32768.0,8192.0,6400000.0,0.5273919092465753
64.0,64.0,2.0,16.0,269.0,253.0,8526.0,32288.0,0,0.940625,0.125,0.015625,6400000.0,0.942881604696673
1.0,64.0,2.0,1.0,1.0,1.0,39.0,32.0,0,0.5015625,0.0625,2048.0,6400000.0,0.5273919092465753
64.0,64.0,4.0,16.0,709.0,707.0,23236.0,104928.0,0,0.959375,8.0,0.0,6400000.0,0.9616637108610566
1.0,64.0,4.0,1.0,1.0,1.0,63.0,32.0,0,0.5015625,0.015625,32768.0,6400000.0,0.5273919092465753
64.0,64.0,2.0,9.0,256.0,248.0,8280.0,31488.0,0,0.940625,0.125,16.0,6400000.0,0.9409246575342465
1.0,64.0,2.0,1.0,1.0,1.0,39.0,32.0,0,0.5015625,0.000976562,16384.0,6400000.0,0.5273919092465753
1.0,64.0,4.0,1.0,1.0,1.0,63.0,32.0,0,0.5015625,0.0078125,4096.0,6400000.0,0.5273919092465753
64.0,64.0,4.0,30.0,755.0,746.0,24468.0,111168.0,0,0.9734375,0.000976562,0.0078125,6400000.0,0.9620535714285715
64.0,64.0,2.0,16.0,269.0,253.0,8526.0,32288.0,0,0.940625,0.000976562,0.015625,6400000.0,0.942881604696673
64.0,64.0,4.0,24.0,721.0,717.0,23477.0,106528.0,0,0.965625,0.0,1.0,6400000.0,0.9624464897260274
64.0,64.0,4.0,29.0,753.0,745.0,24424.0,111008.0,0,0.9734375,0.0078125,0.00390625,6400000.0,0.9620535714285715
64.0,64.0,2.0,14.0,267.0,253.0,8504.0,32288.0,0,0.9421875,0.0,2.0,6400000.0,0.9420988258317025
1.0,64.0,2.0,1.0,1.0,1.0,39.0,32.0,0,0.5015625,0.0,2048.0,6400000.0,0.5273919092465753
64.0,64.0,4.0,16.0,702.0,700.0,23005.0,103808.0,0,0.95625,0.000976562,8.0,6400000.0,0.9640120474559687
1.0,64.0,4.0,1.0,1.0,1.0,63.0,32.0,0,0.5015625,512.0,64.0,6400000.0,0.5273919092465753
64.0,64.0,2.0,5.0,235.0,231.0,7641.0,28768.0,0,0.940625,0.25,128.0,6400000.0,0.9409246575342465
1.0,64.0,4.0,1.0,1.0,1.0,63.0,32.0,0,0.5015625,512.0,0.0625,6400000.0,0.5273919092465753
64.0,64.0,2.0,15.0,268.0,253.0,8515.0,32288.0,0,0.940625,0.25,0.125,6400000.0,0.9420988258317025
64.0,64.0,4.0,22.0,737.0,729.0,24043.0,108448.0,0,0.9703125,2.0,0.015625,6400000.0,0.9647902397260275
64.0,64.0,4.0,8.0,700.0,710.0,23104.0,105408.0,0,0.940625,0.00195312,64.0,6400000.0,0.9354513209393345
1.0,64.0,4.0,1.0,1.0,1.0,63.0,32.0,0,0.5015625,8.0,512.0,6400000.0,0.5273919092465753
1.0,64.0,4.0,1.0,1.0,1.0,63.0,32.0,0,0.5015625,16.0,4096.0,6400000.0,0.5273919092465753
64.0,64.0,8.0,31.0,1725.0,1817.0,60414.0,282528.0,0,0.984375,0.00390625,0.015625,6400000.0,0.9784835188356166
64.0,64.0,4.0,28.0,753.0,745.0,24445.0,111008.0,0,0.9703125,0.00195312,0.0625,6400000.0,0.9624449608610567
64.0,64.0,2.0,9.0,253.0,245.0,8181.0,31008.0,0,0.940625,0.000976562,16.0,6400000.0,0.9409246575342465
64.0,64.0,2.0,15.0,268.0,253.0,8515.0,32288.0,0,0.940625,0.5,0.000976562,6400000.0,0.9420988258317025
1.0,64.0,4.0,1.0,1.0,1.0,63.0,32.0,0,0.5015625,0.00390625,512.0,6400000.0,0.5273919092465753
64.0,64.0,4.0,13.0,728.0,725.0,23925.0,107808.0,0,0.9609375,16.0,0.00390625,6400000.0,0.9612738502935422
64.0,64.0,4.0,19.0,721.0,716.0,23581.0,106368.0,0,0.971875,0.0078125,4.0,6400000.0,0.9640082252935421
64.0,64.0,4.0,16.0,739.0,738.0,24227.0,109888.0,0,0.959375,8.0,0.5,6400000.0,0.962445725293542
64.0,64.0,4.0,27.0,747.0,739.0,24268.0,110048.0,0,0.9671875,0.25,0.0625,6400000.0,0.9647940618884541
64.0,64.0,8.0,16.0,1525.0,1620.0,53877.0,251008.0,0,0.9765625,0.00390625,16.0,6400000.0,0.9694876773483365
1.0,64.0,1.0,1.0,1.0,1.0,35.0,32.0,0,0.5015625,8192.0,8192.0,6400000.0,0.5273919092465753
64.0,64.0,4.0,25.0,737.0,731.0,23982.0,108768.0,0,0.9671875,0.00390625,0.5,6400000.0,0.9636198935909981
64.0,64.0,4.0,11.0,778.0,776.0,25618.0,115968.0,0,0.953125,16.0,4.0,6400000.0,0.9600973886986301
64.0,64.0,2.0,16.0,269.0,253.0,8526.0,32288.0,0,0.940625,0.00390625,0.000976562,6400000.0,0.942881604696673
1.0,64.0,4.0,1.0,1.0,1.0,63.0,32.0,0,0.5015625,32.0,32768.0,6400000.0,0.5273919092465753
1.0,64.0,2.0,1.0,1.0,1.0,39.0,32.0,0,0.5015625,0.5,1024.0,6400000.0,0.5273919092465753
1.0,64.0,4.0,1.0,1.0,1.0,63.0,32.0,0,0.5015625,1024.0,0.5,6400000.0,0.5273919092465753
64.0,64.0,2.0,16.0,269.0,253.0,8526.0,32288.0,0,0.940625,0.00195312,0.125,6400000.0,0.942881604696673
64.0,64.0,2.0,11.0,264.0,253.0,8471.0,32288.0,0,0.940625,4.0,0.0,6400000.0,0.9420988258317025
64.0,64.0,4.0,9.0,655.0,655.0,21588.0,96608.0,0,0.959375,0.015625,32.0,6400000.0,0.9581419704011742
64.0,64.0,2.0,15.0,268.0,253.0,8515.0,32288.0,0,0.940625,1.0,0.0078125,6400000.0,0.9424902152641877
1.0,64.0,4.0,1.0,1.0,1.0,63.0,32.0,0,0.5015625,2048.0,0.00390625,6400000.0,0.5273919092465753
1.0,64.0,4.0,1.0,1.0,1.0,63.0,32.0,0,0.5015625,1024.0,0.0,6400000.0,0.5273919092465753
64.0,64.0,4.0,9.0,665.0,665.0,21918.0,98208.0,0,0.959375,32.0,0.03125,6400000.0,0.9597075281311154
64.0,64.0,2.0,5.0,235.0,231.0,7641.0,28768.0,0,0.940625,0.00195312,128.0,6400000.0,0.9409246575342465
1.0,64.0,2.0,1.0,1.0,1.0,39.0,32.0,0,0.5015625,0.00390625,1024.0,6400000.0,0.5273919092465753
1.0,64.0,2.0,1.0,1.0,1.0,39.0,32.0,0,0.5015625,1.0,8192.0,6400000.0,0.5273919092465753
64.0,64.0,4.0,29.0,749.0,740.0,24291.0,110208.0,0,0.9703125,0.015625,0.03125,6400000.0,0.9608801675636007
1.0,64.0,4.0,1.0,1.0,1.0,63.0,32.0,0,0.5015625,1024.0,512.0,6400000.0,0.5273919092465753
1.0,64.0,4.0,1.0,1.0,1.0,63.0,32.0,0,0.5015625,2048.0,4096.0,6400000.0,0.5273919092465753
64.0,64.0,2.0,15.0,268.0,253.0,8515.0,32288.0,0,0.940625,0.00390625,1.0,6400000.0,0.942881604696673
64.0,64.0,2.0,15.0,268.0,253.0,8515.0,32288.0,0,0.940625,0.5,1.0,6400000.0,0.942881604696673
64.0,64.0,4.0,8.0,691.0,701.0,22807.0,103968.0,0,0.940625,0.25,64.0,6400000.0,0.9354513209393345
1.0,64.0,1.0,1.0,1.0,1.0,35.0,32.0,0,0.5015625,16384.0,0.0625,6400000.0,0.5273919092465753
1.0,64.0,4.0,1.0,1.0,1.0,63.0,32.0,0,0.5015625,2048.0,4.0,6400000.0,0.5273919092465753
64.0,64.0,4.0,27.0,747.0,739.0,24268.0,110048.0,0,0.9671875,0.03125,0.25,6400000.0,0.9604880136986301
64.0,64.0,4.0,12.0,730.0,727.0,24012.0,108128.0,0,0.953125,2.0,16.0,6400000.0,0.9593169031311154
1.0,64.0,4.0,1.0,1.0,1.0,63.0,32.0,0,0.5015625,4096.0,0.03125,6400000.0,0.5273919092465753
64.0,64.0,4.0,28.0,753.0,745.0,24445.0,111008.0,0,0.9703125,0.0625,0.00195312,6400000.0,0.9624449608610567
64.0,64.0,2.0,9.0,260.0,252.0,8412.0,32128.0,0,0.940625,1.0,8.0,6400000.0,0.9409246575342465
64.0,64.0,2.0,6.0,240.0,235.0,7787.0,29408.0,0,0.940625,2.0,64.0,6400000.0,0.9409246575342465
64.0,64.0,4.0,25.0,737.0,731.0,23982.0,108768.0,0,0.9671875,0.5,0.0,6400000.0,0.9636198935909981
1.0,64.0,1.0,1.0,1.0,1.0,35.0,32.0,0,0.5015625,16384.0,64.0,6400000.0,0.5273919092465753
1.0,64.0,2.0,1.0,1.0,1.0,39.0,32.0,0,0.5015625,16.0,32768.0,6400000.0,0.5273919092465753
64.0,64.0,8.0,31.0,1724.0,1818.0,60383.0,282688.0,0,0.9828125,0.0,0.0625,6400000.0,0.9792670621330725
64.0,64.0,2.0,9.0,256.0,248.0,8280.0,31488.0,0,0.940625,8.0,4.0,6400000.0,0.9409246575342465
64.0,64.0,4.0,8.0,684.0,693.0,22575.0,102688.0,0,0.9625,32.0,32.0,6400000.0,0.9507055711839529
64.0,64.0,4.0,5.0,400.0,400.0,13226.0,55808.0,0,0.940625,0.03125,256.0,6400000.0,0.9409246575342465
64.0,64.0,2.0,11.0,264.0,253.0,8471.0,32288.0,0,0.940625,4.0,0.5,6400000.0,0.9420988258317025
64.0,64.0,2.0,6.0,241.0,236.0,7820.0,29568.0,0,0.940625,64.0,0.00195312,6400000.0,0.9409246575342465
64.0,64.0,2.0,14.0,267.0,253.0,8504.0,32288.0,0,0.940625,2.0,0.0625,6400000.0,0.9424902152641877
1.0,64.0,2.0,1.0,1.0,1.0,39.0,32.0,0,0.5015625,8.0,4096.0,6400000.0,0.5273919092465753
1.0,64.0,2.0,1.0,1.0,1.0,39.0,32.0,0,0.5015625,4.0,512.0,6400000.0,0.5273919092465753
64.0,64.0,4.0,8.0,680.0,689.0,22443.0,102048.0,0,0.9625,64.0,0.25,6400000.0,0.9507055711839529
1.0,64.0,8.0,1.0,1.0,1.0,543.0,32.0,0,0.5015625,0.00390625,16384.0,6400000.0,0.5273919092465753
64.0,64.0,2.0,9.0,261.0,252.0,8413.0,32128.0,0,0.940625,8.0,0.00390625,6400000.0,0.9409246575342465
1.0,64.0,4.0,1.0,1.0,1.0,63.0,32.0,0,0.5015625,4096.0,32.0,6400000.0,0.5273919092465753
1.0,64.0,4.0,1.0,1.0,1.0,63.0,32.0,0,0.5015625,4096.0,32768.0,6400000.0,0.5273919092465753
64.0,64.0,2.0,7.0,247.0,241.0,7996.0,30368.0,0,0.940625,16.0,32.0,6400000.0,0.9409246575342465
1.0,64.0,2.0,1.0,1.0,1.0,39.0,32.0,0,0.5015625,128.0,16384.0,6400000.0,0.5273919092465753
64.0,64.0,4.0,5.0,473.0,479.0,15641.0,68448.0,0,0.940625,64.0,256.0,6400000.0,0.9409246575342465
64.0,64.0,2.0,8.0,253.0,245.0,8171.0,31008.0,0,0.940625,32.0,0.25,6400000.0,0.9409246575342465
64.0,64.0,8.0,8.0,812.0,814.0,29943.0,122048.0,0,0.959375,0.0078125,128.0,6400000.0,0.9409246575342465
64.0,64.0,2.0,6.0,240.0,235.0,7787.0,29408.0,0,0.940625,64.0,2.0,6400000.0,0.9409246575342465
64.0,64.0,2.0,9.0,257.0,248.0,8281.0,31488.0,0,0.940625,16.0,0.03125,6400000.0,0.9409246575342465
1.0,64.0,4.0,1.0,1.0,1.0,63.0,32.0,0,0.5015625,8192.0,0.25,6400000.0,0.5273919092465753
1.0,64.0,4.0,1.0,1.0,1.0,63.0,32.0,0,0.5015625,2.0,16384.0,6400000.0,0.5273919092465753
1.0,64.0,2.0,1.0,1.0,1.0,39.0,32.0,0,0.5015625,512.0,0.000976562,6400000.0,0.5273919092465753
1.0,64.0,2.0,1.0,1.0,1.0,39.0,32.0,0,0.5015625,512.0,1024.0,6400000.0,0.5273919092465753
1.0,64.0,2.0,1.0,1.0,1.0,39.0,32.0,0,0.5015625,64.0,2048.0,6400000.0,0.5273919092465753
1.0,64.0,2.0,1.0,1.0,1.0,39.0,32.0,0,0.5015625,512.0,1.0,6400000.0,0.5273919092465753
1.0,64.0,2.0,1.0,1.0,1.0,39.0,32.0,0,0.5015625,1024.0,8.0,6400000.0,0.5273919092465753
64.0,64.0,2.0,16.0,269.0,253.0,8526.0,32288.0,0,0.940625,0.0078125,0.0078125,6400000.0,0.942881604696673
64.0,64.0,2.0,5.0,235.0,231.0,7641.0,28768.0,0,0.940625,256.0,0.125,6400000.0,0.9409246575342465
64.0,64.0,2.0,5.0,235.0,231.0,7641.0,28768.0,0,0.940625,128.0,16.0,6400000.0,0.9409246575342465
64.0,64.0,8.0,31.0,1720.0,1819.0,60256.0,282848.0,0,0.9828125,0.0078125,0.125,6400000.0,0.9808310909980431
1.0,64.0,2.0,1.0,1.0,1.0,39.0,32.0,0,0.5015625,2048.0,0.0625,6400000.0,0.5273919092465753
1.0,64.0,4.0,1.0,1.0,1.0,63.0,32.0,0,0.5015625,8192.0,256.0,6400000.0,0.5273919092465753
64.0,64.0,2.0,5.0,235.0,231.0,7641.0,28768.0,0,0.940625,128.0,0.015625,6400000.0,0.9409246575342465
64.0,64.0,4.0,6.0,537.0,538.0,17758.0,77888.0,0,0.940625,128.0,0.00195312,6400000.0,0.9409246575342465
1.0,64.0,4.0,1.0,1.0,1.0,63.0,32.0,0,0.5015625,0.5,512.0,6400000.0,0.5273919092465753
64.0,64.0,4.0,24.0,721.0,717.0,23477.0,106528.0,0,0.965625,0.5,0.5,6400000.0,0.9624464897260274
1.0,64.0,1.0,1.0,1.0,1.0,35.0,32.0,0,0.5015625,32768.0,0.0,6400000.0,0.5273919092465753
1.0,64.0,4.0,1.0,1.0,1.0,63.0,32.0,0,0.5015625,16384.0,0.00195312,6400000.0,0.5273919092465753
1.0,64.0,2.0,1.0,1.0,1.0,39.0,32.0,0,0.5015625,1024.0,8192.0,6400000.0,0.5273919092465753
64.0,64.0,8.0,32.0,1725.0,1815.0,60391.0,282208.0,0,0.984375,0.000976562,0.0,6400000.0,0.9808318554305284
64.0,64.0,2.0,5.0,235.0,231.0,7641.0,28768.0,0,0.940625,32.0,256.0,6400000.0,0.9409246575342465
1.0,64.0,2.0,1.0,1.0,1.0,39.0,32.0,0,0.5015625,1024.0,0.0078125,6400000.0,0.5273919092465753
1.0,64.0,2.0,1.0,1.0,1.0,39.0,32.0,0,0.5015625,4096.0,512.0,6400000.0,0.5273919092465753
1.0,64.0,4.0,1.0,1.0,1.0,63.0,32.0,0,0.5015625,0.0625,2048.0,6400000.0,0.5273919092465753
64.0,64.0,4.0,7.0,557.0,556.0,18395.0,80768.0,0,0.940625,128.0,2.0,6400000.0,0.9409246575342465
1.0,64.0,4.0,1.0,1.0,1.0,63.0,32.0,0,0.5015625,16384.0,2.0,6400000.0,0.5273919092465753
1.0,64.0,4.0,1.0,1.0,1.0,63.0,32.0,0,0.5015625,32768.0,0.015625,6400000.0,0.5273919092465753
1.0,64.0,2.0,1.0,1.0,1.0,39.0,32.0,0,0.5015625,2048.0,64.0,6400000.0,0.5273919092465753
64.0,64.0,8.0,8.0,1085.0,1115.0,39205.0,170208.0,0,0.959375,0.0,64.0,6400000.0,0.9483656433463796
64.0,64.0,2.0,5.0,245.0,242.0,7972.0,30528.0,0,0.940625,256.0,128.0,6400000.0,0.9033657962328766
1.0,64.0,2.0,1.0,1.0,1.0,39.0,32.0,0,0.5015625,8192.0,4.0,6400000.0,0.5273919092465753
1.0,64.0,4.0,1.0,1.0,1.0,63.0,32.0,0,0.5015625,128.0,2048.0,6400000.0,0.5273919092465753
1.0,64.0,2.0,1.0,1.0,1.0,39.0,32.0,0,0.5015625,4096.0,0.5,6400000.0,0.5273919092465753
1.0,64.0,2.0,1.0,1.0,1.0,39.0,32.0,0,0.5015625,4096.0,0.0,6400000.0,0.5273919092465753
1.0,64.0,2.0,1.0,1.0,1.0,39.0,32.0,0,0.5015625,16384.0,0.03125,6400000.0,0.5273919092465753
1.0,64.0,2.0,1.0,1.0,1.0,39.0,32.0,0,0.5015625,16384.0,32768.0,6400000.0,0.5273919092465753
1.0,64.0,1.0,1.0,1.0,1.0,35.0,32.0,0,0.5015625,32768.0,0.5,6400000.0,0.5273919092465753
1.0,64.0,2.0,1.0,1.0,1.0,39.0,32.0,0,0.5015625,16384.0,32.0,6400000.0,0.5273919092465753
64.0,64.0,4.0,22.0,726.0,718.0,23680.0,106688.0,0,0.9703125,0.0625,2.0,6400000.0,0.9624449608610568
1.0,64.0,4.0,1.0,1.0,1.0,63.0,32.0,0,0.5015625,16384.0,2048.0,6400000.0,0.5273919092465753
1.0,64.0,2.0,1.0,1.0,1.0,39.0,32.0,0,0.5015625,0.0078125,8192.0,6400000.0,0.5273919092465753
64.0,64.0,2.0,16.0,269.0,253.0,8526.0,32288.0,0,0.940625,0.03125,0.0,6400000.0,0.942881604696673
64.0,64.0,4.0,24.0,721.0,717.0,23477.0,106528.0,0,0.965625,1.0,0.00390625,6400000.0,0.9628378791585128
1.0,64.0,2.0,1.0,1.0,1.0,39.0,32.0,0,0.5015625,8192.0,4096.0,6400000.0,0.5273919092465753
64.0,64.0,4.0,19.0,727.0,722.0,23779.0,107328.0,0,0.96875,4.0,0.125,6400000.0,0.9636198935909981
64.0,64.0,8.0,31.0,1725.0,1817.0,60414.0,282528.0,0,0.984375,0.015625,0.000976562,6400000.0,0.9788749082681019
64.0,64.0,2.0,9.0,260.0,252.0,8412.0,32128.0,0,0.940625,0.0078125,8.0,6400000.0,0.9409246575342465
1.0,64.0,8.0,1.0,1.0,1.0,543.0,32.0,0,0.5015625,0.015625,1024.0,6400000.0,0.5273919092465753
1.0,64.0,2.0,1.0,1.0,1.0,39.0,32.0,0,0.5015625,8192.0,0.00390625,6400000.0,0.5273919092465753
1.0,64.0,8.0,1.0,1.0,1.0,543.0,32.0,0,0.5015625,0.000976562,512.0,6400000.0,0.5273919092465753
64.0,64.0,2.0,6.0,241.0,236.0,7820.0,29568.0,0,0.940625,0.015625,64.0,6400000.0,0.9409246575342465
1.0,64.0,2.0,1.0,1.0,1.0,39.0,32.0,0,0.5015625,32768.0,256.0,6400000.0,0.5273919092465753
1.0,64.0,4.0,1.0,1.0,1.0,63.0,32.0,0,0.5015625,32768.0,16.0,6400000.0,0.5273919092465753
1.0,64.0,1.0,1.0,1.0,1.0,35.0,32.0,0,0.5015625,32768.0,512.0,6400000.0,0.5273919092465753
64.0,64.0,2.0,15.0,268.0,253.0,8515.0,32288.0,0,0.940625,0.03125,0.5,6400000.0,0.9420988258317025
1.0,64.0,2.0,1.0,1.0,1.0,39.0,32.0,0,0.5015625,32768.0,0.25,6400000.0,0.5273919092465753
64.0,64.0,2.0,16.0,269.0,253.0,8526.0,32288.0,0,0.940625,0.0625,0.00390625,6400000.0,0.942881604696673
64.0,64.0,2.0,16.0,269.0,253.0,8526.0,32288.0,0,0.940625,0.015625,0.0625,6400000.0,0.942881604696673
1.0,64.0,2.0,1.0,1.0,1.0,39.0,32.0,0,0.5015625,0.125,32768.0,6400000.0,0.5273919092465753
64.0,64.0,8.0,30.0,1719.0,1817.0,60243.0,282528.0,0,0.984375,0.000976562,0.5,6400000.0,0.9808326198630137
64.0,64.0,4.0,30.0,756.0,747.0,24501.0,111328.0,0,0.9734375,0.00390625,0.000976562,6400000.0,0.961662181996086
64.0,64.0,4.0,5.0,400.0,400.0,13226.0,55808.0,0,0.940625,256.0,0.015625,6400000.0,0.9409246575342465
64.0,64.0,4.0,30.0,756.0,747.0,24501.0,111328.0,0,0.9734375,0.0,0.00195312,6400000.0,0.961662181996086
64.0,64.0,8.0,30.0,1782.0,1882.0,62324.0,292928.0,0,0.9875,0.015625,1.0,6400000.0,0.9804404659980431
64.0,64.0,4.0,7.0,484.0,482.0,15969.0,68928.0,0,0.940625,4.0,128.0,6400000.0,0.9409246575342465
1.0,64.0,2.0,1.0,1.0,1.0,39.0,32.0,0,0.5015625,0.03125,512.0,6400000.0,0.5273919092465753
1.0,64.0,4.0,1.0,1.0,1.0,63.0,32.0,0,0.5015625,256.0,16384.0,6400000.0,0.5273919092465753
64.0,64.0,8.0,31.0,1727.0,1818.0,60479.0,282688.0,0,0.984375,0.00195312,0.00390625,6400000.0,0.9808318554305284
1.0,64.0,4.0,1.0,1.0,1.0,63.0,32.0,0,0.5015625,0.000976562,16384.0,6400000.0,0.5273919092465753
1.0,64.0,4.0,1.0,1.0,1.0,63.0,32.0,0,0.5015625,0.125,16384.0,6400000.0,0.5273919092465753
64.0,64.0,4.0,18.0,718.0,714.0,23504.0,106048.0,0,0.971875,1.0,4.0,6400000.0,0.962836350293542
64.0,64.0,2.0,16.0,269.0,253.0,8526.0,32288.0,0,0.940625,0.0,0.00390625,6400000.0,0.942881604696673
1.0,64.0,4.0,1.0,1.0,1.0,63.0,32.0,0,0.5015625,0.0,2048.0,6400000.0,0.5273919092465753
64.0,64.0,2.0,11.0,263.0,253.0,8470.0,32288.0,0,0.940625,0.0625,4.0,6400000.0,0.9420988258317025
64.0,64.0,4.0,13.0,729.0,728.0,23960.0,108288.0,0,0.9546875,0.125,16.0,6400000.0,0.9597082925636007
64.0,64.0,4.0,5.0,399.0,399.0,13193.0,55648.0,0,0.940625,256.0,16.0,6400000.0,0.9409246575342465
64.0,64.0,4.0,26.0,746.0,740.0,24258.0,110208.0,0,0.9734375,0.125,0.015625,6400000.0,0.961662181996086
1.0,64.0,4.0,1.0,1.0,1.0,63.0,32.0,0,0.5015625,1.0,4096.0,6400000.0,0.5273919092465753
1.0,64.0,8.0,1.0,1.0,1.0,543.0,32.0,0,0.5015625,0.00195312,4096.0,6400000.0,0.5273919092465753
1.0,64.0,4.0,1.0,1.0,1.0,63.0,32.0,0,0.5015625,32768.0,16384.0,6400000.0,0.5273919092465753
64.0,64.0,2.0,16.0,269.0,253.0,8526.0,32288.0,0,0.940625,0.125,0.03125,6400000.0,0.942881604696673
64.0,64.0,8.0,31.0,1730.0,1821.0,60578.0,283168.0,0,0.9828125,0.03125,0.0078125,6400000.0,0.9796584515655578
64.0,64.0,8.0,25.0,1723.0,1844.0,60503.0,286848.0,0,0.9859375,0.00195312,4.0,6400000.0,0.9796553938356165
1.0,64.0,2.0,1.0,1.0,1.0,39.0,32.0,0,0.5015625,0.0625,4096.0,6400000.0,0.5273919092465753
64.0,64.0,4.0,29.0,752.0,743.0,24390.0,110688.0,0,0.9734375,0.03125,0.0,6400000.0,0.961271556996086
1.0,64.0,2.0,1.0,1.0,1.0,39.0,32.0,0,0.5015625,0.000976562,32768.0,6400000.0,0.5273919092465753
1.0,64.0,4.0,1.0,1.0,1.0,63.0,32.0,0,0.5015625,0.0078125,8192.0,6400000.0,0.5273919092465753
64.0,64.0,2.0,8.0,252.0,245.0,8170.0,31008.0,0,0.940625,0.125,32.0,6400000.0,0.9409246575342465
64.0,64.0,4.0,16.0,709.0,707.0,23236.0,104928.0,0,0.959375,8.0,0.000976562,6400000.0,0.9616637108610566
64.0,64.0,4.0,29.0,752.0,743.0,24390.0,110688.0,0,0.9734375,0.000976562,0.015625,6400000.0,0.961662181996086
64.0,64.0,2.0,16.0,269.0,253.0,8526.0,32288.0,0,0.940625,0.000976562,0.03125,6400000.0,0.942881604696673
1.0,64.0,4.0,1.0,1.0,1.0,63.0,32.0,0,0.5015625,512.0,128.0,6400000.0,0.5273919092465753
1.0,64.0,2.0,1.0,1.0,1.0,39.0,32.0,0,0.5015625,0.0,4096.0,6400000.0,0.5273919092465753
64.0,64.0,2.0,11.0,263.0,253.0,8470.0,32288.0,0,0.940625,0.0,4.0,6400000.0,0.9420988258317025
1.0,64.0,4.0,1.0,1.0,1.0,63.0,32.0,0,0.5015625,512.0,0.125,6400000.0,0.5273919092465753
64.0,64.0,4.0,29.0,752.0,743.0,24390.0,110688.0,0,0.9734375,0.0078125,0.0078125,6400000.0,0.961662181996086
64.0,64.0,4.0,22.0,730.0,722.0,23812.0,107328.0,0,0.9640625,0.0,2.0,6400000.0,0.9651816291585128
64.0,64.0,2.0,15.0,268.0,253.0,8515.0,32288.0,0,0.940625,0.25,0.25,6400000.0,0.9420988258317025
64.0,64.0,2.0,5.0,235.0,231.0,7641.0,28768.0,0,0.940625,0.25,256.0,6400000.0,0.9409246575342465
64.0,64.0,4.0,13.0,729.0,728.0,23960.0,108288.0,0,0.9609375,0.000976562,16.0,6400000.0,0.9600996819960862
1.0,64.0,4.0,1.0,1.0,1.0,63.0,32.0,0,0.5015625,8.0,1024.0,6400000.0,0.5273919092465753
1.0,64.0,4.0,1.0,1.0,1.0,63.0,32.0,0,0.5015625,16.0,8192.0,6400000.0,0.5273919092465753
64.0,64.0,4.0,6.0,537.0,538.0,17758.0,77888.0,0,0.940625,0.00195312,128.0,6400000.0,0.9409246575342465
1.0,64.0,4.0,1.0,1.0,1.0,63.0,32.0,0,0.5015625,0.00390625,1024.0,6400000.0,0.5273919092465753
64.0,64.0,4.0,22.0,726.0,718.0,23680.0,106688.0,0,0.9703125,2.0,0.03125,6400000.0,0.9647902397260275
64.0,64.0,4.0,13.0,728.0,725.0,23925.0,107808.0,0,0.9609375,16.0,0.0078125,6400000.0,0.9612738502935422
64.0,64.0,2.0,8.0,252.0,245.0,8170.0,31008.0,0,0.940625,0.000976562,32.0,6400000.0,0.9409246575342465
64.0,64.0,2.0,15.0,268.0,253.0,8515.0,32288.0,0,0.940625,0.5,0.00195312,6400000.0,0.9420988258317025
64.0,64.0,4.0,27.0,749.0,742.0,24335.0,110528.0,0,0.9703125,0.00195312,0.125,6400000.0,0.961662181996086
64.0,64.0,2.0,16.0,269.0,253.0,8526.0,32288.0,0,0.940625,0.00390625,0.00195312,6400000.0,0.942881604696673
64.0,64.0,4.0,16.0,702.0,700.0,23005.0,103808.0,0,0.95625,0.0078125,8.0,6400000.0,0.9640120474559687
64.0,64.0,4.0,16.0,741.0,743.0,24296.0,110688.0,0,0.9546875,8.0,1.0,6400000.0,0.9636198935909981
64.0,64.0,4.0,27.0,746.0,738.0,24235.0,109888.0,0,0.959375,0.25,0.125,6400000.0,0.9620543358610567
64.0,64.0,8.0,31.0,1730.0,1821.0,60578.0,283168.0,0,0.9828125,0.00390625,0.03125,6400000.0,0.9796584515655578
1.0,64.0,2.0,1.0,1.0,1.0,39.0,32.0,0,0.5015625,0.5,2048.0,6400000.0,0.5273919092465753
64.0,64.0,4.0,24.0,721.0,717.0,23477.0,106528.0,0,0.965625,0.00390625,1.0,6400000.0,0.9624464897260274
1.0,64.0,4.0,1.0,1.0,1.0,63.0,32.0,0,0.5015625,2048.0,0.0078125,6400000.0,0.5273919092465753
64.0,64.0,4.0,8.0,685.0,694.0,22608.0,102848.0,0,0.9625,64.0,0.0,6400000.0,0.9507055711839529
64.0,64.0,8.0,13.0,1444.0,1546.0,51274.0,239168.0,0,0.9703125,0.00390625,32.0,6400000.0,0.96674948018591
64.0,64.0,2.0,15.0,268.0,253.0,8515.0,32288.0,0,0.940625,0.00195312,0.25,6400000.0,0.9420988258317025
64.0,64.0,4.0,8.0,700.0,710.0,23104.0,105408.0,0,0.940625,0.015625,64.0,6400000.0,0.9354513209393345
64.0,64.0,4.0,10.0,747.0,748.0,24619.0,111488.0,0,0.9625,16.0,8.0,6400000.0,0.9600973886986301
64.0,64.0,2.0,11.0,264.0,253.0,8471.0,32288.0,0,0.940625,4.0,0.000976562,6400000.0,0.9420988258317025
1.0,64.0,4.0,1.0,1.0,1.0,63.0,32.0,0,0.5015625,1024.0,1.0,6400000.0,0.5273919092465753
64.0,64.0,8.0,19.0,1527.0,1683.0,54196.0,261088.0,0,0.9765625,0.03125,8.0,6400000.0,0.9761367111056751
1.0,64.0,4.0,1.0,1.0,1.0,63.0,32.0,0,0.5015625,1024.0,0.000976562,6400000.0,0.5273919092465753
64.0,64.0,2.0,15.0,268.0,253.0,8515.0,32288.0,0,0.940625,1.0,0.015625,6400000.0,0.9424902152641877
1.0,64.0,2.0,1.0,1.0,1.0,39.0,32.0,0,0.5015625,1.0,16384.0,6400000.0,0.5273919092465753
1.0,64.0,4.0,1.0,1.0,1.0,63.0,32.0,0,0.5015625,1024.0,1024.0,6400000.0,0.5273919092465753
64.0,64.0,2.0,5.0,235.0,231.0,7641.0,28768.0,0,0.940625,0.00195312,256.0,6400000.0,0.9409246575342465
64.0,64.0,4.0,9.0,665.0,665.0,21918.0,98208.0,0,0.959375,32.0,0.0625,6400000.0,0.9597075281311154
64.0,64.0,2.0,14.0,267.0,253.0,8504.0,32288.0,0,0.9421875,0.5,2.0,6400000.0,0.9424902152641877
1.0,64.0,8.0,1.0,1.0,1.0,543.0,32.0,0,0.5015625,0.03125,8192.0,6400000.0,0.5273919092465753
1.0,64.0,2.0,1.0,1.0,1.0,39.0,32.0,0,0.5015625,0.00390625,2048.0,6400000.0,0.5273919092465753
1.0,64.0,4.0,1.0,1.0,1.0,63.0,32.0,0,0.5015625,2048.0,8192.0,6400000.0,0.5273919092465753
1.0,64.0,4.0,1.0,1.0,1.0,63.0,32.0,0,0.5015625,2048.0,8.0,6400000.0,0.5273919092465753
64.0,64.0,4.0,28.0,753.0,745.0,24445.0,111008.0,0,0.9703125,0.015625,0.0625,6400000.0,0.961662181996086
64.0,64.0,2.0,14.0,267.0,253.0,8504.0,32288.0,0,0.9421875,0.00390625,2.0,6400000.0,0.9420988258317025
1.0,64.0,4.0,1.0,1.0,1.0,63.0,32.0,0,0.5015625,4096.0,0.0625,6400000.0,0.5273919092465753
64.0,64.0,4.0,6.0,527.0,527.0,17427.0,76128.0,0,0.940625,0.25,128.0,6400000.0,0.9409246575342465
64.0,64.0,2.0,9.0,253.0,245.0,8181.0,31008.0,0,0.940625,1.0,16.0,6400000.0,0.9409246575342465
64.0,64.0,8.0,31.0,1720.0,1819.0,60256.0,282848.0,0,0.9828125,0.0625,0.0625,6400000.0,0.9808310909980431
64.0,64.0,4.0,9.0,646.0,646.0,21291.0,95168.0,0,0.959375,2.0,32.0,6400000.0,0.9581419704011742
64.0,64.0,4.0,25.0,726.0,720.0,23619.0,107008.0,0,0.96875,0.03125,0.5,6400000.0,0.9640105185909981
64.0,64.0,2.0,5.0,235.0,231.0,7641.0,28768.0,0,0.940625,2.0,128.0,6400000.0,0.9409246575342465
64.0,64.0,2.0,8.0,253.0,245.0,8171.0,31008.0,0,0.940625,32.0,0.0,6400000.0,0.9409246575342465
64.0,64.0,2.0,11.0,263.0,253.0,8470.0,32288.0,0,0.940625,4.0,1.0,6400000.0,0.9420988258317025
64.0,64.0,4.0,28.0,753.0,745.0,24445.0,111008.0,0,0.9703125,0.0625,0.00390625,6400000.0,0.9624449608610567
64.0,64.0,2.0,14.0,267.0,253.0,8504.0,32288.0,0,0.940625,2.0,0.125,6400000.0,0.9420988258317025
1.0,64.0,4.0,1.0,1.0,1.0,63.0,32.0,0,0.5015625,0.03125,512.0,6400000.0,0.5273919092465753
64.0,64.0,2.0,9.0,253.0,245.0,8181.0,31008.0,0,0.940625,8.0,8.0,6400000.0,0.9409246575342465
64.0,64.0,4.0,6.0,519.0,540.0,17184.0,78208.0,0,0.940625,32.0,64.0,6400000.0,0.9409246575342465
64.0,64.0,4.0,25.0,737.0,731.0,23982.0,108768.0,0,0.9671875,0.5,0.000976562,6400000.0,0.9636198935909981
64.0,64.0,2.0,6.0,241.0,236.0,7820.0,29568.0,0,0.940625,64.0,0.00390625,6400000.0,0.9409246575342465
1.0,64.0,2.0,1.0,1.0,1.0,39.0,32.0,0,0.5015625,8.0,8192.0,6400000.0,0.5273919092465753
1.0,64.0,8.0,1.0,1.0,1.0,543.0,32.0,0,0.5015625,0.00390625,32768.0,6400000.0,0.5273919092465753
1.0,64.0,4.0,1.0,1.0,1.0,63.0,32.0,0,0.5015625,4096.0,64.0,6400000.0,0.5273919092465753
1.0,64.0,2.0,1.0,1.0,1.0,39.0,32.0,0,0.5015625,4.0,1024.0,6400000.0,0.5273919092465753
1.0,64.0,2.0,1.0,1.0,1.0,39.0,32.0,0,0.5015625,128.0,32768.0,6400000.0,0.5273919092465753
1.0,64.0,4.0,1.0,1.0,1.0,63.0,32.0,0,0.5015625,8192.0,0.0,6400000.0,0.5273919092465753
64.0,64.0,2.0,9.0,261.0,252.0,8413.0,32128.0,0,0.940625,8.0,0.0078125,6400000.0,0.9409246575342465
1.0,64.0,4.0,1.0,1.0,1.0,63.0,32.0,0,0.5015625,64.0,512.0,6400000.0,0.5273919092465753
64.0,64.0,4.0,8.0,680.0,689.0,22443.0,102048.0,0,0.9625,64.0,0.5,6400000.0,0.9507055711839529
1.0,64.0,4.0,1.0,1.0,1.0,63.0,32.0,0,0.5015625,8192.0,0.5,6400000.0,0.5273919092465753
64.0,64.0,2.0,5.0,237.0,233.0,7707.0,29088.0,0,0.940625,16.0,64.0,6400000.0,0.9409246575342465
64.0,64.0,2.0,6.0,240.0,235.0,7787.0,29408.0,0,0.940625,64.0,4.0,6400000.0,0.9409246575342465
64.0,64.0,8.0,31.0,1720.0,1819.0,60256.0,282848.0,0,0.9828125,0.0,0.125,6400000.0,0.9808310909980431
64.0,64.0,2.0,8.0,253.0,245.0,8171.0,31008.0,0,0.940625,32.0,0.5,6400000.0,0.9409246575342465
1.0,64.0,2.0,1.0,1.0,1.0,39.0,32.0,0,0.5015625,512.0,0.00195312,6400000.0,0.5273919092465753
1.0,64.0,4.0,1.0,1.0,1.0,63.0,32.0,0,0.5015625,2.0,32768.0,6400000.0,0.5273919092465753
1.0,64.0,2.0,1.0,1.0,1.0,39.0,32.0,0,0.5015625,512.0,2048.0,6400000.0,0.5273919092465753
1.0,64.0,2.0,1.0,1.0,1.0,39.0,32.0,0,0.5015625,64.0,4096.0,6400000.0,0.5273919092465753
64.0,64.0,2.0,9.0,257.0,248.0,8281.0,31488.0,0,0.940625,16.0,0.0625,6400000.0,0.9409246575342465
1.0,64.0,4.0,1.0,1.0,1.0,63.0,32.0,0,0.5015625,8192.0,512.0,6400000.0,0.5273919092465753
1.0,64.0,2.0,1.0,1.0,1.0,39.0,32.0,0,0.5015625,1024.0,16.0,6400000.0,0.5273919092465753
1.0,64.0,2.0,1.0,1.0,1.0,39.0,32.0,0,0.5015625,512.0,2.0,6400000.0,0.5273919092465753
64.0,64.0,8.0,5.0,400.0,400.0,15866.0,55808.0,0,0.940625,0.0078125,256.0,6400000.0,0.9409246575342465
64.0,64.0,2.0,5.0,235.0,231.0,7641.0,28768.0,0,0.940625,256.0,0.25,6400000.0,0.9409246575342465
64.0,64.0,2.0,16.0,269.0,253.0,8526.0,32288.0,0,0.940625,0.0078125,0.015625,6400000.0,0.942881604696673
1.0,64.0,2.0,1.0,1.0,1.0,39.0,32.0,0,0.5015625,2048.0,0.125,6400000.0,0.5273919092465753
1.0,64.0,4.0,1.0,1.0,1.0,63.0,32.0,0,0.5015625,0.5,1024.0,6400000.0,0.5273919092465753
64.0,64.0,2.0,5.0,234.0,230.0,7608.0,28608.0,0,0.940625,128.0,32.0,6400000.0,0.9409246575342465
1.0,64.0,4.0,1.0,1.0,1.0,63.0,32.0,0,0.5015625,16384.0,0.00390625,6400000.0,0.5273919092465753
1.0,64.0,2.0,1.0,1.0,1.0,39.0,32.0,0,0.5015625,1024.0,16384.0,6400000.0,0.5273919092465753
64.0,64.0,2.0,5.0,235.0,231.0,7641.0,28768.0,0,0.940625,128.0,0.03125,6400000.0,0.9409246575342465
64.0,64.0,4.0,6.0,537.0,538.0,17758.0,77888.0,0,0.940625,128.0,0.00390625,6400000.0,0.9409246575342465
1.0,64.0,2.0,1.0,1.0,1.0,39.0,32.0,0,0.5015625,1024.0,0.015625,6400000.0,0.5273919092465753
1.0,64.0,4.0,1.0,1.0,1.0,63.0,32.0,0,0.5015625,0.0625,4096.0,6400000.0,0.5273919092465753
1.0,64.0,4.0,1.0,1.0,1.0,63.0,32.0,0,0.5015625,32768.0,0.03125,6400000.0,0.5273919092465753
1.0,64.0,2.0,1.0,1.0,1.0,39.0,32.0,0,0.5015625,32.0,512.0,6400000.0,0.5273919092465753
1.0,64.0,4.0,1.0,1.0,1.0,63.0,32.0,0,0.5015625,128.0,4096.0,6400000.0,0.5273919092465753
1.0,64.0,2.0,1.0,1.0,1.0,39.0,32.0,0,0.5015625,4096.0,1024.0,6400000.0,0.5273919092465753
64.0,64.0,4.0,22.0,734.0,726.0,23944.0,107968.0,0,0.96875,0.5,1.0,6400000.0,0.962836350293542
1.0,64.0,4.0,1.0,1.0,1.0,63.0,32.0,0,0.5015625,16384.0,4.0,6400000.0,0.5273919092465753
1.0,64.0,2.0,1.0,1.0,1.0,39.0,32.0,0,0.5015625,2048.0,128.0,6400000.0,0.5273919092465753
1.0,64.0,2.0,1.0,1.0,1.0,39.0,32.0,0,0.5015625,4096.0,0.000976562,6400000.0,0.5273919092465753
1.0,64.0,2.0,1.0,1.0,1.0,39.0,32.0,0,0.5015625,4096.0,1.0,6400000.0,0.5273919092465753
64.0,64.0,8.0,8.0,1085.0,1115.0,39205.0,170208.0,0,0.959375,0.0625,64.0,6400000.0,0.9483656433463796
1.0,64.0,2.0,1.0,1.0,1.0,39.0,32.0,0,0.5015625,256.0,256.0,6400000.0,0.5273919092465753
1.0,64.0,2.0,1.0,1.0,1.0,39.0,32.0,0,0.5015625,8192.0,8.0,6400000.0,0.5273919092465753
1.0,64.0,2.0,1.0,1.0,1.0,39.0,32.0,0,0.5015625,16384.0,0.0625,6400000.0,0.5273919092465753
64.0,64.0,4.0,7.0,484.0,482.0,15969.0,68928.0,0,0.940625,128.0,4.0,6400000.0,0.9409246575342465
64.0,64.0,8.0,8.0,812.0,814.0,29943.0,122048.0,0,0.959375,0.0,128.0,6400000.0,0.9409246575342465
1.0,64.0,2.0,1.0,1.0,1.0,39.0,32.0,0,0.5015625,32768.0,0.0,6400000.0,0.5273919092465753
1.0,64.0,4.0,1.0,1.0,1.0,63.0,32.0,0,0.5015625,16384.0,4096.0,6400000.0,0.5273919092465753
64.0,64.0,8.0,31.0,1720.0,1819.0,60256.0,282848.0,0,0.9828125,0.125,0.0,6400000.0,0.9808310909980431
1.0,64.0,2.0,1.0,1.0,1.0,39.0,32.0,0,0.5015625,0.0078125,16384.0,6400000.0,0.5273919092465753
64.0,64.0,8.0,31.0,1702.0,1801.0,59662.0,279968.0,0,0.984375,0.0078125,0.25,6400000.0,0.9812224804305284
1.0,64.0,2.0,1.0,1.0,1.0,39.0,32.0,0,0.5015625,8192.0,0.0078125,6400000.0,0.5273919092465753
1.0,64.0,2.0,1.0,1.0,1.0,39.0,32.0,0,0.5015625,16384.0,64.0,6400000.0,0.5273919092465753
64.0,64.0,2.0,16.0,269.0,253.0,8526.0,32288.0,0,0.940625,0.03125,0.000976562,6400000.0,0.942881604696673
1.0,64.0,2.0,1.0,1.0,1.0,39.0,32.0,0,0.5015625,8192.0,8192.0,6400000.0,0.5273919092465753
64.0,64.0,8.0,32.0,1725.0,1815.0,60391.0,282208.0,0,0.984375,0.000976562,0.000976562,6400000.0,0.9808318554305284
64.0,64.0,4.0,19.0,721.0,716.0,23581.0,106368.0,0,0.971875,0.0625,4.0,6400000.0,0.9624457252935421
64.0,64.0,2.0,9.0,256.0,248.0,8280.0,31488.0,0,0.940625,0.0078125,16.0,6400000.0,0.9409246575342465
64.0,64.0,8.0,30.0,1792.0,1895.0,62657.0,295008.0,0,0.9859375,0.125,0.5,6400000.0,0.9820060237279844
64.0,64.0,4.0,24.0,721.0,717.0,23477.0,106528.0,0,0.965625,1.0,0.0078125,6400000.0,0.9628378791585128
1.0,64.0,4.0,1.0,1.0,1.0,63.0,32.0,0,0.5015625,32768.0,32.0,6400000.0,0.5273919092465753
1.0,64.0,8.0,1.0,1.0,1.0,543.0,32.0,0,0.5015625,0.015625,2048.0,6400000.0,0.5273919092465753
1.0,64.0,8.0,1.0,1.0,1.0,543.0,32.0,0,0.5015625,0.000976562,1024.0,6400000.0,0.5273919092465753
64.0,64.0,4.0,20.0,729.0,723.0,23823.0,107488.0,0,0.9703125,4.0,0.25,6400000.0,0.965184686888454
64.0,64.0,2.0,5.0,235.0,231.0,7641.0,28768.0,0,0.940625,0.015625,128.0,6400000.0,0.9409246575342465
1.0,64.0,2.0,1.0,1.0,1.0,39.0,32.0,0,0.5015625,32768.0,512.0,6400000.0,0.5273919092465753
1.0,64.0,8.0,1.0,1.0,1.0,543.0,32.0,0,0.5015625,0.125,512.0,6400000.0,0.5273919092465753
1.0,64.0,2.0,1.0,1.0,1.0,39.0,32.0,0,0.5015625,32768.0,0.5,6400000.0,0.5273919092465753
64.0,64.0,2.0,15.0,268.0,253.0,8515.0,32288.0,0,0.940625,0.03125,1.0,6400000.0,0.942881604696673
64.0,64.0,2.0,16.0,269.0,253.0,8526.0,32288.0,0,0.940625,0.0625,0.0078125,6400000.0,0.942881604696673
64.0,64.0,2.0,16.0,269.0,253.0,8526.0,32288.0,0,0.940625,0.015625,0.125,6400000.0,0.942881604696673
64.0,64.0,8.0,31.0,1725.0,1817.0,60414.0,282528.0,0,0.984375,0.015625,0.00195312,6400000.0,0.9784835188356166
64.0,64.0,4.0,5.0,400.0,400.0,13226.0,55808.0,0,0.940625,4.0,256.0,6400000.0,0.9409246575342465
64.0,64.0,2.0,15.0,268.0,253.0,8515.0,32288.0,0,0.940625,0.25,0.0,6400000.0,0.9420988258317025
64.0,64.0,4.0,5.0,400.0,400.0,13226.0,55808.0,0,0.940625,256.0,0.03125,6400000.0,0.9409246575342465
1.0,64.0,4.0,1.0,1.0,1.0,63.0,32.0,0,0.5015625,256.0,32768.0,6400000.0,0.5273919092465753
64.0,64.0,4.0,30.0,756.0,747.0,24501.0,111328.0,0,0.9734375,0.00390625,0.00195312,6400000.0,0.9612707925636007
1.0,64.0,2.0,1.0,1.0,1.0,39.0,32.0,0,0.5015625,0.03125,1024.0,6400000.0,0.5273919092465753
64.0,64.0,4.0,30.0,756.0,747.0,24501.0,111328.0,0,0.9734375,0.0,0.00390625,6400000.0,0.961662181996086
1.0,64.0,4.0,1.0,1.0,1.0,63.0,32.0,0,0.5015625,0.000976562,32768.0,6400000.0,0.5273919092465753
1.0,64.0,4.0,1.0,1.0,1.0,63.0,32.0,0,0.5015625,0.125,32768.0,6400000.0,0.5273919092465753
1.0,64.0,4.0,1.0,1.0,1.0,63.0,32.0,0,0.5015625,0.0,4096.0,6400000.0,0.5273919092465753
64.0,64.0,8.0,30.0,1782.0,1882.0,62324.0,292928.0,0,0.9875,0.000976562,1.0,6400000.0,0.9804404659980431
64.0,64.0,4.0,16.0,744.0,748.0,24397.0,111488.0,0,0.959375,1.0,8.0,6400000.0,0.9632277397260275
1.0,64.0,4.0,1.0,1.0,1.0,63.0,32.0,0,0.5015625,1.0,8192.0,6400000.0,0.5273919092465753
64.0,64.0,2.0,9.0,260.0,252.0,8412.0,32128.0,0,0.940625,0.0625,8.0,6400000.0,0.9409246575342465
1.0,64.0,8.0,1.0,1.0,1.0,543.0,32.0,0,0.5015625,0.00195312,8192.0,6400000.0,0.5273919092465753
1.0,64.0,4.0,1.0,1.0,1.0,63.0,32.0,0,0.5015625,32768.0,32768.0,6400000.0,0.5273919092465753
64.0,64.0,4.0,5.0,395.0,395.0,13061.0,55008.0,0,0.940625,256.0,32.0,6400000.0,0.9409246575342465
64.0,64.0,8.0,25.0,1701.0,1825.0,59780.0,283808.0,0,0.98125,0.015625,2.0,6400000.0,0.9800483121330725
64.0,64.0,8.0,31.0,1702.0,1801.0,59662.0,279968.0,0,0.984375,0.25,0.00390625,6400000.0,0.9812224804305284
64.0,64.0,4.0,27.0,744.0,737.0,24170.0,109728.0,0,0.96875,0.125,0.03125,6400000.0,0.9624449608610567
64.0,64.0,4.0,9.0,655.0,655.0,21588.0,96608.0,0,0.959375,0.125,32.0,6400000.0,0.9581419704011742
64.0,64.0,2.0,15.0,268.0,253.0,8515.0,32288.0,0,0.940625,0.125,0.0625,6400000.0,0.942881604696673
1.0,64.0,2.0,1.0,1.0,1.0,39.0,32.0,0,0.5015625,0.0625,8192.0,6400000.0,0.5273919092465753
64.0,64.0,8.0,31.0,1727.0,1818.0,60479.0,282688.0,0,0.984375,0.00195312,0.0078125,6400000.0,0.9800490765655578
1.0,64.0,4.0,1.0,1.0,1.0,63.0,32.0,0,0.5015625,0.0078125,16384.0,6400000.0,0.5273919092465753
64.0,64.0,2.0,6.0,241.0,236.0,7820.0,29568.0,0,0.940625,0.125,64.0,6400000.0,0.9409246575342465
1.0,64.0,4.0,1.0,1.0,1.0,63.0,32.0,0,0.5015625,512.0,256.0,6400000.0,0.5273919092465753
64.0,64.0,8.0,24.0,1745.0,1865.0,61249.0,290208.0,0,0.984375,0.25,4.0,6400000.0,0.9788741438356163
1.0,64.0,8.0,1.0,1.0,1.0,543.0,32.0,0,0.5015625,0.25,4096.0,6400000.0,0.5273919092465753
64.0,64.0,4.0,29.0,752.0,743.0,24390.0,110688.0,0,0.9734375,0.03125,0.000976562,6400000.0,0.961271556996086
64.0,64.0,8.0,19.0,1527.0,1683.0,54196.0,261088.0,0,0.9765625,0.00195312,8.0,6400000.0,0.9749625428082191
64.0,64.0,8.0,31.0,1724.0,1818.0,60383.0,282688.0,0,0.9828125,0.03125,0.015625,6400000.0,0.9792670621330725
64.0,64.0,4.0,29.0,752.0,743.0,24390.0,110688.0,0,0.9734375,0.000976562,0.03125,6400000.0,0.961271556996086
64.0,64.0,4.0,16.0,709.0,707.0,23236.0,104928.0,0,0.959375,8.0,0.00195312,6400000.0,0.9616637108610566
1.0,64.0,8.0,1.0,1.0,1.0,543.0,32.0,0,0.5015625,0.5,32768.0,6400000.0,0.5273919092465753
1.0,64.0,4.0,1.0,1.0,1.0,63.0,32.0,0,0.5015625,512.0,0.25,6400000.0,0.5273919092465753
64.0,64.0,8.0,30.0,1719.0,1817.0,60243.0,282528.0,0,0.984375,0.5,0.03125,6400000.0,0.9804404659980431
1.0,64.0,4.0,1.0,1.0,1.0,63.0,32.0,0,0.5015625,8.0,2048.0,6400000.0,0.5273919092465753
1.0,64.0,2.0,1.0,1.0,1.0,39.0,32.0,0,0.5015625,0.25,512.0,6400000.0,0.5273919092465753
64.0,64.0,2.0,15.0,268.0,253.0,8515.0,32288.0,0,0.940625,0.25,0.5,6400000.0,0.9420988258317025
1.0,64.0,4.0,1.0,1.0,1.0,63.0,32.0,0,0.5015625,16.0,16384.0,6400000.0,0.5273919092465753
64.0,64.0,8.0,13.0,1444.0,1546.0,51274.0,239168.0,0,0.96875,0.5,32.0,6400000.0,0.96674948018591
64.0,64.0,4.0,29.0,752.0,743.0,24390.0,110688.0,0,0.9734375,0.0078125,0.015625,6400000.0,0.961662181996086
64.0,64.0,4.0,5.0,400.0,400.0,13226.0,55808.0,0,0.940625,0.00195312,256.0,6400000.0,0.9409246575342465
64.0,64.0,4.0,9.0,655.0,655.0,21588.0,96608.0,0,0.959375,0.000976562,32.0,6400000.0,0.9581419704011742
64.0,64.0,4.0,19.0,721.0,716.0,23581.0,106368.0,0,0.971875,0.0,4.0,6400000.0,0.9640082252935421
1.0,64.0,4.0,1.0,1.0,1.0,63.0,32.0,0,0.5015625,0.00390625,2048.0,6400000.0,0.5273919092465753
64.0,64.0,4.0,22.0,726.0,718.0,23680.0,106688.0,0,0.9703125,2.0,0.0625,6400000.0,0.9628363502935422
64.0,64.0,4.0,13.0,728.0,725.0,23925.0,107808.0,0,0.9609375,16.0,0.015625,6400000.0,0.9612738502935422
64.0,64.0,2.0,15.0,268.0,253.0,8515.0,32288.0,0,0.940625,0.5,0.00390625,6400000.0,0.9420988258317025
64.0,64.0,4.0,27.0,742.0,734.0,24103.0,109248.0,0,0.9578125,0.00195312,0.25,6400000.0,0.9636160714285715
64.0,64.0,4.0,16.0,686.0,690.0,22483.0,102208.0,0,0.965625,8.0,2.0,6400000.0,0.9659689946183952
64.0,64.0,4.0,25.0,737.0,731.0,23982.0,108768.0,0,0.9671875,0.25,0.25,6400000.0,0.9636198935909981
1.0,64.0,4.0,1.0,1.0,1.0,63.0,32.0,0,0.5015625,2048.0,0.015625,6400000.0,0.5273919092465753
64.0,64.0,4.0,13.0,729.0,728.0,23960.0,108288.0,0,0.9609375,0.0078125,16.0,6400000.0,0.9600996819960862
1.0,64.0,2.0,1.0,1.0,1.0,39.0,32.0,0,0.5015625,0.5,4096.0,6400000.0,0.5273919092465753
1.0,64.0,4.0,1.0,1.0,1.0,63.0,32.0,0,0.5015625,1024.0,0.00195312,6400000.0,0.5273919092465753
64.0,64.0,4.0,22.0,730.0,722.0,23812.0,107328.0,0,0.9640625,0.00390625,2.0,6400000.0,0.9651816291585128
1.0,64.0,4.0,1.0,1.0,1.0,63.0,32.0,0,0.5015625,1024.0,2.0,6400000.0,0.5273919092465753
64.0,64.0,2.0,15.0,268.0,253.0,8515.0,32288.0,0,0.940625,1.0,0.03125,6400000.0,0.9424902152641877
64.0,64.0,8.0,5.0,400.0,400.0,15866.0,55808.0,0,0.940625,1.0,256.0,6400000.0,0.9409246575342465
1.0,64.0,4.0,1.0,1.0,1.0,63.0,32.0,0,0.5015625,1024.0,2048.0,6400000.0,0.5273919092465753
64.0,64.0,4.0,8.0,684.0,693.0,22575.0,102688.0,0,0.9625,64.0,0.000976562,6400000.0,0.9507055711839529
64.0,64.0,4.0,9.0,665.0,665.0,21918.0,98208.0,0,0.959375,16.0,16.0,6400000.0,0.9597075281311154
64.0,64.0,4.0,6.0,537.0,538.0,17758.0,77888.0,0,0.940625,0.015625,128.0,6400000.0,0.9409246575342465
64.0,64.0,2.0,11.0,264.0,253.0,8471.0,32288.0,0,0.940625,4.0,0.00195312,6400000.0,0.9420988258317025
64.0,64.0,8.0,27.0,1767.0,1869.0,61894.0,290848.0,0,0.984375,1.0,0.25,6400000.0,0.9808310909980431
1.0,64.0,8.0,1.0,1.0,1.0,543.0,32.0,0,0.5015625,0.03125,16384.0,6400000.0,0.5273919092465753
1.0,64.0,2.0,1.0,1.0,1.0,39.0,32.0,0,0.5015625,1.0,32768.0,6400000.0,0.5273919092465753
64.0,64.0,2.0,11.0,263.0,253.0,8470.0,32288.0,0,0.940625,0.5,4.0,6400000.0,0.9420988258317025
1.0,64.0,4.0,1.0,1.0,1.0,63.0,32.0,0,0.5015625,2048.0,16.0,6400000.0,0.5273919092465753
1.0,64.0,4.0,1.0,1.0,1.0,63.0,32.0,0,0.5015625,2048.0,16384.0,6400000.0,0.5273919092465753
64.0,64.0,8.0,8.0,1085.0,1115.0,39205.0,170208.0,0,0.959375,0.00390625,64.0,6400000.0,0.9483656433463796
64.0,64.0,8.0,26.0,1700.0,1831.0,59733.0,284768.0,0,0.9890625,2.0,0.00195312,6400000.0,0.9800490765655578
64.0,64.0,4.0,9.0,665.0,665.0,21918.0,98208.0,0,0.959375,32.0,0.125,6400000.0,0.9597075281311154
1.0,64.0,4.0,1.0,1.0,1.0,63.0,32.0,0,0.5015625,4096.0,0.125,6400000.0,0.5273919092465753
64.0,64.0,8.0,31.0,1724.0,1818.0,60383.0,282688.0,0,0.9828125,0.00390625,0.0625,6400000.0,0.9800498409980432
1.0,64.0,8.0,1.0,1.0,1.0,543.0,32.0,0,0.5015625,2.0,2048.0,6400000.0,0.5273919092465753
64.0,64.0,8.0,16.0,1525.0,1620.0,53877.0,251008.0,0,0.9765625,0.03125,16.0,6400000.0,0.9694876773483365
64.0,64.0,4.0,26.0,746.0,740.0,24258.0,110208.0,0,0.9734375,0.015625,0.125,6400000.0,0.961662181996086
64.0,64.0,8.0,25.0,1723.0,1844.0,60503.0,286848.0,0,0.9859375,2.0,2.0,6400000.0,0.9796553938356165
64.0,64.0,2.0,8.0,252.0,245.0,8170.0,31008.0,0,0.940625,1.0,32.0,6400000.0,0.9409246575342465
64.0,64.0,4.0,5.0,400.0,400.0,13226.0,55808.0,0,0.940625,0.25,256.0,6400000.0,0.9409246575342465
1.0,64.0,4.0,1.0,1.0,1.0,63.0,32.0,0,0.5015625,0.03125,1024.0,6400000.0,0.5273919092465753
64.0,64.0,2.0,11.0,264.0,253.0,8471.0,32288.0,0,0.940625,4.0,2.0,6400000.0,0.9420988258317025
64.0,64.0,4.0,8.0,691.0,701.0,22807.0,103968.0,0,0.940625,2.0,64.0,6400000.0,0.9354513209393345
64.0,64.0,2.0,8.0,253.0,245.0,8171.0,31008.0,0,0.940625,32.0,0.000976562,6400000.0,0.9409246575342465
64.0,64.0,2.0,6.0,241.0,236.0,7820.0,29568.0,0,0.940625,64.0,0.0078125,6400000.0,0.9409246575342465
64.0,64.0,2.0,5.0,235.0,231.0,7641.0,28768.0,0,0.940625,2.0,256.0,6400000.0,0.9409246575342465
64.0,64.0,2.0,8.0,253.0,246.0,8203.0,31168.0,0,0.940625,8.0,16.0,6400000.0,0.9409246575342465
64.0,64.0,2.0,14.0,267.0,253.0,8504.0,32288.0,0,0.940625,2.0,0.25,6400000.0,0.9420988258317025
1.0,64.0,2.0,1.0,1.0,1.0,39.0,32.0,0,0.5015625,8.0,16384.0,6400000.0,0.5273919092465753
64.0,64.0,4.0,5.0,400.0,400.0,13226.0,55808.0,0,0.940625,32.0,128.0,6400000.0,0.9409246575342465
1.0,64.0,4.0,1.0,1.0,1.0,63.0,32.0,0,0.5015625,4096.0,128.0,6400000.0,0.5273919092465753
64.0,64.0,4.0,27.0,749.0,742.0,24335.0,110528.0,0,0.9703125,0.0625,0.0078125,6400000.0,0.9624449608610567
64.0,64.0,4.0,23.0,734.0,731.0,23928.0,108768.0,0,0.9671875,0.03125,1.0,6400000.0,0.9604895425636008
1.0,64.0,2.0,1.0,1.0,1.0,39.0,32.0,0,0.5015625,4.0,2048.0,6400000.0,0.5273919092465753
64.0,64.0,4.0,25.0,737.0,731.0,23982.0,108768.0,0,0.9671875,0.5,0.00195312,6400000.0,0.9636198935909981
64.0,64.0,2.0,5.0,235.0,231.0,7641.0,28768.0,0,0.940625,256.0,0.0,6400000.0,0.9409246575342465
64.0,64.0,8.0,31.0,1703.0,1800.0,59693.0,279808.0,0,0.9859375,0.0625,0.125,6400000.0,0.9812232448630137
1.0,64.0,4.0,1.0,1.0,1.0,63.0,32.0,0,0.5015625,64.0,1024.0,6400000.0,0.5273919092465753
1.0,64.0,4.0,1.0,1.0,1.0,63.0,32.0,0,0.5015625,8192.0,0.000976562,6400000.0,0.5273919092465753
64.0,64.0,4.0,8.0,680.0,689.0,22443.0,102048.0,0,0.9625,64.0,1.0,6400000.0,0.949531402886497
1.0,64.0,4.0,1.0,1.0,1.0,63.0,32.0,0,0.5015625,8192.0,1.0,6400000.0,0.5273919092465753
64.0,64.0,8.0,31.0,1727.0,1818.0,60479.0,282688.0,0,0.984375,0.0078125,0.0,6400000.0,0.9800490765655578
64.0,64.0,2.0,9.0,261.0,252.0,8413.0,32128.0,0,0.940625,8.0,0.015625,6400000.0,0.9409246575342465
1.0,64.0,2.0,1.0,1.0,1.0,39.0,32.0,0,0.5015625,64.0,8192.0,6400000.0,0.5273919092465753
1.0,64.0,2.0,1.0,1.0,1.0,39.0,32.0,0,0.5015625,512.0,4096.0,6400000.0,0.5273919092465753
64.0,64.0,2.0,6.0,238.0,233.0,7721.0,29088.0,0,0.940625,64.0,8.0,6400000.0,0.9409246575342465
64.0,64.0,2.0,8.0,253.0,245.0,8171.0,31008.0,0,0.940625,32.0,1.0,6400000.0,0.9409246575342465
64.0,64.0,4.0,19.0,738.0,733.0,24142.0,109088.0,0,0.971875,4.0,0.0,6400000.0,0.9651823935909981
64.0,64.0,2.0,5.0,235.0,231.0,7641.0,28768.0,0,0.940625,16.0,128.0,6400000.0,0.9409246575342465
1.0,64.0,2.0,1.0,1.0,1.0,39.0,32.0,0,0.5015625,512.0,0.00390625,6400000.0,0.5273919092465753
64.0,64.0,2.0,9.0,257.0,248.0,8281.0,31488.0,0,0.940625,16.0,0.125,6400000.0,0.9409246575342465
1.0,64.0,2.0,1.0,1.0,1.0,39.0,32.0,0,0.5015625,512.0,4.0,6400000.0,0.5273919092465753
1.0,64.0,2.0,1.0,1.0,1.0,39.0,32.0,0,0.5015625,1024.0,32.0,6400000.0,0.5273919092465753
64.0,64.0,2.0,5.0,235.0,231.0,7641.0,28768.0,0,0.940625,256.0,0.5,6400000.0,0.9409246575342465
1.0,64.0,8.0,1.0,1.0,1.0,543.0,32.0,0,0.5015625,0.0078125,512.0,6400000.0,0.5273919092465753
1.0,64.0,4.0,1.0,1.0,1.0,63.0,32.0,0,0.5015625,8192.0,1024.0,6400000.0,0.5273919092465753
1.0,64.0,4.0,1.0,1.0,1.0,63.0,32.0,0,0.5015625,0.5,2048.0,6400000.0,0.5273919092465753
1.0,64.0,2.0,1.0,1.0,1.0,39.0,32.0,0,0.5015625,2048.0,0.25,6400000.0,0.5273919092465753
1.0,64.0,4.0,1.0,1.0,1.0,63.0,32.0,0,0.5015625,16384.0,0.0078125,6400000.0,0.5273919092465753
1.0,64.0,2.0,1.0,1.0,1.0,39.0,32.0,0,0.5015625,1024.0,32768.0,6400000.0,0.5273919092465753
64.0,64.0,8.0,31.0,1702.0,1801.0,59662.0,279968.0,0,0.984375,0.0,0.25,6400000.0,0.9808310909980431
64.0,64.0,2.0,5.0,235.0,231.0,7641.0,28768.0,0,0.940625,128.0,0.0625,6400000.0,0.9409246575342465
1.0,64.0,2.0,1.0,1.0,1.0,39.0,32.0,0,0.5015625,1024.0,0.03125,6400000.0,0.5273919092465753
1.0,64.0,4.0,1.0,1.0,1.0,63.0,32.0,0,0.5015625,32768.0,0.0625,6400000.0,0.5273919092465753
1.0,64.0,2.0,1.0,1.0,1.0,39.0,32.0,0,0.5015625,4096.0,2.0,6400000.0,0.5273919092465753
1.0,64.0,2.0,1.0,1.0,1.0,39.0,32.0,0,0.5015625,32.0,1024.0,6400000.0,0.5273919092465753
1.0,64.0,2.0,1.0,1.0,1.0,39.0,32.0,0,0.5015625,4096.0,2048.0,6400000.0,0.5273919092465753
64.0,64.0,8.0,25.0,1723.0,1844.0,60503.0,286848.0,0,0.9859375,4.0,0.015625,6400000.0,0.9788741438356166
64.0,64.0,2.0,5.0,234.0,230.0,7608.0,28608.0,0,0.940625,128.0,64.0,6400000.0,0.9409246575342465
1.0,64.0,2.0,1.0,1.0,1.0,39.0,32.0,0,0.5015625,2048.0,256.0,6400000.0,0.5273919092465753
64.0,64.0,4.0,6.0,537.0,538.0,17758.0,77888.0,0,0.940625,128.0,0.0078125,6400000.0,0.9409246575342465
1.0,64.0,4.0,1.0,1.0,1.0,63.0,32.0,0,0.5015625,16384.0,8.0,6400000.0,0.5273919092465753
1.0,64.0,4.0,1.0,1.0,1.0,63.0,32.0,0,0.5015625,0.0625,8192.0,6400000.0,0.5273919092465753
1.0,64.0,2.0,1.0,1.0,1.0,39.0,32.0,0,0.5015625,256.0,512.0,6400000.0,0.5273919092465753
1.0,64.0,2.0,1.0,1.0,1.0,39.0,32.0,0,0.5015625,8192.0,16.0,6400000.0,0.5273919092465753
1.0,64.0,2.0,1.0,1.0,1.0,39.0,32.0,0,0.5015625,4096.0,0.00195312,6400000.0,0.5273919092465753
64.0,64.0,8.0,8.0,812.0,814.0,29943.0,122048.0,0,0.959375,0.0625,128.0,6400000.0,0.9409246575342465
1.0,64.0,4.0,1.0,1.0,1.0,63.0,32.0,0,0.5015625,128.0,8192.0,6400000.0,0.5273919092465753
1.0,64.0,2.0,1.0,1.0,1.0,39.0,32.0,0,0.5015625,16384.0,0.125,6400000.0,0.5273919092465753
1.0,64.0,4.0,1.0,1.0,1.0,63.0,32.0,0,0.5015625,16384.0,8192.0,6400000.0,0.5273919092465753
1.0,64.0,2.0,1.0,1.0,1.0,39.0,32.0,0,0.5015625,32768.0,0.000976562,6400000.0,0.5273919092465753
64.0,64.0,4.0,20.0,742.0,736.0,24252.0,109568.0,0,0.9640625,0.5,2.0,6400000.0,0.9643988502935421
1.0,64.0,8.0,1.0,1.0,1.0,543.0,32.0,0,0.5015625,4.0,16384.0,6400000.0,0.5273919092465753
64.0,64.0,4.0,7.0,420.0,418.0,13857.0,58688.0,0,0.940625,128.0,8.0,6400000.0,0.9409246575342465
64.0,64.0,8.0,5.0,400.0,400.0,15866.0,55808.0,0,0.940625,0.0,256.0,6400000.0,0.9409246575342465
1.0,64.0,2.0,1.0,1.0,1.0,39.0,32.0,0,0.5015625,16384.0,128.0,6400000.0,0.5273919092465753
64.0,64.0,8.0,13.0,1403.0,1501.0,49917.0,231968.0,0,0.9703125,4.0,16.0,6400000.0,0.9663580907534245
1.0,64.0,2.0,1.0,1.0,1.0,39.0,32.0,0,0.5015625,8192.0,0.015625,6400000.0,0.5273919092465753
1.0,64.0,8.0,1.0,1.0,1.0,543.0,32.0,0,0.5015625,0.015625,4096.0,6400000.0,0.5273919092465753
1.0,64.0,2.0,1.0,1.0,1.0,39.0,32.0,0,0.5015625,8192.0,16384.0,6400000.0,0.5273919092465753
64.0,64.0,8.0,8.0,459.0,457.0,18034.0,64928.0,0,0.940625,8.0,128.0,6400000.0,0.9409246575342465
1.0,64.0,8.0,1.0,1.0,1.0,543.0,32.0,0,0.5015625,0.000976562,2048.0,6400000.0,0.5273919092465753
1.0,64.0,8.0,1.0,1.0,1.0,543.0,32.0,0,0.5015625,0.125,1024.0,6400000.0,0.5273919092465753
64.0,64.0,4.0,19.0,710.0,705.0,23218.0,104608.0,0,0.9625,0.0625,8.0,6400000.0,0.9636206580234834
1.0,64.0,4.0,1.0,1.0,1.0,63.0,32.0,0,0.5015625,32768.0,64.0,6400000.0,0.5273919092465753
64.0,64.0,8.0,19.0,1527.0,1683.0,54196.0,261088.0,0,0.9765625,8.0,0.125,6400000.0,0.9757453216731898
1.0,64.0,2.0,1.0,1.0,1.0,39.0,32.0,0,0.5015625,32768.0,1.0,6400000.0,0.5273919092465753
64.0,64.0,4.0,24.0,721.0,717.0,23477.0,106528.0,0,0.965625,1.0,0.015625,6400000.0,0.9628378791585128
64.0,64.0,4.0,19.0,730.0,725.0,23878.0,107808.0,0,0.965625,4.0,0.5,6400000.0,0.9628371147260275
1.0,64.0,2.0,1.0,1.0,1.0,39.0,32.0,0,0.5015625,32768.0,1024.0,6400000.0,0.5273919092465753
64.0,64.0,8.0,31.0,1720.0,1819.0,60256.0,282848.0,0,0.9828125,0.125,0.000976562,6400000.0,0.9808310909980431
64.0,64.0,8.0,30.0,1719.0,1817.0,60243.0,282528.0,0,0.984375,0.0078125,0.5,6400000.0,0.9808326198630137
1.0,64.0,8.0,1.0,1.0,1.0,543.0,32.0,0,0.5015625,16.0,1024.0,6400000.0,0.5273919092465753
64.0,64.0,4.0,5.0,400.0,400.0,13226.0,55808.0,0,0.940625,256.0,0.0625,6400000.0,0.9409246575342465
1.0,64.0,4.0,1.0,1.0,1.0,63.0,32.0,0,0.5015625,512.0,0.0,6400000.0,0.5273919092465753
64.0,64.0,8.0,13.0,1477.0,1576.0,52360.0,243968.0,0,0.9703125,16.0,0.000976562,6400000.0,0.9694876773483365
1.0,64.0,4.0,1.0,1.0,1.0,63.0,32.0,0,0.5015625,4.0,512.0,6400000.0,0.5273919092465753
64.0,64.0,8.0,32.0,1725.0,1815.0,60391.0,282208.0,0,0.984375,0.000976562,0.00195312,6400000.0,0.9808318554305284
64.0,64.0,8.0,13.0,1428.0,1525.0,50741.0,235808.0,0,0.9703125,16.0,1.0,6400000.0,0.9667479513209394
64.0,64.0,8.0,27.0,1787.0,1889.0,62554.0,294048.0,0,0.9828125,0.125,1.0,6400000.0,0.9823966487279844
64.0,64.0,8.0,13.0,1445.0,1547.0,51307.0,239328.0,0,0.9703125,32.0,0.0078125,6400000.0,0.9671408696183953
64.0,64.0,4.0,30.0,756.0,747.0,24501.0,111328.0,0,0.9734375,0.00195312,0.0,6400000.0,0.961662181996086
64.0,64.0,4.0,30.0,755.0,746.0,24468.0,111168.0,0,0.9734375,0.00390625,0.00390625,6400000.0,0.9620535714285715
1.0,64.0,4.0,1.0,1.0,1.0,63.0,32.0,0,0.5015625,0.0,8192.0,6400000.0,0.5273919092465753
1.0,64.0,4.0,1.0,1.0,1.0,63.0,32.0,0,0.5015625,1.0,16384.0,6400000.0,0.5273919092465753
64.0,64.0,4.0,27.0,742.0,734.0,24103.0,109248.0,0,0.9578125,0.25,0.0,6400000.0,0.9636160714285715
64.0,64.0,8.0,31.0,1725.0,1817.0,60414.0,282528.0,0,0.984375,0.015625,0.00390625,6400000.0,0.9784835188356166
64.0,64.0,8.0,10.0,1432.0,1525.0,50932.0,235808.0,0,0.9640625,32.0,8.0,6400000.0,0.9644011435909979
64.0,64.0,4.0,30.0,755.0,746.0,24468.0,111168.0,0,0.9734375,0.0,0.0078125,6400000.0,0.9620535714285715
64.0,64.0,4.0,13.0,735.0,732.0,24156.0,108928.0,0,0.953125,1.0,16.0,6400000.0,0.961271556996086
1.0,64.0,8.0,1.0,1.0,1.0,543.0,32.0,0,0.5015625,32.0,8192.0,6400000.0,0.5273919092465753
1.0,64.0,8.0,1.0,1.0,1.0,543.0,32.0,0,0.5015625,0.00195312,16384.0,6400000.0,0.5273919092465753
64.0,64.0,4.0,5.0,473.0,479.0,15641.0,68448.0,0,0.940625,256.0,64.0,6400000.0,0.9409246575342465
64.0,64.0,8.0,8.0,977.0,976.0,35354.0,147968.0,0,0.959375,64.0,64.0,6400000.0,0.9409246575342465
1.0,64.0,4.0,1.0,1.0,1.0,63.0,32.0,0,0.5015625,0.0078125,32768.0,6400000.0,0.5273919092465753
64.0,64.0,4.0,27.0,744.0,737.0,24170.0,109728.0,0,0.96875,0.125,0.0625,6400000.0,0.9632277397260273
64.0,64.0,8.0,33.0,1733.0,1825.0,60636.0,283808.0,0,0.984375,0.0,0.0,6400000.0,0.9808318554305284
64.0,64.0,8.0,26.0,1700.0,1831.0,59733.0,284768.0,0,0.9890625,0.000976562,2.0,6400000.0,0.9800490765655578
64.0,64.0,4.0,8.0,691.0,701.0,22807.0,103968.0,0,0.940625,0.125,64.0,6400000.0,0.9354513209393345
1.0,64.0,4.0,1.0,1.0,1.0,63.0,32.0,0,0.5015625,512.0,512.0,6400000.0,0.5273919092465753
64.0,64.0,8.0,8.0,1110.0,1143.0,40033.0,174688.0,0,0.959375,64.0,0.0625,6400000.0,0.961271556996086
1.0,64.0,8.0,1.0,1.0,1.0,543.0,32.0,0,0.5015625,0.25,8192.0,6400000.0,0.5273919092465753
64.0,64.0,8.0,25.0,1723.0,1844.0,60503.0,286848.0,0,0.9859375,0.015625,4.0,6400000.0,0.9788741438356166
64.0,64.0,8.0,31.0,1702.0,1801.0,59662.0,279968.0,0,0.984375,0.25,0.0078125,6400000.0,0.9812224804305284
64.0,64.0,4.0,29.0,752.0,743.0,24390.0,110688.0,0,0.9734375,0.03125,0.00195312,6400000.0,0.961271556996086
64.0,64.0,8.0,8.0,980.0,979.0,35453.0,148448.0,0,0.959375,128.0,0.0,6400000.0,0.9409246575342465
1.0,64.0,4.0,1.0,1.0,1.0,63.0,32.0,0,0.5015625,512.0,0.5,6400000.0,0.5273919092465753
1.0,64.0,4.0,1.0,1.0,1.0,63.0,32.0,0,0.5015625,8.0,4096.0,6400000.0,0.5273919092465753
64.0,64.0,8.0,31.0,1725.0,1817.0,60414.0,282528.0,0,0.984375,0.00195312,0.015625,6400000.0,0.9784835188356166
64.0,64.0,8.0,8.0,980.0,979.0,35453.0,148448.0,0,0.959375,128.0,0.5,6400000.0,0.9409246575342465
64.0,64.0,4.0,28.0,753.0,745.0,24445.0,111008.0,0,0.9703125,0.000976562,0.0625,6400000.0,0.9624449608610567
64.0,64.0,4.0,16.0,709.0,707.0,23236.0,104928.0,0,0.959375,8.0,0.00390625,6400000.0,0.9616637108610566
64.0,64.0,8.0,19.0,1492.0,1647.0,53040.0,255328.0,0,0.9765625,0.25,8.0,6400000.0,0.9765265716731898
64.0,64.0,8.0,16.0,1525.0,1620.0,53877.0,251008.0,0,0.9765625,0.00195312,16.0,6400000.0,0.9694876773483365
1.0,64.0,4.0,1.0,1.0,1.0,63.0,32.0,0,0.5015625,16.0,32768.0,6400000.0,0.5273919092465753
1.0,64.0,4.0,1.0,1.0,1.0,63.0,32.0,0,0.5015625,0.00195312,512.0,6400000.0,0.5273919092465753
64.0,64.0,4.0,16.0,702.0,700.0,23005.0,103808.0,0,0.95625,0.0,8.0,6400000.0,0.9640120474559687
64.0,64.0,8.0,30.0,1782.0,1882.0,62324.0,292928.0,0,0.9875,1.0,0.0,6400000.0,0.9804404659980431
1.0,64.0,4.0,1.0,1.0,1.0,63.0,32.0,0,0.5015625,0.00390625,4096.0,6400000.0,0.5273919092465753
64.0,64.0,8.0,31.0,1724.0,1818.0,60383.0,282688.0,0,0.9828125,0.03125,0.03125,6400000.0,0.9792670621330725
64.0,64.0,4.0,8.0,700.0,710.0,23104.0,105408.0,0,0.940625,0.000976562,64.0,6400000.0,0.9354513209393345
64.0,64.0,4.0,29.0,752.0,743.0,24390.0,110688.0,0,0.9734375,0.0078125,0.03125,6400000.0,0.9604887781311154
64.0,64.0,8.0,8.0,1090.0,1120.0,39370.0,171008.0,0,0.959375,0.5,64.0,6400000.0,0.9483656433463796
64.0,64.0,8.0,31.0,1715.0,1815.0,60092.0,282208.0,0,0.9828125,0.5,0.0625,6400000.0,0.9812232448630137
1.0,64.0,8.0,1.0,1.0,1.0,543.0,32.0,0,0.5015625,128.0,512.0,6400000.0,0.5273919092465753
64.0,64.0,4.0,21.0,737.0,730.0,24065.0,108608.0,0,0.9625,2.0,0.125,6400000.0,0.9632277397260275
1.0,64.0,4.0,1.0,1.0,1.0,63.0,32.0,0,0.5015625,2048.0,0.03125,6400000.0,0.5273919092465753
64.0,64.0,4.0,13.0,728.0,725.0,23925.0,107808.0,0,0.9609375,16.0,0.03125,6400000.0,0.9612738502935422
64.0,64.0,8.0,5.0,400.0,400.0,15866.0,55808.0,0,0.940625,256.0,0.00390625,6400000.0,0.9409246575342465
64.0,64.0,4.0,9.0,655.0,655.0,21588.0,96608.0,0,0.959375,0.0078125,32.0,6400000.0,0.9581419704011742
64.0,64.0,4.0,25.0,737.0,731.0,23982.0,108768.0,0,0.9671875,0.00195312,0.5,6400000.0,0.9636198935909981
1.0,64.0,4.0,1.0,1.0,1.0,63.0,32.0,0,0.5015625,1024.0,4.0,6400000.0,0.5273919092465753
1.0,64.0,8.0,1.0,1.0,1.0,543.0,32.0,0,0.5015625,512.0,0.03125,6400000.0,0.5273919092465753
64.0,64.0,4.0,19.0,721.0,716.0,23581.0,106368.0,0,0.971875,0.00390625,4.0,6400000.0,0.9640082252935421
64.0,64.0,4.0,15.0,693.0,692.0,22730.0,102528.0,0,0.965625,8.0,4.0,6400000.0,0.9620566291585128
64.0,64.0,8.0,5.0,400.0,400.0,15866.0,55808.0,0,0.940625,256.0,4.0,6400000.0,0.9409246575342465
1.0,64.0,8.0,1.0,1.0,1.0,543.0,32.0,0,0.5015625,1.0,512.0,6400000.0,0.5273919092465753
64.0,64.0,4.0,25.0,733.0,728.0,23851.0,108288.0,0,0.965625,0.25,0.5,6400000.0,0.961662181996086
1.0,64.0,8.0,1.0,1.0,1.0,543.0,32.0,0,0.5015625,0.03125,32768.0,6400000.0,0.5273919092465753
1.0,64.0,8.0,1.0,1.0,1.0,543.0,32.0,0,0.5015625,256.0,4096.0,6400000.0,0.5273919092465753
1.0,64.0,8.0,1.0,1.0,1.0,543.0,32.0,0,0.5015625,512.0,32768.0,6400000.0,0.5273919092465753
1.0,64.0,4.0,1.0,1.0,1.0,63.0,32.0,0,0.5015625,1024.0,0.00390625,6400000.0,0.5273919092465753
64.0,64.0,4.0,5.0,400.0,400.0,13226.0,55808.0,0,0.940625,0.015625,256.0,6400000.0,0.9409246575342465
1.0,64.0,8.0,1.0,1.0,1.0,543.0,32.0,0,0.5015625,512.0,32.0,6400000.0,0.5273919092465753
64.0,64.0,4.0,8.0,684.0,693.0,22575.0,102688.0,0,0.9625,64.0,0.00195312,6400000.0,0.9507055711839529
1.0,64.0,4.0,1.0,1.0,1.0,63.0,32.0,0,0.5015625,2048.0,32.0,6400000.0,0.5273919092465753
1.0,64.0,4.0,1.0,1.0,1.0,63.0,32.0,0,0.5015625,1024.0,4096.0,6400000.0,0.5273919092465753
1.0,64.0,4.0,1.0,1.0,1.0,63.0,32.0,0,0.5015625,2048.0,32768.0,6400000.0,0.5273919092465753
1.0,64.0,4.0,1.0,1.0,1.0,63.0,32.0,0,0.5015625,4096.0,0.25,6400000.0,0.5273919092465753
64.0,64.0,4.0,8.0,647.0,648.0,21346.0,95488.0,0,0.9375,16.0,32.0,6400000.0,0.9573591915362034
64.0,64.0,4.0,9.0,665.0,665.0,21918.0,98208.0,0,0.959375,32.0,0.25,6400000.0,0.9597075281311154
1.0,64.0,8.0,1.0,1.0,1.0,543.0,32.0,0,0.5015625,2.0,4096.0,6400000.0,0.5273919092465753
1.0,64.0,4.0,1.0,1.0,1.0,63.0,32.0,0,0.5015625,0.03125,2048.0,6400000.0,0.5273919092465753
1.0,64.0,8.0,1.0,1.0,1.0,543.0,32.0,0,0.5015625,1024.0,0.25,6400000.0,0.5273919092465753
64.0,64.0,4.0,27.0,742.0,734.0,24103.0,109248.0,0,0.9578125,0.015625,0.25,6400000.0,0.9604895425636008
64.0,64.0,8.0,8.0,812.0,814.0,29943.0,122048.0,0,0.959375,0.00390625,128.0,6400000.0,0.9409246575342465
1.0,64.0,4.0,1.0,1.0,1.0,63.0,32.0,0,0.5015625,0.25,512.0,6400000.0,0.5273919092465753
64.0,64.0,8.0,26.0,1700.0,1831.0,59733.0,284768.0,0,0.9890625,2.0,0.00390625,6400000.0,0.9800490765655578
64.0,64.0,8.0,26.0,1693.0,1828.0,59506.0,284288.0,0,0.984375,1.0,0.5,6400000.0,0.9808310909980431
1.0,64.0,8.0,1.0,1.0,1.0,543.0,32.0,0,0.5015625,2048.0,2.0,6400000.0,0.5273919092465753
64.0,64.0,8.0,13.0,1444.0,1546.0,51274.0,239168.0,0,0.9703125,0.03125,32.0,6400000.0,0.96674948018591
1.0,64.0,4.0,1.0,1.0,1.0,63.0,32.0,0,0.5015625,4096.0,256.0,6400000.0,0.5273919092465753
1.0,64.0,8.0,1.0,1.0,1.0,543.0,32.0,0,0.5015625,2048.0,0.00195312,6400000.0,0.5273919092465753
64.0,64.0,4.0,7.0,557.0,556.0,18395.0,80768.0,0,0.940625,2.0,128.0,6400000.0,0.9409246575342465
1.0,64.0,8.0,1.0,1.0,1.0,543.0,32.0,0,0.5015625,2048.0,2048.0,6400000.0,0.5273919092465753
1.0,64.0,8.0,1.0,1.0,1.0,543.0,32.0,0,0.5015625,1024.0,256.0,6400000.0,0.5273919092465753
1.0,64.0,8.0,1.0,1.0,1.0,543.0,32.0,0,0.5015625,4096.0,0.015625,6400000.0,0.5273919092465753
1.0,64.0,8.0,1.0,1.0,1.0,543.0,32.0,0,0.5015625,4096.0,16.0,6400000.0,0.5273919092465753
64.0,64.0,8.0,20.0,1655.0,1790.0,58378.0,278208.0,0,0.978125,2.0,4.0,6400000.0,0.976134417808219
64.0,64.0,8.0,31.0,1720.0,1819.0,60256.0,282848.0,0,0.9828125,0.00390625,0.125,6400000.0,0.9808310909980431
1.0,64.0,8.0,1.0,1.0,1.0,543.0,32.0,0,0.5015625,4096.0,16384.0,6400000.0,0.5273919092465753
64.0,64.0,4.0,5.0,395.0,395.0,13061.0,55008.0,0,0.940625,32.0,256.0,6400000.0,0.9409246575342465
1.0,64.0,8.0,1.0,1.0,1.0,543.0,32.0,0,0.5015625,8192.0,0.125,6400000.0,0.5273919092465753
1.0,64.0,4.0,1.0,1.0,1.0,63.0,32.0,0,0.5015625,8192.0,0.00195312,6400000.0,0.5273919092465753
1.0,64.0,8.0,1.0,1.0,1.0,543.0,32.0,0,0.5015625,8192.0,128.0,6400000.0,0.5273919092465753
64.0,64.0,4.0,28.0,753.0,745.0,24445.0,111008.0,0,0.9703125,0.0625,0.015625,6400000.0,0.961662181996086
64.0,64.0,4.0,22.0,726.0,718.0,23680.0,106688.0,0,0.9703125,0.03125,2.0,6400000.0,0.9640074608610568
1.0,64.0,8.0,1.0,1.0,1.0,543.0,32.0,0,0.5015625,16384.0,1024.0,6400000.0,0.5273919092465753
64.0,64.0,4.0,25.0,737.0,731.0,23982.0,108768.0,0,0.9671875,0.5,0.00390625,6400000.0,0.9636198935909981
1.0,64.0,8.0,1.0,1.0,1.0,543.0,32.0,0,0.5015625,16384.0,0.000976562,6400000.0,0.5273919092465753
1.0,64.0,8.0,1.0,1.0,1.0,543.0,32.0,0,0.5015625,32768.0,8.0,6400000.0,0.5273919092465753
1.0,64.0,8.0,1.0,1.0,1.0,543.0,32.0,0,0.5015625,16384.0,1.0,6400000.0,0.5273919092465753
1.0,64.0,4.0,1.0,1.0,1.0,63.0,32.0,0,0.5015625,8192.0,2.0,6400000.0,0.5273919092465753
1.0,64.0,8.0,1.0,1.0,1.0,543.0,32.0,0,0.5015625,32768.0,0.0078125,6400000.0,0.5273919092465753
1.0,64.0,8.0,1.0,1.0,1.0,543.0,32.0,0,0.5015625,32768.0,8192.0,6400000.0,0.5273919092465753
1.0,64.0,4.0,1.0,1.0,1.0,63.0,32.0,0,0.5015625,64.0,2048.0,6400000.0,0.5273919092465753
128.0,128.0,1.0,5.0,260.0,256.0,8382.0,24576.0,0,0.940625,0.0,64.0,6400000.0,0.93818646037182
1.0,64.0,4.0,1.0,1.0,1.0,63.0,32.0,0,0.5015625,8192.0,2048.0,6400000.0,0.5273919092465753
128.0,128.0,1.0,8.0,263.0,256.0,8447.0,24576.0,0,0.940625,0.0,0.0625,6400000.0,0.9385778498043053
1.0,128.0,1.0,1.0,1.0,1.0,35.0,32.0,0,0.5015625,0.000976562,512.0,6400000.0,0.5273919092465753
64.0,64.0,4.0,8.0,680.0,689.0,22443.0,102048.0,0,0.9625,64.0,2.0,6400000.0,0.949531402886497
128.0,128.0,1.0,8.0,263.0,256.0,8447.0,24576.0,0,0.940625,0.000976562,0.0,6400000.0,0.9385778498043053
64.0,64.0,4.0,19.0,738.0,733.0,24142.0,109088.0,0,0.971875,4.0,0.000976562,6400000.0,0.9651823935909981
64.0,64.0,8.0,31.0,1707.0,1805.0,59826.0,280608.0,0,0.9828125,0.0625,0.25,6400000.0,0.9820060237279844
1.0,64.0,4.0,1.0,1.0,1.0,63.0,32.0,0,0.5015625,0.5,4096.0,6400000.0,0.5273919092465753
128.0,128.0,1.0,8.0,263.0,256.0,8447.0,24576.0,0,0.940625,0.000976562,0.5,6400000.0,0.93818646037182
1.0,64.0,8.0,1.0,1.0,1.0,543.0,32.0,0,0.5015625,0.0078125,1024.0,6400000.0,0.5273919092465753
1.0,64.0,4.0,1.0,1.0,1.0,63.0,32.0,0,0.5015625,16384.0,0.015625,6400000.0,0.5273919092465753
128.0,128.0,1.0,8.0,263.0,256.0,8447.0,24576.0,0,0.940625,0.00195312,0.00390625,6400000.0,0.9385778498043053
64.0,64.0,8.0,31.0,1727.0,1818.0,60479.0,282688.0,0,0.984375,0.0078125,0.000976562,6400000.0,0.9800490765655578
128.0,128.0,1.0,8.0,263.0,256.0,8447.0,24576.0,0,0.940625,0.00195312,4.0,6400000.0,0.93818646037182
1.0,128.0,1.0,1.0,1.0,1.0,35.0,32.0,0,0.5015625,0.00195312,4096.0,6400000.0,0.5273919092465753
128.0,128.0,1.0,8.0,263.0,256.0,8447.0,24576.0,0,0.940625,0.00390625,0.03125,6400000.0,0.9385778498043053
1.0,128.0,1.0,1.0,1.0,1.0,35.0,32.0,0,0.5015625,0.00390625,32768.0,6400000.0,0.5273919092465753
1.0,64.0,4.0,1.0,1.0,1.0,63.0,32.0,0,0.5015625,16384.0,16.0,6400000.0,0.5273919092465753
1.0,64.0,4.0,1.0,1.0,1.0,63.0,32.0,0,0.5015625,32768.0,0.125,6400000.0,0.5273919092465753
128.0,128.0,1.0,6.0,261.0,256.0,8394.0,24576.0,0,0.940625,0.00390625,32.0,6400000.0,0.9377950709393346
128.0,128.0,1.0,8.0,263.0,256.0,8447.0,24576.0,0,0.940625,0.0078125,0.25,6400000.0,0.93818646037182
128.0,128.0,1.0,5.0,260.0,256.0,8382.0,24576.0,0,0.940625,0.0078125,256.0,6400000.0,0.9033657962328766
64.0,64.0,4.0,6.0,537.0,538.0,17758.0,77888.0,0,0.940625,128.0,0.015625,6400000.0,0.9409246575342465
1.0,128.0,1.0,1.0,1.0,1.0,35.0,32.0,0,0.5015625,0.015625,2048.0,6400000.0,0.5273919092465753
128.0,128.0,1.0,8.0,263.0,256.0,8447.0,24576.0,0,0.940625,0.015625,0.00195312,6400000.0,0.9385778498043053
1.0,64.0,4.0,1.0,1.0,1.0,63.0,32.0,0,0.5015625,0.0625,16384.0,6400000.0,0.5273919092465753
1.0,64.0,4.0,1.0,1.0,1.0,63.0,32.0,0,0.5015625,128.0,16384.0,6400000.0,0.5273919092465753
128.0,128.0,1.0,8.0,263.0,256.0,8447.0,24576.0,0,0.940625,0.015625,2.0,6400000.0,0.93818646037182
128.0,128.0,1.0,8.0,263.0,256.0,8447.0,24576.0,0,0.940625,0.03125,0.015625,6400000.0,0.9385778498043053
1.0,64.0,4.0,1.0,1.0,1.0,63.0,32.0,0,0.5015625,16384.0,16384.0,6400000.0,0.5273919092465753
64.0,64.0,8.0,30.0,1719.0,1817.0,60243.0,282528.0,0,0.984375,0.0,0.5,6400000.0,0.9808326198630137
64.0,64.0,8.0,5.0,400.0,400.0,15866.0,55808.0,0,0.940625,0.0625,256.0,6400000.0,0.9409246575342465
64.0,64.0,4.0,5.0,400.0,400.0,13226.0,55808.0,0,0.940625,128.0,16.0,6400000.0,0.9409246575342465
1.0,64.0,8.0,1.0,1.0,1.0,543.0,32.0,0,0.5015625,4.0,32768.0,6400000.0,0.5273919092465753
128.0,128.0,1.0,8.0,263.0,256.0,8447.0,24576.0,0,0.940625,0.03125,16.0,6400000.0,0.9377950709393346
1.0,128.0,1.0,1.0,1.0,1.0,35.0,32.0,0,0.5015625,0.03125,16384.0,6400000.0,0.5273919092465753
1.0,64.0,8.0,1.0,1.0,1.0,543.0,32.0,0,0.5015625,0.0,512.0,6400000.0,0.5273919092465753
64.0,64.0,8.0,24.0,1735.0,1857.0,60921.0,288928.0,0,0.984375,4.0,0.03125,6400000.0,0.9800483121330725
64.0,64.0,4.0,19.0,730.0,725.0,23878.0,107808.0,0,0.965625,0.5,4.0,6400000.0,0.9636198935909981
128.0,128.0,1.0,8.0,263.0,256.0,8447.0,24576.0,0,0.940625,0.0625,0.125,6400000.0,0.9385778498043053
128.0,128.0,1.0,8.0,263.0,256.0,8447.0,24576.0,0,0.940625,0.125,0.000976562,6400000.0,0.9385778498043053
1.0,64.0,8.0,1.0,1.0,1.0,543.0,32.0,0,0.5015625,0.000976562,4096.0,6400000.0,0.5273919092465753
128.0,128.0,1.0,5.0,260.0,256.0,8382.0,24576.0,0,0.940625,0.0625,128.0,6400000.0,0.9377950709393346
1.0,64.0,8.0,1.0,1.0,1.0,543.0,32.0,0,0.5015625,0.015625,8192.0,6400000.0,0.5273919092465753
64.0,64.0,8.0,13.0,1443.0,1554.0,51250.0,240448.0,0,0.9671875,4.0,32.0,6400000.0,0.9647925330234834
1.0,64.0,8.0,1.0,1.0,1.0,543.0,32.0,0,0.5015625,0.125,2048.0,6400000.0,0.5273919092465753
64.0,64.0,8.0,5.0,400.0,400.0,15866.0,55808.0,0,0.940625,8.0,256.0,6400000.0,0.9409246575342465
64.0,64.0,4.0,13.0,729.0,728.0,23960.0,108288.0,0,0.9546875,0.0625,16.0,6400000.0,0.9600996819960862
1.0,64.0,4.0,1.0,1.0,1.0,63.0,32.0,0,0.5015625,32768.0,128.0,6400000.0,0.5273919092465753
1.0,64.0,8.0,1.0,1.0,1.0,543.0,32.0,0,0.5015625,16.0,2048.0,6400000.0,0.5273919092465753
1.0,128.0,1.0,1.0,1.0,1.0,35.0,32.0,0,0.5015625,0.125,1024.0,6400000.0,0.5273919092465753
128.0,128.0,1.0,8.0,263.0,256.0,8447.0,24576.0,0,0.940625,0.125,1.0,6400000.0,0.93818646037182
1.0,64.0,4.0,1.0,1.0,1.0,63.0,32.0,0,0.5015625,4.0,1024.0,6400000.0,0.5273919092465753
64.0,64.0,4.0,23.0,734.0,731.0,23928.0,108768.0,0,0.9671875,1.0,0.03125,6400000.0,0.9604895425636008
1.0,64.0,4.0,1.0,1.0,1.0,63.0,32.0,0,0.5015625,512.0,0.000976562,6400000.0,0.5273919092465753
64.0,64.0,4.0,5.0,400.0,400.0,13226.0,55808.0,0,0.940625,256.0,0.125,6400000.0,0.9409246575342465
64.0,64.0,4.0,18.0,718.0,714.0,23504.0,106048.0,0,0.971875,4.0,1.0,6400000.0,0.9644019080234834
64.0,64.0,8.0,19.0,1492.0,1647.0,53040.0,255328.0,0,0.9765625,8.0,0.25,6400000.0,0.9745696245107631
1.0,64.0,4.0,1.0,1.0,1.0,63.0,32.0,0,0.5015625,1.0,32768.0,6400000.0,0.5273919092465753
64.0,64.0,8.0,13.0,1477.0,1576.0,52360.0,243968.0,0,0.9703125,16.0,0.00195312,6400000.0,0.9694876773483365
64.0,64.0,8.0,31.0,1720.0,1819.0,60256.0,282848.0,0,0.9828125,0.125,0.00195312,6400000.0,0.9808310909980431
128.0,128.0,1.0,8.0,263.0,256.0,8447.0,24576.0,0,0.940625,0.25,0.0078125,6400000.0,0.93818646037182
128.0,128.0,1.0,8.0,263.0,256.0,8447.0,24576.0,0,0.940625,0.25,8.0,6400000.0,0.93818646037182
1.0,128.0,1.0,1.0,1.0,1.0,35.0,32.0,0,0.5015625,0.25,8192.0,6400000.0,0.5273919092465753
64.0,64.0,8.0,30.0,1782.0,1882.0,62324.0,292928.0,0,0.9875,0.0078125,1.0,6400000.0,0.9804404659980431
1.0,64.0,8.0,1.0,1.0,1.0,543.0,32.0,0,0.5015625,0.00195312,32768.0,6400000.0,0.5273919092465753
1.0,64.0,8.0,1.0,1.0,1.0,543.0,32.0,0,0.5015625,32.0,16384.0,6400000.0,0.5273919092465753
64.0,64.0,8.0,13.0,1445.0,1547.0,51307.0,239328.0,0,0.9703125,32.0,0.015625,6400000.0,0.9671408696183953
64.0,64.0,8.0,13.0,1441.0,1540.0,51172.0,238208.0,0,0.9703125,16.0,2.0,6400000.0,0.9690962879158512
64.0,64.0,8.0,25.0,1701.0,1825.0,59780.0,283808.0,0,0.98125,0.125,2.0,6400000.0,0.9808318554305284
128.0,128.0,1.0,8.0,263.0,256.0,8447.0,24576.0,0,0.940625,0.5,0.0625,6400000.0,0.93818646037182
64.0,64.0,4.0,27.0,742.0,734.0,24103.0,109248.0,0,0.9578125,0.25,0.000976562,6400000.0,0.9636160714285715
64.0,64.0,4.0,9.0,660.0,660.0,21753.0,97408.0,0,0.9625,1.0,32.0,6400000.0,0.9581419704011742
64.0,64.0,4.0,5.0,429.0,452.0,14206.0,64128.0,0,0.940625,256.0,128.0,6400000.0,0.9033657962328766
64.0,64.0,8.0,32.0,1726.0,1816.0,60424.0,282368.0,0,0.984375,0.000976562,0.00390625,6400000.0,0.9808318554305284
64.0,64.0,8.0,9.0,1350.0,1442.0,47991.0,222528.0,0,0.959375,32.0,16.0,6400000.0,0.9628371147260273
1.0,64.0,8.0,1.0,1.0,1.0,543.0,32.0,0,0.5015625,0.25,16384.0,6400000.0,0.5273919092465753
64.0,64.0,8.0,5.0,400.0,400.0,15866.0,55808.0,0,0.940625,64.0,128.0,6400000.0,0.9409246575342465
1.0,64.0,4.0,1.0,1.0,1.0,63.0,32.0,0,0.5015625,512.0,1024.0,6400000.0,0.5273919092465753
64.0,64.0,4.0,27.0,742.0,734.0,24103.0,109248.0,0,0.9578125,0.125,0.125,6400000.0,0.9636160714285715
64.0,64.0,8.0,31.0,1725.0,1817.0,60414.0,282528.0,0,0.984375,0.015625,0.0078125,6400000.0,0.9784835188356166
128.0,128.0,1.0,5.0,260.0,256.0,8382.0,24576.0,0,0.940625,0.5,64.0,6400000.0,0.93818646037182
64.0,64.0,4.0,6.0,537.0,538.0,17758.0,77888.0,0,0.940625,0.125,128.0,6400000.0,0.9409246575342465
64.0,64.0,8.0,8.0,980.0,979.0,35453.0,148448.0,0,0.959375,128.0,0.000976562,6400000.0,0.9409246575342465
1.0,64.0,4.0,1.0,1.0,1.0,63.0,32.0,0,0.5015625,512.0,1.0,6400000.0,0.5273919092465753
1.0,64.0,4.0,1.0,1.0,1.0,63.0,32.0,0,0.5015625,8.0,8192.0,6400000.0,0.5273919092465753
1.0,128.0,1.0,1.0,1.0,1.0,35.0,32.0,0,0.5015625,1.0,512.0,6400000.0,0.5273919092465753
64.0,64.0,8.0,25.0,1723.0,1844.0,60503.0,286848.0,0,0.9859375,0.000976562,4.0,6400000.0,0.9796553938356165
64.0,64.0,8.0,8.0,1110.0,1143.0,40033.0,174688.0,0,0.959375,64.0,0.125,6400000.0,0.961271556996086
128.0,128.0,1.0,8.0,263.0,256.0,8447.0,24576.0,0,0.940625,1.0,0.5,6400000.0,0.93818646037182
64.0,64.0,8.0,32.0,1725.0,1815.0,60391.0,282208.0,0,0.984375,0.0,0.000976562,6400000.0,0.9808318554305284
64.0,64.0,8.0,8.0,943.0,942.0,34232.0,142528.0,0,0.959375,128.0,1.0,6400000.0,0.9409246575342465
128.0,128.0,1.0,8.0,263.0,256.0,8447.0,24576.0,0,0.940625,1.0,0.0,6400000.0,0.93818646037182
64.0,64.0,4.0,16.0,709.0,707.0,23236.0,104928.0,0,0.959375,8.0,0.0078125,6400000.0,0.9616637108610566
64.0,64.0,8.0,19.0,1527.0,1683.0,54196.0,261088.0,0,0.9765625,0.015625,8.0,6400000.0,0.9761367111056751
1.0,128.0,1.0,1.0,1.0,1.0,35.0,32.0,0,0.5015625,2.0,4096.0,6400000.0,0.5273919092465753
64.0,64.0,4.0,9.0,665.0,665.0,21918.0,98208.0,0,0.959375,32.0,0.0,6400000.0,0.9597075281311154
64.0,64.0,8.0,31.0,1702.0,1801.0,59662.0,279968.0,0,0.984375,0.25,0.015625,6400000.0,0.9820052592954991
128.0,128.0,1.0,8.0,263.0,256.0,8447.0,24576.0,0,0.940625,2.0,0.00390625,6400000.0,0.93818646037182
64.0,64.0,8.0,13.0,1455.0,1553.0,51633.0,240288.0,0,0.9703125,0.25,16.0,6400000.0,0.9694876773483365
128.0,128.0,1.0,8.0,263.0,256.0,8447.0,24576.0,0,0.940625,2.0,4.0,6400000.0,0.93818646037182
64.0,64.0,8.0,31.0,1730.0,1821.0,60578.0,283168.0,0,0.9828125,0.00195312,0.03125,6400000.0,0.9784842832681019
64.0,64.0,8.0,13.0,1444.0,1546.0,51274.0,239168.0,0,0.9703125,0.00195312,32.0,6400000.0,0.96674948018591
1.0,64.0,8.0,1.0,1.0,1.0,543.0,32.0,0,0.5015625,128.0,1024.0,6400000.0,0.5273919092465753
128.0,128.0,1.0,8.0,263.0,256.0,8447.0,24576.0,0,0.940625,4.0,0.03125,6400000.0,0.93818646037182
64.0,64.0,8.0,8.0,812.0,814.0,29943.0,122048.0,0,0.959375,0.5,128.0,6400000.0,0.9409246575342465
1.0,64.0,4.0,1.0,1.0,1.0,63.0,32.0,0,0.5015625,2048.0,0.0625,6400000.0,0.5273919092465753
64.0,64.0,4.0,21.0,737.0,730.0,24065.0,108608.0,0,0.9625,2.0,0.25,6400000.0,0.9647902397260275
64.0,64.0,8.0,30.0,1782.0,1882.0,62324.0,292928.0,0,0.9875,1.0,0.000976562,6400000.0,0.9804404659980431
64.0,64.0,4.0,13.0,731.0,728.0,24024.0,108288.0,0,0.9609375,16.0,0.0625,6400000.0,0.9612738502935422
1.0,64.0,4.0,1.0,1.0,1.0,63.0,32.0,0,0.5015625,1024.0,8.0,6400000.0,0.5273919092465753
64.0,64.0,8.0,5.0,400.0,400.0,15866.0,55808.0,0,0.940625,256.0,0.0078125,6400000.0,0.9409246575342465
64.0,64.0,8.0,31.0,1724.0,1818.0,60383.0,282688.0,0,0.9828125,0.03125,0.0625,6400000.0,0.9804412304305284
1.0,64.0,8.0,1.0,1.0,1.0,543.0,32.0,0,0.5015625,512.0,64.0,6400000.0,0.5273919092465753
1.0,64.0,8.0,1.0,1.0,1.0,543.0,32.0,0,0.5015625,1024.0,0.0,6400000.0,0.5273919092465753
1.0,64.0,8.0,1.0,1.0,1.0,543.0,32.0,0,0.5015625,512.0,0.0625,6400000.0,0.5273919092465753
1.0,64.0,8.0,1.0,1.0,1.0,543.0,32.0,0,0.5015625,256.0,8192.0,6400000.0,0.5273919092465753
1.0,64.0,4.0,1.0,1.0,1.0,63.0,32.0,0,0.5015625,4096.0,0.0,6400000.0,0.5273919092465753
1.0,128.0,1.0,1.0,1.0,1.0,35.0,32.0,0,0.5015625,4.0,32768.0,6400000.0,0.5273919092465753
1.0,64.0,4.0,1.0,1.0,1.0,63.0,32.0,0,0.5015625,2048.0,64.0,6400000.0,0.5273919092465753
128.0,128.0,1.0,6.0,261.0,256.0,8394.0,24576.0,0,0.940625,4.0,32.0,6400000.0,0.9377950709393346
1.0,64.0,4.0,1.0,1.0,1.0,63.0,32.0,0,0.5015625,1024.0,0.0078125,6400000.0,0.5273919092465753
1.0,64.0,4.0,1.0,1.0,1.0,63.0,32.0,0,0.5015625,1024.0,8192.0,6400000.0,0.5273919092465753
1.0,64.0,8.0,1.0,1.0,1.0,543.0,32.0,0,0.5015625,1.0,1024.0,6400000.0,0.5273919092465753
64.0,64.0,4.0,13.0,716.0,713.0,23529.0,105888.0,0,0.9546875,8.0,8.0,6400000.0,0.9593169031311156
64.0,64.0,8.0,5.0,400.0,400.0,15866.0,55808.0,0,0.940625,256.0,8.0,6400000.0,0.9409246575342465
128.0,128.0,1.0,8.0,263.0,256.0,8447.0,24576.0,0,0.940625,8.0,0.25,6400000.0,0.93818646037182
64.0,64.0,8.0,30.0,1792.0,1895.0,62657.0,295008.0,0,0.9859375,0.5,0.125,6400000.0,0.9820060237279844
64.0,64.0,4.0,23.0,734.0,726.0,23923.0,107968.0,0,0.959375,0.25,1.0,6400000.0,0.964008225293542
1.0,64.0,4.0,1.0,1.0,1.0,63.0,32.0,0,0.5015625,4096.0,0.5,6400000.0,0.5273919092465753
64.0,64.0,8.0,31.0,1724.0,1818.0,60383.0,282688.0,0,0.9828125,0.0625,0.0,6400000.0,0.9792670621330725
64.0,64.0,4.0,8.0,684.0,693.0,22575.0,102688.0,0,0.9625,64.0,0.00390625,6400000.0,0.9507055711839529
64.0,64.0,4.0,8.0,662.0,673.0,21851.0,99488.0,0,0.940625,16.0,64.0,6400000.0,0.9409246575342465
1.0,64.0,8.0,1.0,1.0,1.0,543.0,32.0,0,0.5015625,1024.0,0.5,6400000.0,0.5273919092465753
64.0,64.0,4.0,9.0,667.0,667.0,21984.0,98528.0,0,0.9625,32.0,0.5,6400000.0,0.9597075281311154
64.0,64.0,8.0,5.0,400.0,400.0,15866.0,55808.0,0,0.940625,0.00390625,256.0,6400000.0,0.9409246575342465
1.0,64.0,8.0,1.0,1.0,1.0,543.0,32.0,0,0.5015625,2.0,8192.0,6400000.0,0.5273919092465753
128.0,128.0,1.0,5.0,260.0,256.0,8382.0,24576.0,0,0.940625,8.0,256.0,6400000.0,0.9033657962328766
1.0,64.0,4.0,1.0,1.0,1.0,63.0,32.0,0,0.5015625,0.25,1024.0,6400000.0,0.5273919092465753
128.0,128.0,1.0,8.0,263.0,256.0,8447.0,24576.0,0,0.940625,16.0,0.00195312,6400000.0,0.9377950709393346
1.0,64.0,4.0,1.0,1.0,1.0,63.0,32.0,0,0.5015625,4096.0,512.0,6400000.0,0.5273919092465753
1.0,64.0,8.0,1.0,1.0,1.0,543.0,32.0,0,0.5015625,2048.0,4.0,6400000.0,0.5273919092465753
1.0,64.0,8.0,1.0,1.0,1.0,543.0,32.0,0,0.5015625,4096.0,32.0,6400000.0,0.5273919092465753
1.0,64.0,8.0,1.0,1.0,1.0,543.0,32.0,0,0.5015625,2048.0,0.00390625,6400000.0,0.5273919092465753
1.0,64.0,8.0,1.0,1.0,1.0,543.0,32.0,0,0.5015625,1024.0,512.0,6400000.0,0.5273919092465753
1.0,64.0,8.0,1.0,1.0,1.0,543.0,32.0,0,0.5015625,2048.0,4096.0,6400000.0,0.5273919092465753
64.0,64.0,4.0,5.0,400.0,400.0,13226.0,55808.0,0,0.940625,2.0,256.0,6400000.0,0.9409246575342465
1.0,64.0,8.0,1.0,1.0,1.0,543.0,32.0,0,0.5015625,4096.0,32768.0,6400000.0,0.5273919092465753
1.0,64.0,8.0,1.0,1.0,1.0,543.0,32.0,0,0.5015625,4096.0,0.03125,6400000.0,0.5273919092465753
1.0,64.0,8.0,1.0,1.0,1.0,543.0,32.0,0,0.5015625,8192.0,0.25,6400000.0,0.5273919092465753
1.0,64.0,4.0,1.0,1.0,1.0,63.0,32.0,0,0.5015625,32.0,512.0,6400000.0,0.5273919092465753
1.0,64.0,8.0,1.0,1.0,1.0,543.0,32.0,0,0.5015625,8192.0,256.0,6400000.0,0.5273919092465753
1.0,64.0,8.0,1.0,1.0,1.0,543.0,32.0,0,0.5015625,32768.0,16.0,6400000.0,0.5273919092465753
1.0,64.0,4.0,1.0,1.0,1.0,63.0,32.0,0,0.5015625,8192.0,4.0,6400000.0,0.5273919092465753
1.0,64.0,8.0,1.0,1.0,1.0,543.0,32.0,0,0.5015625,16384.0,0.00195312,6400000.0,0.5273919092465753
1.0,64.0,8.0,1.0,1.0,1.0,543.0,32.0,0,0.5015625,16384.0,2048.0,6400000.0,0.5273919092465753
1.0,64.0,4.0,1.0,1.0,1.0,63.0,32.0,0,0.5015625,8192.0,0.00390625,6400000.0,0.5273919092465753
64.0,64.0,8.0,8.0,1085.0,1115.0,39205.0,170208.0,0,0.959375,0.03125,64.0,6400000.0,0.9483656433463796
1.0,64.0,8.0,1.0,1.0,1.0,543.0,32.0,0,0.5015625,32768.0,16384.0,6400000.0,0.5273919092465753
1.0,64.0,4.0,1.0,1.0,1.0,63.0,32.0,0,0.5015625,64.0,4096.0,6400000.0,0.5273919092465753
1.0,128.0,1.0,1.0,1.0,1.0,35.0,32.0,0,0.5015625,16.0,2048.0,6400000.0,0.5273919092465753
1.0,64.0,8.0,1.0,1.0,1.0,543.0,32.0,0,0.5015625,32768.0,0.015625,6400000.0,0.5273919092465753
128.0,128.0,1.0,8.0,263.0,256.0,8447.0,24576.0,0,0.940625,16.0,2.0,6400000.0,0.9377950709393346
64.0,64.0,8.0,26.0,1700.0,1831.0,59733.0,284768.0,0,0.9890625,1.0,1.0,6400000.0,0.9800490765655578
64.0,64.0,8.0,25.0,1701.0,1825.0,59780.0,283808.0,0,0.98125,2.0,0.0078125,6400000.0,0.9800490765655578
1.0,64.0,8.0,1.0,1.0,1.0,543.0,32.0,0,0.5015625,16384.0,2.0,6400000.0,0.5273919092465753
64.0,64.0,8.0,18.0,1381.0,1520.0,49382.0,235008.0,0,0.975,2.0,8.0,6400000.0,0.9773078216731899
128.0,128.0,1.0,5.0,260.0,256.0,8382.0,24576.0,0,0.940625,0.0,128.0,6400000.0,0.93818646037182
1.0,64.0,4.0,1.0,1.0,1.0,63.0,32.0,0,0.5015625,8192.0,4096.0,6400000.0,0.5273919092465753
1.0,128.0,1.0,1.0,1.0,1.0,35.0,32.0,0,0.5015625,0.000976562,1024.0,6400000.0,0.5273919092465753
64.0,64.0,4.0,25.0,737.0,731.0,23982.0,108768.0,0,0.9671875,0.5,0.0078125,6400000.0,0.9636198935909981
1.0,64.0,4.0,1.0,1.0,1.0,63.0,32.0,0,0.5015625,0.5,8192.0,6400000.0,0.5273919092465753
128.0,128.0,1.0,8.0,263.0,256.0,8447.0,24576.0,0,0.940625,0.0,0.125,6400000.0,0.9385778498043053
1.0,64.0,8.0,1.0,1.0,1.0,543.0,32.0,0,0.5015625,0.0078125,2048.0,6400000.0,0.5273919092465753
1.0,64.0,4.0,1.0,1.0,1.0,63.0,32.0,0,0.5015625,16384.0,0.03125,6400000.0,0.5273919092465753
64.0,64.0,8.0,31.0,1702.0,1801.0,59662.0,279968.0,0,0.984375,0.00390625,0.25,6400000.0,0.9812224804305284
1.0,128.0,1.0,1.0,1.0,1.0,35.0,32.0,0,0.5015625,0.00195312,8192.0,6400000.0,0.5273919092465753
128.0,128.0,1.0,8.0,263.0,256.0,8447.0,24576.0,0,0.940625,0.000976562,0.000976562,6400000.0,0.9385778498043053
128.0,128.0,1.0,8.0,263.0,256.0,8447.0,24576.0,0,0.940625,0.000976562,1.0,6400000.0,0.93818646037182
64.0,64.0,4.0,19.0,738.0,733.0,24142.0,109088.0,0,0.971875,4.0,0.00195312,6400000.0,0.9651823935909981
128.0,128.0,1.0,8.0,263.0,256.0,8447.0,24576.0,0,0.940625,0.00195312,8.0,6400000.0,0.93818646037182
128.0,128.0,1.0,8.0,263.0,256.0,8447.0,24576.0,0,0.940625,0.00195312,0.0078125,6400000.0,0.9385778498043053
1.0,64.0,4.0,1.0,1.0,1.0,63.0,32.0,0,0.5015625,16384.0,32.0,6400000.0,0.5273919092465753
64.0,64.0,4.0,8.0,682.0,691.0,22509.0,102368.0,0,0.95625,64.0,4.0,6400000.0,0.9436605613992171
128.0,128.0,1.0,8.0,263.0,256.0,8447.0,24576.0,0,0.940625,0.00390625,0.0625,6400000.0,0.9385778498043053
128.0,128.0,1.0,8.0,263.0,256.0,8447.0,24576.0,0,0.940625,0.0078125,0.0,6400000.0,0.9385778498043053
1.0,64.0,4.0,1.0,1.0,1.0,63.0,32.0,0,0.5015625,32768.0,0.25,6400000.0,0.5273919092465753
128.0,128.0,1.0,6.0,261.0,256.0,8394.0,24576.0,0,0.940625,32.0,0.015625,6400000.0,0.9377950709393346
1.0,128.0,1.0,1.0,1.0,1.0,35.0,32.0,0,0.5015625,0.0078125,512.0,6400000.0,0.5273919092465753
1.0,64.0,4.0,1.0,1.0,1.0,63.0,32.0,0,0.5015625,16384.0,32768.0,6400000.0,0.5273919092465753
64.0,64.0,8.0,31.0,1715.0,1815.0,60092.0,282208.0,0,0.9828125,0.0625,0.5,6400000.0,0.9812232448630137
1.0,64.0,4.0,1.0,1.0,1.0,63.0,32.0,0,0.5015625,128.0,32768.0,6400000.0,0.5273919092465753
128.0,128.0,1.0,5.0,260.0,256.0,8382.0,24576.0,0,0.940625,32.0,16.0,6400000.0,0.9377950709393346
128.0,128.0,1.0,8.0,263.0,256.0,8447.0,24576.0,0,0.940625,0.0078125,0.5,6400000.0,0.93818646037182
64.0,64.0,4.0,6.0,537.0,538.0,17758.0,77888.0,0,0.940625,128.0,0.03125,6400000.0,0.9409246575342465
1.0,64.0,8.0,1.0,1.0,1.0,543.0,32.0,0,0.5015625,0.0625,512.0,6400000.0,0.5273919092465753
128.0,128.0,1.0,8.0,263.0,256.0,8447.0,24576.0,0,0.940625,0.015625,0.00390625,6400000.0,0.9385778498043053
128.0,128.0,1.0,6.0,261.0,256.0,8394.0,24576.0,0,0.940625,0.03125,32.0,6400000.0,0.9377950709393346
1.0,128.0,1.0,1.0,1.0,1.0,35.0,32.0,0,0.5015625,0.015625,4096.0,6400000.0,0.5273919092465753
128.0,128.0,1.0,5.0,260.0,256.0,8382.0,24576.0,0,0.940625,0.00390625,64.0,6400000.0,0.93818646037182
128.0,128.0,1.0,8.0,263.0,256.0,8447.0,24576.0,0,0.940625,0.03125,0.03125,6400000.0,0.9385778498043053
128.0,128.0,1.0,8.0,263.0,256.0,8447.0,24576.0,0,0.940625,0.015625,4.0,6400000.0,0.93818646037182
1.0,128.0,1.0,1.0,1.0,1.0,35.0,32.0,0,0.5015625,0.03125,32768.0,6400000.0,0.5273919092465753
1.0,64.0,8.0,1.0,1.0,1.0,543.0,32.0,0,0.5015625,0.0,1024.0,6400000.0,0.5273919092465753
64.0,64.0,8.0,31.0,1727.0,1818.0,60479.0,282688.0,0,0.984375,0.0078125,0.00195312,6400000.0,0.9800490765655578
1.0,64.0,8.0,1.0,1.0,1.0,543.0,32.0,0,0.5015625,0.015625,16384.0,6400000.0,0.5273919092465753
1.0,128.0,1.0,1.0,1.0,1.0,35.0,32.0,0,0.5015625,32.0,16384.0,6400000.0,0.5273919092465753
64.0,64.0,4.0,5.0,400.0,400.0,13226.0,55808.0,0,0.940625,128.0,32.0,6400000.0,0.9409246575342465
1.0,64.0,8.0,1.0,1.0,1.0,543.0,32.0,0,0.5015625,0.000976562,8192.0,6400000.0,0.5273919092465753
64.0,64.0,8.0,19.0,1527.0,1683.0,54196.0,261088.0,0,0.9765625,8.0,0.0,6400000.0,0.9749625428082191
1.0,64.0,8.0,1.0,1.0,1.0,543.0,32.0,0,0.5015625,0.125,4096.0,6400000.0,0.5273919092465753
128.0,128.0,1.0,8.0,263.0,256.0,8447.0,24576.0,0,0.940625,0.125,0.00195312,6400000.0,0.9385778498043053
64.0,64.0,4.0,16.0,753.0,754.0,24691.0,112448.0,0,0.9546875,0.5,8.0,6400000.0,0.9632292685909981
128.0,128.0,1.0,5.0,260.0,256.0,8382.0,24576.0,0,0.940625,0.0625,256.0,6400000.0,0.9033657962328766
1.0,64.0,4.0,1.0,1.0,1.0,63.0,32.0,0,0.5015625,32768.0,256.0,6400000.0,0.5273919092465753
1.0,64.0,8.0,1.0,1.0,1.0,543.0,32.0,0,0.5015625,8.0,512.0,6400000.0,0.5273919092465753
64.0,64.0,8.0,30.0,1782.0,1882.0,62324.0,292928.0,0,0.9875,0.0,1.0,6400000.0,0.9804404659980431
128.0,128.0,1.0,8.0,263.0,256.0,8447.0,24576.0,0,0.940625,0.0625,0.25,6400000.0,0.93818646037182
1.0,64.0,8.0,1.0,1.0,1.0,543.0,32.0,0,0.5015625,16.0,4096.0,6400000.0,0.5273919092465753
128.0,128.0,1.0,5.0,260.0,256.0,8382.0,24576.0,0,0.940625,64.0,0.125,6400000.0,0.93818646037182
64.0,64.0,8.0,24.0,1724.0,1846.0,60558.0,287168.0,0,0.984375,4.0,0.0625,6400000.0,0.9800490765655576
1.0,64.0,4.0,1.0,1.0,1.0,63.0,32.0,0,0.5015625,512.0,0.00195312,6400000.0,0.5273919092465753
1.0,128.0,1.0,1.0,1.0,1.0,35.0,32.0,0,0.5015625,0.125,2048.0,6400000.0,0.5273919092465753
1.0,64.0,4.0,1.0,1.0,1.0,63.0,32.0,0,0.5015625,4.0,2048.0,6400000.0,0.5273919092465753
128.0,128.0,1.0,8.0,263.0,256.0,8447.0,24576.0,0,0.940625,0.125,2.0,6400000.0,0.93818646037182
64.0,64.0,8.0,8.0,1080.0,1109.0,39039.0,169248.0,0,0.959375,4.0,64.0,6400000.0,0.9483656433463796
64.0,64.0,4.0,22.0,724.0,716.0,23614.0,106368.0,0,0.965625,1.0,0.0625,6400000.0,0.9604895425636008
64.0,64.0,4.0,5.0,400.0,400.0,13226.0,55808.0,0,0.940625,256.0,0.25,6400000.0,0.9409246575342465
1.0,128.0,1.0,1.0,1.0,1.0,35.0,32.0,0,0.5015625,0.25,16384.0,6400000.0,0.5273919092465753
64.0,64.0,4.0,19.0,706.0,701.0,23086.0,103968.0,0,0.9640625,4.0,2.0,6400000.0,0.9651854513209394
128.0,128.0,1.0,8.0,263.0,256.0,8447.0,24576.0,0,0.940625,0.25,0.015625,6400000.0,0.93818646037182
128.0,128.0,1.0,8.0,263.0,256.0,8447.0,24576.0,0,0.940625,0.25,16.0,6400000.0,0.9377950709393346
64.0,64.0,4.0,22.0,737.0,729.0,24043.0,108448.0,0,0.9703125,2.0,0.0,6400000.0,0.9647902397260275
64.0,64.0,8.0,32.0,1725.0,1815.0,60391.0,282208.0,0,0.984375,0.00390625,0.0,6400000.0,0.9808318554305284
1.0,64.0,8.0,1.0,1.0,1.0,543.0,32.0,0,0.5015625,32.0,32768.0,6400000.0,0.5273919092465753
64.0,64.0,8.0,19.0,1497.0,1653.0,53206.0,256288.0,0,0.9765625,8.0,0.5,6400000.0,0.9773085861056752
128.0,128.0,1.0,8.0,263.0,256.0,8447.0,24576.0,0,0.940625,0.5,0.125,6400000.0,0.93818646037182
64.0,64.0,8.0,13.0,1477.0,1576.0,52360.0,243968.0,0,0.9703125,16.0,0.00390625,6400000.0,0.9694876773483365
64.0,64.0,8.0,31.0,1720.0,1819.0,60256.0,282848.0,0,0.9828125,0.125,0.00390625,6400000.0,0.9808310909980431
1.0,64.0,4.0,1.0,1.0,1.0,63.0,32.0,0,0.5015625,512.0,2048.0,6400000.0,0.5273919092465753
64.0,64.0,8.0,13.0,1389.0,1488.0,49456.0,229888.0,0,0.9703125,16.0,4.0,6400000.0,0.9663580907534245
1.0,64.0,4.0,1.0,1.0,1.0,63.0,32.0,0,0.5015625,256.0,256.0,6400000.0,0.5273919092465753
1.0,64.0,8.0,1.0,1.0,1.0,543.0,32.0,0,0.5015625,0.25,32768.0,6400000.0,0.5273919092465753
128.0,128.0,1.0,5.0,260.0,256.0,8382.0,24576.0,0,0.940625,64.0,128.0,6400000.0,0.93818646037182
64.0,64.0,4.0,8.0,691.0,701.0,22807.0,103968.0,0,0.940625,1.0,64.0,6400000.0,0.9354513209393345
64.0,64.0,8.0,25.0,1701.0,1825.0,59780.0,283808.0,0,0.98125,0.0078125,2.0,6400000.0,0.9800490765655578
64.0,64.0,8.0,5.0,473.0,479.0,18281.0,68448.0,0,0.940625,64.0,256.0,6400000.0,0.9409246575342465
64.0,64.0,8.0,13.0,1445.0,1547.0,51307.0,239328.0,0,0.9703125,32.0,0.03125,6400000.0,0.9671408696183953
128.0,128.0,1.0,5.0,260.0,256.0,8382.0,24576.0,0,0.940625,0.5,128.0,6400000.0,0.9377950709393346
64.0,64.0,8.0,24.0,1724.0,1846.0,60558.0,287168.0,0,0.984375,0.125,4.0,6400000.0,0.9808310909980431
1.0,64.0,4.0,1.0,1.0,1.0,63.0,32.0,0,0.5015625,8.0,16384.0,6400000.0,0.5273919092465753
128.0,128.0,1.0,5.0,260.0,256.0,8382.0,24576.0,0,0.940625,128.0,0.000976562,6400000.0,0.93818646037182
1.0,64.0,4.0,1.0,1.0,1.0,63.0,32.0,0,0.5015625,512.0,2.0,6400000.0,0.5273919092465753
1.0,128.0,1.0,1.0,1.0,1.0,35.0,32.0,0,0.5015625,1.0,1024.0,6400000.0,0.5273919092465753
64.0,64.0,8.0,8.0,980.0,979.0,35453.0,148448.0,0,0.959375,128.0,0.00195312,6400000.0,0.9409246575342465
64.0,64.0,8.0,8.0,1114.0,1146.0,40164.0,175168.0,0,0.959375,32.0,32.0,6400000.0,0.961271556996086
64.0,64.0,8.0,31.0,1727.0,1818.0,60479.0,282688.0,0,0.984375,0.000976562,0.0078125,6400000.0,0.9800490765655578
128.0,128.0,1.0,8.0,263.0,256.0,8447.0,24576.0,0,0.940625,1.0,1.0,6400000.0,0.93818646037182
64.0,64.0,8.0,31.0,1730.0,1821.0,60578.0,283168.0,0,0.9828125,0.015625,0.015625,6400000.0,0.9788749082681019
64.0,64.0,8.0,8.0,913.0,912.0,33242.0,137728.0,0,0.959375,128.0,2.0,6400000.0,0.9409246575342465
64.0,64.0,4.0,16.0,709.0,707.0,23236.0,104928.0,0,0.959375,8.0,0.015625,6400000.0,0.9616637108610566
1.0,128.0,1.0,1.0,1.0,1.0,35.0,32.0,0,0.5015625,2.0,8192.0,6400000.0,0.5273919092465753
128.0,128.0,1.0,8.0,263.0,256.0,8447.0,24576.0,0,0.940625,1.0,0.000976562,6400000.0,0.93818646037182
1.0,64.0,8.0,1.0,1.0,1.0,543.0,32.0,0,0.5015625,128.0,2048.0,6400000.0,0.5273919092465753
128.0,128.0,1.0,8.0,263.0,256.0,8447.0,24576.0,0,0.940625,2.0,8.0,6400000.0,0.93818646037182
64.0,64.0,8.0,8.0,1110.0,1143.0,40033.0,174688.0,0,0.959375,64.0,0.25,6400000.0,0.961271556996086
64.0,64.0,8.0,19.0,1527.0,1683.0,54196.0,261088.0,0,0.9765625,0.000976562,8.0,6400000.0,0.9749625428082191
128.0,128.0,1.0,8.0,263.0,256.0,8447.0,24576.0,0,0.940625,2.0,0.0078125,6400000.0,0.93818646037182
64.0,64.0,4.0,9.0,665.0,665.0,21918.0,98208.0,0,0.959375,32.0,0.000976562,6400000.0,0.9597075281311154
64.0,64.0,8.0,13.0,1444.0,1546.0,51274.0,239168.0,0,0.9703125,0.25,32.0,6400000.0,0.96674948018591
128.0,128.0,1.0,8.0,263.0,256.0,8447.0,24576.0,0,0.940625,4.0,0.0625,6400000.0,0.93818646037182
64.0,64.0,8.0,32.0,1725.0,1815.0,60391.0,282208.0,0,0.984375,0.0,0.00195312,6400000.0,0.9808318554305284
1.0,64.0,4.0,1.0,1.0,1.0,63.0,32.0,0,0.5015625,2048.0,0.125,6400000.0,0.5273919092465753
1.0,64.0,4.0,1.0,1.0,1.0,63.0,32.0,0,0.5015625,1024.0,16.0,6400000.0,0.5273919092465753
64.0,64.0,8.0,16.0,1525.0,1620.0,53877.0,251008.0,0,0.9765625,0.015625,16.0,6400000.0,0.9694876773483365
64.0,64.0,8.0,5.0,400.0,400.0,15866.0,55808.0,0,0.940625,0.5,256.0,6400000.0,0.9409246575342465
1.0,64.0,8.0,1.0,1.0,1.0,543.0,32.0,0,0.5015625,1024.0,0.000976562,6400000.0,0.5273919092465753
1.0,64.0,8.0,1.0,1.0,1.0,543.0,32.0,0,0.5015625,512.0,0.125,6400000.0,0.5273919092465753
1.0,64.0,8.0,1.0,1.0,1.0,543.0,32.0,0,0.5015625,512.0,128.0,6400000.0,0.5273919092465753
64.0,64.0,8.0,8.0,1085.0,1115.0,39205.0,170208.0,0,0.959375,0.00195312,64.0,6400000.0,0.9483656433463796
64.0,64.0,4.0,20.0,742.0,736.0,24252.0,109568.0,0,0.9640625,2.0,0.5,6400000.0,0.9643988502935421
1.0,64.0,4.0,1.0,1.0,1.0,63.0,32.0,0,0.5015625,1024.0,16384.0,6400000.0,0.5273919092465753
1.0,64.0,4.0,1.0,1.0,1.0,63.0,32.0,0,0.5015625,1024.0,0.015625,6400000.0,0.5273919092465753
1.0,64.0,8.0,1.0,1.0,1.0,543.0,32.0,0,0.5015625,256.0,16384.0,6400000.0,0.5273919092465753
64.0,64.0,8.0,31.0,1702.0,1801.0,59662.0,279968.0,0,0.984375,0.25,0.03125,6400000.0,0.9808318554305284
64.0,64.0,8.0,5.0,400.0,400.0,15866.0,55808.0,0,0.940625,256.0,0.015625,6400000.0,0.9409246575342465
1.0,64.0,4.0,1.0,1.0,1.0,63.0,32.0,0,0.5015625,2048.0,128.0,6400000.0,0.5273919092465753
128.0,128.0,1.0,8.0,263.0,256.0,8447.0,24576.0,0,0.940625,8.0,0.0,6400000.0,0.93818646037182
64.0,64.0,4.0,13.0,732.0,729.0,24057.0,108448.0,0,0.9609375,16.0,0.125,6400000.0,0.9608824608610567
1.0,64.0,8.0,1.0,1.0,1.0,543.0,32.0,0,0.5015625,1.0,2048.0,6400000.0,0.5273919092465753
1.0,64.0,4.0,1.0,1.0,1.0,63.0,32.0,0,0.5015625,4096.0,0.000976562,6400000.0,0.5273919092465753
64.0,64.0,4.0,10.0,725.0,726.0,23893.0,107968.0,0,0.959375,8.0,16.0,6400000.0,0.961271556996086
128.0,128.0,1.0,5.0,260.0,256.0,8382.0,24576.0,0,0.940625,4.0,64.0,6400000.0,0.93818646037182
64.0,64.0,8.0,31.0,1724.0,1818.0,60383.0,282688.0,0,0.9828125,0.00195312,0.0625,6400000.0,0.9792670621330725
1.0,64.0,4.0,1.0,1.0,1.0,63.0,32.0,0,0.5015625,4096.0,1.0,6400000.0,0.5273919092465753
64.0,64.0,8.0,30.0,1782.0,1882.0,62324.0,292928.0,0,0.9875,1.0,0.00195312,6400000.0,0.9804404659980431
128.0,128.0,1.0,8.0,263.0,256.0,8447.0,24576.0,0,0.940625,8.0,0.5,6400000.0,0.9389677103718199
64.0,64.0,8.0,5.0,399.0,399.0,15833.0,55648.0,0,0.940625,256.0,16.0,6400000.0,0.9409246575342465
128.0,128.0,1.0,5.0,260.0,256.0,8382.0,24576.0,0,0.940625,128.0,1.0,6400000.0,0.9377950709393346
64.0,64.0,8.0,31.0,1707.0,1804.0,59825.0,280448.0,0,0.9875,0.03125,0.125,6400000.0,0.9804404659980431
1.0,64.0,8.0,1.0,1.0,1.0,543.0,32.0,0,0.5015625,1024.0,1.0,6400000.0,0.5273919092465753
64.0,64.0,4.0,8.0,684.0,693.0,22575.0,102688.0,0,0.9625,64.0,0.0078125,6400000.0,0.9507055711839529
64.0,64.0,4.0,5.0,400.0,400.0,13226.0,55808.0,0,0.940625,16.0,128.0,6400000.0,0.9409246575342465
1.0,64.0,8.0,1.0,1.0,1.0,543.0,32.0,0,0.5015625,0.00390625,512.0,6400000.0,0.5273919092465753
1.0,128.0,1.0,1.0,1.0,1.0,35.0,32.0,0,0.5015625,8.0,512.0,6400000.0,0.5273919092465753
1.0,128.0,1.0,1.0,1.0,1.0,35.0,32.0,0,0.5015625,128.0,1024.0,6400000.0,0.5273919092465753
64.0,64.0,8.0,30.0,1782.0,1881.0,62323.0,292768.0,0,0.984375,0.5,0.25,6400000.0,0.9812224804305284
64.0,64.0,4.0,9.0,654.0,654.0,21555.0,96448.0,0,0.959375,32.0,1.0,6400000.0,0.9597075281311154
1.0,64.0,4.0,1.0,1.0,1.0,63.0,32.0,0,0.5015625,4096.0,1024.0,6400000.0,0.5273919092465753
1.0,64.0,8.0,1.0,1.0,1.0,543.0,32.0,0,0.5015625,2.0,16384.0,6400000.0,0.5273919092465753
1.0,64.0,8.0,1.0,1.0,1.0,543.0,32.0,0,0.5015625,2048.0,8192.0,6400000.0,0.5273919092465753
1.0,64.0,8.0,1.0,1.0,1.0,543.0,32.0,0,0.5015625,2048.0,8.0,6400000.0,0.5273919092465753
1.0,64.0,8.0,1.0,1.0,1.0,543.0,32.0,0,0.5015625,1024.0,1024.0,6400000.0,0.5273919092465753
1.0,64.0,8.0,1.0,1.0,1.0,543.0,32.0,0,0.5015625,4096.0,64.0,6400000.0,0.5273919092465753
128.0,128.0,1.0,8.0,263.0,256.0,8447.0,24576.0,0,0.940625,16.0,0.00390625,6400000.0,0.9377950709393346
64.0,64.0,8.0,31.0,1724.0,1818.0,60383.0,282688.0,0,0.9828125,0.0625,0.000976562,6400000.0,0.9792670621330725
1.0,64.0,4.0,1.0,1.0,1.0,63.0,32.0,0,0.5015625,32.0,1024.0,6400000.0,0.5273919092465753
1.0,64.0,8.0,1.0,1.0,1.0,543.0,32.0,0,0.5015625,2048.0,0.0078125,6400000.0,0.5273919092465753
1.0,64.0,4.0,1.0,1.0,1.0,63.0,32.0,0,0.5015625,2.0,512.0,6400000.0,0.5273919092465753
1.0,64.0,8.0,1.0,1.0,1.0,543.0,32.0,0,0.5015625,8192.0,0.0,6400000.0,0.5273919092465753
1.0,64.0,8.0,1.0,1.0,1.0,543.0,32.0,0,0.5015625,4096.0,0.0625,6400000.0,0.5273919092465753
1.0,64.0,8.0,1.0,1.0,1.0,543.0,32.0,0,0.5015625,32768.0,32.0,6400000.0,0.5273919092465753
1.0,64.0,4.0,1.0,1.0,1.0,63.0,32.0,0,0.5015625,8192.0,8.0,6400000.0,0.5273919092465753
1.0,64.0,8.0,1.0,1.0,1.0,543.0,32.0,0,0.5015625,8192.0,0.5,6400000.0,0.5273919092465753
1.0,64.0,8.0,1.0,1.0,1.0,543.0,32.0,0,0.5015625,16384.0,4096.0,6400000.0,0.5273919092465753
1.0,64.0,8.0,1.0,1.0,1.0,543.0,32.0,0,0.5015625,16384.0,0.00390625,6400000.0,0.5273919092465753
1.0,64.0,8.0,1.0,1.0,1.0,543.0,32.0,0,0.5015625,8192.0,512.0,6400000.0,0.5273919092465753
1.0,64.0,4.0,1.0,1.0,1.0,63.0,32.0,0,0.5015625,8192.0,0.0078125,6400000.0,0.5273919092465753
1.0,64.0,8.0,1.0,1.0,1.0,543.0,32.0,0,0.5015625,32768.0,32768.0,6400000.0,0.5273919092465753
1.0,64.0,4.0,1.0,1.0,1.0,63.0,32.0,0,0.5015625,64.0,8192.0,6400000.0,0.5273919092465753
1.0,64.0,8.0,1.0,1.0,1.0,543.0,32.0,0,0.5015625,16384.0,4.0,6400000.0,0.5273919092465753
1.0,64.0,8.0,1.0,1.0,1.0,543.0,32.0,0,0.5015625,32768.0,0.03125,6400000.0,0.5273919092465753
1.0,128.0,1.0,1.0,1.0,1.0,35.0,32.0,0,0.5015625,16.0,4096.0,6400000.0,0.5273919092465753
64.0,64.0,8.0,8.0,812.0,814.0,29943.0,122048.0,0,0.959375,0.03125,128.0,6400000.0,0.9409246575342465
128.0,128.0,1.0,5.0,260.0,256.0,8382.0,24576.0,0,0.940625,256.0,0.0078125,6400000.0,0.9033657962328766
1.0,128.0,1.0,1.0,1.0,1.0,35.0,32.0,0,0.5015625,0.000976562,2048.0,6400000.0,0.5273919092465753
1.0,64.0,4.0,1.0,1.0,1.0,63.0,32.0,0,0.5015625,8192.0,8192.0,6400000.0,0.5273919092465753
128.0,128.0,1.0,8.0,263.0,256.0,8447.0,24576.0,0,0.940625,16.0,4.0,6400000.0,0.9377950709393346
1.0,64.0,4.0,1.0,1.0,1.0,63.0,32.0,0,0.5015625,16384.0,0.0625,6400000.0,0.5273919092465753
1.0,64.0,8.0,1.0,1.0,1.0,543.0,32.0,0,0.5015625,0.0078125,4096.0,6400000.0,0.5273919092465753
128.0,128.0,1.0,8.0,263.0,256.0,8447.0,24576.0,0,0.940625,0.0,0.25,6400000.0,0.93818646037182
128.0,128.0,1.0,5.0,260.0,256.0,8382.0,24576.0,0,0.940625,256.0,8.0,6400000.0,0.9033657962328766
1.0,128.0,1.0,1.0,1.0,1.0,35.0,32.0,0,0.5015625,0.00195312,16384.0,6400000.0,0.5273919092465753
128.0,128.0,1.0,5.0,260.0,256.0,8382.0,24576.0,0,0.940625,0.0,256.0,6400000.0,0.9033657962328766
64.0,64.0,8.0,13.0,1464.0,1562.0,51930.0,241728.0,0,0.9703125,2.0,16.0,6400000.0,0.9687048984833659
128.0,128.0,1.0,8.0,263.0,256.0,8447.0,24576.0,0,0.940625,0.000976562,2.0,6400000.0,0.93818646037182
1.0,64.0,4.0,1.0,1.0,1.0,63.0,32.0,0,0.5015625,16384.0,64.0,6400000.0,0.5273919092465753
128.0,128.0,1.0,8.0,263.0,256.0,8447.0,24576.0,0,0.940625,0.000976562,0.00195312,6400000.0,0.9385778498043053
128.0,128.0,1.0,8.0,263.0,256.0,8447.0,24576.0,0,0.940625,0.00195312,16.0,6400000.0,0.9377950709393346
64.0,64.0,8.0,25.0,1701.0,1825.0,59780.0,283808.0,0,0.98125,2.0,0.015625,6400000.0,0.9800483121330725
1.0,64.0,4.0,1.0,1.0,1.0,63.0,32.0,0,0.5015625,32768.0,0.5,6400000.0,0.5273919092465753
64.0,64.0,4.0,8.0,664.0,672.0,21914.0,99328.0,0,0.95625,64.0,8.0,6400000.0,0.9417074363992171
128.0,128.0,1.0,8.0,263.0,256.0,8447.0,24576.0,0,0.940625,0.00195312,0.015625,6400000.0,0.9385778498043053
128.0,128.0,1.0,8.0,263.0,256.0,8447.0,24576.0,0,0.940625,0.00390625,0.125,6400000.0,0.9385778498043053
64.0,64.0,4.0,19.0,738.0,733.0,24142.0,109088.0,0,0.971875,4.0,0.00390625,6400000.0,0.9651823935909981
64.0,64.0,8.0,23.0,1780.0,1885.0,62410.0,293408.0,0,0.984375,1.0,2.0,6400000.0,0.9788749082681019
1.0,64.0,4.0,1.0,1.0,1.0,63.0,32.0,0,0.5015625,32768.0,0.0,6400000.0,0.5273919092465753
128.0,128.0,1.0,8.0,263.0,256.0,8447.0,24576.0,0,0.940625,0.0078125,0.000976562,6400000.0,0.9385778498043053
1.0,128.0,1.0,1.0,1.0,1.0,35.0,32.0,0,0.5015625,0.0078125,1024.0,6400000.0,0.5273919092465753
1.0,128.0,1.0,1.0,1.0,1.0,35.0,32.0,0,0.5015625,0.015625,8192.0,6400000.0,0.5273919092465753
64.0,64.0,8.0,30.0,1719.0,1817.0,60243.0,282528.0,0,0.984375,0.00390625,0.5,6400000.0,0.9808326198630137
128.0,128.0,1.0,6.0,261.0,256.0,8394.0,24576.0,0,0.940625,32.0,0.03125,6400000.0,0.9377950709393346
1.0,64.0,8.0,1.0,1.0,1.0,543.0,32.0,0,0.5015625,0.0625,1024.0,6400000.0,0.5273919092465753
128.0,128.0,1.0,5.0,260.0,256.0,8382.0,24576.0,0,0.940625,32.0,32.0,6400000.0,0.93818646037182
64.0,64.0,4.0,6.0,537.0,538.0,17758.0,77888.0,0,0.940625,128.0,0.0625,6400000.0,0.9409246575342465
128.0,128.0,1.0,8.0,263.0,256.0,8447.0,24576.0,0,0.940625,0.0078125,1.0,6400000.0,0.93818646037182
1.0,64.0,8.0,1.0,1.0,1.0,543.0,32.0,0,0.5015625,0.015625,32768.0,6400000.0,0.5273919092465753
128.0,128.0,1.0,8.0,263.0,256.0,8447.0,24576.0,0,0.940625,0.015625,0.0078125,6400000.0,0.9385778498043053
128.0,128.0,1.0,5.0,260.0,256.0,8382.0,24576.0,0,0.940625,0.03125,64.0,6400000.0,0.93818646037182
64.0,64.0,4.0,5.0,400.0,400.0,13226.0,55808.0,0,0.940625,256.0,0.0,6400000.0,0.9409246575342465
1.0,64.0,8.0,1.0,1.0,1.0,543.0,32.0,0,0.5015625,0.0,2048.0,6400000.0,0.5273919092465753
128.0,128.0,1.0,8.0,263.0,256.0,8447.0,24576.0,0,0.940625,0.0625,0.0,6400000.0,0.9385778498043053
1.0,128.0,1.0,1.0,1.0,1.0,35.0,32.0,0,0.5015625,32.0,32768.0,6400000.0,0.5273919092465753
128.0,128.0,1.0,5.0,260.0,256.0,8382.0,24576.0,0,0.940625,0.00390625,128.0,6400000.0,0.93818646037182
1.0,64.0,8.0,1.0,1.0,1.0,543.0,32.0,0,0.5015625,0.125,8192.0,6400000.0,0.5273919092465753
128.0,128.0,1.0,8.0,263.0,256.0,8447.0,24576.0,0,0.940625,0.03125,0.0625,6400000.0,0.9385778498043053
1.0,64.0,8.0,1.0,1.0,1.0,543.0,32.0,0,0.5015625,8.0,1024.0,6400000.0,0.5273919092465753
1.0,64.0,8.0,1.0,1.0,1.0,543.0,32.0,0,0.5015625,0.000976562,16384.0,6400000.0,0.5273919092465753
128.0,128.0,1.0,8.0,263.0,256.0,8447.0,24576.0,0,0.940625,0.015625,8.0,6400000.0,0.93818646037182
1.0,128.0,1.0,1.0,1.0,1.0,35.0,32.0,0,0.5015625,256.0,8192.0,6400000.0,0.5273919092465753
64.0,64.0,8.0,30.0,1782.0,1882.0,62324.0,292928.0,0,0.9875,0.0625,1.0,6400000.0,0.981614634295499
64.0,64.0,4.0,5.0,400.0,400.0,13226.0,55808.0,0,0.940625,128.0,64.0,6400000.0,0.9409246575342465
1.0,64.0,4.0,1.0,1.0,1.0,63.0,32.0,0,0.5015625,32768.0,512.0,6400000.0,0.5273919092465753
1.0,128.0,1.0,1.0,1.0,1.0,35.0,32.0,0,0.5015625,0.0625,512.0,6400000.0,0.5273919092465753
1.0,64.0,8.0,1.0,1.0,1.0,543.0,32.0,0,0.5015625,16.0,8192.0,6400000.0,0.5273919092465753
128.0,128.0,1.0,8.0,263.0,256.0,8447.0,24576.0,0,0.940625,0.0625,0.5,6400000.0,0.93818646037182
1.0,64.0,4.0,1.0,1.0,1.0,63.0,32.0,0,0.5015625,512.0,0.00390625,6400000.0,0.5273919092465753
128.0,128.0,1.0,8.0,263.0,256.0,8447.0,24576.0,0,0.940625,0.125,0.00390625,6400000.0,0.9385778498043053
1.0,128.0,1.0,1.0,1.0,1.0,35.0,32.0,0,0.5015625,0.125,4096.0,6400000.0,0.5273919092465753
64.0,64.0,8.0,31.0,1727.0,1818.0,60479.0,282688.0,0,0.984375,0.0078125,0.00390625,6400000.0,0.9788749082681019
1.0,64.0,4.0,1.0,1.0,1.0,63.0,32.0,0,0.5015625,4.0,4096.0,6400000.0,0.5273919092465753
128.0,128.0,1.0,5.0,260.0,256.0,8382.0,24576.0,0,0.940625,64.0,0.25,6400000.0,0.93818646037182
1.0,128.0,1.0,1.0,1.0,1.0,35.0,32.0,0,0.5015625,512.0,0.0625,6400000.0,0.5273919092465753
64.0,64.0,8.0,19.0,1527.0,1683.0,54196.0,261088.0,0,0.9765625,8.0,0.000976562,6400000.0,0.9749625428082191
128.0,128.0,1.0,8.0,263.0,256.0,8447.0,24576.0,0,0.940625,0.125,4.0,6400000.0,0.93818646037182
64.0,64.0,8.0,24.0,1724.0,1846.0,60558.0,287168.0,0,0.984375,4.0,0.125,6400000.0,0.9808310909980431
64.0,64.0,8.0,26.0,1700.0,1831.0,59733.0,284768.0,0,0.9890625,0.0,2.0,6400000.0,0.9800490765655578
64.0,64.0,4.0,5.0,400.0,400.0,13226.0,55808.0,0,0.940625,256.0,0.5,6400000.0,0.9409246575342465
64.0,64.0,8.0,8.0,698.0,697.0,26178.0,103328.0,0,0.959375,4.0,128.0,6400000.0,0.9409246575342465
1.0,128.0,1.0,1.0,1.0,1.0,35.0,32.0,0,0.5015625,512.0,64.0,6400000.0,0.5273919092465753
1.0,128.0,1.0,1.0,1.0,1.0,35.0,32.0,0,0.5015625,0.25,32768.0,6400000.0,0.5273919092465753
1.0,128.0,1.0,1.0,1.0,1.0,35.0,32.0,0,0.5015625,1024.0,0.0,6400000.0,0.5273919092465753
64.0,64.0,4.0,16.0,709.0,707.0,23236.0,104928.0,0,0.959375,4.0,4.0,6400000.0,0.9624464897260274
128.0,128.0,1.0,8.0,263.0,256.0,8447.0,24576.0,0,0.940625,0.25,0.03125,6400000.0,0.93818646037182
128.0,128.0,1.0,6.0,261.0,256.0,8394.0,24576.0,0,0.940625,0.25,32.0,6400000.0,0.9377950709393346
128.0,128.0,1.0,8.0,263.0,256.0,8447.0,24576.0,0,0.940625,0.5,0.25,6400000.0,0.93818646037182
1.0,64.0,4.0,1.0,1.0,1.0,63.0,32.0,0,0.5015625,256.0,512.0,6400000.0,0.5273919092465753
64.0,64.0,8.0,8.0,1110.0,1143.0,40033.0,174688.0,0,0.959375,64.0,0.0,6400000.0,0.961271556996086
1.0,64.0,4.0,1.0,1.0,1.0,63.0,32.0,0,0.5015625,512.0,4096.0,6400000.0,0.5273919092465753
128.0,128.0,1.0,4.0,259.0,256.0,8371.0,24576.0,0,0.9078125,64.0,256.0,6400000.0,0.9033657962328766
1.0,64.0,4.0,1.0,1.0,1.0,63.0,32.0,0,0.5015625,8.0,32768.0,6400000.0,0.5273919092465753
1.0,64.0,4.0,1.0,1.0,1.0,63.0,32.0,0,0.5015625,512.0,4.0,6400000.0,0.5273919092465753
64.0,64.0,8.0,32.0,1726.0,1816.0,60424.0,282368.0,0,0.984375,0.00390625,0.000976562,6400000.0,0.9808318554305284
1.0,64.0,8.0,1.0,1.0,1.0,543.0,32.0,0,0.5015625,64.0,512.0,6400000.0,0.5273919092465753
64.0,64.0,8.0,18.0,1475.0,1633.0,52503.0,253088.0,0,0.975,8.0,1.0,6400000.0,0.9753539322407045
1.0,128.0,1.0,1.0,1.0,1.0,35.0,32.0,0,0.5015625,1.0,2048.0,6400000.0,0.5273919092465753
64.0,64.0,8.0,13.0,1477.0,1576.0,52360.0,243968.0,0,0.9703125,16.0,0.0078125,6400000.0,0.9694876773483365
64.0,64.0,8.0,13.0,1351.0,1452.0,48204.0,224128.0,0,0.9703125,16.0,8.0,6400000.0,0.9651823935909979
128.0,128.0,1.0,5.0,260.0,256.0,8382.0,24576.0,0,0.940625,0.5,256.0,6400000.0,0.9033657962328766
64.0,64.0,8.0,31.0,1720.0,1819.0,60256.0,282848.0,0,0.9828125,0.125,0.0078125,6400000.0,0.9808310909980431
64.0,64.0,8.0,30.0,1719.0,1817.0,60243.0,282528.0,0,0.984375,0.5,0.0,6400000.0,0.9808326198630137
128.0,128.0,1.0,5.0,260.0,256.0,8382.0,24576.0,0,0.940625,128.0,0.00195312,6400000.0,0.93818646037182
64.0,64.0,8.0,13.0,1445.0,1547.0,51307.0,239328.0,0,0.9703125,32.0,0.0625,6400000.0,0.9671408696183953
64.0,64.0,8.0,8.0,980.0,979.0,35453.0,148448.0,0,0.959375,128.0,0.00390625,6400000.0,0.9409246575342465
128.0,128.0,1.0,8.0,263.0,256.0,8447.0,24576.0,0,0.940625,1.0,2.0,6400000.0,0.93818646037182
64.0,64.0,8.0,25.0,1723.0,1844.0,60503.0,286848.0,0,0.9859375,0.0078125,4.0,6400000.0,0.9796553938356165
64.0,64.0,8.0,19.0,1527.0,1683.0,54196.0,261088.0,0,0.9765625,0.125,8.0,6400000.0,0.9757453216731898
1.0,64.0,8.0,1.0,1.0,1.0,543.0,32.0,0,0.5015625,128.0,4096.0,6400000.0,0.5273919092465753
64.0,64.0,8.0,8.0,1154.0,1203.0,41501.0,184288.0,0,0.959375,32.0,64.0,6400000.0,0.9495413405088062
1.0,128.0,1.0,1.0,1.0,1.0,35.0,32.0,0,0.5015625,2.0,16384.0,6400000.0,0.5273919092465753
128.0,128.0,1.0,8.0,263.0,256.0,8447.0,24576.0,0,0.940625,1.0,0.00195312,6400000.0,0.93818646037182
128.0,128.0,1.0,8.0,263.0,256.0,8447.0,24576.0,0,0.940625,2.0,16.0,6400000.0,0.9377950709393346
64.0,64.0,8.0,8.0,808.0,806.0,29776.0,120768.0,0,0.959375,128.0,4.0,6400000.0,0.9409246575342465
64.0,64.0,4.0,16.0,709.0,707.0,23236.0,104928.0,0,0.959375,8.0,0.03125,6400000.0,0.9628378791585126
1.0,64.0,4.0,1.0,1.0,1.0,63.0,32.0,0,0.5015625,1024.0,32.0,6400000.0,0.5273919092465753
1.0,64.0,4.0,1.0,1.0,1.0,63.0,32.0,0,0.5015625,2048.0,0.25,6400000.0,0.5273919092465753
64.0,64.0,8.0,31.0,1725.0,1817.0,60414.0,282528.0,0,0.984375,0.000976562,0.015625,6400000.0,0.9788749082681019
64.0,64.0,8.0,31.0,1724.0,1818.0,60383.0,282688.0,0,0.9828125,0.015625,0.03125,6400000.0,0.9792670621330725
128.0,128.0,1.0,8.0,263.0,256.0,8447.0,24576.0,0,0.940625,2.0,0.015625,6400000.0,0.93818646037182
1.0,64.0,8.0,1.0,1.0,1.0,543.0,32.0,0,0.5015625,1024.0,0.00195312,6400000.0,0.5273919092465753
1.0,64.0,4.0,1.0,1.0,1.0,63.0,32.0,0,0.5015625,1024.0,0.03125,6400000.0,0.5273919092465753
1.0,64.0,4.0,1.0,1.0,1.0,63.0,32.0,0,0.5015625,2048.0,256.0,6400000.0,0.5273919092465753
64.0,64.0,4.0,9.0,665.0,665.0,21918.0,98208.0,0,0.959375,32.0,0.00195312,6400000.0,0.9597075281311154
1.0,64.0,8.0,1.0,1.0,1.0,543.0,32.0,0,0.5015625,512.0,0.25,6400000.0,0.5273919092465753
1.0,64.0,4.0,1.0,1.0,1.0,63.0,32.0,0,0.5015625,4096.0,0.00195312,6400000.0,0.5273919092465753
128.0,128.0,1.0,8.0,263.0,256.0,8447.0,24576.0,0,0.940625,4.0,0.125,6400000.0,0.93818646037182
1.0,64.0,8.0,1.0,1.0,1.0,543.0,32.0,0,0.5015625,0.5,512.0,6400000.0,0.5273919092465753
1.0,64.0,8.0,1.0,1.0,1.0,543.0,32.0,0,0.5015625,256.0,32768.0,6400000.0,0.5273919092465753
1.0,64.0,8.0,1.0,1.0,1.0,543.0,32.0,0,0.5015625,1.0,4096.0,6400000.0,0.5273919092465753
1.0,64.0,8.0,1.0,1.0,1.0,543.0,32.0,0,0.5015625,512.0,256.0,6400000.0,0.5273919092465753
64.0,64.0,8.0,5.0,400.0,400.0,15866.0,55808.0,0,0.940625,256.0,0.03125,6400000.0,0.9409246575342465
1.0,128.0,1.0,1.0,1.0,1.0,35.0,32.0,0,0.5015625,1024.0,0.5,6400000.0,0.5273919092465753
64.0,64.0,8.0,8.0,812.0,814.0,29943.0,122048.0,0,0.959375,0.00195312,128.0,6400000.0,0.9409246575342465
64.0,64.0,8.0,16.0,1525.0,1620.0,53877.0,251008.0,0,0.9765625,0.000976562,16.0,6400000.0,0.9694876773483365
1.0,64.0,4.0,1.0,1.0,1.0,63.0,32.0,0,0.5015625,1024.0,32768.0,6400000.0,0.5273919092465753
64.0,64.0,8.0,8.0,1107.0,1140.0,39934.0,174208.0,0,0.959375,64.0,0.5,6400000.0,0.9569662732387474
64.0,64.0,4.0,13.0,732.0,729.0,24057.0,108448.0,0,0.9609375,16.0,0.25,6400000.0,0.9608824608610567
128.0,128.0,1.0,8.0,263.0,256.0,8447.0,24576.0,0,0.940625,8.0,0.000976562,6400000.0,0.93818646037182
64.0,64.0,8.0,13.0,1444.0,1546.0,51274.0,239168.0,0,0.9703125,0.015625,32.0,6400000.0,0.96674948018591
1.0,64.0,4.0,1.0,1.0,1.0,63.0,32.0,0,0.5015625,4096.0,2.0,6400000.0,0.5273919092465753
64.0,64.0,8.0,8.0,1085.0,1115.0,39205.0,170208.0,0,0.959375,0.25,64.0,6400000.0,0.9483656433463796
64.0,64.0,8.0,32.0,1725.0,1815.0,60391.0,282208.0,0,0.984375,0.0,0.00390625,6400000.0,0.9808318554305284
128.0,128.0,1.0,5.0,260.0,256.0,8382.0,24576.0,0,0.940625,4.0,128.0,6400000.0,0.9377950709393346
128.0,128.0,1.0,8.0,263.0,256.0,8447.0,24576.0,0,0.940625,8.0,1.0,6400000.0,0.9389677103718199
64.0,64.0,8.0,31.0,1707.0,1805.0,59826.0,280608.0,0,0.9828125,0.25,0.0625,6400000.0,0.9820060237279844
1.0,64.0,8.0,1.0,1.0,1.0,543.0,32.0,0,0.5015625,1024.0,2.0,6400000.0,0.5273919092465753
64.0,64.0,8.0,5.0,395.0,395.0,15701.0,55008.0,0,0.940625,256.0,32.0,6400000.0,0.9409246575342465
64.0,64.0,4.0,9.0,658.0,658.0,21687.0,97088.0,0,0.9453125,8.0,32.0,6400000.0,0.9550108549412915
128.0,128.0,1.0,5.0,260.0,256.0,8382.0,24576.0,0,0.940625,128.0,2.0,6400000.0,0.9377950709393346
64.0,64.0,4.0,8.0,684.0,693.0,22575.0,102688.0,0,0.9625,64.0,0.015625,6400000.0,0.9507055711839529
64.0,64.0,4.0,5.0,399.0,399.0,13193.0,55648.0,0,0.940625,16.0,256.0,6400000.0,0.9409246575342465
1.0,64.0,8.0,1.0,1.0,1.0,543.0,32.0,0,0.5015625,0.00390625,1024.0,6400000.0,0.5273919092465753
64.0,64.0,8.0,31.0,1720.0,1819.0,60256.0,282848.0,0,0.9828125,0.00195312,0.125,6400000.0,0.9808310909980431
1.0,64.0,8.0,1.0,1.0,1.0,543.0,32.0,0,0.5015625,2.0,32768.0,6400000.0,0.5273919092465753
1.0,128.0,1.0,1.0,1.0,1.0,35.0,32.0,0,0.5015625,8.0,1024.0,6400000.0,0.5273919092465753
1.0,128.0,1.0,1.0,1.0,1.0,35.0,32.0,0,0.5015625,128.0,2048.0,6400000.0,0.5273919092465753
1.0,64.0,8.0,1.0,1.0,1.0,543.0,32.0,0,0.5015625,4096.0,128.0,6400000.0,0.5273919092465753
1.0,64.0,8.0,1.0,1.0,1.0,543.0,32.0,0,0.5015625,1024.0,2048.0,6400000.0,0.5273919092465753
1.0,64.0,4.0,1.0,1.0,1.0,63.0,32.0,0,0.5015625,4096.0,2048.0,6400000.0,0.5273919092465753
1.0,64.0,4.0,1.0,1.0,1.0,63.0,32.0,0,0.5015625,32.0,2048.0,6400000.0,0.5273919092465753
64.0,64.0,8.0,30.0,1782.0,1882.0,62324.0,292928.0,0,0.9875,1.0,0.00390625,6400000.0,0.9804404659980431
1.0,64.0,8.0,1.0,1.0,1.0,543.0,32.0,0,0.5015625,2048.0,16.0,6400000.0,0.5273919092465753
1.0,64.0,8.0,1.0,1.0,1.0,543.0,32.0,0,0.5015625,2048.0,16384.0,6400000.0,0.5273919092465753
64.0,64.0,4.0,9.0,647.0,647.0,21324.0,95328.0,0,0.9625,32.0,2.0,6400000.0,0.9608816964285714
1.0,64.0,8.0,1.0,1.0,1.0,543.0,32.0,0,0.5015625,4096.0,0.125,6400000.0,0.5273919092465753
1.0,128.0,1.0,1.0,1.0,1.0,35.0,32.0,0,0.5015625,1024.0,512.0,6400000.0,0.5273919092465753
1.0,64.0,8.0,1.0,1.0,1.0,543.0,32.0,0,0.5015625,2048.0,0.015625,6400000.0,0.5273919092465753
1.0,64.0,8.0,1.0,1.0,1.0,543.0,32.0,0,0.5015625,32768.0,64.0,6400000.0,0.5273919092465753
1.0,64.0,8.0,1.0,1.0,1.0,543.0,32.0,0,0.5015625,16384.0,8192.0,6400000.0,0.5273919092465753
1.0,64.0,8.0,1.0,1.0,1.0,543.0,32.0,0,0.5015625,8192.0,0.000976562,6400000.0,0.5273919092465753
64.0,64.0,8.0,31.0,1702.0,1801.0,59662.0,279968.0,0,0.984375,0.03125,0.25,6400000.0,0.9808318554305284
128.0,128.0,1.0,8.0,263.0,256.0,8447.0,24576.0,0,0.940625,16.0,0.0078125,6400000.0,0.9377950709393346
1.0,64.0,4.0,1.0,1.0,1.0,63.0,32.0,0,0.5015625,8192.0,16.0,6400000.0,0.5273919092465753
1.0,64.0,8.0,1.0,1.0,1.0,543.0,32.0,0,0.5015625,8192.0,1.0,6400000.0,0.5273919092465753
1.0,64.0,8.0,1.0,1.0,1.0,543.0,32.0,0,0.5015625,16384.0,0.0078125,6400000.0,0.5273919092465753
1.0,64.0,8.0,1.0,1.0,1.0,543.0,32.0,0,0.5015625,16384.0,8.0,6400000.0,0.5273919092465753
1.0,64.0,4.0,1.0,1.0,1.0,63.0,32.0,0,0.5015625,8192.0,0.015625,6400000.0,0.5273919092465753
64.0,64.0,8.0,30.0,1782.0,1882.0,62324.0,292928.0,0,0.9875,0.5,0.5,6400000.0,0.9804404659980431
1.0,64.0,8.0,1.0,1.0,1.0,543.0,32.0,0,0.5015625,8192.0,1024.0,6400000.0,0.5273919092465753
1.0,64.0,8.0,1.0,1.0,1.0,543.0,32.0,0,0.5015625,32768.0,0.0625,6400000.0,0.5273919092465753
128.0,128.0,1.0,8.0,263.0,256.0,8447.0,24576.0,0,0.940625,0.0,0.0,6400000.0,0.9385778498043053
1.0,128.0,1.0,1.0,1.0,1.0,35.0,32.0,0,0.5015625,16.0,8192.0,6400000.0,0.5273919092465753
64.0,64.0,8.0,31.0,1724.0,1818.0,60383.0,282688.0,0,0.9828125,0.0625,0.00195312,6400000.0,0.9792670621330725
1.0,64.0,4.0,1.0,1.0,1.0,63.0,32.0,0,0.5015625,8192.0,16384.0,6400000.0,0.5273919092465753
1.0,64.0,4.0,1.0,1.0,1.0,63.0,32.0,0,0.5015625,64.0,16384.0,6400000.0,0.5273919092465753
128.0,128.0,1.0,5.0,260.0,256.0,8382.0,24576.0,0,0.940625,256.0,0.015625,6400000.0,0.9033657962328766
1.0,128.0,1.0,1.0,1.0,1.0,35.0,32.0,0,0.5015625,0.000976562,4096.0,6400000.0,0.5273919092465753
1.0,64.0,8.0,1.0,1.0,1.0,543.0,32.0,0,0.5015625,0.0078125,8192.0,6400000.0,0.5273919092465753
1.0,64.0,4.0,1.0,1.0,1.0,63.0,32.0,0,0.5015625,16384.0,0.125,6400000.0,0.5273919092465753
64.0,64.0,8.0,5.0,400.0,400.0,15866.0,55808.0,0,0.940625,0.03125,256.0,6400000.0,0.9409246575342465
128.0,128.0,1.0,7.0,262.0,256.0,8405.0,24576.0,0,0.940625,16.0,8.0,6400000.0,0.93818646037182
128.0,128.0,1.0,5.0,260.0,256.0,8382.0,24576.0,0,0.940625,256.0,16.0,6400000.0,0.9033657962328766
128.0,128.0,1.0,8.0,263.0,256.0,8447.0,24576.0,0,0.940625,0.0,0.5,6400000.0,0.93818646037182
1.0,128.0,1.0,1.0,1.0,1.0,35.0,32.0,0,0.5015625,0.0,512.0,6400000.0,0.5273919092465753
128.0,128.0,1.0,8.0,263.0,256.0,8447.0,24576.0,0,0.940625,0.000976562,4.0,6400000.0,0.93818646037182
1.0,128.0,1.0,1.0,1.0,1.0,35.0,32.0,0,0.5015625,0.00195312,32768.0,6400000.0,0.5273919092465753
1.0,128.0,1.0,1.0,1.0,1.0,35.0,32.0,0,0.5015625,0.015625,16384.0,6400000.0,0.5273919092465753
1.0,64.0,4.0,1.0,1.0,1.0,63.0,32.0,0,0.5015625,16384.0,128.0,6400000.0,0.5273919092465753
128.0,128.0,1.0,8.0,263.0,256.0,8447.0,24576.0,0,0.940625,0.000976562,0.00390625,6400000.0,0.9385778498043053
1.0,64.0,4.0,1.0,1.0,1.0,63.0,32.0,0,0.5015625,32768.0,1.0,6400000.0,0.5273919092465753
128.0,128.0,1.0,6.0,261.0,256.0,8394.0,24576.0,0,0.940625,0.00195312,32.0,6400000.0,0.9377950709393346
1.0,128.0,1.0,1.0,1.0,1.0,35.0,32.0,0,0.5015625,0.0078125,2048.0,6400000.0,0.5273919092465753
1.0,128.0,1.0,1.0,1.0,1.0,35.0,32.0,0,0.5015625,2048.0,0.00390625,6400000.0,0.5273919092465753
64.0,64.0,4.0,8.0,651.0,661.0,21487.0,97568.0,0,0.95625,64.0,16.0,6400000.0,0.9417074363992171
1.0,64.0,4.0,1.0,1.0,1.0,63.0,32.0,0,0.5015625,32768.0,0.000976562,6400000.0,0.5273919092465753
128.0,128.0,1.0,8.0,263.0,256.0,8447.0,24576.0,0,0.940625,0.00195312,0.03125,6400000.0,0.9385778498043053
128.0,128.0,1.0,8.0,263.0,256.0,8447.0,24576.0,0,0.940625,0.00390625,0.25,6400000.0,0.93818646037182
1.0,64.0,8.0,1.0,1.0,1.0,543.0,32.0,0,0.5015625,0.0625,2048.0,6400000.0,0.5273919092465753
64.0,64.0,8.0,13.0,1448.0,1554.0,51410.0,240448.0,0,0.96875,2.0,32.0,6400000.0,0.9671408696183953
128.0,128.0,1.0,8.0,263.0,256.0,8447.0,24576.0,0,0.940625,0.0078125,0.00195312,6400000.0,0.9385778498043053
64.0,64.0,8.0,25.0,1701.0,1825.0,59780.0,283808.0,0,0.98125,2.0,0.03125,6400000.0,0.9808310909980431
128.0,128.0,1.0,6.0,261.0,256.0,8394.0,24576.0,0,0.940625,32.0,0.0625,6400000.0,0.9377950709393346
128.0,128.0,1.0,5.0,260.0,256.0,8382.0,24576.0,0,0.940625,32.0,64.0,6400000.0,0.93818646037182
64.0,64.0,4.0,6.0,537.0,538.0,17758.0,77888.0,0,0.940625,128.0,0.125,6400000.0,0.9409246575342465
128.0,128.0,1.0,5.0,260.0,256.0,8382.0,24576.0,0,0.940625,0.03125,128.0,6400000.0,0.93818646037182
64.0,64.0,4.0,5.0,400.0,400.0,13226.0,55808.0,0,0.940625,256.0,0.000976562,6400000.0,0.9409246575342465
128.0,128.0,1.0,8.0,263.0,256.0,8447.0,24576.0,0,0.940625,0.0625,0.000976562,6400000.0,0.9385778498043053
1.0,64.0,8.0,1.0,1.0,1.0,543.0,32.0,0,0.5015625,8.0,2048.0,6400000.0,0.5273919092465753
1.0,64.0,8.0,1.0,1.0,1.0,543.0,32.0,0,0.5015625,0.0,4096.0,6400000.0,0.5273919092465753
64.0,64.0,8.0,21.0,1706.0,1832.0,60031.0,284928.0,0,0.98125,1.0,4.0,6400000.0,0.9765258072407045
128.0,128.0,1.0,8.0,263.0,256.0,8447.0,24576.0,0,0.940625,0.015625,0.015625,6400000.0,0.9385778498043053
128.0,128.0,1.0,8.0,263.0,256.0,8447.0,24576.0,0,0.940625,0.0078125,2.0,6400000.0,0.93818646037182
1.0,64.0,8.0,1.0,1.0,1.0,543.0,32.0,0,0.5015625,0.125,16384.0,6400000.0,0.5273919092465753
1.0,64.0,8.0,1.0,1.0,1.0,543.0,32.0,0,0.5015625,0.000976562,32768.0,6400000.0,0.5273919092465753
128.0,128.0,1.0,8.0,263.0,256.0,8447.0,24576.0,0,0.940625,0.03125,0.125,6400000.0,0.9385778498043053
128.0,128.0,1.0,5.0,260.0,256.0,8382.0,24576.0,0,0.940625,0.00390625,256.0,6400000.0,0.9033657962328766
1.0,64.0,4.0,1.0,1.0,1.0,63.0,32.0,0,0.5015625,32768.0,1024.0,6400000.0,0.5273919092465753
1.0,128.0,1.0,1.0,1.0,1.0,35.0,32.0,0,0.5015625,0.0625,1024.0,6400000.0,0.5273919092465753
128.0,128.0,1.0,8.0,263.0,256.0,8447.0,24576.0,0,0.940625,0.015625,16.0,6400000.0,0.9377950709393346
128.0,128.0,1.0,5.0,260.0,256.0,8382.0,24576.0,0,0.940625,64.0,0.0,6400000.0,0.93818646037182
1.0,64.0,8.0,1.0,1.0,1.0,543.0,32.0,0,0.5015625,16.0,16384.0,6400000.0,0.5273919092465753
1.0,128.0,1.0,1.0,1.0,1.0,35.0,32.0,0,0.5015625,256.0,16384.0,6400000.0,0.5273919092465753
1.0,64.0,4.0,1.0,1.0,1.0,63.0,32.0,0,0.5015625,512.0,0.0078125,6400000.0,0.5273919092465753
64.0,64.0,4.0,5.0,400.0,400.0,13226.0,55808.0,0,0.940625,128.0,128.0,6400000.0,0.9409246575342465
1.0,128.0,1.0,1.0,1.0,1.0,35.0,32.0,0,0.5015625,0.125,8192.0,6400000.0,0.5273919092465753
64.0,64.0,8.0,30.0,1782.0,1882.0,62324.0,292928.0,0,0.9875,0.00390625,1.0,6400000.0,0.9804404659980431
64.0,64.0,8.0,31.0,1730.0,1821.0,60578.0,283168.0,0,0.9828125,0.03125,0.0,6400000.0,0.9788749082681019
1.0,128.0,1.0,1.0,1.0,1.0,35.0,32.0,0,0.5015625,2048.0,4.0,6400000.0,0.5273919092465753
128.0,128.0,1.0,8.0,263.0,256.0,8447.0,24576.0,0,0.940625,0.125,0.0078125,6400000.0,0.9385778498043053
128.0,128.0,1.0,8.0,263.0,256.0,8447.0,24576.0,0,0.940625,0.0625,1.0,6400000.0,0.93818646037182
64.0,64.0,8.0,25.0,1701.0,1825.0,59780.0,283808.0,0,0.98125,0.0625,2.0,6400000.0,0.9808310909980431
1.0,128.0,1.0,1.0,1.0,1.0,35.0,32.0,0,0.5015625,512.0,0.125,6400000.0,0.5273919092465753
128.0,128.0,1.0,5.0,260.0,256.0,8382.0,24576.0,0,0.940625,64.0,0.5,6400000.0,0.93818646037182
1.0,128.0,1.0,1.0,1.0,1.0,35.0,32.0,0,0.5015625,512.0,128.0,6400000.0,0.5273919092465753
64.0,64.0,4.0,5.0,400.0,400.0,13226.0,55808.0,0,0.940625,256.0,1.0,6400000.0,0.9409246575342465
64.0,64.0,8.0,5.0,400.0,400.0,15866.0,55808.0,0,0.940625,4.0,256.0,6400000.0,0.9409246575342465
128.0,128.0,1.0,8.0,263.0,256.0,8447.0,24576.0,0,0.940625,0.125,8.0,6400000.0,0.93818646037182
1.0,128.0,1.0,1.0,1.0,1.0,35.0,32.0,0,0.5015625,1024.0,0.000976562,6400000.0,0.5273919092465753
128.0,128.0,1.0,8.0,263.0,256.0,8447.0,24576.0,0,0.940625,0.5,0.0,6400000.0,0.93818646037182
64.0,64.0,8.0,31.0,1726.0,1815.0,60444.0,282208.0,0,0.984375,0.0078125,0.0078125,6400000.0,0.9788749082681019
64.0,64.0,8.0,19.0,1527.0,1683.0,54196.0,261088.0,0,0.9765625,8.0,0.00195312,6400000.0,0.9749625428082191
64.0,64.0,8.0,24.0,1745.0,1865.0,61249.0,290208.0,0,0.984375,4.0,0.25,6400000.0,0.9788741438356163
128.0,128.0,1.0,8.0,263.0,256.0,8447.0,24576.0,0,0.940625,0.25,0.0625,6400000.0,0.93818646037182
128.0,128.0,1.0,5.0,260.0,256.0,8382.0,24576.0,0,0.940625,0.25,64.0,6400000.0,0.93818646037182
1.0,128.0,1.0,1.0,1.0,1.0,35.0,32.0,0,0.5015625,2048.0,4096.0,6400000.0,0.5273919092465753
1.0,64.0,4.0,1.0,1.0,1.0,63.0,32.0,0,0.5015625,256.0,1024.0,6400000.0,0.5273919092465753
64.0,64.0,8.0,25.0,1723.0,1844.0,60503.0,286848.0,0,0.9859375,0.0,4.0,6400000.0,0.9796553938356165
128.0,128.0,1.0,8.0,263.0,256.0,8447.0,24576.0,0,0.940625,0.5,0.5,6400000.0,0.93818646037182
1.0,64.0,4.0,1.0,1.0,1.0,63.0,32.0,0,0.5015625,512.0,8192.0,6400000.0,0.5273919092465753
1.0,128.0,1.0,1.0,1.0,1.0,35.0,32.0,0,0.5015625,4096.0,0.03125,6400000.0,0.5273919092465753
1.0,128.0,1.0,1.0,1.0,1.0,35.0,32.0,0,0.5015625,4096.0,32.0,6400000.0,0.5273919092465753
1.0,64.0,4.0,1.0,1.0,1.0,63.0,32.0,0,0.5015625,512.0,8.0,6400000.0,0.5273919092465753
1.0,128.0,1.0,1.0,1.0,1.0,35.0,32.0,0,0.5015625,64.0,512.0,6400000.0,0.5273919092465753
1.0,64.0,8.0,1.0,1.0,1.0,543.0,32.0,0,0.5015625,64.0,1024.0,6400000.0,0.5273919092465753
1.0,128.0,1.0,1.0,1.0,1.0,35.0,32.0,0,0.5015625,1.0,4096.0,6400000.0,0.5273919092465753
1.0,128.0,1.0,1.0,1.0,1.0,35.0,32.0,0,0.5015625,0.5,512.0,6400000.0,0.5273919092465753
64.0,64.0,8.0,8.0,1110.0,1143.0,40033.0,174688.0,0,0.959375,64.0,0.000976562,6400000.0,0.961271556996086
64.0,64.0,8.0,13.0,1477.0,1576.0,52360.0,243968.0,0,0.9703125,16.0,0.015625,6400000.0,0.9694876773483365
128.0,128.0,1.0,5.0,260.0,256.0,8382.0,24576.0,0,0.940625,128.0,0.00390625,6400000.0,0.93818646037182
64.0,64.0,8.0,8.0,980.0,979.0,35453.0,148448.0,0,0.959375,128.0,0.0078125,6400000.0,0.9409246575342465
64.0,64.0,8.0,13.0,1444.0,1546.0,51274.0,239168.0,0,0.9703125,16.0,16.0,6400000.0,0.96674948018591
64.0,64.0,8.0,31.0,1727.0,1818.0,60479.0,282688.0,0,0.984375,0.00390625,0.00195312,6400000.0,0.9808318554305284
1.0,64.0,8.0,1.0,1.0,1.0,543.0,32.0,0,0.5015625,128.0,8192.0,6400000.0,0.5273919092465753
128.0,128.0,1.0,8.0,263.0,256.0,8447.0,24576.0,0,0.940625,1.0,4.0,6400000.0,0.93818646037182
64.0,64.0,8.0,13.0,1445.0,1547.0,51307.0,239328.0,0,0.9703125,32.0,0.125,6400000.0,0.9671408696183953
64.0,64.0,8.0,18.0,1381.0,1520.0,49382.0,235008.0,0,0.975,8.0,2.0,6400000.0,0.9761336533757339
64.0,64.0,8.0,5.0,400.0,400.0,15866.0,55808.0,0,0.940625,32.0,128.0,6400000.0,0.9409246575342465
1.0,128.0,1.0,1.0,1.0,1.0,35.0,32.0,0,0.5015625,2.0,32768.0,6400000.0,0.5273919092465753
64.0,64.0,8.0,31.0,1707.0,1804.0,59825.0,280448.0,0,0.9875,0.125,0.015625,6400000.0,0.9812232448630137
128.0,128.0,1.0,8.0,263.0,256.0,8447.0,24576.0,0,0.940625,1.0,0.00390625,6400000.0,0.93818646037182
128.0,128.0,1.0,6.0,261.0,256.0,8394.0,24576.0,0,0.940625,2.0,32.0,6400000.0,0.9377950709393346
64.0,64.0,8.0,30.0,1719.0,1817.0,60243.0,282528.0,0,0.984375,0.5,0.000976562,6400000.0,0.9808326198630137
1.0,64.0,4.0,1.0,1.0,1.0,63.0,32.0,0,0.5015625,2048.0,0.5,6400000.0,0.5273919092465753
64.0,64.0,8.0,8.0,498.0,495.0,19289.0,71008.0,0,0.95625,128.0,8.0,6400000.0,0.9409246575342465
1.0,64.0,4.0,1.0,1.0,1.0,63.0,32.0,0,0.5015625,1024.0,64.0,6400000.0,0.5273919092465753
64.0,64.0,8.0,16.0,1525.0,1620.0,53877.0,251008.0,0,0.9765625,0.125,16.0,6400000.0,0.9683135090508805
1.0,128.0,1.0,1.0,1.0,1.0,35.0,32.0,0,0.5015625,4096.0,32768.0,6400000.0,0.5273919092465753
1.0,64.0,4.0,1.0,1.0,1.0,63.0,32.0,0,0.5015625,2048.0,512.0,6400000.0,0.5273919092465753
1.0,64.0,4.0,1.0,1.0,1.0,63.0,32.0,0,0.5015625,1024.0,0.0625,6400000.0,0.5273919092465753
64.0,64.0,8.0,19.0,1527.0,1683.0,54196.0,261088.0,0,0.9765625,0.0078125,8.0,6400000.0,0.9761367111056751
1.0,64.0,8.0,1.0,1.0,1.0,543.0,32.0,0,0.5015625,1024.0,0.00390625,6400000.0,0.5273919092465753
1.0,64.0,8.0,1.0,1.0,1.0,543.0,32.0,0,0.5015625,512.0,0.5,6400000.0,0.5273919092465753
1.0,64.0,8.0,1.0,1.0,1.0,543.0,32.0,0,0.5015625,512.0,512.0,6400000.0,0.5273919092465753
128.0,128.0,1.0,8.0,263.0,256.0,8447.0,24576.0,0,0.940625,2.0,0.03125,6400000.0,0.93818646037182
1.0,64.0,4.0,1.0,1.0,1.0,63.0,32.0,0,0.5015625,4096.0,0.00390625,6400000.0,0.5273919092465753
1.0,128.0,1.0,1.0,1.0,1.0,35.0,32.0,0,0.5015625,1024.0,1.0,6400000.0,0.5273919092465753
1.0,64.0,8.0,1.0,1.0,1.0,543.0,32.0,0,0.5015625,512.0,0.0,6400000.0,0.5273919092465753
1.0,64.0,8.0,1.0,1.0,1.0,543.0,32.0,0,0.5015625,0.5,1024.0,6400000.0,0.5273919092465753
64.0,64.0,8.0,5.0,400.0,400.0,15866.0,55808.0,0,0.940625,256.0,0.0625,6400000.0,0.9409246575342465
1.0,64.0,8.0,1.0,1.0,1.0,543.0,32.0,0,0.5015625,1.0,8192.0,6400000.0,0.5273919092465753
1.0,128.0,1.0,1.0,1.0,1.0,35.0,32.0,0,0.5015625,8192.0,0.25,6400000.0,0.5273919092465753
128.0,128.0,1.0,8.0,263.0,256.0,8447.0,24576.0,0,0.940625,4.0,0.25,6400000.0,0.93818646037182
1.0,64.0,4.0,1.0,1.0,1.0,63.0,32.0,0,0.5015625,4096.0,4.0,6400000.0,0.5273919092465753
128.0,128.0,1.0,8.0,263.0,256.0,8447.0,24576.0,0,0.940625,8.0,0.00195312,6400000.0,0.93818646037182
1.0,64.0,4.0,1.0,1.0,1.0,63.0,32.0,0,0.5015625,2048.0,0.0,6400000.0,0.5273919092465753
64.0,64.0,8.0,5.0,400.0,400.0,15866.0,55808.0,0,0.940625,0.00195312,256.0,6400000.0,0.9409246575342465
64.0,64.0,8.0,31.0,1730.0,1821.0,60578.0,283168.0,0,0.9828125,0.000976562,0.03125,6400000.0,0.9784842832681019
64.0,64.0,8.0,31.0,1724.0,1818.0,60383.0,282688.0,0,0.9828125,0.015625,0.0625,6400000.0,0.9804412304305284
1.0,128.0,1.0,1.0,1.0,1.0,35.0,32.0,0,0.5015625,8192.0,256.0,6400000.0,0.5273919092465753
128.0,128.0,1.0,8.0,263.0,256.0,8447.0,24576.0,0,0.940625,8.0,2.0,6400000.0,0.93818646037182
64.0,64.0,8.0,13.0,1444.0,1546.0,51274.0,239168.0,0,0.9703125,0.000976562,32.0,6400000.0,0.96674948018591
1.0,64.0,8.0,1.0,1.0,1.0,543.0,32.0,0,0.5015625,1024.0,4.0,6400000.0,0.5273919092465753
1.0,64.0,8.0,1.0,1.0,1.0,543.0,32.0,0,0.5015625,0.00390625,2048.0,6400000.0,0.5273919092465753
1.0,128.0,1.0,1.0,1.0,1.0,35.0,32.0,0,0.5015625,16384.0,0.00195312,6400000.0,0.5273919092465753
64.0,64.0,8.0,8.0,1085.0,1115.0,39205.0,170208.0,0,0.959375,0.015625,64.0,6400000.0,0.9483656433463796
128.0,128.0,1.0,5.0,260.0,256.0,8382.0,24576.0,0,0.940625,128.0,4.0,6400000.0,0.9377950709393346
64.0,64.0,8.0,8.0,1107.0,1140.0,39934.0,174208.0,0,0.959375,64.0,1.0,6400000.0,0.9569662732387474
64.0,64.0,8.0,8.0,812.0,814.0,29943.0,122048.0,0,0.959375,0.25,128.0,6400000.0,0.9409246575342465
64.0,64.0,8.0,5.0,473.0,479.0,18281.0,68448.0,0,0.940625,256.0,64.0,6400000.0,0.9409246575342465
1.0,128.0,1.0,1.0,1.0,1.0,35.0,32.0,0,0.5015625,16384.0,2.0,6400000.0,0.5273919092465753
128.0,128.0,1.0,5.0,260.0,256.0,8382.0,24576.0,0,0.940625,4.0,256.0,6400000.0,0.9033657962328766
1.0,64.0,8.0,1.0,1.0,1.0,543.0,32.0,0,0.5015625,2048.0,32.0,6400000.0,0.5273919092465753
1.0,128.0,1.0,1.0,1.0,1.0,35.0,32.0,0,0.5015625,8.0,2048.0,6400000.0,0.5273919092465753
1.0,64.0,4.0,1.0,1.0,1.0,63.0,32.0,0,0.5015625,4096.0,4096.0,6400000.0,0.5273919092465753
1.0,128.0,1.0,1.0,1.0,1.0,35.0,32.0,0,0.5015625,128.0,4096.0,6400000.0,0.5273919092465753
1.0,64.0,8.0,1.0,1.0,1.0,543.0,32.0,0,0.5015625,4096.0,256.0,6400000.0,0.5273919092465753
1.0,64.0,8.0,1.0,1.0,1.0,543.0,32.0,0,0.5015625,2048.0,32768.0,6400000.0,0.5273919092465753
1.0,64.0,8.0,1.0,1.0,1.0,543.0,32.0,0,0.5015625,1024.0,4096.0,6400000.0,0.5273919092465753
1.0,128.0,1.0,1.0,1.0,1.0,35.0,32.0,0,0.5015625,16384.0,2048.0,6400000.0,0.5273919092465753
1.0,64.0,8.0,1.0,1.0,1.0,543.0,32.0,0,0.5015625,4096.0,0.25,6400000.0,0.5273919092465753
64.0,64.0,8.0,31.0,1727.0,1818.0,60479.0,282688.0,0,0.984375,0.0,0.0078125,6400000.0,0.9800490765655578
1.0,64.0,8.0,1.0,1.0,1.0,543.0,32.0,0,0.5015625,2048.0,0.03125,6400000.0,0.5273919092465753
1.0,64.0,8.0,1.0,1.0,1.0,543.0,32.0,0,0.5015625,32768.0,128.0,6400000.0,0.5273919092465753
64.0,64.0,8.0,25.0,1723.0,1844.0,60503.0,286848.0,0,0.9859375,4.0,0.0,6400000.0,0.9796553938356165
1.0,128.0,1.0,1.0,1.0,1.0,35.0,32.0,0,0.5015625,32768.0,0.015625,6400000.0,0.5273919092465753
1.0,128.0,1.0,1.0,1.0,1.0,35.0,32.0,0,0.5015625,1024.0,1024.0,6400000.0,0.5273919092465753
1.0,64.0,8.0,1.0,1.0,1.0,543.0,32.0,0,0.5015625,16384.0,16384.0,6400000.0,0.5273919092465753
1.0,64.0,8.0,1.0,1.0,1.0,543.0,32.0,0,0.5015625,8192.0,0.00195312,6400000.0,0.5273919092465753
64.0,64.0,8.0,31.0,1707.0,1806.0,59827.0,280768.0,0,0.9890625,0.25,0.125,6400000.0,0.9808318554305284
1.0,64.0,4.0,1.0,1.0,1.0,63.0,32.0,0,0.5015625,8192.0,32.0,6400000.0,0.5273919092465753
1.0,64.0,8.0,1.0,1.0,1.0,543.0,32.0,0,0.5015625,16384.0,0.015625,6400000.0,0.5273919092465753
1.0,64.0,4.0,1.0,1.0,1.0,63.0,32.0,0,0.5015625,8192.0,0.03125,6400000.0,0.5273919092465753
1.0,64.0,8.0,1.0,1.0,1.0,543.0,32.0,0,0.5015625,8192.0,2048.0,6400000.0,0.5273919092465753
1.0,64.0,8.0,1.0,1.0,1.0,543.0,32.0,0,0.5015625,16384.0,16.0,6400000.0,0.5273919092465753
1.0,64.0,8.0,1.0,1.0,1.0,543.0,32.0,0,0.5015625,8192.0,2.0,6400000.0,0.5273919092465753
128.0,128.0,1.0,8.0,263.0,256.0,8447.0,24576.0,0,0.940625,16.0,0.015625,6400000.0,0.9377950709393346
1.0,128.0,1.0,1.0,1.0,1.0,35.0,32.0,0,0.5015625,16.0,16384.0,6400000.0,0.5273919092465753
64.0,64.0,8.0,31.0,1702.0,1801.0,59662.0,279968.0,0,0.984375,0.00195312,0.25,6400000.0,0.9812224804305284
1.0,128.0,1.0,1.0,1.0,1.0,35.0,32.0,0,0.5015625,32768.0,16.0,6400000.0,0.5273919092465753
64.0,64.0,8.0,30.0,1782.0,1882.0,62324.0,292928.0,0,0.9875,1.0,0.0078125,6400000.0,0.9804404659980431
1.0,64.0,8.0,1.0,1.0,1.0,543.0,32.0,0,0.5015625,32768.0,0.125,6400000.0,0.5273919092465753
1.0,64.0,4.0,1.0,1.0,1.0,63.0,32.0,0,0.5015625,8192.0,32768.0,6400000.0,0.5273919092465753
128.0,128.0,1.0,8.0,263.0,256.0,8447.0,24576.0,0,0.940625,0.0,0.000976562,6400000.0,0.9385778498043053
1.0,64.0,4.0,1.0,1.0,1.0,63.0,32.0,0,0.5015625,16384.0,0.25,6400000.0,0.5273919092465753
1.0,128.0,1.0,1.0,1.0,1.0,35.0,32.0,0,0.5015625,0.000976562,8192.0,6400000.0,0.5273919092465753
64.0,64.0,8.0,30.0,1719.0,1817.0,60243.0,282528.0,0,0.984375,0.03125,0.5,6400000.0,0.9804404659980431
128.0,128.0,1.0,5.0,260.0,256.0,8382.0,24576.0,0,0.940625,256.0,0.03125,6400000.0,0.9033657962328766
1.0,64.0,8.0,1.0,1.0,1.0,543.0,32.0,0,0.5015625,0.03125,512.0,6400000.0,0.5273919092465753
1.0,64.0,8.0,1.0,1.0,1.0,543.0,32.0,0,0.5015625,0.0078125,16384.0,6400000.0,0.5273919092465753
128.0,128.0,1.0,6.0,261.0,256.0,8394.0,24576.0,0,0.940625,16.0,16.0,6400000.0,0.9377950709393346
64.0,64.0,8.0,26.0,1693.0,1828.0,59506.0,284288.0,0,0.984375,0.5,1.0,6400000.0,0.9808310909980431
1.0,64.0,4.0,1.0,1.0,1.0,63.0,32.0,0,0.5015625,16384.0,256.0,6400000.0,0.5273919092465753
1.0,128.0,1.0,1.0,1.0,1.0,35.0,32.0,0,0.5015625,0.0,1024.0,6400000.0,0.5273919092465753
128.0,128.0,1.0,4.0,259.0,256.0,8371.0,24576.0,0,0.9078125,256.0,32.0,6400000.0,0.9033657962328766
128.0,128.0,1.0,8.0,263.0,256.0,8447.0,24576.0,0,0.940625,0.0,1.0,6400000.0,0.93818646037182
1.0,128.0,1.0,1.0,1.0,1.0,35.0,32.0,0,0.5015625,0.015625,32768.0,6400000.0,0.5273919092465753
128.0,128.0,1.0,8.0,263.0,256.0,8447.0,24576.0,0,0.940625,0.00390625,0.0,6400000.0,0.9385778498043053
64.0,64.0,8.0,31.0,1724.0,1818.0,60383.0,282688.0,0,0.9828125,0.0625,0.00390625,6400000.0,0.9800498409980432
1.0,128.0,1.0,1.0,1.0,1.0,35.0,32.0,0,0.5015625,0.0078125,4096.0,6400000.0,0.5273919092465753
1.0,64.0,4.0,1.0,1.0,1.0,63.0,32.0,0,0.5015625,32768.0,2.0,6400000.0,0.5273919092465753
128.0,128.0,1.0,8.0,263.0,256.0,8447.0,24576.0,0,0.940625,0.000976562,8.0,6400000.0,0.93818646037182
128.0,128.0,1.0,8.0,263.0,256.0,8447.0,24576.0,0,0.940625,0.000976562,0.0078125,6400000.0,0.9385778498043053
1.0,128.0,1.0,1.0,1.0,1.0,35.0,32.0,0,0.5015625,32768.0,16384.0,6400000.0,0.5273919092465753
128.0,128.0,1.0,5.0,260.0,256.0,8382.0,24576.0,0,0.940625,0.00195312,64.0,6400000.0,0.93818646037182
1.0,128.0,1.0,1.0,1.0,1.0,35.0,32.0,0,0.5015625,2048.0,0.0078125,6400000.0,0.5273919092465753
1.0,64.0,4.0,1.0,1.0,1.0,63.0,32.0,0,0.5015625,32768.0,0.00195312,6400000.0,0.5273919092465753
128.0,128.0,1.0,8.0,263.0,256.0,8447.0,24576.0,0,0.940625,0.00390625,0.5,6400000.0,0.93818646037182
128.0,128.0,1.0,8.0,263.0,256.0,8447.0,24576.0,0,0.940625,0.00195312,0.0625,6400000.0,0.9385778498043053
1.0,64.0,8.0,1.0,1.0,1.0,543.0,32.0,0,0.5015625,0.0625,4096.0,6400000.0,0.5273919092465753
128.0,128.0,1.0,8.0,263.0,256.0,8447.0,24576.0,0,0.940625,0.0078125,0.00390625,6400000.0,0.9385778498043053
1.0,64.0,8.0,1.0,1.0,1.0,543.0,32.0,0,0.5015625,8.0,4096.0,6400000.0,0.5273919092465753
1.0,64.0,8.0,1.0,1.0,1.0,543.0,32.0,0,0.5015625,0.125,32768.0,6400000.0,0.5273919092465753
1.0,64.0,8.0,1.0,1.0,1.0,543.0,32.0,0,0.5015625,0.0,8192.0,6400000.0,0.5273919092465753
128.0,128.0,1.0,5.0,260.0,256.0,8382.0,24576.0,0,0.940625,32.0,128.0,6400000.0,0.93818646037182
128.0,128.0,1.0,6.0,261.0,256.0,8394.0,24576.0,0,0.940625,32.0,0.125,6400000.0,0.9377950709393346
128.0,128.0,1.0,8.0,263.0,256.0,8447.0,24576.0,0,0.940625,0.0078125,4.0,6400000.0,0.93818646037182
128.0,128.0,2.0,22.0,531.0,509.0,16983.0,65056.0,0,0.9484375,0.0,0.125,6400000.0,0.9499212634540118
1.0,64.0,4.0,1.0,1.0,1.0,63.0,32.0,0,0.5015625,32768.0,2048.0,6400000.0,0.5273919092465753
128.0,128.0,1.0,8.0,263.0,256.0,8447.0,24576.0,0,0.940625,0.0625,0.00195312,6400000.0,0.9385778498043053
64.0,64.0,8.0,8.0,1090.0,1120.0,39370.0,171008.0,0,0.959375,2.0,64.0,6400000.0,0.9483656433463796
128.0,128.0,2.0,6.0,468.0,463.0,15251.0,57696.0,0,0.940625,0.0,128.0,6400000.0,0.9409246575342465
128.0,128.0,1.0,5.0,260.0,256.0,8382.0,24576.0,0,0.940625,0.03125,256.0,6400000.0,0.9033657962328766
1.0,128.0,1.0,1.0,1.0,1.0,35.0,32.0,0,0.5015625,0.00390625,512.0,6400000.0,0.5273919092465753
1.0,128.0,1.0,1.0,1.0,1.0,35.0,32.0,0,0.5015625,256.0,32768.0,6400000.0,0.5273919092465753
128.0,128.0,1.0,8.0,263.0,256.0,8447.0,24576.0,0,0.940625,0.015625,0.03125,6400000.0,0.9385778498043053
128.0,128.0,1.0,8.0,263.0,256.0,8447.0,24576.0,0,0.940625,0.03125,0.25,6400000.0,0.93818646037182
1.0,128.0,1.0,1.0,1.0,1.0,35.0,32.0,0,0.5015625,0.0625,2048.0,6400000.0,0.5273919092465753
128.0,128.0,1.0,6.0,261.0,256.0,8394.0,24576.0,0,0.940625,0.015625,32.0,6400000.0,0.9377950709393346
1.0,64.0,8.0,1.0,1.0,1.0,543.0,32.0,0,0.5015625,16.0,32768.0,6400000.0,0.5273919092465753
64.0,64.0,8.0,32.0,1725.0,1815.0,60391.0,282208.0,0,0.984375,0.00195312,0.0,6400000.0,0.9808318554305284
64.0,64.0,8.0,25.0,1701.0,1825.0,59780.0,283808.0,0,0.98125,2.0,0.0625,6400000.0,0.9808310909980431
128.0,128.0,1.0,5.0,260.0,256.0,8382.0,24576.0,0,0.940625,64.0,0.000976562,6400000.0,0.93818646037182
1.0,128.0,1.0,1.0,1.0,1.0,35.0,32.0,0,0.5015625,0.125,16384.0,6400000.0,0.5273919092465753
1.0,128.0,1.0,1.0,1.0,1.0,35.0,32.0,0,0.5015625,2048.0,8.0,6400000.0,0.5273919092465753
64.0,64.0,8.0,18.0,1475.0,1633.0,52503.0,253088.0,0,0.975,1.0,8.0,6400000.0,0.9757453216731898
128.0,128.0,2.0,20.0,529.0,509.0,16961.0,65056.0,0,0.9484375,0.000976562,1.0,6400000.0,0.9479666095890412
128.0,128.0,1.0,8.0,263.0,256.0,8447.0,24576.0,0,0.940625,0.0625,2.0,6400000.0,0.93818646037182
128.0,128.0,2.0,22.0,531.0,509.0,16983.0,65056.0,0,0.9484375,0.000976562,0.000976562,6400000.0,0.9491407778864971
1.0,128.0,1.0,1.0,1.0,1.0,35.0,32.0,0,0.5015625,512.0,256.0,6400000.0,0.5273919092465753
1.0,128.0,1.0,1.0,1.0,1.0,35.0,32.0,0,0.5015625,512.0,0.25,6400000.0,0.5273919092465753
128.0,128.0,1.0,8.0,263.0,256.0,8447.0,24576.0,0,0.940625,0.125,0.015625,6400000.0,0.9385778498043053
128.0,128.0,1.0,5.0,260.0,256.0,8382.0,24576.0,0,0.940625,64.0,1.0,6400000.0,0.93818646037182
64.0,64.0,8.0,26.0,1700.0,1831.0,59733.0,284768.0,0,0.9890625,0.00390625,2.0,6400000.0,0.9800490765655578
1.0,128.0,1.0,1.0,1.0,1.0,35.0,32.0,0,0.5015625,1024.0,0.00195312,6400000.0,0.5273919092465753
64.0,64.0,8.0,31.0,1730.0,1821.0,60578.0,283168.0,0,0.9828125,0.03125,0.000976562,6400000.0,0.9784842832681019
1.0,64.0,8.0,1.0,1.0,1.0,543.0,32.0,0,0.5015625,4.0,512.0,6400000.0,0.5273919092465753
128.0,128.0,1.0,8.0,263.0,256.0,8447.0,24576.0,0,0.940625,0.125,16.0,6400000.0,0.9377950709393346
64.0,64.0,8.0,24.0,1724.0,1846.0,60558.0,287168.0,0,0.984375,0.0625,4.0,6400000.0,0.9800490765655576
128.0,128.0,1.0,8.0,263.0,256.0,8447.0,24576.0,0,0.940625,0.5,0.000976562,6400000.0,0.93818646037182
1.0,128.0,2.0,1.0,1.0,1.0,39.0,32.0,0,0.5015625,0.000976562,1024.0,6400000.0,0.5273919092465753
1.0,128.0,1.0,1.0,1.0,1.0,35.0,32.0,0,0.5015625,2048.0,8192.0,6400000.0,0.5273919092465753
128.0,128.0,1.0,8.0,263.0,256.0,8447.0,24576.0,0,0.940625,0.25,0.125,6400000.0,0.93818646037182
128.0,128.0,1.0,5.0,260.0,256.0,8382.0,24576.0,0,0.940625,0.25,128.0,6400000.0,0.9377950709393346
1.0,128.0,1.0,1.0,1.0,1.0,35.0,32.0,0,0.5015625,4096.0,64.0,6400000.0,0.5273919092465753
1.0,128.0,1.0,1.0,1.0,1.0,35.0,32.0,0,0.5015625,4096.0,0.0625,6400000.0,0.5273919092465753
128.0,128.0,1.0,8.0,263.0,256.0,8447.0,24576.0,0,0.940625,0.5,1.0,6400000.0,0.93818646037182
1.0,128.0,1.0,1.0,1.0,1.0,35.0,32.0,0,0.5015625,64.0,1024.0,6400000.0,0.5273919092465753
1.0,64.0,8.0,1.0,1.0,1.0,543.0,32.0,0,0.5015625,64.0,2048.0,6400000.0,0.5273919092465753
128.0,128.0,2.0,22.0,531.0,509.0,16983.0,65056.0,0,0.9484375,0.00195312,0.0078125,6400000.0,0.9491407778864971
64.0,64.0,8.0,19.0,1527.0,1683.0,54196.0,261088.0,0,0.9765625,8.0,0.00390625,6400000.0,0.9737883745107633
64.0,64.0,8.0,31.0,1725.0,1817.0,60414.0,282528.0,0,0.984375,0.0078125,0.015625,6400000.0,0.9784835188356166
128.0,128.0,2.0,14.0,522.0,508.0,16859.0,64896.0,0,0.9484375,0.00195312,8.0,6400000.0,0.9518805039138943
1.0,128.0,1.0,1.0,1.0,1.0,35.0,32.0,0,0.5015625,0.5,1024.0,6400000.0,0.5273919092465753
1.0,128.0,1.0,1.0,1.0,1.0,35.0,32.0,0,0.5015625,1.0,8192.0,6400000.0,0.5273919092465753
64.0,64.0,8.0,19.0,1527.0,1683.0,54196.0,261088.0,0,0.9765625,0.0,8.0,6400000.0,0.9749625428082191
64.0,64.0,8.0,24.0,1747.0,1867.0,61315.0,290528.0,0,0.9828125,4.0,0.5,6400000.0,0.9777007399706459
128.0,128.0,1.0,5.0,260.0,256.0,8382.0,24576.0,0,0.940625,128.0,0.0078125,6400000.0,0.93818646037182
64.0,64.0,8.0,8.0,980.0,979.0,35453.0,148448.0,0,0.959375,128.0,0.015625,6400000.0,0.9409246575342465
1.0,64.0,8.0,1.0,1.0,1.0,543.0,32.0,0,0.5015625,128.0,16384.0,6400000.0,0.5273919092465753
64.0,64.0,8.0,8.0,1110.0,1143.0,40033.0,174688.0,0,0.959375,64.0,0.00195312,6400000.0,0.961271556996086
128.0,128.0,1.0,8.0,263.0,256.0,8447.0,24576.0,0,0.940625,1.0,8.0,6400000.0,0.9389677103718199
64.0,64.0,8.0,5.0,395.0,395.0,15701.0,55008.0,0,0.940625,32.0,256.0,6400000.0,0.9409246575342465
64.0,64.0,8.0,13.0,1477.0,1576.0,52360.0,243968.0,0,0.9703125,16.0,0.03125,6400000.0,0.9694876773483365
1.0,128.0,2.0,1.0,1.0,1.0,39.0,32.0,0,0.5015625,0.00195312,8192.0,6400000.0,0.5273919092465753
128.0,128.0,2.0,22.0,531.0,509.0,16983.0,65056.0,0,0.9484375,0.00390625,0.0625,6400000.0,0.9499235567514678
128.0,128.0,1.0,8.0,263.0,256.0,8447.0,24576.0,0,0.940625,1.0,0.0078125,6400000.0,0.93818646037182
128.0,128.0,1.0,8.0,263.0,256.0,8447.0,24576.0,0,0.940625,4.0,0.0,6400000.0,0.93818646037182
1.0,64.0,8.0,1.0,1.0,1.0,543.0,32.0,0,0.5015625,512.0,1.0,6400000.0,0.5273919092465753
128.0,128.0,1.0,5.0,260.0,256.0,8382.0,24576.0,0,0.940625,2.0,64.0,6400000.0,0.93818646037182
1.0,64.0,8.0,1.0,1.0,1.0,543.0,32.0,0,0.5015625,1024.0,0.0078125,6400000.0,0.5273919092465753
64.0,64.0,8.0,9.0,1350.0,1442.0,47991.0,222528.0,0,0.959375,16.0,32.0,6400000.0,0.9600973886986301
1.0,128.0,1.0,1.0,1.0,1.0,35.0,32.0,0,0.5015625,8192.0,0.0,6400000.0,0.5273919092465753
64.0,64.0,8.0,16.0,1655.0,1739.0,58156.0,270048.0,0,0.9765625,8.0,4.0,6400000.0,0.9730063600782779
1.0,64.0,8.0,1.0,1.0,1.0,543.0,32.0,0,0.5015625,1.0,16384.0,6400000.0,0.5273919092465753
128.0,128.0,2.0,7.0,497.0,491.0,16186.0,62176.0,0,0.940625,0.00390625,64.0,6400000.0,0.9409246575342465
1.0,64.0,8.0,1.0,1.0,1.0,543.0,32.0,0,0.5015625,0.5,2048.0,6400000.0,0.5273919092465753
64.0,64.0,8.0,5.0,400.0,400.0,15866.0,55808.0,0,0.940625,128.0,16.0,6400000.0,0.9409246575342465
1.0,128.0,1.0,1.0,1.0,1.0,35.0,32.0,0,0.5015625,8192.0,0.5,6400000.0,0.5273919092465753
64.0,64.0,8.0,13.0,1445.0,1547.0,51307.0,239328.0,0,0.9703125,32.0,0.25,6400000.0,0.9671408696183953
1.0,64.0,8.0,1.0,1.0,1.0,543.0,32.0,0,0.5015625,512.0,0.000976562,6400000.0,0.5273919092465753
64.0,64.0,8.0,13.0,1444.0,1546.0,51274.0,239168.0,0,0.9703125,0.125,32.0,6400000.0,0.96674948018591
128.0,128.0,2.0,22.0,531.0,509.0,16983.0,65056.0,0,0.9484375,0.0078125,0.0,6400000.0,0.9491407778864971
1.0,128.0,1.0,1.0,1.0,1.0,35.0,32.0,0,0.5015625,1024.0,2.0,6400000.0,0.5273919092465753
64.0,64.0,8.0,5.0,400.0,400.0,15866.0,55808.0,0,0.940625,256.0,0.125,6400000.0,0.9409246575342465
64.0,64.0,8.0,31.0,1727.0,1818.0,60479.0,282688.0,0,0.984375,0.00390625,0.00390625,6400000.0,0.9800490765655578
1.0,64.0,8.0,1.0,1.0,1.0,543.0,32.0,0,0.5015625,512.0,1024.0,6400000.0,0.5273919092465753
128.0,128.0,2.0,22.0,531.0,509.0,16983.0,65056.0,0,0.9515625,0.0078125,0.5,6400000.0,0.9503149461839531
128.0,128.0,1.0,8.0,263.0,256.0,8447.0,24576.0,0,0.940625,2.0,0.0625,6400000.0,0.93818646037182
64.0,64.0,8.0,31.0,1707.0,1804.0,59825.0,280448.0,0,0.9875,0.125,0.03125,6400000.0,0.9804404659980431
1.0,128.0,2.0,1.0,1.0,1.0,39.0,32.0,0,0.5015625,0.0078125,512.0,6400000.0,0.5273919092465753
128.0,128.0,1.0,8.0,263.0,256.0,8447.0,24576.0,0,0.940625,8.0,0.00390625,6400000.0,0.93818646037182
128.0,128.0,1.0,8.0,263.0,256.0,8447.0,24576.0,0,0.940625,4.0,0.5,6400000.0,0.93818646037182
64.0,64.0,8.0,30.0,1719.0,1817.0,60243.0,282528.0,0,0.984375,0.5,0.00195312,6400000.0,0.9808326198630137
128.0,128.0,1.0,8.0,263.0,256.0,8447.0,24576.0,0,0.940625,8.0,4.0,6400000.0,0.9389677103718199
1.0,64.0,8.0,1.0,1.0,1.0,543.0,32.0,0,0.5015625,0.00195312,512.0,6400000.0,0.5273919092465753
1.0,128.0,1.0,1.0,1.0,1.0,35.0,32.0,0,0.5015625,8192.0,512.0,6400000.0,0.5273919092465753
128.0,128.0,2.0,22.0,531.0,509.0,16983.0,65056.0,0,0.9484375,0.015625,0.00390625,6400000.0,0.9491407778864971
64.0,64.0,8.0,16.0,1525.0,1620.0,53877.0,251008.0,0,0.9765625,0.0078125,16.0,6400000.0,0.9694876773483365
1.0,64.0,8.0,1.0,1.0,1.0,543.0,32.0,0,0.5015625,1024.0,8.0,6400000.0,0.5273919092465753
1.0,64.0,8.0,1.0,1.0,1.0,543.0,32.0,0,0.5015625,0.00390625,4096.0,6400000.0,0.5273919092465753
1.0,128.0,1.0,1.0,1.0,1.0,35.0,32.0,0,0.5015625,4.0,512.0,6400000.0,0.5273919092465753
1.0,128.0,1.0,1.0,1.0,1.0,35.0,32.0,0,0.5015625,8.0,4096.0,6400000.0,0.5273919092465753
1.0,128.0,1.0,1.0,1.0,1.0,35.0,32.0,0,0.5015625,16384.0,0.00390625,6400000.0,0.5273919092465753
1.0,128.0,1.0,1.0,1.0,1.0,35.0,32.0,0,0.5015625,128.0,8192.0,6400000.0,0.5273919092465753
64.0,64.0,8.0,5.0,400.0,400.0,15866.0,55808.0,0,0.940625,0.25,256.0,6400000.0,0.9409246575342465
1.0,128.0,1.0,1.0,1.0,1.0,35.0,32.0,0,0.5015625,16384.0,4.0,6400000.0,0.5273919092465753
128.0,128.0,1.0,5.0,260.0,256.0,8382.0,24576.0,0,0.940625,128.0,8.0,6400000.0,0.9377950709393346
1.0,64.0,8.0,1.0,1.0,1.0,543.0,32.0,0,0.5015625,4096.0,512.0,6400000.0,0.5273919092465753
1.0,64.0,8.0,1.0,1.0,1.0,543.0,32.0,0,0.5015625,2048.0,64.0,6400000.0,0.5273919092465753
64.0,64.0,8.0,8.0,812.0,814.0,29943.0,122048.0,0,0.959375,0.015625,128.0,6400000.0,0.9409246575342465
64.0,64.0,8.0,5.0,429.0,452.0,16846.0,64128.0,0,0.940625,256.0,128.0,6400000.0,0.9033657962328766
1.0,64.0,8.0,1.0,1.0,1.0,543.0,32.0,0,0.5015625,4096.0,0.0,6400000.0,0.5273919092465753
64.0,64.0,8.0,31.0,1724.0,1818.0,60383.0,282688.0,0,0.9828125,0.000976562,0.0625,6400000.0,0.9792670621330725
1.0,128.0,1.0,1.0,1.0,1.0,35.0,32.0,0,0.5015625,16384.0,4096.0,6400000.0,0.5273919092465753
1.0,64.0,8.0,1.0,1.0,1.0,543.0,32.0,0,0.5015625,16384.0,32768.0,6400000.0,0.5273919092465753
128.0,128.0,2.0,15.0,524.0,509.0,16903.0,65056.0,0,0.9484375,0.015625,4.0,6400000.0,0.9479666095890412
64.0,64.0,8.0,31.0,1707.0,1804.0,59825.0,280448.0,0,0.9875,0.015625,0.125,6400000.0,0.9812232448630137
1.0,64.0,8.0,1.0,1.0,1.0,543.0,32.0,0,0.5015625,1024.0,8192.0,6400000.0,0.5273919092465753
1.0,64.0,8.0,1.0,1.0,1.0,543.0,32.0,0,0.5015625,4096.0,0.5,6400000.0,0.5273919092465753
1.0,64.0,8.0,1.0,1.0,1.0,543.0,32.0,0,0.5015625,32768.0,256.0,6400000.0,0.5273919092465753
64.0,64.0,8.0,8.0,1085.0,1115.0,39205.0,170208.0,0,0.959375,0.000976562,64.0,6400000.0,0.9483656433463796
1.0,128.0,1.0,1.0,1.0,1.0,35.0,32.0,0,0.5015625,32768.0,0.03125,6400000.0,0.5273919092465753
64.0,64.0,8.0,8.0,1107.0,1140.0,39934.0,174208.0,0,0.959375,64.0,2.0,6400000.0,0.9569662732387474
1.0,64.0,8.0,1.0,1.0,1.0,543.0,32.0,0,0.5015625,8192.0,0.00390625,6400000.0,0.5273919092465753
1.0,128.0,1.0,1.0,1.0,1.0,35.0,32.0,0,0.5015625,1024.0,2048.0,6400000.0,0.5273919092465753
1.0,64.0,8.0,1.0,1.0,1.0,543.0,32.0,0,0.5015625,2048.0,0.0625,6400000.0,0.5273919092465753
1.0,64.0,8.0,1.0,1.0,1.0,543.0,32.0,0,0.5015625,8192.0,4096.0,6400000.0,0.5273919092465753
1.0,128.0,2.0,1.0,1.0,1.0,39.0,32.0,0,0.5015625,0.015625,4096.0,6400000.0,0.5273919092465753
1.0,64.0,8.0,1.0,1.0,1.0,543.0,32.0,0,0.5015625,16384.0,32.0,6400000.0,0.5273919092465753
1.0,64.0,8.0,1.0,1.0,1.0,543.0,32.0,0,0.5015625,8192.0,4.0,6400000.0,0.5273919092465753
1.0,64.0,8.0,1.0,1.0,1.0,543.0,32.0,0,0.5015625,16384.0,0.03125,6400000.0,0.5273919092465753
128.0,128.0,2.0,22.0,531.0,509.0,16983.0,65056.0,0,0.9484375,0.03125,0.03125,6400000.0,0.9499235567514678
1.0,128.0,1.0,1.0,1.0,1.0,35.0,32.0,0,0.5015625,32768.0,32.0,6400000.0,0.5273919092465753
1.0,128.0,1.0,1.0,1.0,1.0,35.0,32.0,0,0.5015625,16.0,32768.0,6400000.0,0.5273919092465753
1.0,64.0,8.0,1.0,1.0,1.0,543.0,32.0,0,0.5015625,32768.0,0.25,6400000.0,0.5273919092465753
64.0,64.0,8.0,31.0,1726.0,1815.0,60444.0,282208.0,0,0.984375,0.0,0.015625,6400000.0,0.9788749082681019
64.0,64.0,8.0,25.0,1723.0,1844.0,60503.0,286848.0,0,0.9859375,4.0,0.000976562,6400000.0,0.9796553938356165
128.0,128.0,1.0,8.0,263.0,256.0,8447.0,24576.0,0,0.940625,16.0,0.03125,6400000.0,0.9377950709393346
128.0,128.0,2.0,9.0,505.0,496.0,16405.0,62976.0,0,0.9453125,0.03125,32.0,6400000.0,0.9557951626712329
128.0,128.0,1.0,8.0,263.0,256.0,8447.0,24576.0,0,0.940625,0.0,0.00195312,6400000.0,0.9385778498043053
1.0,128.0,2.0,1.0,1.0,1.0,39.0,32.0,0,0.5015625,0.03125,32768.0,6400000.0,0.5273919092465753
1.0,64.0,8.0,1.0,1.0,1.0,543.0,32.0,0,0.5015625,0.03125,1024.0,6400000.0,0.5273919092465753
1.0,64.0,8.0,1.0,1.0,1.0,543.0,32.0,0,0.5015625,0.0078125,32768.0,6400000.0,0.5273919092465753
1.0,128.0,1.0,1.0,1.0,1.0,35.0,32.0,0,0.5015625,0.000976562,16384.0,6400000.0,0.5273919092465753
128.0,128.0,1.0,5.0,260.0,256.0,8382.0,24576.0,0,0.940625,256.0,0.0625,6400000.0,0.9033657962328766
1.0,128.0,1.0,1.0,1.0,1.0,35.0,32.0,0,0.5015625,0.0,2048.0,6400000.0,0.5273919092465753
64.0,64.0,8.0,30.0,1719.0,1817.0,60243.0,282528.0,0,0.984375,0.25,0.25,6400000.0,0.9808326198630137
64.0,64.0,8.0,30.0,1719.0,1817.0,60243.0,282528.0,0,0.984375,0.00195312,0.5,6400000.0,0.9808326198630137
128.0,128.0,1.0,5.0,260.0,256.0,8382.0,24576.0,0,0.940625,16.0,32.0,6400000.0,0.9377950709393346
128.0,128.0,2.0,23.0,532.0,509.0,16994.0,65056.0,0,0.946875,0.0625,0.25,6400000.0,0.9491407778864971
128.0,128.0,1.0,4.0,259.0,256.0,8371.0,24576.0,0,0.9078125,256.0,64.0,6400000.0,0.9033657962328766
64.0,64.0,8.0,30.0,1782.0,1882.0,62324.0,292928.0,0,0.9875,1.0,0.015625,6400000.0,0.9804404659980431
1.0,128.0,1.0,1.0,1.0,1.0,35.0,32.0,0,0.5015625,0.0078125,8192.0,6400000.0,0.5273919092465753
1.0,128.0,1.0,1.0,1.0,1.0,35.0,32.0,0,0.5015625,32768.0,32768.0,6400000.0,0.5273919092465753
64.0,64.0,8.0,30.0,1782.0,1882.0,62324.0,292928.0,0,0.9875,0.03125,1.0,6400000.0,0.9812232448630137
128.0,128.0,1.0,5.0,260.0,256.0,8382.0,24576.0,0,0.940625,0.00195312,128.0,6400000.0,0.93818646037182
128.0,128.0,2.0,5.0,460.0,456.0,15006.0,56576.0,0,0.940625,0.0625,256.0,6400000.0,0.9409246575342465
128.0,128.0,1.0,8.0,263.0,256.0,8447.0,24576.0,0,0.940625,0.000976562,16.0,6400000.0,0.9377950709393346
1.0,128.0,1.0,1.0,1.0,1.0,35.0,32.0,0,0.5015625,2048.0,0.015625,6400000.0,0.5273919092465753
128.0,128.0,1.0,8.0,263.0,256.0,8447.0,24576.0,0,0.940625,0.03125,0.0,6400000.0,0.9385778498043053
128.0,128.0,1.0,8.0,263.0,256.0,8447.0,24576.0,0,0.940625,0.000976562,0.015625,6400000.0,0.9385778498043053
128.0,128.0,1.0,8.0,263.0,256.0,8447.0,24576.0,0,0.940625,0.0,2.0,6400000.0,0.93818646037182
64.0,64.0,8.0,27.0,1696.0,1820.0,59573.0,283008.0,0,0.984375,0.5,2.0,6400000.0,0.9796569227005871
128.0,128.0,1.0,8.0,263.0,256.0,8447.0,24576.0,0,0.940625,0.00390625,0.000976562,6400000.0,0.9385778498043053
128.0,128.0,1.0,8.0,263.0,256.0,8447.0,24576.0,0,0.940625,0.00195312,0.125,6400000.0,0.9385778498043053
1.0,64.0,8.0,1.0,1.0,1.0,543.0,32.0,0,0.5015625,0.0625,8192.0,6400000.0,0.5273919092465753
128.0,128.0,1.0,8.0,263.0,256.0,8447.0,24576.0,0,0.940625,0.00390625,1.0,6400000.0,0.93818646037182
128.0,128.0,2.0,22.0,531.0,509.0,16983.0,65056.0,0,0.9484375,0.125,0.00195312,6400000.0,0.9495298740215266
1.0,64.0,8.0,1.0,1.0,1.0,543.0,32.0,0,0.5015625,8.0,8192.0,6400000.0,0.5273919092465753
1.0,64.0,8.0,1.0,1.0,1.0,543.0,32.0,0,0.5015625,0.0,16384.0,6400000.0,0.5273919092465753
1.0,128.0,1.0,1.0,1.0,1.0,35.0,32.0,0,0.5015625,0.00390625,1024.0,6400000.0,0.5273919092465753
1.0,128.0,1.0,1.0,1.0,1.0,35.0,32.0,0,0.5015625,512.0,0.0,6400000.0,0.5273919092465753
128.0,128.0,1.0,8.0,263.0,256.0,8447.0,24576.0,0,0.940625,0.0078125,0.0078125,6400000.0,0.9385778498043053
64.0,64.0,8.0,31.0,1724.0,1818.0,60383.0,282688.0,0,0.9828125,0.0625,0.0078125,6400000.0,0.9804412304305284
128.0,128.0,1.0,4.0,259.0,256.0,8371.0,24576.0,0,0.9078125,32.0,256.0,6400000.0,0.9033657962328766
128.0,128.0,2.0,19.0,528.0,509.0,16950.0,65056.0,0,0.95,0.125,2.0,6400000.0,0.9483579990215262
1.0,128.0,1.0,1.0,1.0,1.0,35.0,32.0,0,0.5015625,0.03125,512.0,6400000.0,0.5273919092465753
1.0,128.0,1.0,1.0,1.0,1.0,35.0,32.0,0,0.5015625,0.0625,4096.0,6400000.0,0.5273919092465753
64.0,64.0,8.0,31.0,1702.0,1801.0,59662.0,279968.0,0,0.984375,0.25,0.0,6400000.0,0.9808310909980431
128.0,128.0,2.0,5.0,460.0,456.0,15006.0,56576.0,0,0.940625,0.0,256.0,6400000.0,0.9409246575342465
128.0,128.0,1.0,6.0,261.0,256.0,8394.0,24576.0,0,0.940625,32.0,0.25,6400000.0,0.9377950709393346
128.0,128.0,1.0,8.0,263.0,256.0,8447.0,24576.0,0,0.940625,0.015625,0.0625,6400000.0,0.9385778498043053
128.0,128.0,1.0,5.0,260.0,256.0,8382.0,24576.0,0,0.940625,0.015625,64.0,6400000.0,0.93818646037182
128.0,128.0,1.0,8.0,263.0,256.0,8447.0,24576.0,0,0.940625,0.0625,0.00390625,6400000.0,0.9385778498043053
1.0,128.0,1.0,1.0,1.0,1.0,35.0,32.0,0,0.5015625,0.125,32768.0,6400000.0,0.5273919092465753
128.0,128.0,1.0,8.0,263.0,256.0,8447.0,24576.0,0,0.940625,0.0078125,8.0,6400000.0,0.93818646037182
128.0,128.0,2.0,22.0,531.0,509.0,16983.0,65056.0,0,0.95,0.0,0.25,6400000.0,0.9491407778864971
128.0,128.0,1.0,5.0,260.0,256.0,8382.0,24576.0,0,0.940625,64.0,0.00195312,6400000.0,0.93818646037182
64.0,64.0,8.0,8.0,758.0,756.0,28157.0,112768.0,0,0.959375,2.0,128.0,6400000.0,0.9409246575342465
1.0,128.0,1.0,1.0,1.0,1.0,35.0,32.0,0,0.5015625,2048.0,16.0,6400000.0,0.5273919092465753
64.0,64.0,8.0,13.0,1445.0,1547.0,51307.0,239328.0,0,0.9703125,32.0,0.0,6400000.0,0.9671408696183953
128.0,128.0,1.0,8.0,263.0,256.0,8447.0,24576.0,0,0.940625,0.03125,0.5,6400000.0,0.93818646037182
1.0,128.0,1.0,1.0,1.0,1.0,35.0,32.0,0,0.5015625,512.0,512.0,6400000.0,0.5273919092465753
1.0,128.0,2.0,1.0,1.0,1.0,39.0,32.0,0,0.5015625,0.125,2048.0,6400000.0,0.5273919092465753
1.0,128.0,1.0,1.0,1.0,1.0,35.0,32.0,0,0.5015625,512.0,0.5,6400000.0,0.5273919092465753
128.0,128.0,1.0,8.0,263.0,256.0,8447.0,24576.0,0,0.940625,0.0625,4.0,6400000.0,0.93818646037182
128.0,128.0,1.0,5.0,260.0,256.0,8382.0,24576.0,0,0.940625,64.0,2.0,6400000.0,0.93818646037182
128.0,128.0,2.0,18.0,526.0,508.0,16906.0,64896.0,0,0.9515625,0.000976562,2.0,6400000.0,0.9483579990215265
64.0,64.0,8.0,25.0,1701.0,1825.0,59780.0,283808.0,0,0.98125,2.0,0.125,6400000.0,0.9808318554305284
64.0,64.0,8.0,32.0,1725.0,1815.0,60391.0,282208.0,0,0.984375,0.00195312,0.000976562,6400000.0,0.9808318554305284
128.0,128.0,2.0,22.0,531.0,509.0,16983.0,65056.0,0,0.9484375,0.000976562,0.00195312,6400000.0,0.9491407778864971
64.0,64.0,8.0,13.0,1462.0,1558.0,51862.0,241088.0,0,0.9703125,1.0,16.0,6400000.0,0.96753073018591
1.0,64.0,8.0,1.0,1.0,1.0,543.0,32.0,0,0.5015625,4.0,1024.0,6400000.0,0.5273919092465753
128.0,128.0,1.0,8.0,263.0,256.0,8447.0,24576.0,0,0.940625,0.125,0.03125,6400000.0,0.9385778498043053
1.0,128.0,1.0,1.0,1.0,1.0,35.0,32.0,0,0.5015625,1024.0,0.00390625,6400000.0,0.5273919092465753
128.0,128.0,1.0,6.0,261.0,256.0,8394.0,24576.0,0,0.940625,0.125,32.0,6400000.0,0.9377950709393346
1.0,128.0,2.0,1.0,1.0,1.0,39.0,32.0,0,0.5015625,0.000976562,2048.0,6400000.0,0.5273919092465753
1.0,128.0,1.0,1.0,1.0,1.0,35.0,32.0,0,0.5015625,2048.0,16384.0,6400000.0,0.5273919092465753
128.0,128.0,1.0,8.0,263.0,256.0,8447.0,24576.0,0,0.940625,0.5,0.00195312,6400000.0,0.93818646037182
1.0,128.0,1.0,1.0,1.0,1.0,35.0,32.0,0,0.5015625,4096.0,0.125,6400000.0,0.5273919092465753
128.0,128.0,1.0,8.0,263.0,256.0,8447.0,24576.0,0,0.940625,0.25,0.25,6400000.0,0.93818646037182
64.0,64.0,8.0,25.0,1723.0,1844.0,60503.0,286848.0,0,0.9859375,0.00390625,4.0,6400000.0,0.9796553938356165
1.0,128.0,1.0,1.0,1.0,1.0,35.0,32.0,0,0.5015625,64.0,2048.0,6400000.0,0.5273919092465753
1.0,128.0,1.0,1.0,1.0,1.0,35.0,32.0,0,0.5015625,4096.0,128.0,6400000.0,0.5273919092465753
64.0,64.0,8.0,19.0,1527.0,1683.0,54196.0,261088.0,0,0.9765625,0.0625,8.0,6400000.0,0.9761367111056751
1.0,64.0,8.0,1.0,1.0,1.0,543.0,32.0,0,0.5015625,64.0,4096.0,6400000.0,0.5273919092465753
128.0,128.0,1.0,5.0,260.0,256.0,8382.0,24576.0,0,0.940625,0.25,256.0,6400000.0,0.9033657962328766
128.0,128.0,1.0,8.0,263.0,256.0,8447.0,24576.0,0,0.940625,0.5,2.0,6400000.0,0.93818646037182
64.0,64.0,8.0,31.0,1730.0,1821.0,60578.0,283168.0,0,0.9828125,0.03125,0.00195312,6400000.0,0.9784842832681019
1.0,128.0,1.0,1.0,1.0,1.0,35.0,32.0,0,0.5015625,0.5,2048.0,6400000.0,0.5273919092465753
128.0,128.0,2.0,22.0,531.0,509.0,16983.0,65056.0,0,0.9484375,0.00195312,0.015625,6400000.0,0.9491407778864971
1.0,128.0,1.0,1.0,1.0,1.0,35.0,32.0,0,0.5015625,1.0,16384.0,6400000.0,0.5273919092465753
128.0,128.0,2.0,10.0,514.0,504.0,16683.0,64256.0,0,0.9453125,0.00195312,16.0,6400000.0,0.9569693309686889
128.0,128.0,1.0,5.0,260.0,256.0,8382.0,24576.0,0,0.940625,128.0,0.015625,6400000.0,0.93818646037182
64.0,64.0,8.0,19.0,1527.0,1683.0,54196.0,261088.0,0,0.9765625,8.0,0.0078125,6400000.0,0.9737883745107633
1.0,64.0,8.0,1.0,1.0,1.0,543.0,32.0,0,0.5015625,128.0,32768.0,6400000.0,0.5273919092465753
64.0,64.0,8.0,31.0,1730.0,1821.0,60578.0,283168.0,0,0.9828125,0.0078125,0.03125,6400000.0,0.9796584515655578
64.0,64.0,8.0,16.0,1525.0,1620.0,53877.0,251008.0,0,0.9765625,0.0,16.0,6400000.0,0.9694876773483365
64.0,64.0,8.0,8.0,980.0,979.0,35453.0,148448.0,0,0.959375,128.0,0.03125,6400000.0,0.9409246575342465
1.0,128.0,2.0,1.0,1.0,1.0,39.0,32.0,0,0.5015625,0.00195312,16384.0,6400000.0,0.5273919092465753
1.0,64.0,8.0,1.0,1.0,1.0,543.0,32.0,0,0.5015625,32.0,512.0,6400000.0,0.5273919092465753
64.0,64.0,8.0,21.0,1706.0,1832.0,60031.0,284928.0,0,0.98125,4.0,1.0,6400000.0,0.9765258072407045
128.0,128.0,1.0,8.0,263.0,256.0,8447.0,24576.0,0,0.940625,1.0,16.0,6400000.0,0.9377950709393346
1.0,64.0,8.0,1.0,1.0,1.0,543.0,32.0,0,0.5015625,512.0,2.0,6400000.0,0.5273919092465753
64.0,64.0,8.0,8.0,1110.0,1143.0,40033.0,174688.0,0,0.959375,64.0,0.00390625,6400000.0,0.961271556996086
1.0,128.0,1.0,1.0,1.0,1.0,35.0,32.0,0,0.5015625,8192.0,0.000976562,6400000.0,0.5273919092465753
128.0,128.0,1.0,5.0,260.0,256.0,8382.0,24576.0,0,0.940625,2.0,128.0,6400000.0,0.9377950709393346
1.0,64.0,8.0,1.0,1.0,1.0,543.0,32.0,0,0.5015625,1024.0,0.015625,6400000.0,0.5273919092465753
1.0,64.0,8.0,1.0,1.0,1.0,543.0,32.0,0,0.5015625,1.0,32768.0,6400000.0,0.5273919092465753
64.0,64.0,8.0,13.0,1477.0,1576.0,52360.0,243968.0,0,0.9703125,16.0,0.0625,6400000.0,0.9694876773483365
128.0,128.0,2.0,22.0,531.0,509.0,16983.0,65056.0,0,0.9484375,0.00390625,0.125,6400000.0,0.9499212634540118
128.0,128.0,1.0,8.0,263.0,256.0,8447.0,24576.0,0,0.940625,4.0,0.000976562,6400000.0,0.93818646037182
128.0,128.0,1.0,8.0,263.0,256.0,8447.0,24576.0,0,0.940625,1.0,0.015625,6400000.0,0.93818646037182
1.0,64.0,8.0,1.0,1.0,1.0,543.0,32.0,0,0.5015625,0.5,4096.0,6400000.0,0.5273919092465753
1.0,128.0,1.0,1.0,1.0,1.0,35.0,32.0,0,0.5015625,8192.0,1.0,6400000.0,0.5273919092465753
1.0,64.0,8.0,1.0,1.0,1.0,543.0,32.0,0,0.5015625,512.0,2048.0,6400000.0,0.5273919092465753
1.0,64.0,8.0,1.0,1.0,1.0,543.0,32.0,0,0.5015625,512.0,0.00195312,6400000.0,0.5273919092465753
1.0,128.0,1.0,1.0,1.0,1.0,35.0,32.0,0,0.5015625,1024.0,4.0,6400000.0,0.5273919092465753
64.0,64.0,8.0,5.0,400.0,400.0,15866.0,55808.0,0,0.940625,256.0,0.25,6400000.0,0.9409246575342465
128.0,128.0,2.0,6.0,468.0,463.0,15251.0,57696.0,0,0.940625,0.00390625,128.0,6400000.0,0.9409246575342465
64.0,64.0,8.0,5.0,400.0,400.0,15866.0,55808.0,0,0.940625,128.0,32.0,6400000.0,0.9409246575342465
1.0,128.0,2.0,1.0,1.0,1.0,39.0,32.0,0,0.5015625,0.0078125,1024.0,6400000.0,0.5273919092465753
64.0,64.0,8.0,13.0,1477.0,1576.0,52360.0,243968.0,0,0.9703125,8.0,8.0,6400000.0,0.9687048984833659
128.0,128.0,1.0,8.0,263.0,256.0,8447.0,24576.0,0,0.940625,2.0,0.125,6400000.0,0.93818646037182
1.0,64.0,8.0,1.0,1.0,1.0,543.0,32.0,0,0.5015625,0.00195312,1024.0,6400000.0,0.5273919092465753
128.0,128.0,1.0,8.0,263.0,256.0,8447.0,24576.0,0,0.940625,4.0,1.0,6400000.0,0.93818646037182
128.0,128.0,2.0,20.0,529.0,509.0,16961.0,65056.0,0,0.9484375,0.0078125,1.0,6400000.0,0.9479666095890412
1.0,64.0,8.0,1.0,1.0,1.0,543.0,32.0,0,0.5015625,1024.0,16.0,6400000.0,0.5273919092465753
64.0,64.0,8.0,13.0,1445.0,1547.0,51307.0,239328.0,0,0.96875,32.0,0.5,6400000.0,0.9671408696183953
128.0,128.0,1.0,8.0,263.0,256.0,8447.0,24576.0,0,0.940625,8.0,0.0078125,6400000.0,0.93818646037182
64.0,64.0,8.0,8.0,1043.0,1063.0,37809.0,161888.0,0,0.959375,16.0,64.0,6400000.0,0.9483656433463796
128.0,128.0,2.0,22.0,531.0,509.0,16983.0,65056.0,0,0.9484375,0.0078125,0.000976562,6400000.0,0.9491407778864971
1.0,128.0,1.0,1.0,1.0,1.0,35.0,32.0,0,0.5015625,8192.0,1024.0,6400000.0,0.5273919092465753
128.0,128.0,1.0,8.0,263.0,256.0,8447.0,24576.0,0,0.940625,8.0,8.0,6400000.0,0.9377950709393346
1.0,64.0,8.0,1.0,1.0,1.0,543.0,32.0,0,0.5015625,0.00390625,8192.0,6400000.0,0.5273919092465753
1.0,128.0,1.0,1.0,1.0,1.0,35.0,32.0,0,0.5015625,4.0,1024.0,6400000.0,0.5273919092465753
1.0,128.0,1.0,1.0,1.0,1.0,35.0,32.0,0,0.5015625,8.0,8192.0,6400000.0,0.5273919092465753
64.0,64.0,8.0,8.0,1085.0,1115.0,39205.0,170208.0,0,0.959375,0.125,64.0,6400000.0,0.9483656433463796
1.0,128.0,1.0,1.0,1.0,1.0,35.0,32.0,0,0.5015625,16384.0,0.0078125,6400000.0,0.5273919092465753
1.0,64.0,8.0,1.0,1.0,1.0,543.0,32.0,0,0.5015625,0.25,512.0,6400000.0,0.5273919092465753
1.0,64.0,8.0,1.0,1.0,1.0,543.0,32.0,0,0.5015625,4096.0,0.000976562,6400000.0,0.5273919092465753
1.0,64.0,8.0,1.0,1.0,1.0,543.0,32.0,0,0.5015625,4096.0,1024.0,6400000.0,0.5273919092465753
1.0,128.0,1.0,1.0,1.0,1.0,35.0,32.0,0,0.5015625,32768.0,0.0625,6400000.0,0.5273919092465753
1.0,64.0,8.0,1.0,1.0,1.0,543.0,32.0,0,0.5015625,2048.0,128.0,6400000.0,0.5273919092465753
1.0,64.0,8.0,1.0,1.0,1.0,543.0,32.0,0,0.5015625,256.0,256.0,6400000.0,0.5273919092465753
64.0,64.0,8.0,31.0,1703.0,1800.0,59693.0,279808.0,0,0.9859375,0.125,0.0625,6400000.0,0.9812232448630137
64.0,64.0,8.0,31.0,1727.0,1818.0,60479.0,282688.0,0,0.984375,0.00390625,0.0078125,6400000.0,0.9788749082681019
128.0,128.0,2.0,22.0,531.0,509.0,16983.0,65056.0,0,0.9484375,0.015625,0.0078125,6400000.0,0.9491407778864971
1.0,128.0,1.0,1.0,1.0,1.0,35.0,32.0,0,0.5015625,16384.0,8.0,6400000.0,0.5273919092465753
128.0,128.0,1.0,5.0,260.0,256.0,8382.0,24576.0,0,0.940625,128.0,16.0,6400000.0,0.9377950709393346
64.0,64.0,8.0,5.0,400.0,400.0,15866.0,55808.0,0,0.940625,0.015625,256.0,6400000.0,0.9409246575342465
1.0,64.0,8.0,1.0,1.0,1.0,543.0,32.0,0,0.5015625,32768.0,512.0,6400000.0,0.5273919092465753
1.0,128.0,1.0,1.0,1.0,1.0,35.0,32.0,0,0.5015625,16384.0,8192.0,6400000.0,0.5273919092465753
1.0,128.0,1.0,1.0,1.0,1.0,35.0,32.0,0,0.5015625,128.0,16384.0,6400000.0,0.5273919092465753
64.0,64.0,8.0,30.0,1719.0,1817.0,60243.0,282528.0,0,0.984375,0.5,0.00390625,6400000.0,0.9808326198630137
64.0,64.0,8.0,13.0,1444.0,1546.0,51274.0,239168.0,0,0.9703125,0.0078125,32.0,6400000.0,0.96674948018591
1.0,64.0,8.0,1.0,1.0,1.0,543.0,32.0,0,0.5015625,2048.0,0.125,6400000.0,0.5273919092465753
1.0,64.0,8.0,1.0,1.0,1.0,543.0,32.0,0,0.5015625,4096.0,1.0,6400000.0,0.5273919092465753
1.0,64.0,8.0,1.0,1.0,1.0,543.0,32.0,0,0.5015625,1024.0,16384.0,6400000.0,0.5273919092465753
1.0,64.0,8.0,1.0,1.0,1.0,543.0,32.0,0,0.5015625,8192.0,0.0078125,6400000.0,0.5273919092465753
1.0,64.0,8.0,1.0,1.0,1.0,543.0,32.0,0,0.5015625,32768.0,0.0,6400000.0,0.5273919092465753
1.0,128.0,1.0,1.0,1.0,1.0,35.0,32.0,0,0.5015625,1024.0,4096.0,6400000.0,0.5273919092465753
128.0,128.0,2.0,14.0,522.0,508.0,16859.0,64896.0,0,0.9484375,0.015625,8.0,6400000.0,0.9518805039138943
1.0,64.0,8.0,1.0,1.0,1.0,543.0,32.0,0,0.5015625,8192.0,8192.0,6400000.0,0.5273919092465753
1.0,128.0,2.0,1.0,1.0,1.0,39.0,32.0,0,0.5015625,0.015625,8192.0,6400000.0,0.5273919092465753
64.0,64.0,8.0,8.0,812.0,814.0,29943.0,122048.0,0,0.959375,0.000976562,128.0,6400000.0,0.9409246575342465
1.0,64.0,8.0,1.0,1.0,1.0,543.0,32.0,0,0.5015625,16384.0,64.0,6400000.0,0.5273919092465753
1.0,64.0,8.0,1.0,1.0,1.0,543.0,32.0,0,0.5015625,8192.0,8.0,6400000.0,0.5273919092465753
1.0,128.0,1.0,1.0,1.0,1.0,35.0,32.0,0,0.5015625,32768.0,64.0,6400000.0,0.5273919092465753
1.0,64.0,8.0,1.0,1.0,1.0,543.0,32.0,0,0.5015625,16384.0,0.0625,6400000.0,0.5273919092465753
128.0,128.0,1.0,6.0,261.0,256.0,8394.0,24576.0,0,0.940625,32.0,0.0,6400000.0,0.9377950709393346
64.0,64.0,8.0,31.0,1702.0,1801.0,59662.0,279968.0,0,0.984375,0.015625,0.25,6400000.0,0.9820052592954991
1.0,64.0,8.0,1.0,1.0,1.0,543.0,32.0,0,0.5015625,32768.0,0.5,6400000.0,0.5273919092465753
64.0,64.0,8.0,31.0,1720.0,1819.0,60256.0,282848.0,0,0.9828125,0.000976562,0.125,6400000.0,0.9808310909980431
64.0,64.0,8.0,8.0,1099.0,1128.0,39666.0,172288.0,0,0.959375,64.0,4.0,6400000.0,0.9569662732387474
128.0,128.0,2.0,22.0,531.0,509.0,16983.0,65056.0,0,0.9484375,0.03125,0.0625,6400000.0,0.9499235567514678
128.0,128.0,1.0,8.0,263.0,256.0,8447.0,24576.0,0,0.940625,16.0,0.0625,6400000.0,0.9377950709393346
1.0,64.0,8.0,1.0,1.0,1.0,543.0,32.0,0,0.5015625,0.03125,2048.0,6400000.0,0.5273919092465753
128.0,128.0,1.0,8.0,263.0,256.0,8447.0,24576.0,0,0.940625,0.0,0.00390625,6400000.0,0.9385778498043053
128.0,128.0,2.0,7.0,497.0,491.0,16186.0,62176.0,0,0.940625,0.03125,64.0,6400000.0,0.9409246575342465
1.0,128.0,1.0,1.0,1.0,1.0,35.0,32.0,0,0.5015625,0.000976562,32768.0,6400000.0,0.5273919092465753
128.0,128.0,2.0,22.0,531.0,509.0,16983.0,65056.0,0,0.9484375,0.0625,0.0,6400000.0,0.9499235567514678
1.0,128.0,1.0,1.0,1.0,1.0,35.0,32.0,0,0.5015625,0.0,4096.0,6400000.0,0.5273919092465753
128.0,128.0,1.0,5.0,260.0,256.0,8382.0,24576.0,0,0.940625,256.0,0.125,6400000.0,0.9033657962328766
64.0,64.0,8.0,31.0,1726.0,1815.0,60444.0,282208.0,0,0.984375,0.015625,0.0,6400000.0,0.9788749082681019
1.0,128.0,1.0,1.0,1.0,1.0,35.0,32.0,0,0.5015625,0.0078125,16384.0,6400000.0,0.5273919092465753
64.0,64.0,8.0,25.0,1723.0,1844.0,60503.0,286848.0,0,0.9859375,4.0,0.00195312,6400000.0,0.9796553938356165
128.0,128.0,1.0,5.0,260.0,256.0,8382.0,24576.0,0,0.940625,16.0,64.0,6400000.0,0.93818646037182
128.0,128.0,1.0,4.0,259.0,256.0,8371.0,24576.0,0,0.9078125,256.0,128.0,6400000.0,0.9033657962328766
1.0,128.0,2.0,1.0,1.0,1.0,39.0,32.0,0,0.5015625,0.0625,512.0,6400000.0,0.5273919092465753
128.0,128.0,2.0,23.0,532.0,511.0,16996.0,65376.0,0,0.9484375,0.0,0.0,6400000.0,0.9491407778864971
128.0,128.0,2.0,23.0,532.0,509.0,16994.0,65056.0,0,0.9484375,0.0625,0.5,6400000.0,0.9507063356164384
128.0,128.0,1.0,8.0,263.0,256.0,8447.0,24576.0,0,0.940625,0.0,4.0,6400000.0,0.93818646037182
128.0,128.0,1.0,6.0,261.0,256.0,8394.0,24576.0,0,0.940625,0.000976562,32.0,6400000.0,0.9377950709393346
128.0,128.0,1.0,5.0,260.0,256.0,8382.0,24576.0,0,0.940625,0.00195312,256.0,6400000.0,0.9033657962328766
64.0,64.0,8.0,30.0,1782.0,1881.0,62323.0,292768.0,0,0.984375,0.25,0.5,6400000.0,0.9812224804305284
1.0,64.0,8.0,1.0,1.0,1.0,543.0,32.0,0,0.5015625,0.0625,16384.0,6400000.0,0.5273919092465753
128.0,128.0,1.0,8.0,263.0,256.0,8447.0,24576.0,0,0.940625,0.000976562,0.03125,6400000.0,0.9385778498043053
1.0,128.0,1.0,1.0,1.0,1.0,35.0,32.0,0,0.5015625,2048.0,0.03125,6400000.0,0.5273919092465753
128.0,128.0,1.0,8.0,263.0,256.0,8447.0,24576.0,0,0.940625,0.03125,0.000976562,6400000.0,0.9385778498043053
128.0,128.0,1.0,8.0,263.0,256.0,8447.0,24576.0,0,0.940625,0.00390625,0.00195312,6400000.0,0.9385778498043053
64.0,64.0,8.0,30.0,1782.0,1882.0,62324.0,292928.0,0,0.9875,0.00195312,1.0,6400000.0,0.9804404659980431
1.0,64.0,8.0,1.0,1.0,1.0,543.0,32.0,0,0.5015625,8.0,16384.0,6400000.0,0.5273919092465753
128.0,128.0,1.0,8.0,263.0,256.0,8447.0,24576.0,0,0.940625,0.00390625,2.0,6400000.0,0.93818646037182
1.0,128.0,1.0,1.0,1.0,1.0,35.0,32.0,0,0.5015625,0.00390625,2048.0,6400000.0,0.5273919092465753
128.0,128.0,1.0,8.0,263.0,256.0,8447.0,24576.0,0,0.940625,0.00195312,0.25,6400000.0,0.93818646037182
128.0,128.0,2.0,22.0,531.0,509.0,16983.0,65056.0,0,0.9484375,0.125,0.00390625,6400000.0,0.9495298740215266
64.0,64.0,8.0,25.0,1701.0,1825.0,59780.0,283808.0,0,0.98125,0.03125,2.0,6400000.0,0.9808310909980431
1.0,128.0,1.0,1.0,1.0,1.0,35.0,32.0,0,0.5015625,32.0,512.0,6400000.0,0.5273919092465753
1.0,128.0,1.0,1.0,1.0,1.0,35.0,32.0,0,0.5015625,0.03125,1024.0,6400000.0,0.5273919092465753
1.0,128.0,1.0,1.0,1.0,1.0,35.0,32.0,0,0.5015625,512.0,0.000976562,6400000.0,0.5273919092465753
128.0,128.0,2.0,23.0,532.0,509.0,16994.0,65056.0,0,0.946875,0.25,0.015625,6400000.0,0.9491407778864971
64.0,64.0,8.0,30.0,1782.0,1882.0,62324.0,292928.0,0,0.9875,1.0,0.03125,6400000.0,0.9812232448630137
128.0,128.0,1.0,8.0,263.0,256.0,8447.0,24576.0,0,0.940625,0.0078125,0.015625,6400000.0,0.9385778498043053
1.0,128.0,2.0,1.0,1.0,1.0,39.0,32.0,0,0.5015625,0.0,512.0,6400000.0,0.5273919092465753
1.0,128.0,1.0,1.0,1.0,1.0,35.0,32.0,0,0.5015625,0.0625,8192.0,6400000.0,0.5273919092465753
128.0,128.0,1.0,8.0,263.0,256.0,8447.0,24576.0,0,0.940625,0.015625,0.125,6400000.0,0.9385778498043053
64.0,64.0,8.0,24.0,1747.0,1867.0,61315.0,290528.0,0,0.9828125,0.5,4.0,6400000.0,0.9777007399706459
1.0,128.0,1.0,1.0,1.0,1.0,35.0,32.0,0,0.5015625,2048.0,32.0,6400000.0,0.5273919092465753
128.0,128.0,1.0,6.0,261.0,256.0,8394.0,24576.0,0,0.940625,32.0,0.5,6400000.0,0.9377950709393346
128.0,128.0,1.0,8.0,263.0,256.0,8447.0,24576.0,0,0.940625,0.0078125,16.0,6400000.0,0.9377950709393346
128.0,128.0,1.0,5.0,260.0,256.0,8382.0,24576.0,0,0.940625,0.015625,128.0,6400000.0,0.93818646037182
1.0,128.0,1.0,1.0,1.0,1.0,35.0,32.0,0,0.5015625,512.0,1024.0,6400000.0,0.5273919092465753
128.0,128.0,1.0,8.0,263.0,256.0,8447.0,24576.0,0,0.940625,0.25,0.0,6400000.0,0.93818646037182
128.0,128.0,1.0,5.0,260.0,256.0,8382.0,24576.0,0,0.940625,64.0,0.00390625,6400000.0,0.93818646037182
64.0,64.0,8.0,5.0,400.0,400.0,15866.0,55808.0,0,0.940625,2.0,256.0,6400000.0,0.9409246575342465
1.0,128.0,2.0,1.0,1.0,1.0,39.0,32.0,0,0.5015625,0.125,4096.0,6400000.0,0.5273919092465753
64.0,64.0,8.0,31.0,1724.0,1818.0,60383.0,282688.0,0,0.9828125,0.0625,0.015625,6400000.0,0.9804412304305284
128.0,128.0,1.0,8.0,263.0,256.0,8447.0,24576.0,0,0.940625,0.0625,0.0078125,6400000.0,0.9385778498043053
128.0,128.0,2.0,22.0,531.0,509.0,16983.0,65056.0,0,0.9515625,0.0,0.5,6400000.0,0.9499235567514678
128.0,128.0,2.0,15.0,524.0,509.0,16903.0,65056.0,0,0.9484375,0.125,4.0,6400000.0,0.9479666095890412
128.0,128.0,1.0,8.0,263.0,256.0,8447.0,24576.0,0,0.940625,0.03125,1.0,6400000.0,0.93818646037182
1.0,128.0,1.0,1.0,1.0,1.0,35.0,32.0,0,0.5015625,512.0,1.0,6400000.0,0.5273919092465753
128.0,128.0,1.0,5.0,260.0,256.0,8382.0,24576.0,0,0.940625,64.0,4.0,6400000.0,0.93818646037182
64.0,64.0,8.0,13.0,1445.0,1547.0,51307.0,239328.0,0,0.9703125,32.0,0.000976562,6400000.0,0.9671408696183953
128.0,128.0,1.0,8.0,263.0,256.0,8447.0,24576.0,0,0.940625,0.0625,8.0,6400000.0,0.93818646037182
64.0,64.0,8.0,31.0,1702.0,1801.0,59662.0,279968.0,0,0.984375,0.25,0.000976562,6400000.0,0.9808310909980431
64.0,64.0,8.0,29.0,1710.0,1830.0,59989.0,284608.0,0,0.9875,2.0,0.25,6400000.0,0.9800490765655578
1.0,128.0,1.0,1.0,1.0,1.0,35.0,32.0,0,0.5015625,1024.0,0.0078125,6400000.0,0.5273919092465753
128.0,128.0,2.0,10.0,514.0,504.0,16683.0,64256.0,0,0.9453125,0.25,16.0,6400000.0,0.9569693309686889
128.0,128.0,2.0,15.0,524.0,509.0,16903.0,65056.0,0,0.9484375,0.000976562,4.0,6400000.0,0.9479666095890412
1.0,64.0,8.0,1.0,1.0,1.0,543.0,32.0,0,0.5015625,4.0,2048.0,6400000.0,0.5273919092465753
64.0,64.0,8.0,13.0,1450.0,1554.0,51474.0,240448.0,0,0.96875,1.0,32.0,6400000.0,0.9675322590508806
128.0,128.0,2.0,22.0,531.0,509.0,16983.0,65056.0,0,0.9484375,0.000976562,0.00390625,6400000.0,0.9491407778864971
128.0,128.0,1.0,8.0,263.0,256.0,8447.0,24576.0,0,0.940625,0.125,0.0625,6400000.0,0.9385778498043053
1.0,128.0,2.0,1.0,1.0,1.0,39.0,32.0,0,0.5015625,0.000976562,4096.0,6400000.0,0.5273919092465753
128.0,128.0,1.0,5.0,260.0,256.0,8382.0,24576.0,0,0.940625,0.125,64.0,6400000.0,0.93818646037182
1.0,128.0,1.0,1.0,1.0,1.0,35.0,32.0,0,0.5015625,2048.0,32768.0,6400000.0,0.5273919092465753
128.0,128.0,1.0,8.0,263.0,256.0,8447.0,24576.0,0,0.940625,0.5,0.00390625,6400000.0,0.93818646037182
128.0,128.0,1.0,8.0,263.0,256.0,8447.0,24576.0,0,0.940625,0.25,0.5,6400000.0,0.93818646037182
1.0,64.0,8.0,1.0,1.0,1.0,543.0,32.0,0,0.5015625,64.0,8192.0,6400000.0,0.5273919092465753
1.0,128.0,1.0,1.0,1.0,1.0,35.0,32.0,0,0.5015625,4096.0,0.25,6400000.0,0.5273919092465753
1.0,128.0,1.0,1.0,1.0,1.0,35.0,32.0,0,0.5015625,4096.0,256.0,6400000.0,0.5273919092465753
1.0,128.0,1.0,1.0,1.0,1.0,35.0,32.0,0,0.5015625,64.0,4096.0,6400000.0,0.5273919092465753
1.0,128.0,1.0,1.0,1.0,1.0,35.0,32.0,0,0.5015625,0.25,512.0,6400000.0,0.5273919092465753
128.0,128.0,1.0,8.0,263.0,256.0,8447.0,24576.0,0,0.940625,0.5,4.0,6400000.0,0.93818646037182
1.0,128.0,1.0,1.0,1.0,1.0,35.0,32.0,0,0.5015625,0.5,4096.0,6400000.0,0.5273919092465753
1.0,128.0,1.0,1.0,1.0,1.0,35.0,32.0,0,0.5015625,1.0,32768.0,6400000.0,0.5273919092465753
64.0,64.0,8.0,19.0,1527.0,1683.0,54196.0,261088.0,0,0.9765625,0.00390625,8.0,6400000.0,0.9761367111056751
128.0,128.0,2.0,9.0,505.0,496.0,16405.0,62976.0,0,0.9453125,0.00195312,32.0,6400000.0,0.9557951626712329
64.0,64.0,8.0,16.0,1525.0,1620.0,53877.0,251008.0,0,0.9765625,0.0625,16.0,6400000.0,0.9698790667808218
128.0,128.0,2.0,22.0,531.0,509.0,16983.0,65056.0,0,0.9484375,0.00195312,0.03125,6400000.0,0.9491407778864971
64.0,64.0,8.0,31.0,1730.0,1821.0,60578.0,283168.0,0,0.9828125,0.03125,0.00390625,6400000.0,0.9796584515655578
128.0,128.0,1.0,5.0,260.0,256.0,8382.0,24576.0,0,0.940625,128.0,0.03125,6400000.0,0.93818646037182
1.0,128.0,2.0,1.0,1.0,1.0,39.0,32.0,0,0.5015625,0.00195312,32768.0,6400000.0,0.5273919092465753
64.0,64.0,8.0,8.0,980.0,979.0,35453.0,148448.0,0,0.959375,128.0,0.0625,6400000.0,0.9409246575342465
1.0,64.0,8.0,1.0,1.0,1.0,543.0,32.0,0,0.5015625,512.0,4.0,6400000.0,0.5273919092465753
128.0,128.0,1.0,6.0,261.0,256.0,8394.0,24576.0,0,0.940625,1.0,32.0,6400000.0,0.9377950709393346
1.0,128.0,1.0,1.0,1.0,1.0,35.0,32.0,0,0.5015625,8192.0,0.00195312,6400000.0,0.5273919092465753
64.0,64.0,8.0,5.0,400.0,400.0,15866.0,55808.0,0,0.940625,256.0,0.0,6400000.0,0.9409246575342465
64.0,64.0,8.0,19.0,1527.0,1683.0,54196.0,261088.0,0,0.9765625,8.0,0.015625,6400000.0,0.9737883745107633
128.0,128.0,2.0,22.0,531.0,509.0,16983.0,65056.0,0,0.9484375,0.5,0.125,6400000.0,0.9499235567514678
1.0,128.0,2.0,1.0,1.0,1.0,39.0,32.0,0,0.5015625,0.25,16384.0,6400000.0,0.5273919092465753
1.0,64.0,8.0,1.0,1.0,1.0,543.0,32.0,0,0.5015625,1024.0,0.03125,6400000.0,0.5273919092465753
1.0,64.0,8.0,1.0,1.0,1.0,543.0,32.0,0,0.5015625,32.0,1024.0,6400000.0,0.5273919092465753
128.0,128.0,1.0,8.0,263.0,256.0,8447.0,24576.0,0,0.940625,4.0,0.00195312,6400000.0,0.93818646037182
1.0,128.0,1.0,1.0,1.0,1.0,35.0,32.0,0,0.5015625,1024.0,8.0,6400000.0,0.5273919092465753
1.0,64.0,8.0,1.0,1.0,1.0,543.0,32.0,0,0.5015625,0.5,8192.0,6400000.0,0.5273919092465753
1.0,128.0,1.0,1.0,1.0,1.0,35.0,32.0,0,0.5015625,8192.0,2.0,6400000.0,0.5273919092465753
128.0,128.0,1.0,8.0,263.0,256.0,8447.0,24576.0,0,0.940625,1.0,0.03125,6400000.0,0.93818646037182
1.0,64.0,8.0,1.0,1.0,1.0,543.0,32.0,0,0.5015625,512.0,4096.0,6400000.0,0.5273919092465753
128.0,128.0,1.0,5.0,260.0,256.0,8382.0,24576.0,0,0.940625,2.0,256.0,6400000.0,0.9033657962328766
1.0,128.0,2.0,1.0,1.0,1.0,39.0,32.0,0,0.5015625,0.0078125,2048.0,6400000.0,0.5273919092465753
64.0,64.0,8.0,31.0,1724.0,1818.0,60383.0,282688.0,0,0.9828125,0.0078125,0.0625,6400000.0,0.9804412304305284
64.0,64.0,8.0,8.0,1110.0,1143.0,40033.0,174688.0,0,0.959375,64.0,0.0078125,6400000.0,0.961271556996086
64.0,64.0,8.0,20.0,1655.0,1790.0,58378.0,278208.0,0,0.978125,4.0,2.0,6400000.0,0.976134417808219
128.0,128.0,2.0,22.0,531.0,509.0,16983.0,65056.0,0,0.95,0.00390625,0.25,6400000.0,0.9491407778864971
128.0,128.0,2.0,5.0,460.0,456.0,15006.0,56576.0,0,0.940625,0.00390625,256.0,6400000.0,0.9409246575342465
64.0,64.0,8.0,13.0,1477.0,1576.0,52360.0,243968.0,0,0.9703125,16.0,0.125,6400000.0,0.9683135090508805
64.0,64.0,8.0,5.0,400.0,400.0,15866.0,55808.0,0,0.940625,256.0,0.5,6400000.0,0.9409246575342465
1.0,64.0,8.0,1.0,1.0,1.0,543.0,32.0,0,0.5015625,1024.0,32.0,6400000.0,0.5273919092465753
128.0,128.0,1.0,8.0,263.0,256.0,8447.0,24576.0,0,0.940625,4.0,2.0,6400000.0,0.93818646037182
128.0,128.0,1.0,8.0,263.0,256.0,8447.0,24576.0,0,0.940625,8.0,0.015625,6400000.0,0.93818646037182
64.0,64.0,8.0,26.0,1700.0,1831.0,59733.0,284768.0,0,0.9890625,2.0,0.0,6400000.0,0.9800490765655578
64.0,64.0,8.0,5.0,400.0,400.0,15866.0,55808.0,0,0.940625,128.0,64.0,6400000.0,0.9409246575342465
1.0,128.0,1.0,1.0,1.0,1.0,35.0,32.0,0,0.5015625,4.0,2048.0,6400000.0,0.5273919092465753
128.0,128.0,1.0,8.0,263.0,256.0,8447.0,24576.0,0,0.940625,2.0,0.25,6400000.0,0.93818646037182
1.0,128.0,1.0,1.0,1.0,1.0,35.0,32.0,0,0.5015625,8192.0,2048.0,6400000.0,0.5273919092465753
128.0,128.0,2.0,6.0,467.0,462.0,15218.0,57536.0,0,0.940625,0.5,128.0,6400000.0,0.9409246575342465
1.0,64.0,8.0,1.0,1.0,1.0,543.0,32.0,0,0.5015625,512.0,0.00390625,6400000.0,0.5273919092465753
1.0,128.0,1.0,1.0,1.0,1.0,35.0,32.0,0,0.5015625,8.0,16384.0,6400000.0,0.5273919092465753
128.0,128.0,1.0,7.0,262.0,256.0,8405.0,24576.0,0,0.940625,8.0,16.0,6400000.0,0.93818646037182
1.0,64.0,8.0,1.0,1.0,1.0,543.0,32.0,0,0.5015625,4096.0,0.00195312,6400000.0,0.5273919092465753
128.0,128.0,2.0,18.0,526.0,508.0,16906.0,64896.0,0,0.9515625,0.0078125,2.0,6400000.0,0.9479666095890412
64.0,64.0,8.0,5.0,400.0,400.0,15866.0,55808.0,0,0.940625,16.0,128.0,6400000.0,0.9409246575342465
64.0,64.0,8.0,13.0,1451.0,1555.0,51507.0,240608.0,0,0.96875,32.0,1.0,6400000.0,0.9675322590508806
1.0,64.0,8.0,1.0,1.0,1.0,543.0,32.0,0,0.5015625,4096.0,2048.0,6400000.0,0.5273919092465753
128.0,128.0,2.0,22.0,531.0,509.0,16983.0,65056.0,0,0.9484375,0.0078125,0.00195312,6400000.0,0.9491407778864971
1.0,128.0,1.0,1.0,1.0,1.0,35.0,32.0,0,0.5015625,16384.0,0.015625,6400000.0,0.5273919092465753
1.0,128.0,1.0,1.0,1.0,1.0,35.0,32.0,0,0.5015625,32768.0,0.125,6400000.0,0.5273919092465753
64.0,64.0,8.0,13.0,1367.0,1468.0,48732.0,226688.0,0,0.9703125,8.0,16.0,6400000.0,0.9655753118884538
1.0,64.0,8.0,1.0,1.0,1.0,543.0,32.0,0,0.5015625,256.0,512.0,6400000.0,0.5273919092465753
1.0,64.0,8.0,1.0,1.0,1.0,543.0,32.0,0,0.5015625,0.25,1024.0,6400000.0,0.5273919092465753
1.0,128.0,1.0,1.0,1.0,1.0,35.0,32.0,0,0.5015625,16384.0,16.0,6400000.0,0.5273919092465753
1.0,64.0,8.0,1.0,1.0,1.0,543.0,32.0,0,0.5015625,2048.0,256.0,6400000.0,0.5273919092465753
64.0,64.0,8.0,8.0,812.0,814.0,29943.0,122048.0,0,0.959375,0.125,128.0,6400000.0,0.9409246575342465
1.0,128.0,1.0,1.0,1.0,1.0,35.0,32.0,0,0.5015625,16384.0,16384.0,6400000.0,0.5273919092465753
1.0,64.0,8.0,1.0,1.0,1.0,543.0,32.0,0,0.5015625,1024.0,32768.0,6400000.0,0.5273919092465753
128.0,128.0,2.0,20.0,529.0,509.0,16961.0,65056.0,0,0.9484375,1.0,0.000976562,6400000.0,0.9483579990215265
1.0,64.0,8.0,1.0,1.0,1.0,543.0,32.0,0,0.5015625,4096.0,2.0,6400000.0,0.5273919092465753
1.0,64.0,8.0,1.0,1.0,1.0,543.0,32.0,0,0.5015625,2048.0,0.25,6400000.0,0.5273919092465753
1.0,64.0,8.0,1.0,1.0,1.0,543.0,32.0,0,0.5015625,32768.0,1024.0,6400000.0,0.5273919092465753
128.0,128.0,1.0,5.0,260.0,256.0,8382.0,24576.0,0,0.940625,128.0,32.0,6400000.0,0.93818646037182
1.0,64.0,8.0,1.0,1.0,1.0,543.0,32.0,0,0.5015625,0.015625,512.0,6400000.0,0.5273919092465753
1.0,128.0,1.0,1.0,1.0,1.0,35.0,32.0,0,0.5015625,128.0,32768.0,6400000.0,0.5273919092465753
1.0,64.0,8.0,1.0,1.0,1.0,543.0,32.0,0,0.5015625,8192.0,0.015625,6400000.0,0.5273919092465753
1.0,128.0,1.0,1.0,1.0,1.0,35.0,32.0,0,0.5015625,1024.0,8192.0,6400000.0,0.5273919092465753
1.0,128.0,2.0,1.0,1.0,1.0,39.0,32.0,0,0.5015625,0.015625,16384.0,6400000.0,0.5273919092465753
1.0,64.0,8.0,1.0,1.0,1.0,543.0,32.0,0,0.5015625,16384.0,128.0,6400000.0,0.5273919092465753
1.0,128.0,2.0,1.0,1.0,1.0,39.0,32.0,0,0.5015625,1.0,1024.0,6400000.0,0.5273919092465753
1.0,64.0,8.0,1.0,1.0,1.0,543.0,32.0,0,0.5015625,32768.0,0.000976562,6400000.0,0.5273919092465753
1.0,64.0,8.0,1.0,1.0,1.0,543.0,32.0,0,0.5015625,8192.0,16384.0,6400000.0,0.5273919092465753
64.0,64.0,8.0,8.0,1085.0,1115.0,39205.0,170208.0,0,0.959375,0.0078125,64.0,6400000.0,0.9483656433463796
1.0,64.0,8.0,1.0,1.0,1.0,543.0,32.0,0,0.5015625,8192.0,16.0,6400000.0,0.5273919092465753
128.0,128.0,2.0,17.0,526.0,509.0,16925.0,65056.0,0,0.9484375,1.0,1.0,6400000.0,0.9475752201565555
1.0,64.0,8.0,1.0,1.0,1.0,543.0,32.0,0,0.5015625,16384.0,0.125,6400000.0,0.5273919092465753
128.0,128.0,2.0,22.0,531.0,509.0,16983.0,65056.0,0,0.9484375,0.015625,0.015625,6400000.0,0.9491407778864971
128.0,128.0,2.0,10.0,514.0,504.0,16683.0,64256.0,0,0.9453125,0.015625,16.0,6400000.0,0.9569693309686889
64.0,64.0,8.0,31.0,1702.0,1801.0,59662.0,279968.0,0,0.984375,0.125,0.125,6400000.0,0.9808310909980431
128.0,128.0,1.0,6.0,261.0,256.0,8394.0,24576.0,0,0.940625,32.0,0.000976562,6400000.0,0.9377950709393346
1.0,64.0,8.0,1.0,1.0,1.0,543.0,32.0,0,0.5015625,32768.0,1.0,6400000.0,0.5273919092465753
64.0,64.0,8.0,30.0,1719.0,1817.0,60243.0,282528.0,0,0.984375,0.5,0.0078125,6400000.0,0.9808326198630137
1.0,128.0,1.0,1.0,1.0,1.0,35.0,32.0,0,0.5015625,32768.0,128.0,6400000.0,0.5273919092465753
128.0,128.0,1.0,8.0,263.0,256.0,8447.0,24576.0,0,0.940625,16.0,0.125,6400000.0,0.9377950709393346
1.0,64.0,8.0,1.0,1.0,1.0,543.0,32.0,0,0.5015625,0.03125,4096.0,6400000.0,0.5273919092465753
128.0,128.0,1.0,8.0,263.0,256.0,8447.0,24576.0,0,0.940625,0.0,0.0078125,6400000.0,0.9385778498043053
1.0,128.0,1.0,1.0,1.0,1.0,35.0,32.0,0,0.5015625,0.0,8192.0,6400000.0,0.5273919092465753
128.0,128.0,2.0,18.0,527.0,509.0,16939.0,65056.0,0,0.95,2.0,0.0078125,6400000.0,0.9487493884540118
128.0,128.0,1.0,8.0,263.0,256.0,8447.0,24576.0,0,0.940625,0.00195312,0.0,6400000.0,0.9385778498043053
128.0,128.0,2.0,22.0,531.0,509.0,16983.0,65056.0,0,0.9484375,0.03125,0.125,6400000.0,0.9507025134540118
128.0,128.0,2.0,6.0,468.0,463.0,15251.0,57696.0,0,0.940625,0.03125,128.0,6400000.0,0.9409246575342465
64.0,64.0,8.0,30.0,1719.0,1817.0,60243.0,282528.0,0,0.984375,0.015625,0.5,6400000.0,0.9804412304305284
128.0,128.0,1.0,5.0,260.0,256.0,8382.0,24576.0,0,0.940625,256.0,0.25,6400000.0,0.9033657962328766
1.0,128.0,1.0,1.0,1.0,1.0,35.0,32.0,0,0.5015625,0.0078125,32768.0,6400000.0,0.5273919092465753
128.0,128.0,2.0,22.0,531.0,509.0,16983.0,65056.0,0,0.9484375,0.0625,0.000976562,6400000.0,0.9499235567514678
64.0,64.0,8.0,8.0,1100.0,1122.0,39692.0,171328.0,0,0.959375,64.0,8.0,6400000.0,0.9569662732387474
1.0,128.0,2.0,1.0,1.0,1.0,39.0,32.0,0,0.5015625,0.0625,1024.0,6400000.0,0.5273919092465753
128.0,128.0,1.0,5.0,260.0,256.0,8382.0,24576.0,0,0.940625,16.0,128.0,6400000.0,0.9377950709393346
1.0,64.0,8.0,1.0,1.0,1.0,543.0,32.0,0,0.5015625,0.0625,32768.0,6400000.0,0.5273919092465753
1.0,128.0,1.0,1.0,1.0,1.0,35.0,32.0,0,0.5015625,256.0,256.0,6400000.0,0.5273919092465753
128.0,128.0,2.0,12.0,515.0,503.0,16672.0,64096.0,0,0.946875,2.0,8.0,6400000.0,0.9514898789138944
1.0,128.0,1.0,1.0,1.0,1.0,35.0,32.0,0,0.5015625,2048.0,0.0625,6400000.0,0.5273919092465753
1.0,64.0,8.0,1.0,1.0,1.0,543.0,32.0,0,0.5015625,8.0,32768.0,6400000.0,0.5273919092465753
1.0,128.0,1.0,1.0,1.0,1.0,35.0,32.0,0,0.5015625,0.00195312,512.0,6400000.0,0.5273919092465753
128.0,128.0,1.0,8.0,263.0,256.0,8447.0,24576.0,0,0.940625,0.00390625,0.00390625,6400000.0,0.9385778498043053
1.0,128.0,1.0,1.0,1.0,1.0,35.0,32.0,0,0.5015625,0.00390625,4096.0,6400000.0,0.5273919092465753
128.0,128.0,1.0,8.0,263.0,256.0,8447.0,24576.0,0,0.940625,0.000976562,0.0625,6400000.0,0.9385778498043053
128.0,128.0,1.0,5.0,260.0,256.0,8382.0,24576.0,0,0.940625,0.000976562,64.0,6400000.0,0.93818646037182
64.0,64.0,8.0,25.0,1723.0,1844.0,60503.0,286848.0,0,0.9859375,4.0,0.00390625,6400000.0,0.9796553938356165
128.0,128.0,1.0,8.0,263.0,256.0,8447.0,24576.0,0,0.940625,0.03125,0.00195312,6400000.0,0.9385778498043053
128.0,128.0,2.0,20.0,529.0,509.0,16961.0,65056.0,0,0.9484375,0.0625,1.0,6400000.0,0.9483579990215265
1.0,128.0,1.0,1.0,1.0,1.0,35.0,32.0,0,0.5015625,32.0,1024.0,6400000.0,0.5273919092465753
128.0,128.0,2.0,22.0,531.0,509.0,16983.0,65056.0,0,0.9484375,0.0,0.000976562,6400000.0,0.9491407778864971
128.0,128.0,1.0,8.0,263.0,256.0,8447.0,24576.0,0,0.940625,0.0,8.0,6400000.0,0.93818646037182
1.0,128.0,1.0,1.0,1.0,1.0,35.0,32.0,0,0.5015625,0.03125,2048.0,6400000.0,0.5273919092465753
128.0,128.0,1.0,8.0,263.0,256.0,8447.0,24576.0,0,0.940625,0.00390625,4.0,6400000.0,0.93818646037182
1.0,128.0,1.0,1.0,1.0,1.0,35.0,32.0,0,0.5015625,512.0,0.00195312,6400000.0,0.5273919092465753
1.0,128.0,2.0,1.0,1.0,1.0,39.0,32.0,0,0.5015625,0.0,1024.0,6400000.0,0.5273919092465753
128.0,128.0,1.0,8.0,263.0,256.0,8447.0,24576.0,0,0.940625,0.00195312,0.5,6400000.0,0.93818646037182
128.0,128.0,2.0,22.0,531.0,509.0,16983.0,65056.0,0,0.9484375,0.125,0.0078125,6400000.0,0.9495298740215266
128.0,128.0,1.0,8.0,263.0,256.0,8447.0,24576.0,0,0.940625,0.0078125,0.03125,6400000.0,0.9385778498043053
1.0,128.0,1.0,1.0,1.0,1.0,35.0,32.0,0,0.5015625,0.0625,16384.0,6400000.0,0.5273919092465753
1.0,128.0,1.0,1.0,1.0,1.0,35.0,32.0,0,0.5015625,512.0,2048.0,6400000.0,0.5273919092465753
128.0,128.0,1.0,6.0,261.0,256.0,8394.0,24576.0,0,0.940625,32.0,1.0,6400000.0,0.9377950709393346
1.0,128.0,1.0,1.0,1.0,1.0,35.0,32.0,0,0.5015625,2048.0,64.0,6400000.0,0.5273919092465753
1.0,128.0,2.0,1.0,1.0,1.0,39.0,32.0,0,0.5015625,0.125,8192.0,6400000.0,0.5273919092465753
64.0,64.0,8.0,27.0,1767.0,1869.0,61894.0,290848.0,0,0.984375,0.25,1.0,6400000.0,0.9808310909980431
128.0,128.0,1.0,6.0,261.0,256.0,8394.0,24576.0,0,0.940625,0.0078125,32.0,6400000.0,0.9377950709393346
128.0,128.0,1.0,8.0,263.0,256.0,8447.0,24576.0,0,0.940625,0.015625,0.25,6400000.0,0.93818646037182
128.0,128.0,2.0,23.0,532.0,509.0,16994.0,65056.0,0,0.946875,0.25,0.03125,6400000.0,0.9510939028864971
1.0,64.0,8.0,1.0,1.0,1.0,543.0,32.0,0,0.5015625,2.0,512.0,6400000.0,0.5273919092465753
128.0,128.0,1.0,5.0,260.0,256.0,8382.0,24576.0,0,0.940625,0.015625,256.0,6400000.0,0.9033657962328766
128.0,128.0,1.0,5.0,260.0,256.0,8382.0,24576.0,0,0.940625,64.0,0.0078125,6400000.0,0.93818646037182
64.0,64.0,8.0,24.0,1735.0,1857.0,60921.0,288928.0,0,0.984375,0.03125,4.0,6400000.0,0.9800483121330725
128.0,128.0,1.0,8.0,263.0,256.0,8447.0,24576.0,0,0.940625,0.25,0.000976562,6400000.0,0.93818646037182
128.0,128.0,1.0,8.0,263.0,256.0,8447.0,24576.0,0,0.940625,0.0625,0.015625,6400000.0,0.9385778498043053
128.0,128.0,1.0,8.0,263.0,256.0,8447.0,24576.0,0,0.940625,0.03125,2.0,6400000.0,0.93818646037182
1.0,128.0,1.0,1.0,1.0,1.0,35.0,32.0,0,0.5015625,512.0,2.0,6400000.0,0.5273919092465753
128.0,128.0,2.0,20.0,529.0,509.0,16961.0,65056.0,0,0.95,0.0,1.0,6400000.0,0.9479666095890412
128.0,128.0,2.0,14.0,522.0,508.0,16859.0,64896.0,0,0.9484375,0.125,8.0,6400000.0,0.9514898789138944
64.0,64.0,8.0,19.0,1497.0,1653.0,53206.0,256288.0,0,0.9765625,0.5,8.0,6400000.0,0.9769171966731898
64.0,64.0,8.0,30.0,1782.0,1882.0,62324.0,292928.0,0,0.9875,1.0,0.0625,6400000.0,0.981614634295499
128.0,128.0,1.0,8.0,263.0,256.0,8447.0,24576.0,0,0.940625,0.0625,16.0,6400000.0,0.9377950709393346
128.0,128.0,1.0,5.0,260.0,256.0,8382.0,24576.0,0,0.940625,64.0,8.0,6400000.0,0.93818646037182
64.0,64.0,8.0,31.0,1724.0,1818.0,60383.0,282688.0,0,0.9828125,0.0625,0.03125,6400000.0,0.9804412304305284
1.0,128.0,1.0,1.0,1.0,1.0,35.0,32.0,0,0.5015625,1024.0,0.015625,6400000.0,0.5273919092465753
1.0,64.0,8.0,1.0,1.0,1.0,543.0,32.0,0,0.5015625,4.0,4096.0,6400000.0,0.5273919092465753
64.0,64.0,8.0,13.0,1445.0,1547.0,51307.0,239328.0,0,0.9703125,32.0,0.00195312,6400000.0,0.9671408696183953
1.0,128.0,2.0,1.0,1.0,1.0,39.0,32.0,0,0.5015625,0.000976562,8192.0,6400000.0,0.5273919092465753
1.0,128.0,1.0,1.0,1.0,1.0,35.0,32.0,0,0.5015625,4096.0,0.0,6400000.0,0.5273919092465753
128.0,128.0,1.0,8.0,263.0,256.0,8447.0,24576.0,0,0.940625,0.125,0.125,6400000.0,0.93818646037182
128.0,128.0,2.0,9.0,504.0,496.0,16404.0,62976.0,0,0.9453125,0.25,32.0,6400000.0,0.9534506482387475
1.0,128.0,1.0,1.0,1.0,1.0,35.0,32.0,0,0.5015625,64.0,8192.0,6400000.0,0.5273919092465753
1.0,64.0,8.0,1.0,1.0,1.0,543.0,32.0,0,0.5015625,64.0,16384.0,6400000.0,0.5273919092465753
128.0,128.0,2.0,14.0,522.0,508.0,16859.0,64896.0,0,0.9484375,0.000976562,8.0,6400000.0,0.9518805039138943
64.0,64.0,8.0,31.0,1702.0,1801.0,59662.0,279968.0,0,0.984375,0.25,0.00195312,6400000.0,0.9812224804305284
128.0,128.0,1.0,5.0,260.0,256.0,8382.0,24576.0,0,0.940625,0.125,128.0,6400000.0,0.9377950709393346
128.0,128.0,2.0,22.0,531.0,509.0,16983.0,65056.0,0,0.9484375,0.000976562,0.0078125,6400000.0,0.9491407778864971
64.0,64.0,8.0,27.0,1696.0,1820.0,59573.0,283008.0,0,0.984375,2.0,0.5,6400000.0,0.9796569227005871
128.0,128.0,1.0,8.0,263.0,256.0,8447.0,24576.0,0,0.940625,0.5,0.0078125,6400000.0,0.93818646037182
1.0,128.0,1.0,1.0,1.0,1.0,35.0,32.0,0,0.5015625,4096.0,0.5,6400000.0,0.5273919092465753
1.0,128.0,1.0,1.0,1.0,1.0,35.0,32.0,0,0.5015625,4096.0,512.0,6400000.0,0.5273919092465753
64.0,64.0,8.0,8.0,1090.0,1120.0,39370.0,171008.0,0,0.959375,1.0,64.0,6400000.0,0.9483656433463796
1.0,128.0,1.0,1.0,1.0,1.0,35.0,32.0,0,0.5015625,0.25,1024.0,6400000.0,0.5273919092465753
128.0,128.0,1.0,8.0,263.0,256.0,8447.0,24576.0,0,0.940625,0.25,1.0,6400000.0,0.93818646037182
1.0,128.0,1.0,1.0,1.0,1.0,35.0,32.0,0,0.5015625,0.5,8192.0,6400000.0,0.5273919092465753
128.0,128.0,1.0,8.0,263.0,256.0,8447.0,24576.0,0,0.940625,0.5,8.0,6400000.0,0.9389677103718199
128.0,128.0,1.0,8.0,263.0,256.0,8447.0,24576.0,0,0.940625,2.0,0.0,6400000.0,0.93818646037182
1.0,128.0,2.0,1.0,1.0,1.0,39.0,32.0,0,0.5015625,2.0,8192.0,6400000.0,0.5273919092465753
128.0,128.0,2.0,7.0,497.0,491.0,16186.0,62176.0,0,0.940625,0.00195312,64.0,6400000.0,0.9409246575342465
128.0,128.0,2.0,22.0,531.0,509.0,16983.0,65056.0,0,0.9484375,0.00195312,0.0625,6400000.0,0.9499235567514678
128.0,128.0,1.0,5.0,260.0,256.0,8382.0,24576.0,0,0.940625,128.0,0.0625,6400000.0,0.9377950709393346
1.0,128.0,1.0,1.0,1.0,1.0,35.0,32.0,0,0.5015625,8192.0,0.00390625,6400000.0,0.5273919092465753
1.0,64.0,8.0,1.0,1.0,1.0,543.0,32.0,0,0.5015625,512.0,8.0,6400000.0,0.5273919092465753
64.0,64.0,8.0,13.0,1444.0,1546.0,51274.0,239168.0,0,0.9703125,0.0625,32.0,6400000.0,0.96674948018591
128.0,128.0,2.0,15.0,524.0,509.0,16903.0,65056.0,0,0.946875,4.0,0.0625,6400000.0,0.9479658451565556
128.0,128.0,2.0,22.0,531.0,509.0,16983.0,65056.0,0,0.9484375,0.00390625,0.0,6400000.0,0.9491407778864971
64.0,64.0,8.0,5.0,400.0,400.0,15866.0,55808.0,0,0.940625,256.0,0.000976562,6400000.0,0.9409246575342465
64.0,64.0,8.0,8.0,980.0,979.0,35453.0,148448.0,0,0.959375,128.0,0.125,6400000.0,0.9409246575342465
1.0,128.0,1.0,1.0,1.0,1.0,35.0,32.0,0,0.5015625,1024.0,16.0,6400000.0,0.5273919092465753
1.0,64.0,8.0,1.0,1.0,1.0,543.0,32.0,0,0.5015625,32.0,2048.0,6400000.0,0.5273919092465753
1.0,128.0,2.0,1.0,1.0,1.0,39.0,32.0,0,0.5015625,0.25,32768.0,6400000.0,0.5273919092465753
1.0,64.0,8.0,1.0,1.0,1.0,543.0,32.0,0,0.5015625,1024.0,0.0625,6400000.0,0.5273919092465753
128.0,128.0,1.0,5.0,260.0,256.0,8382.0,24576.0,0,0.940625,1.0,64.0,6400000.0,0.93818646037182
128.0,128.0,2.0,20.0,529.0,509.0,16961.0,65056.0,0,0.95,0.5,0.25,6400000.0,0.9530508500489236
1.0,64.0,8.0,1.0,1.0,1.0,543.0,32.0,0,0.5015625,0.5,16384.0,6400000.0,0.5273919092465753
1.0,128.0,1.0,1.0,1.0,1.0,35.0,32.0,0,0.5015625,2.0,512.0,6400000.0,0.5273919092465753
128.0,128.0,1.0,8.0,263.0,256.0,8447.0,24576.0,0,0.940625,4.0,0.00390625,6400000.0,0.93818646037182
1.0,128.0,1.0,1.0,1.0,1.0,35.0,32.0,0,0.5015625,8192.0,4.0,6400000.0,0.5273919092465753
1.0,128.0,2.0,1.0,1.0,1.0,39.0,32.0,0,0.5015625,0.0078125,4096.0,6400000.0,0.5273919092465753
1.0,64.0,8.0,1.0,1.0,1.0,543.0,32.0,0,0.5015625,512.0,8192.0,6400000.0,0.5273919092465753
128.0,128.0,1.0,8.0,263.0,256.0,8447.0,24576.0,0,0.940625,1.0,0.0625,6400000.0,0.93818646037182
1.0,64.0,8.0,1.0,1.0,1.0,543.0,32.0,0,0.5015625,1024.0,64.0,6400000.0,0.5273919092465753
64.0,64.0,8.0,19.0,1527.0,1683.0,54196.0,261088.0,0,0.9765625,8.0,0.03125,6400000.0,0.9737883745107633
1.0,128.0,1.0,1.0,1.0,1.0,35.0,32.0,0,0.5015625,4.0,4096.0,6400000.0,0.5273919092465753
128.0,128.0,1.0,8.0,263.0,256.0,8447.0,24576.0,0,0.940625,2.0,0.5,6400000.0,0.93818646037182
128.0,128.0,2.0,7.0,494.0,488.0,16087.0,61696.0,0,0.940625,4.0,64.0,6400000.0,0.9409246575342465
64.0,64.0,8.0,5.0,400.0,400.0,15866.0,55808.0,0,0.940625,256.0,1.0,6400000.0,0.9409246575342465
1.0,128.0,2.0,1.0,1.0,1.0,39.0,32.0,0,0.5015625,0.00390625,512.0,6400000.0,0.5273919092465753
128.0,128.0,1.0,8.0,263.0,256.0,8447.0,24576.0,0,0.940625,8.0,0.03125,6400000.0,0.93818646037182
1.0,128.0,1.0,1.0,1.0,1.0,35.0,32.0,0,0.5015625,8.0,32768.0,6400000.0,0.5273919092465753
1.0,128.0,1.0,1.0,1.0,1.0,35.0,32.0,0,0.5015625,8192.0,4096.0,6400000.0,0.5273919092465753
64.0,64.0,8.0,14.0,1423.0,1520.0,50555.0,235008.0,0,0.9703125,16.0,0.25,6400000.0,0.9698790667808218
128.0,128.0,2.0,22.0,531.0,509.0,16983.0,65056.0,0,0.9515625,0.00390625,0.5,6400000.0,0.9503149461839531
1.0,64.0,8.0,1.0,1.0,1.0,543.0,32.0,0,0.5015625,256.0,1024.0,6400000.0,0.5273919092465753
64.0,64.0,8.0,5.0,400.0,400.0,15866.0,55808.0,0,0.940625,128.0,128.0,6400000.0,0.9409246575342465
1.0,64.0,8.0,1.0,1.0,1.0,543.0,32.0,0,0.5015625,512.0,0.0078125,6400000.0,0.5273919092465753
1.0,64.0,8.0,1.0,1.0,1.0,543.0,32.0,0,0.5015625,4096.0,0.00390625,6400000.0,0.5273919092465753
128.0,128.0,2.0,5.0,460.0,456.0,15006.0,56576.0,0,0.940625,0.5,256.0,6400000.0,0.9409246575342465
64.0,64.0,8.0,19.0,1527.0,1683.0,54196.0,261088.0,0,0.9765625,4.0,4.0,6400000.0,0.9749625428082191
1.0,128.0,1.0,1.0,1.0,1.0,35.0,32.0,0,0.5015625,32768.0,0.25,6400000.0,0.5273919092465753
1.0,64.0,8.0,1.0,1.0,1.0,543.0,32.0,0,0.5015625,4096.0,4096.0,6400000.0,0.5273919092465753
128.0,128.0,1.0,8.0,263.0,256.0,8447.0,24576.0,0,0.940625,4.0,4.0,6400000.0,0.93818646037182
1.0,64.0,8.0,1.0,1.0,1.0,543.0,32.0,0,0.5015625,2048.0,512.0,6400000.0,0.5273919092465753
1.0,128.0,1.0,1.0,1.0,1.0,35.0,32.0,0,0.5015625,16384.0,0.03125,6400000.0,0.5273919092465753
64.0,64.0,8.0,8.0,1110.0,1143.0,40033.0,174688.0,0,0.959375,64.0,0.015625,6400000.0,0.961271556996086
1.0,64.0,8.0,1.0,1.0,1.0,543.0,32.0,0,0.5015625,2048.0,0.5,6400000.0,0.5273919092465753
1.0,64.0,8.0,1.0,1.0,1.0,543.0,32.0,0,0.5015625,0.25,2048.0,6400000.0,0.5273919092465753
128.0,128.0,1.0,6.0,261.0,256.0,8394.0,24576.0,0,0.940625,8.0,32.0,6400000.0,0.9377950709393346
1.0,128.0,1.0,1.0,1.0,1.0,35.0,32.0,0,0.5015625,16384.0,32.0,6400000.0,0.5273919092465753
1.0,64.0,8.0,1.0,1.0,1.0,543.0,32.0,0,0.5015625,2048.0,0.0,6400000.0,0.5273919092465753
128.0,128.0,2.0,15.0,524.0,509.0,16903.0,65056.0,0,0.9484375,0.0078125,4.0,6400000.0,0.9479666095890412
1.0,64.0,8.0,1.0,1.0,1.0,543.0,32.0,0,0.5015625,32768.0,2048.0,6400000.0,0.5273919092465753
128.0,128.0,2.0,22.0,531.0,509.0,16983.0,65056.0,0,0.9484375,0.0078125,0.00390625,6400000.0,0.9491407778864971
64.0,64.0,8.0,5.0,399.0,399.0,15833.0,55648.0,0,0.940625,16.0,256.0,6400000.0,0.9409246575342465
1.0,128.0,1.0,1.0,1.0,1.0,35.0,32.0,0,0.5015625,16384.0,32768.0,6400000.0,0.5273919092465753
128.0,128.0,2.0,14.0,522.0,508.0,16859.0,64896.0,0,0.9484375,8.0,0.0,6400000.0,0.9507071000489237
1.0,64.0,8.0,1.0,1.0,1.0,543.0,32.0,0,0.5015625,4096.0,4.0,6400000.0,0.5273919092465753
1.0,128.0,1.0,1.0,1.0,1.0,35.0,32.0,0,0.5015625,1024.0,16384.0,6400000.0,0.5273919092465753
128.0,128.0,2.0,12.0,518.0,506.0,16771.0,64576.0,0,0.946875,8.0,0.5,6400000.0,0.9510977250489236
64.0,64.0,8.0,5.0,400.0,400.0,15866.0,55808.0,0,0.940625,0.125,256.0,6400000.0,0.9409246575342465
64.0,64.0,8.0,26.0,1700.0,1831.0,59733.0,284768.0,0,0.9890625,2.0,0.000976562,6400000.0,0.9800490765655578
1.0,64.0,8.0,1.0,1.0,1.0,543.0,32.0,0,0.5015625,8192.0,0.03125,6400000.0,0.5273919092465753
1.0,64.0,8.0,1.0,1.0,1.0,543.0,32.0,0,0.5015625,16384.0,256.0,6400000.0,0.5273919092465753
64.0,64.0,8.0,13.0,1449.0,1555.0,51443.0,240608.0,0,0.96875,32.0,2.0,6400000.0,0.9671408696183953
64.0,64.0,8.0,10.0,1429.0,1522.0,50833.0,235328.0,0,0.9640625,8.0,32.0,6400000.0,0.9644011435909979
128.0,128.0,1.0,5.0,260.0,256.0,8382.0,24576.0,0,0.940625,128.0,64.0,6400000.0,0.93818646037182
1.0,64.0,8.0,1.0,1.0,1.0,543.0,32.0,0,0.5015625,16384.0,0.25,6400000.0,0.5273919092465753
1.0,128.0,2.0,1.0,1.0,1.0,39.0,32.0,0,0.5015625,1.0,2048.0,6400000.0,0.5273919092465753
128.0,128.0,1.0,5.0,260.0,256.0,8382.0,24576.0,0,0.940625,256.0,0.0,6400000.0,0.9033657962328766
128.0,128.0,2.0,20.0,529.0,509.0,16961.0,65056.0,0,0.9484375,1.0,0.00195312,6400000.0,0.9483579990215265
1.0,64.0,8.0,1.0,1.0,1.0,543.0,32.0,0,0.5015625,8192.0,32768.0,6400000.0,0.5273919092465753
1.0,128.0,2.0,1.0,1.0,1.0,39.0,32.0,0,0.5015625,0.015625,32768.0,6400000.0,0.5273919092465753
1.0,64.0,8.0,1.0,1.0,1.0,543.0,32.0,0,0.5015625,32768.0,0.00195312,6400000.0,0.5273919092465753
1.0,64.0,8.0,1.0,1.0,1.0,543.0,32.0,0,0.5015625,8192.0,32.0,6400000.0,0.5273919092465753
1.0,64.0,8.0,1.0,1.0,1.0,543.0,32.0,0,0.5015625,32768.0,2.0,6400000.0,0.5273919092465753
1.0,128.0,2.0,1.0,1.0,1.0,39.0,32.0,0,0.5015625,8.0,512.0,6400000.0,0.5273919092465753
128.0,128.0,1.0,6.0,261.0,256.0,8394.0,24576.0,0,0.940625,32.0,0.00195312,6400000.0,0.9377950709393346
128.0,128.0,2.0,17.0,526.0,509.0,16925.0,65056.0,0,0.946875,1.0,2.0,6400000.0,0.9483579990215265
1.0,128.0,1.0,1.0,1.0,1.0,35.0,32.0,0,0.5015625,32768.0,256.0,6400000.0,0.5273919092465753
128.0,128.0,2.0,9.0,505.0,496.0,16405.0,62976.0,0,0.9453125,0.015625,32.0,6400000.0,0.9557951626712329
128.0,128.0,2.0,22.0,531.0,509.0,16983.0,65056.0,0,0.9484375,0.015625,0.03125,6400000.0,0.9499235567514678
128.0,128.0,1.0,8.0,263.0,256.0,8447.0,24576.0,0,0.940625,16.0,0.25,6400000.0,0.9377950709393346
1.0,128.0,1.0,1.0,1.0,1.0,35.0,32.0,0,0.5015625,0.0,16384.0,6400000.0,0.5273919092465753
128.0,128.0,2.0,12.0,516.0,504.0,16705.0,64256.0,0,0.946875,16.0,0.00390625,6400000.0,0.9522726577788649
64.0,64.0,8.0,31.0,1707.0,1806.0,59827.0,280768.0,0,0.9890625,0.125,0.25,6400000.0,0.9808318554305284
128.0,128.0,1.0,8.0,263.0,256.0,8447.0,24576.0,0,0.940625,0.0,0.015625,6400000.0,0.9385778498043053
128.0,128.0,1.0,8.0,263.0,256.0,8447.0,24576.0,0,0.940625,0.00195312,0.000976562,6400000.0,0.9385778498043053
64.0,64.0,8.0,30.0,1719.0,1817.0,60243.0,282528.0,0,0.984375,0.5,0.015625,6400000.0,0.9804412304305284
128.0,128.0,1.0,5.0,260.0,256.0,8382.0,24576.0,0,0.940625,256.0,0.5,6400000.0,0.9033657962328766
128.0,128.0,2.0,18.0,527.0,509.0,16939.0,65056.0,0,0.95,2.0,0.015625,6400000.0,0.9487493884540118
128.0,128.0,1.0,8.0,263.0,256.0,8447.0,24576.0,0,0.940625,0.015625,0.0,6400000.0,0.9385778498043053
128.0,128.0,2.0,23.0,532.0,509.0,16994.0,65056.0,0,0.946875,0.03125,0.25,6400000.0,0.9507025134540118
128.0,128.0,2.0,5.0,460.0,456.0,15006.0,56576.0,0,0.940625,0.03125,256.0,6400000.0,0.9409246575342465
128.0,128.0,2.0,22.0,531.0,509.0,16983.0,65056.0,0,0.9484375,0.0625,0.00195312,6400000.0,0.9499235567514678
1.0,128.0,2.0,1.0,1.0,1.0,39.0,32.0,0,0.5015625,0.0625,2048.0,6400000.0,0.5273919092465753
1.0,128.0,1.0,1.0,1.0,1.0,35.0,32.0,0,0.5015625,256.0,512.0,6400000.0,0.5273919092465753
1.0,128.0,2.0,1.0,1.0,1.0,39.0,32.0,0,0.5015625,16.0,4096.0,6400000.0,0.5273919092465753
128.0,128.0,2.0,9.0,512.0,503.0,16636.0,64096.0,0,0.9453125,16.0,4.0,6400000.0,0.9565779415362036
1.0,128.0,1.0,1.0,1.0,1.0,35.0,32.0,0,0.5015625,0.00390625,8192.0,6400000.0,0.5273919092465753
1.0,128.0,1.0,1.0,1.0,1.0,35.0,32.0,0,0.5015625,2048.0,0.125,6400000.0,0.5273919092465753
1.0,128.0,1.0,1.0,1.0,1.0,35.0,32.0,0,0.5015625,0.00195312,1024.0,6400000.0,0.5273919092465753
128.0,128.0,1.0,5.0,260.0,256.0,8382.0,24576.0,0,0.940625,16.0,256.0,6400000.0,0.9033657962328766
128.0,128.0,1.0,8.0,263.0,256.0,8447.0,24576.0,0,0.940625,0.03125,0.00390625,6400000.0,0.9385778498043053
128.0,128.0,2.0,10.0,510.0,500.0,16551.0,63616.0,0,0.9453125,2.0,16.0,6400000.0,0.9569693309686889
1.0,128.0,1.0,1.0,1.0,1.0,35.0,32.0,0,0.5015625,32.0,2048.0,6400000.0,0.5273919092465753
128.0,128.0,1.0,8.0,263.0,256.0,8447.0,24576.0,0,0.940625,0.00390625,0.0078125,6400000.0,0.9385778498043053
128.0,128.0,1.0,5.0,260.0,256.0,8382.0,24576.0,0,0.940625,0.000976562,128.0,6400000.0,0.93818646037182
1.0,128.0,1.0,1.0,1.0,1.0,35.0,32.0,0,0.5015625,0.03125,4096.0,6400000.0,0.5273919092465753
64.0,64.0,8.0,8.0,1048.0,1067.0,37973.0,162528.0,0,0.959375,64.0,16.0,6400000.0,0.9569662732387474
1.0,128.0,1.0,1.0,1.0,1.0,35.0,32.0,0,0.5015625,512.0,0.00390625,6400000.0,0.5273919092465753
64.0,64.0,8.0,13.0,1477.0,1576.0,52360.0,243968.0,0,0.9703125,16.0,0.0,6400000.0,0.9694876773483365
128.0,128.0,1.0,8.0,263.0,256.0,8447.0,24576.0,0,0.940625,0.000976562,0.125,6400000.0,0.9385778498043053
128.0,128.0,1.0,8.0,263.0,256.0,8447.0,24576.0,0,0.940625,0.0,16.0,6400000.0,0.9377950709393346
128.0,128.0,1.0,8.0,263.0,256.0,8447.0,24576.0,0,0.940625,0.00195312,1.0,6400000.0,0.93818646037182
1.0,128.0,2.0,1.0,1.0,1.0,39.0,32.0,0,0.5015625,0.0,2048.0,6400000.0,0.5273919092465753
128.0,128.0,2.0,22.0,531.0,509.0,16983.0,65056.0,0,0.9484375,0.0,0.00195312,6400000.0,0.9491407778864971
128.0,128.0,2.0,18.0,526.0,508.0,16906.0,64896.0,0,0.9515625,0.0625,2.0,6400000.0,0.9475752201565555
1.0,128.0,1.0,1.0,1.0,1.0,35.0,32.0,0,0.5015625,512.0,4096.0,6400000.0,0.5273919092465753
128.0,128.0,1.0,8.0,263.0,256.0,8447.0,24576.0,0,0.940625,0.00390625,8.0,6400000.0,0.93818646037182
1.0,128.0,1.0,1.0,1.0,1.0,35.0,32.0,0,0.5015625,0.0625,32768.0,6400000.0,0.5273919092465753
128.0,128.0,1.0,6.0,261.0,256.0,8394.0,24576.0,0,0.940625,32.0,2.0,6400000.0,0.9377950709393346
64.0,64.0,8.0,25.0,1723.0,1844.0,60503.0,286848.0,0,0.9859375,4.0,0.0078125,6400000.0,0.9796553938356165
128.0,128.0,1.0,8.0,263.0,256.0,8447.0,24576.0,0,0.940625,0.0078125,0.0625,6400000.0,0.9385778498043053
1.0,128.0,2.0,1.0,1.0,1.0,39.0,32.0,0,0.5015625,0.125,16384.0,6400000.0,0.5273919092465753
1.0,128.0,1.0,1.0,1.0,1.0,35.0,32.0,0,0.5015625,2048.0,128.0,6400000.0,0.5273919092465753
128.0,128.0,1.0,8.0,263.0,256.0,8447.0,24576.0,0,0.940625,0.015625,0.5,6400000.0,0.93818646037182
1.0,64.0,8.0,1.0,1.0,1.0,543.0,32.0,0,0.5015625,2.0,1024.0,6400000.0,0.5273919092465753
128.0,128.0,1.0,5.0,260.0,256.0,8382.0,24576.0,0,0.940625,0.0078125,64.0,6400000.0,0.93818646037182
128.0,128.0,2.0,23.0,532.0,509.0,16994.0,65056.0,0,0.946875,0.25,0.0625,6400000.0,0.9495321673189825
128.0,128.0,2.0,22.0,531.0,509.0,16983.0,65056.0,0,0.9484375,0.125,0.015625,6400000.0,0.9491407778864971
128.0,128.0,1.0,8.0,263.0,256.0,8447.0,24576.0,0,0.940625,0.0625,0.03125,6400000.0,0.9385778498043053
1.0,128.0,1.0,1.0,1.0,1.0,35.0,32.0,0,0.5015625,0.015625,512.0,6400000.0,0.5273919092465753
128.0,128.0,1.0,8.0,263.0,256.0,8447.0,24576.0,0,0.940625,0.25,0.00195312,6400000.0,0.93818646037182
128.0,128.0,1.0,8.0,263.0,256.0,8447.0,24576.0,0,0.940625,0.03125,4.0,6400000.0,0.93818646037182
128.0,128.0,1.0,5.0,260.0,256.0,8382.0,24576.0,0,0.940625,64.0,0.015625,6400000.0,0.93818646037182
1.0,128.0,1.0,1.0,1.0,1.0,35.0,32.0,0,0.5015625,512.0,4.0,6400000.0,0.5273919092465753
128.0,128.0,2.0,18.0,526.0,508.0,16906.0,64896.0,0,0.9515625,0.0,2.0,6400000.0,0.9483579990215265
128.0,128.0,2.0,9.0,510.0,501.0,16570.0,63776.0,0,0.9453125,32.0,0.03125,6400000.0,0.9565764126712327
64.0,64.0,8.0,29.0,1710.0,1830.0,59989.0,284608.0,0,0.9875,0.25,2.0,6400000.0,0.9800490765655578
128.0,128.0,2.0,10.0,514.0,504.0,16683.0,64256.0,0,0.9453125,0.125,16.0,6400000.0,0.9569693309686889
1.0,128.0,1.0,1.0,1.0,1.0,35.0,32.0,0,0.5015625,1024.0,0.03125,6400000.0,0.5273919092465753
128.0,128.0,1.0,5.0,260.0,256.0,8382.0,24576.0,0,0.940625,64.0,16.0,6400000.0,0.93818646037182
128.0,128.0,1.0,6.0,261.0,256.0,8394.0,24576.0,0,0.940625,0.0625,32.0,6400000.0,0.9377950709393346
1.0,64.0,8.0,1.0,1.0,1.0,543.0,32.0,0,0.5015625,4.0,8192.0,6400000.0,0.5273919092465753
1.0,128.0,2.0,1.0,1.0,1.0,39.0,32.0,0,0.5015625,0.000976562,16384.0,6400000.0,0.5273919092465753
1.0,128.0,1.0,1.0,1.0,1.0,35.0,32.0,0,0.5015625,4096.0,0.000976562,6400000.0,0.5273919092465753
64.0,64.0,8.0,13.0,1462.0,1558.0,51862.0,241088.0,0,0.9703125,0.5,16.0,6400000.0,0.9694876773483365
1.0,64.0,8.0,1.0,1.0,1.0,543.0,32.0,0,0.5015625,64.0,32768.0,6400000.0,0.5273919092465753
1.0,128.0,1.0,1.0,1.0,1.0,35.0,32.0,0,0.5015625,64.0,16384.0,6400000.0,0.5273919092465753
64.0,64.0,8.0,27.0,1787.0,1889.0,62554.0,294048.0,0,0.9828125,1.0,0.125,6400000.0,0.9823966487279844
128.0,128.0,2.0,7.0,497.0,491.0,16186.0,62176.0,0,0.940625,0.25,64.0,6400000.0,0.9409246575342465
1.0,128.0,1.0,1.0,1.0,1.0,35.0,32.0,0,0.5015625,0.25,2048.0,6400000.0,0.5273919092465753
128.0,128.0,1.0,5.0,260.0,256.0,8382.0,24576.0,0,0.940625,0.125,256.0,6400000.0,0.9033657962328766
128.0,128.0,1.0,8.0,263.0,256.0,8447.0,24576.0,0,0.940625,0.125,0.25,6400000.0,0.93818646037182
128.0,128.0,2.0,10.0,511.0,501.0,16584.0,63776.0,0,0.9453125,0.000976562,16.0,6400000.0,0.9569693309686889
64.0,64.0,8.0,13.0,1445.0,1547.0,51307.0,239328.0,0,0.9703125,32.0,0.00390625,6400000.0,0.9671408696183953
128.0,128.0,1.0,8.0,263.0,256.0,8447.0,24576.0,0,0.940625,0.5,0.015625,6400000.0,0.93818646037182
1.0,128.0,1.0,1.0,1.0,1.0,35.0,32.0,0,0.5015625,4096.0,1.0,6400000.0,0.5273919092465753
1.0,128.0,1.0,1.0,1.0,1.0,35.0,32.0,0,0.5015625,4096.0,1024.0,6400000.0,0.5273919092465753
128.0,128.0,2.0,22.0,531.0,509.0,16983.0,65056.0,0,0.9484375,0.000976562,0.015625,6400000.0,0.9491407778864971
64.0,64.0,8.0,8.0,782.0,783.0,28952.0,117088.0,0,0.959375,1.0,128.0,6400000.0,0.9409246575342465
1.0,128.0,1.0,1.0,1.0,1.0,35.0,32.0,0,0.5015625,0.5,16384.0,6400000.0,0.5273919092465753
128.0,128.0,1.0,8.0,263.0,256.0,8447.0,24576.0,0,0.940625,0.25,2.0,6400000.0,0.93818646037182
128.0,128.0,2.0,7.0,497.0,491.0,16186.0,62176.0,0,0.940625,32.0,32.0,6400000.0,0.9409246575342465
64.0,64.0,8.0,23.0,1780.0,1885.0,62410.0,293408.0,0,0.984375,2.0,1.0,6400000.0,0.9788749082681019
128.0,128.0,1.0,8.0,263.0,256.0,8447.0,24576.0,0,0.940625,2.0,0.000976562,6400000.0,0.93818646037182
1.0,128.0,2.0,1.0,1.0,1.0,39.0,32.0,0,0.5015625,32.0,32768.0,6400000.0,0.5273919092465753
128.0,128.0,1.0,8.0,263.0,256.0,8447.0,24576.0,0,0.940625,0.5,16.0,6400000.0,0.9377950709393346
1.0,128.0,2.0,1.0,1.0,1.0,39.0,32.0,0,0.5015625,2.0,16384.0,6400000.0,0.5273919092465753
128.0,128.0,2.0,6.0,468.0,463.0,15251.0,57696.0,0,0.940625,0.00195312,128.0,6400000.0,0.9409246575342465
1.0,128.0,1.0,1.0,1.0,1.0,35.0,32.0,0,0.5015625,8192.0,0.0078125,6400000.0,0.5273919092465753
1.0,64.0,8.0,1.0,1.0,1.0,543.0,32.0,0,0.5015625,512.0,16.0,6400000.0,0.5273919092465753
1.0,128.0,1.0,1.0,1.0,1.0,35.0,32.0,0,0.5015625,1024.0,32.0,6400000.0,0.5273919092465753
128.0,128.0,2.0,22.0,531.0,509.0,16983.0,65056.0,0,0.9484375,0.00195312,0.125,6400000.0,0.9499212634540118
128.0,128.0,2.0,15.0,524.0,509.0,16903.0,65056.0,0,0.946875,4.0,0.125,6400000.0,0.9475752201565555
128.0,128.0,1.0,5.0,260.0,256.0,8382.0,24576.0,0,0.940625,128.0,0.125,6400000.0,0.9377950709393346
1.0,64.0,8.0,1.0,1.0,1.0,543.0,32.0,0,0.5015625,32.0,4096.0,6400000.0,0.5273919092465753
1.0,64.0,8.0,1.0,1.0,1.0,543.0,32.0,0,0.5015625,1024.0,0.125,6400000.0,0.5273919092465753
128.0,128.0,2.0,7.0,497.0,491.0,16186.0,62176.0,0,0.940625,64.0,0.25,6400000.0,0.9409246575342465
128.0,128.0,2.0,22.0,531.0,509.0,16983.0,65056.0,0,0.9515625,0.5,0.0,6400000.0,0.9546156433463796
1.0,128.0,1.0,1.0,1.0,1.0,35.0,32.0,0,0.5015625,2.0,1024.0,6400000.0,0.5273919092465753
128.0,128.0,1.0,5.0,260.0,256.0,8382.0,24576.0,0,0.940625,1.0,128.0,6400000.0,0.9377950709393346
64.0,64.0,8.0,8.0,980.0,979.0,35453.0,148448.0,0,0.959375,128.0,0.25,6400000.0,0.9409246575342465
64.0,64.0,8.0,5.0,400.0,400.0,15866.0,55808.0,0,0.940625,256.0,0.00195312,6400000.0,0.9409246575342465
128.0,128.0,2.0,22.0,531.0,509.0,16983.0,65056.0,0,0.9484375,0.00390625,0.000976562,6400000.0,0.9491407778864971
128.0,128.0,2.0,5.0,460.0,456.0,15006.0,56576.0,0,0.940625,64.0,256.0,6400000.0,0.9409246575342465
128.0,128.0,2.0,20.0,529.0,509.0,16961.0,65056.0,0,0.9484375,0.5,0.5,6400000.0,0.9479666095890412
1.0,64.0,8.0,1.0,1.0,1.0,543.0,32.0,0,0.5015625,1024.0,128.0,6400000.0,0.5273919092465753
1.0,128.0,1.0,1.0,1.0,1.0,35.0,32.0,0,0.5015625,8192.0,8.0,6400000.0,0.5273919092465753
1.0,64.0,8.0,1.0,1.0,1.0,543.0,32.0,0,0.5015625,512.0,16384.0,6400000.0,0.5273919092465753
128.0,128.0,1.0,8.0,263.0,256.0,8447.0,24576.0,0,0.940625,4.0,0.0078125,6400000.0,0.93818646037182
1.0,128.0,1.0,1.0,1.0,1.0,35.0,32.0,0,0.5015625,4.0,8192.0,6400000.0,0.5273919092465753
1.0,128.0,2.0,1.0,1.0,1.0,39.0,32.0,0,0.5015625,0.0078125,8192.0,6400000.0,0.5273919092465753
128.0,128.0,1.0,8.0,263.0,256.0,8447.0,24576.0,0,0.940625,1.0,0.125,6400000.0,0.93818646037182
1.0,128.0,2.0,1.0,1.0,1.0,39.0,32.0,0,0.5015625,0.00390625,1024.0,6400000.0,0.5273919092465753
1.0,128.0,1.0,1.0,1.0,1.0,35.0,32.0,0,0.5015625,8192.0,8192.0,6400000.0,0.5273919092465753
64.0,64.0,8.0,5.0,400.0,400.0,15866.0,55808.0,0,0.940625,256.0,2.0,6400000.0,0.9409246575342465
1.0,64.0,8.0,1.0,1.0,1.0,543.0,32.0,0,0.5015625,256.0,2048.0,6400000.0,0.5273919092465753
1.0,64.0,8.0,1.0,1.0,1.0,543.0,32.0,0,0.5015625,4096.0,0.0078125,6400000.0,0.5273919092465753
128.0,128.0,2.0,5.0,460.0,456.0,15006.0,56576.0,0,0.940625,4.0,128.0,6400000.0,0.9409246575342465
128.0,128.0,1.0,8.0,263.0,256.0,8447.0,24576.0,0,0.940625,2.0,1.0,6400000.0,0.93818646037182
1.0,64.0,8.0,1.0,1.0,1.0,543.0,32.0,0,0.5015625,2048.0,1024.0,6400000.0,0.5273919092465753
1.0,128.0,1.0,1.0,1.0,1.0,35.0,32.0,0,0.5015625,16384.0,64.0,6400000.0,0.5273919092465753
1.0,64.0,8.0,1.0,1.0,1.0,543.0,32.0,0,0.5015625,512.0,0.015625,6400000.0,0.5273919092465753
1.0,64.0,8.0,1.0,1.0,1.0,543.0,32.0,0,0.5015625,4096.0,8192.0,6400000.0,0.5273919092465753
1.0,128.0,1.0,1.0,1.0,1.0,35.0,32.0,0,0.5015625,32768.0,0.5,6400000.0,0.5273919092465753
128.0,128.0,1.0,8.0,263.0,256.0,8447.0,24576.0,0,0.940625,8.0,0.0625,6400000.0,0.93818646037182
1.0,128.0,1.0,1.0,1.0,1.0,35.0,32.0,0,0.5015625,16384.0,0.0625,6400000.0,0.5273919092465753
128.0,128.0,1.0,8.0,263.0,256.0,8447.0,24576.0,0,0.940625,16.0,0.0,6400000.0,0.9377950709393346
128.0,128.0,1.0,5.0,260.0,256.0,8382.0,24576.0,0,0.940625,8.0,64.0,6400000.0,0.93818646037182
1.0,64.0,8.0,1.0,1.0,1.0,543.0,32.0,0,0.5015625,2048.0,1.0,6400000.0,0.5273919092465753
64.0,64.0,8.0,5.0,429.0,452.0,16846.0,64128.0,0,0.940625,128.0,256.0,6400000.0,0.9033657962328766
1.0,128.0,2.0,1.0,1.0,1.0,39.0,32.0,0,0.5015625,0.5,512.0,6400000.0,0.5273919092465753
64.0,64.0,8.0,13.0,1428.0,1525.0,50741.0,235808.0,0,0.9703125,16.0,0.5,6400000.0,0.9694869129158512
128.0,128.0,1.0,8.0,263.0,256.0,8447.0,24576.0,0,0.940625,4.0,8.0,6400000.0,0.9389677103718199
128.0,128.0,2.0,20.0,529.0,509.0,16961.0,65056.0,0,0.9484375,0.00390625,1.0,6400000.0,0.9479666095890412
1.0,64.0,8.0,1.0,1.0,1.0,543.0,32.0,0,0.5015625,2048.0,0.000976562,6400000.0,0.5273919092465753
64.0,64.0,8.0,19.0,1527.0,1683.0,54196.0,261088.0,0,0.9765625,8.0,0.0625,6400000.0,0.973396985078278
1.0,64.0,8.0,1.0,1.0,1.0,543.0,32.0,0,0.5015625,32768.0,4096.0,6400000.0,0.5273919092465753
1.0,64.0,8.0,1.0,1.0,1.0,543.0,32.0,0,0.5015625,4096.0,8.0,6400000.0,0.5273919092465753
128.0,128.0,2.0,6.0,468.0,463.0,15251.0,57696.0,0,0.940625,128.0,0.00195312,6400000.0,0.9409246575342465
1.0,128.0,1.0,1.0,1.0,1.0,35.0,32.0,0,0.5015625,32768.0,0.0,6400000.0,0.5273919092465753
1.0,64.0,8.0,1.0,1.0,1.0,543.0,32.0,0,0.5015625,16.0,512.0,6400000.0,0.5273919092465753
128.0,128.0,2.0,14.0,522.0,508.0,16859.0,64896.0,0,0.9484375,8.0,0.000976562,6400000.0,0.9507071000489237
1.0,128.0,1.0,1.0,1.0,1.0,35.0,32.0,0,0.5015625,1024.0,32768.0,6400000.0,0.5273919092465753
64.0,64.0,8.0,16.0,1655.0,1739.0,58156.0,270048.0,0,0.9765625,4.0,8.0,6400000.0,0.9733977495107633
128.0,128.0,2.0,14.0,522.0,508.0,16859.0,64896.0,0,0.9484375,0.0078125,8.0,6400000.0,0.9518805039138943
1.0,64.0,8.0,1.0,1.0,1.0,543.0,32.0,0,0.5015625,32768.0,0.00390625,6400000.0,0.5273919092465753
1.0,64.0,8.0,1.0,1.0,1.0,543.0,32.0,0,0.5015625,16384.0,512.0,6400000.0,0.5273919092465753
128.0,128.0,2.0,22.0,531.0,509.0,16983.0,65056.0,0,0.9484375,0.0078125,0.0078125,6400000.0,0.9491407778864971
1.0,64.0,8.0,1.0,1.0,1.0,543.0,32.0,0,0.5015625,8192.0,0.0625,6400000.0,0.5273919092465753
128.0,128.0,2.0,12.0,518.0,506.0,16771.0,64576.0,0,0.946875,8.0,1.0,6400000.0,0.9507071000489237
1.0,64.0,8.0,1.0,1.0,1.0,543.0,32.0,0,0.5015625,16384.0,0.5,6400000.0,0.5273919092465753
1.0,128.0,2.0,1.0,1.0,1.0,39.0,32.0,0,0.5015625,128.0,2048.0,6400000.0,0.5273919092465753
64.0,64.0,8.0,8.0,1110.0,1143.0,40033.0,174688.0,0,0.959375,64.0,0.03125,6400000.0,0.961271556996086
1.0,64.0,8.0,1.0,1.0,1.0,543.0,32.0,0,0.5015625,16384.0,0.0,6400000.0,0.5273919092465753
128.0,128.0,2.0,22.0,531.0,509.0,16983.0,65056.0,0,0.9484375,0.03125,0.0,6400000.0,0.9491407778864971
128.0,128.0,2.0,6.0,462.0,457.0,15053.0,56736.0,0,0.940625,128.0,2.0,6400000.0,0.9409246575342465
1.0,64.0,8.0,1.0,1.0,1.0,543.0,32.0,0,0.5015625,8192.0,64.0,6400000.0,0.5273919092465753
128.0,128.0,1.0,5.0,260.0,256.0,8382.0,24576.0,0,0.940625,256.0,0.000976562,6400000.0,0.9033657962328766
128.0,128.0,1.0,5.0,260.0,256.0,8382.0,24576.0,0,0.940625,128.0,128.0,6400000.0,0.9033657962328766
1.0,128.0,2.0,1.0,1.0,1.0,39.0,32.0,0,0.5015625,1.0,4096.0,6400000.0,0.5273919092465753
1.0,128.0,2.0,1.0,1.0,1.0,39.0,32.0,0,0.5015625,8.0,1024.0,6400000.0,0.5273919092465753
1.0,64.0,8.0,1.0,1.0,1.0,543.0,32.0,0,0.5015625,32768.0,4.0,6400000.0,0.5273919092465753
1.0,128.0,1.0,1.0,1.0,1.0,35.0,32.0,0,0.5015625,32768.0,512.0,6400000.0,0.5273919092465753
64.0,64.0,8.0,13.0,1444.0,1555.0,51283.0,240608.0,0,0.9671875,32.0,4.0,6400000.0,0.9644011435909979
128.0,128.0,2.0,20.0,529.0,509.0,16961.0,65056.0,0,0.9484375,1.0,0.00390625,6400000.0,0.9483579990215265
64.0,64.0,8.0,8.0,1082.0,1105.0,39099.0,168608.0,0,0.959375,8.0,64.0,6400000.0,0.9483656433463796
128.0,128.0,2.0,7.0,497.0,491.0,16186.0,62176.0,0,0.940625,0.015625,64.0,6400000.0,0.9409246575342465
128.0,128.0,1.0,6.0,261.0,256.0,8394.0,24576.0,0,0.940625,32.0,0.00390625,6400000.0,0.9377950709393346
128.0,128.0,2.0,15.0,522.0,507.0,16837.0,64736.0,0,0.9484375,1.0,4.0,6400000.0,0.9471838307240702
1.0,128.0,1.0,1.0,1.0,1.0,35.0,32.0,0,0.5015625,0.0,32768.0,6400000.0,0.5273919092465753
128.0,128.0,2.0,22.0,531.0,509.0,16983.0,65056.0,0,0.9484375,0.015625,0.0625,6400000.0,0.9499235567514678
128.0,128.0,1.0,8.0,263.0,256.0,8447.0,24576.0,0,0.940625,0.0,0.03125,6400000.0,0.9385778498043053
128.0,128.0,1.0,8.0,263.0,256.0,8447.0,24576.0,0,0.940625,0.00195312,0.00195312,6400000.0,0.9385778498043053
128.0,128.0,2.0,12.0,516.0,504.0,16705.0,64256.0,0,0.946875,16.0,0.0078125,6400000.0,0.9522726577788649
128.0,128.0,1.0,8.0,263.0,256.0,8447.0,24576.0,0,0.940625,16.0,0.5,6400000.0,0.9377950709393346
128.0,128.0,1.0,5.0,260.0,256.0,8382.0,24576.0,0,0.940625,256.0,1.0,6400000.0,0.9033657962328766
128.0,128.0,1.0,8.0,263.0,256.0,8447.0,24576.0,0,0.940625,0.015625,0.000976562,6400000.0,0.9385778498043053
1.0,128.0,2.0,1.0,1.0,1.0,39.0,32.0,0,0.5015625,0.0625,4096.0,6400000.0,0.5273919092465753
1.0,128.0,2.0,1.0,1.0,1.0,39.0,32.0,0,0.5015625,256.0,16384.0,6400000.0,0.5273919092465753
1.0,128.0,2.0,1.0,1.0,1.0,39.0,32.0,0,0.5015625,16.0,8192.0,6400000.0,0.5273919092465753
128.0,128.0,2.0,5.0,460.0,456.0,15006.0,56576.0,0,0.940625,256.0,0.015625,6400000.0,0.9409246575342465
128.0,128.0,2.0,21.0,530.0,509.0,16972.0,65056.0,0,0.946875,0.03125,0.5,6400000.0,0.9503149461839531
128.0,128.0,2.0,18.0,527.0,509.0,16939.0,65056.0,0,0.95,2.0,0.03125,6400000.0,0.9487493884540118
128.0,128.0,2.0,5.0,458.0,454.0,14940.0,56256.0,0,0.940625,256.0,16.0,6400000.0,0.9409246575342465
1.0,128.0,1.0,1.0,1.0,1.0,35.0,32.0,0,0.5015625,0.00390625,16384.0,6400000.0,0.5273919092465753
1.0,128.0,1.0,1.0,1.0,1.0,35.0,32.0,0,0.5015625,256.0,1024.0,6400000.0,0.5273919092465753
1.0,128.0,1.0,1.0,1.0,1.0,35.0,32.0,0,0.5015625,2048.0,0.25,6400000.0,0.5273919092465753
1.0,128.0,1.0,1.0,1.0,1.0,35.0,32.0,0,0.5015625,16.0,512.0,6400000.0,0.5273919092465753
1.0,128.0,1.0,1.0,1.0,1.0,35.0,32.0,0,0.5015625,0.00195312,2048.0,6400000.0,0.5273919092465753
1.0,128.0,2.0,1.0,1.0,1.0,39.0,32.0,0,0.5015625,0.03125,512.0,6400000.0,0.5273919092465753
128.0,128.0,2.0,22.0,531.0,509.0,16983.0,65056.0,0,0.9484375,0.0625,0.00390625,6400000.0,0.9499235567514678
1.0,128.0,1.0,1.0,1.0,1.0,35.0,32.0,0,0.5015625,32.0,4096.0,6400000.0,0.5273919092465753
1.0,128.0,1.0,1.0,1.0,1.0,35.0,32.0,0,0.5015625,0.03125,8192.0,6400000.0,0.5273919092465753
128.0,128.0,2.0,9.0,510.0,501.0,16570.0,63776.0,0,0.9453125,16.0,8.0,6400000.0,0.9561865521037183
1.0,128.0,2.0,1.0,1.0,1.0,39.0,32.0,0,0.5015625,0.0,4096.0,6400000.0,0.5273919092465753
128.0,128.0,1.0,8.0,263.0,256.0,8447.0,24576.0,0,0.940625,0.03125,0.0078125,6400000.0,0.9385778498043053
128.0,128.0,1.0,5.0,260.0,256.0,8382.0,24576.0,0,0.940625,0.000976562,256.0,6400000.0,0.9033657962328766
128.0,128.0,1.0,8.0,263.0,256.0,8447.0,24576.0,0,0.940625,0.00390625,0.015625,6400000.0,0.9385778498043053
1.0,128.0,1.0,1.0,1.0,1.0,35.0,32.0,0,0.5015625,512.0,0.0078125,6400000.0,0.5273919092465753
128.0,128.0,1.0,8.0,263.0,256.0,8447.0,24576.0,0,0.940625,0.00195312,2.0,6400000.0,0.93818646037182
128.0,128.0,2.0,9.0,503.0,495.0,16371.0,62816.0,0,0.9453125,2.0,32.0,6400000.0,0.9542280760763209
128.0,128.0,1.0,6.0,261.0,256.0,8394.0,24576.0,0,0.940625,0.0,32.0,6400000.0,0.9377950709393346
1.0,128.0,1.0,1.0,1.0,1.0,35.0,32.0,0,0.5015625,512.0,8192.0,6400000.0,0.5273919092465753
128.0,128.0,1.0,8.0,263.0,256.0,8447.0,24576.0,0,0.940625,0.125,0.0,6400000.0,0.9385778498043053
1.0,128.0,1.0,1.0,1.0,1.0,35.0,32.0,0,0.5015625,2048.0,256.0,6400000.0,0.5273919092465753
128.0,128.0,1.0,8.0,263.0,256.0,8447.0,24576.0,0,0.940625,0.000976562,0.25,6400000.0,0.93818646037182
128.0,128.0,2.0,15.0,524.0,509.0,16903.0,65056.0,0,0.9484375,0.0625,4.0,6400000.0,0.9479666095890412
128.0,128.0,1.0,6.0,261.0,256.0,8394.0,24576.0,0,0.940625,32.0,4.0,6400000.0,0.9377950709393346
1.0,128.0,2.0,1.0,1.0,1.0,39.0,32.0,0,0.5015625,512.0,0.125,6400000.0,0.5273919092465753
128.0,128.0,1.0,8.0,263.0,256.0,8447.0,24576.0,0,0.940625,0.0078125,0.125,6400000.0,0.9385778498043053
1.0,128.0,2.0,1.0,1.0,1.0,39.0,32.0,0,0.5015625,0.125,32768.0,6400000.0,0.5273919092465753
1.0,128.0,2.0,1.0,1.0,1.0,39.0,32.0,0,0.5015625,512.0,128.0,6400000.0,0.5273919092465753
128.0,128.0,2.0,22.0,531.0,509.0,16983.0,65056.0,0,0.9484375,0.0,0.00390625,6400000.0,0.9491407778864971
64.0,64.0,8.0,8.0,1155.0,1204.0,41534.0,184448.0,0,0.959375,64.0,32.0,6400000.0,0.9495413405088062
128.0,128.0,1.0,5.0,260.0,256.0,8382.0,24576.0,0,0.940625,0.0078125,128.0,6400000.0,0.93818646037182
128.0,128.0,1.0,8.0,263.0,256.0,8447.0,24576.0,0,0.940625,0.015625,1.0,6400000.0,0.93818646037182
128.0,128.0,1.0,8.0,263.0,256.0,8447.0,24576.0,0,0.940625,0.00390625,16.0,6400000.0,0.9377950709393346
1.0,128.0,1.0,1.0,1.0,1.0,35.0,32.0,0,0.5015625,0.015625,1024.0,6400000.0,0.5273919092465753
128.0,128.0,2.0,22.0,531.0,509.0,16983.0,65056.0,0,0.9515625,0.25,0.125,6400000.0,0.9510939028864971
128.0,128.0,1.0,8.0,263.0,256.0,8447.0,24576.0,0,0.940625,0.25,0.00390625,6400000.0,0.93818646037182
128.0,128.0,2.0,22.0,531.0,509.0,16983.0,65056.0,0,0.9484375,0.125,0.03125,6400000.0,0.9510939028864971
1.0,128.0,1.0,1.0,1.0,1.0,35.0,32.0,0,0.5015625,512.0,8.0,6400000.0,0.5273919092465753
128.0,128.0,1.0,8.0,263.0,256.0,8447.0,24576.0,0,0.940625,0.0625,0.0625,6400000.0,0.9385778498043053
128.0,128.0,1.0,5.0,260.0,256.0,8382.0,24576.0,0,0.940625,64.0,0.03125,6400000.0,0.93818646037182
128.0,128.0,2.0,15.0,524.0,509.0,16903.0,65056.0,0,0.9484375,0.0,4.0,6400000.0,0.9479666095890412
1.0,128.0,1.0,1.0,1.0,1.0,35.0,32.0,0,0.5015625,1024.0,0.0625,6400000.0,0.5273919092465753
128.0,128.0,1.0,8.0,263.0,256.0,8447.0,24576.0,0,0.940625,0.03125,8.0,6400000.0,0.93818646037182
128.0,128.0,2.0,9.0,510.0,501.0,16570.0,63776.0,0,0.9453125,32.0,0.0625,6400000.0,0.9573591915362034
1.0,128.0,2.0,1.0,1.0,1.0,39.0,32.0,0,0.5015625,1024.0,0.000976562,6400000.0,0.5273919092465753
1.0,128.0,2.0,1.0,1.0,1.0,39.0,32.0,0,0.5015625,1024.0,1.0,6400000.0,0.5273919092465753
1.0,128.0,2.0,1.0,1.0,1.0,39.0,32.0,0,0.5015625,0.000976562,32768.0,6400000.0,0.5273919092465753
128.0,128.0,1.0,5.0,260.0,256.0,8382.0,24576.0,0,0.940625,0.0625,64.0,6400000.0,0.93818646037182
128.0,128.0,1.0,5.0,260.0,256.0,8382.0,24576.0,0,0.940625,64.0,32.0,6400000.0,0.93818646037182
1.0,128.0,2.0,1.0,1.0,1.0,39.0,32.0,0,0.5015625,1024.0,1024.0,6400000.0,0.5273919092465753
1.0,128.0,1.0,1.0,1.0,1.0,35.0,32.0,0,0.5015625,4096.0,0.00195312,6400000.0,0.5273919092465753
1.0,128.0,1.0,1.0,1.0,1.0,35.0,32.0,0,0.5015625,64.0,32768.0,6400000.0,0.5273919092465753
128.0,128.0,2.0,9.0,504.0,496.0,16404.0,62976.0,0,0.9453125,0.125,32.0,6400000.0,0.9530592588062621
1.0,128.0,2.0,1.0,1.0,1.0,39.0,32.0,0,0.5015625,2048.0,0.0078125,6400000.0,0.5273919092465753
1.0,128.0,2.0,1.0,1.0,1.0,39.0,32.0,0,0.5015625,2048.0,8.0,6400000.0,0.5273919092465753
1.0,128.0,1.0,1.0,1.0,1.0,35.0,32.0,0,0.5015625,0.25,4096.0,6400000.0,0.5273919092465753
1.0,128.0,1.0,1.0,1.0,1.0,35.0,32.0,0,0.5015625,0.125,512.0,6400000.0,0.5273919092465753
128.0,128.0,2.0,6.0,468.0,463.0,15251.0,57696.0,0,0.940625,0.25,128.0,6400000.0,0.9409246575342465
1.0,128.0,2.0,1.0,1.0,1.0,39.0,32.0,0,0.5015625,4096.0,0.0625,6400000.0,0.5273919092465753
128.0,128.0,1.0,8.0,263.0,256.0,8447.0,24576.0,0,0.940625,0.125,0.5,6400000.0,0.93818646037182
1.0,128.0,1.0,1.0,1.0,1.0,35.0,32.0,0,0.5015625,4096.0,2048.0,6400000.0,0.5273919092465753
1.0,128.0,1.0,1.0,1.0,1.0,35.0,32.0,0,0.5015625,4096.0,2.0,6400000.0,0.5273919092465753
1.0,128.0,2.0,1.0,1.0,1.0,39.0,32.0,0,0.5015625,2048.0,8192.0,6400000.0,0.5273919092465753
1.0,128.0,2.0,1.0,1.0,1.0,39.0,32.0,0,0.5015625,4096.0,64.0,6400000.0,0.5273919092465753
128.0,128.0,2.0,9.0,505.0,496.0,16405.0,62976.0,0,0.9453125,0.000976562,32.0,6400000.0,0.9557951626712329
128.0,128.0,1.0,8.0,263.0,256.0,8447.0,24576.0,0,0.940625,0.5,0.03125,6400000.0,0.93818646037182
128.0,128.0,1.0,8.0,263.0,256.0,8447.0,24576.0,0,0.940625,0.25,4.0,6400000.0,0.93818646037182
128.0,128.0,2.0,6.0,479.0,474.0,15614.0,59456.0,0,0.940625,32.0,64.0,6400000.0,0.9409246575342465
1.0,128.0,1.0,1.0,1.0,1.0,35.0,32.0,0,0.5015625,0.5,32768.0,6400000.0,0.5273919092465753
128.0,128.0,2.0,7.0,497.0,491.0,16186.0,62176.0,0,0.940625,64.0,0.0,6400000.0,0.9409246575342465
128.0,128.0,2.0,22.0,531.0,509.0,16983.0,65056.0,0,0.9484375,0.000976562,0.03125,6400000.0,0.9491407778864971
128.0,128.0,1.0,8.0,263.0,256.0,8447.0,24576.0,0,0.940625,2.0,0.00195312,6400000.0,0.93818646037182
1.0,128.0,2.0,1.0,1.0,1.0,39.0,32.0,0,0.5015625,2.0,32768.0,6400000.0,0.5273919092465753
128.0,128.0,1.0,6.0,261.0,256.0,8394.0,24576.0,0,0.940625,0.5,32.0,6400000.0,0.9377950709393346
1.0,128.0,1.0,1.0,1.0,1.0,35.0,32.0,0,0.5015625,8192.0,0.015625,6400000.0,0.5273919092465753
1.0,128.0,1.0,1.0,1.0,1.0,35.0,32.0,0,0.5015625,1024.0,64.0,6400000.0,0.5273919092465753
1.0,128.0,2.0,1.0,1.0,1.0,39.0,32.0,0,0.5015625,8192.0,0.0,6400000.0,0.5273919092465753
128.0,128.0,2.0,5.0,460.0,456.0,15006.0,56576.0,0,0.940625,0.00195312,256.0,6400000.0,0.9409246575342465
1.0,128.0,2.0,1.0,1.0,1.0,39.0,32.0,0,0.5015625,8192.0,0.5,6400000.0,0.5273919092465753
1.0,128.0,2.0,1.0,1.0,1.0,39.0,32.0,0,0.5015625,8192.0,512.0,6400000.0,0.5273919092465753
128.0,128.0,2.0,22.0,531.0,509.0,16983.0,65056.0,0,0.95,0.00195312,0.25,6400000.0,0.9491407778864971
1.0,128.0,2.0,1.0,1.0,1.0,39.0,32.0,0,0.5015625,16384.0,0.00390625,6400000.0,0.5273919092465753
128.0,128.0,1.0,5.0,260.0,256.0,8382.0,24576.0,0,0.940625,1.0,256.0,6400000.0,0.9033657962328766
1.0,128.0,1.0,1.0,1.0,1.0,35.0,32.0,0,0.5015625,2.0,2048.0,6400000.0,0.5273919092465753
1.0,128.0,2.0,1.0,1.0,1.0,39.0,32.0,0,0.5015625,16384.0,4096.0,6400000.0,0.5273919092465753
128.0,128.0,1.0,5.0,260.0,256.0,8382.0,24576.0,0,0.940625,128.0,0.25,6400000.0,0.9377950709393346
128.0,128.0,2.0,15.0,524.0,509.0,16903.0,65056.0,0,0.946875,4.0,0.25,6400000.0,0.9471838307240702
128.0,128.0,2.0,7.0,497.0,491.0,16186.0,62176.0,0,0.940625,64.0,0.5,6400000.0,0.9409246575342465
1.0,128.0,2.0,1.0,1.0,1.0,39.0,32.0,0,0.5015625,16384.0,4.0,6400000.0,0.5273919092465753
128.0,128.0,2.0,22.0,531.0,509.0,16983.0,65056.0,0,0.9515625,0.5,0.000976562,6400000.0,0.952658696183953
1.0,128.0,2.0,1.0,1.0,1.0,39.0,32.0,0,0.5015625,32768.0,32.0,6400000.0,0.5273919092465753
1.0,128.0,2.0,1.0,1.0,1.0,39.0,32.0,0,0.5015625,32768.0,0.03125,6400000.0,0.5273919092465753
1.0,128.0,1.0,1.0,1.0,1.0,35.0,32.0,0,0.5015625,8192.0,16.0,6400000.0,0.5273919092465753
1.0,128.0,2.0,1.0,1.0,1.0,39.0,32.0,0,0.5015625,0.0078125,16384.0,6400000.0,0.5273919092465753
128.0,128.0,2.0,19.0,528.0,509.0,16950.0,65056.0,0,0.9484375,0.5,1.0,6400000.0,0.9479666095890412
1.0,128.0,2.0,1.0,1.0,1.0,39.0,32.0,0,0.5015625,0.00390625,2048.0,6400000.0,0.5273919092465753
1.0,128.0,1.0,1.0,1.0,1.0,35.0,32.0,0,0.5015625,4.0,16384.0,6400000.0,0.5273919092465753
128.0,128.0,2.0,22.0,531.0,509.0,16983.0,65056.0,0,0.9484375,0.00390625,0.00195312,6400000.0,0.9491407778864971
1.0,128.0,2.0,1.0,1.0,1.0,39.0,32.0,0,0.5015625,64.0,512.0,6400000.0,0.5273919092465753
1.0,128.0,1.0,1.0,1.0,1.0,35.0,32.0,0,0.5015625,16384.0,128.0,6400000.0,0.5273919092465753
1.0,128.0,2.0,1.0,1.0,1.0,39.0,32.0,0,0.5015625,32768.0,32768.0,6400000.0,0.5273919092465753
128.0,128.0,1.0,8.0,263.0,256.0,8447.0,24576.0,0,0.940625,4.0,0.015625,6400000.0,0.93818646037182
1.0,128.0,1.0,1.0,1.0,1.0,35.0,32.0,0,0.5015625,8192.0,16384.0,6400000.0,0.5273919092465753
128.0,128.0,1.0,8.0,263.0,256.0,8447.0,24576.0,0,0.940625,1.0,0.25,6400000.0,0.93818646037182
1.0,128.0,1.0,1.0,1.0,1.0,35.0,32.0,0,0.5015625,16384.0,0.125,6400000.0,0.5273919092465753
1.0,128.0,1.0,1.0,1.0,1.0,35.0,32.0,0,0.5015625,32768.0,1.0,6400000.0,0.5273919092465753
128.0,128.0,4.0,5.0,782.0,782.0,25784.0,108736.0,0,0.940625,0.0,256.0,6400000.0,0.9409246575342465
1.0,128.0,4.0,1.0,1.0,1.0,63.0,32.0,0,0.5015625,0.000976562,2048.0,6400000.0,0.5273919092465753
128.0,128.0,1.0,8.0,263.0,256.0,8447.0,24576.0,0,0.940625,2.0,2.0,6400000.0,0.93818646037182
1.0,128.0,2.0,1.0,1.0,1.0,39.0,32.0,0,0.5015625,0.5,1024.0,6400000.0,0.5273919092465753
1.0,128.0,1.0,1.0,1.0,1.0,35.0,32.0,0,0.5015625,32768.0,0.000976562,6400000.0,0.5273919092465753
1.0,128.0,4.0,1.0,1.0,1.0,63.0,32.0,0,0.5015625,0.00195312,16384.0,6400000.0,0.5273919092465753
128.0,128.0,1.0,8.0,263.0,256.0,8447.0,24576.0,0,0.940625,16.0,0.000976562,6400000.0,0.9377950709393346
128.0,128.0,2.0,5.0,460.0,456.0,15006.0,56576.0,0,0.940625,4.0,256.0,6400000.0,0.9409246575342465
128.0,128.0,1.0,8.0,263.0,256.0,8447.0,24576.0,0,0.940625,4.0,16.0,6400000.0,0.9377950709393346
1.0,128.0,1.0,1.0,1.0,1.0,35.0,32.0,0,0.5015625,2048.0,0.0,6400000.0,0.5273919092465753
128.0,128.0,2.0,18.0,526.0,508.0,16906.0,64896.0,0,0.9515625,0.00390625,2.0,6400000.0,0.9479666095890412
128.0,128.0,1.0,8.0,263.0,256.0,8447.0,24576.0,0,0.940625,8.0,0.125,6400000.0,0.93818646037182
128.0,128.0,4.0,30.0,1520.0,1509.0,49663.0,225056.0,0,0.9796875,0.0,0.25,6400000.0,0.9773093505381605
128.0,128.0,1.0,5.0,260.0,256.0,8382.0,24576.0,0,0.940625,8.0,128.0,6400000.0,0.9377950709393346
128.0,128.0,2.0,6.0,468.0,463.0,15251.0,57696.0,0,0.940625,128.0,0.00390625,6400000.0,0.9409246575342465
128.0,128.0,4.0,13.0,1497.0,1496.0,49256.0,222976.0,0,0.9625,0.00195312,16.0,6400000.0,0.9671416340508806
1.0,128.0,4.0,1.0,1.0,1.0,63.0,32.0,0,0.5015625,0.0078125,1024.0,6400000.0,0.5273919092465753
1.0,128.0,2.0,1.0,1.0,1.0,39.0,32.0,0,0.5015625,128.0,4096.0,6400000.0,0.5273919092465753
1.0,128.0,4.0,1.0,1.0,1.0,63.0,32.0,0,0.5015625,0.015625,8192.0,6400000.0,0.5273919092465753
128.0,128.0,4.0,6.0,1031.0,1032.0,34012.0,148736.0,0,0.940625,0.00390625,128.0,6400000.0,0.9409246575342465
128.0,128.0,4.0,23.0,1503.0,1494.0,49251.0,222656.0,0,0.9765625,0.000976562,2.0,6400000.0,0.9765273361056751
128.0,128.0,4.0,32.0,1524.0,1513.0,49753.0,225696.0,0,0.9796875,0.000976562,0.00195312,6400000.0,0.9788749082681016
128.0,128.0,4.0,29.0,1523.0,1514.0,49785.0,225856.0,0,0.978125,0.00390625,0.125,6400000.0,0.9777007399706458
128.0,128.0,2.0,14.0,522.0,508.0,16859.0,64896.0,0,0.9484375,8.0,0.00195312,6400000.0,0.9507071000489237
128.0,128.0,4.0,32.0,1529.0,1517.0,49917.0,226336.0,0,0.9796875,0.00195312,0.015625,6400000.0,0.9777015044031311
128.0,128.0,2.0,12.0,515.0,503.0,16672.0,64096.0,0,0.946875,8.0,2.0,6400000.0,0.9530554366438355
1.0,128.0,2.0,1.0,1.0,1.0,39.0,32.0,0,0.5015625,1.0,8192.0,6400000.0,0.5273919092465753
128.0,128.0,2.0,10.0,514.0,504.0,16683.0,64256.0,0,0.9453125,0.0078125,16.0,6400000.0,0.9569693309686889
128.0,128.0,4.0,32.0,1523.0,1512.0,49720.0,225536.0,0,0.9796875,0.0078125,0.000976562,6400000.0,0.978875672700587
128.0,128.0,1.0,5.0,260.0,256.0,8382.0,24576.0,0,0.940625,256.0,0.00195312,6400000.0,0.9033657962328766
128.0,128.0,4.0,27.0,1455.0,1448.0,47585.0,215296.0,0,0.978125,0.0078125,1.0,6400000.0,0.9792662977005872
128.0,128.0,2.0,5.0,460.0,456.0,15006.0,56576.0,0,0.940625,128.0,4.0,6400000.0,0.9409246575342465
1.0,128.0,4.0,1.0,1.0,1.0,63.0,32.0,0,0.5015625,0.0625,512.0,6400000.0,0.5273919092465753
128.0,128.0,2.0,22.0,531.0,509.0,16983.0,65056.0,0,0.9484375,0.03125,0.000976562,6400000.0,0.9491407778864971
128.0,128.0,2.0,22.0,531.0,509.0,16983.0,65056.0,0,0.9484375,0.0078125,0.015625,6400000.0,0.9491407778864971
1.0,128.0,1.0,1.0,1.0,1.0,35.0,32.0,0,0.5015625,32768.0,1024.0,6400000.0,0.5273919092465753
128.0,128.0,4.0,18.0,1527.0,1523.0,50153.0,227296.0,0,0.9765625,0.015625,8.0,6400000.0,0.9730040667808219
1.0,128.0,2.0,1.0,1.0,1.0,39.0,32.0,0,0.5015625,8.0,2048.0,6400000.0,0.5273919092465753
128.0,128.0,1.0,4.0,259.0,256.0,8371.0,24576.0,0,0.9078125,128.0,256.0,6400000.0,0.9033657962328766
128.0,128.0,4.0,32.0,1529.0,1517.0,49917.0,226336.0,0,0.9796875,0.015625,0.0078125,6400000.0,0.9773093505381605
128.0,128.0,2.0,20.0,529.0,509.0,16961.0,65056.0,0,0.9484375,1.0,0.0078125,6400000.0,0.9483579990215265
128.0,128.0,4.0,8.0,1453.0,1463.0,47905.0,217696.0,0,0.95,0.03125,64.0,6400000.0,0.9377981286692758
128.0,128.0,4.0,32.0,1523.0,1511.0,49719.0,225376.0,0,0.978125,0.03125,0.0625,6400000.0,0.9769179611056753
128.0,128.0,4.0,32.0,1538.0,1526.0,50214.0,227776.0,0,0.9796875,0.0625,0.0,6400000.0,0.9777007399706459
128.0,128.0,4.0,28.0,1492.0,1483.0,48783.0,220896.0,0,0.978125,0.0625,0.5,6400000.0,0.9777007399706458
1.0,128.0,4.0,1.0,1.0,1.0,63.0,32.0,0,0.5015625,0.125,4096.0,6400000.0,0.5273919092465753
128.0,128.0,1.0,6.0,261.0,256.0,8394.0,24576.0,0,0.940625,32.0,0.0078125,6400000.0,0.9377950709393346
128.0,128.0,2.0,6.0,468.0,463.0,15251.0,57696.0,0,0.940625,0.015625,128.0,6400000.0,0.9409246575342465
128.0,128.0,2.0,12.0,517.0,505.0,16738.0,64416.0,0,0.946875,1.0,8.0,6400000.0,0.951098489481409
128.0,128.0,2.0,12.0,516.0,504.0,16705.0,64256.0,0,0.946875,16.0,0.015625,6400000.0,0.9522726577788649
128.0,128.0,4.0,29.0,1523.0,1514.0,49785.0,225856.0,0,0.978125,0.125,0.00390625,6400000.0,0.9777007399706458
128.0,128.0,4.0,21.0,1522.0,1515.0,49922.0,226016.0,0,0.978125,0.125,4.0,6400000.0,0.9757430283757339
128.0,128.0,2.0,22.0,531.0,509.0,16983.0,65056.0,0,0.9484375,0.015625,0.125,6400000.0,0.9487493884540118
1.0,128.0,2.0,1.0,1.0,1.0,39.0,32.0,0,0.5015625,16.0,16384.0,6400000.0,0.5273919092465753
1.0,128.0,4.0,1.0,1.0,1.0,63.0,32.0,0,0.5015625,0.25,32768.0,6400000.0,0.5273919092465753
128.0,128.0,1.0,8.0,263.0,256.0,8447.0,24576.0,0,0.940625,16.0,1.0,6400000.0,0.9377950709393346
128.0,128.0,1.0,5.0,260.0,256.0,8382.0,24576.0,0,0.940625,256.0,2.0,6400000.0,0.9033657962328766
1.0,128.0,2.0,1.0,1.0,1.0,39.0,32.0,0,0.5015625,0.0625,8192.0,6400000.0,0.5273919092465753
1.0,128.0,2.0,1.0,1.0,1.0,39.0,32.0,0,0.5015625,256.0,32768.0,6400000.0,0.5273919092465753
1.0,128.0,1.0,1.0,1.0,1.0,35.0,32.0,0,0.5015625,256.0,2048.0,6400000.0,0.5273919092465753
1.0,128.0,2.0,1.0,1.0,1.0,39.0,32.0,0,0.5015625,0.03125,1024.0,6400000.0,0.5273919092465753
128.0,128.0,4.0,11.0,1410.0,1408.0,46426.0,208896.0,0,0.9671875,0.25,32.0,6400000.0,0.965575311888454
128.0,128.0,4.0,30.0,1523.0,1512.0,49762.0,225536.0,0,0.9796875,0.25,0.03125,6400000.0,0.9773078216731899
1.0,128.0,1.0,1.0,1.0,1.0,35.0,32.0,0,0.5015625,16.0,1024.0,6400000.0,0.5273919092465753
128.0,128.0,4.0,5.0,782.0,782.0,25784.0,108736.0,0,0.940625,0.5,256.0,6400000.0,0.9409246575342465
128.0,128.0,2.0,18.0,527.0,509.0,16939.0,65056.0,0,0.9484375,2.0,0.0625,6400000.0,0.9487493884540118
128.0,128.0,2.0,5.0,460.0,456.0,15006.0,56576.0,0,0.940625,256.0,0.03125,6400000.0,0.9409246575342465
1.0,128.0,1.0,1.0,1.0,1.0,35.0,32.0,0,0.5015625,2048.0,0.5,6400000.0,0.5273919092465753
128.0,128.0,4.0,27.0,1474.0,1467.0,48212.0,218336.0,0,0.9796875,0.5,0.25,6400000.0,0.9769179611056751
1.0,128.0,1.0,1.0,1.0,1.0,35.0,32.0,0,0.5015625,32.0,8192.0,6400000.0,0.5273919092465753
128.0,128.0,4.0,23.0,1488.0,1479.0,48756.0,220256.0,0,0.978125,1.0,2.0,6400000.0,0.9784835188356164
128.0,128.0,2.0,20.0,529.0,509.0,16961.0,65056.0,0,0.9484375,0.03125,1.0,6400000.0,0.9479666095890412
1.0,128.0,2.0,1.0,1.0,1.0,39.0,32.0,0,0.5015625,0.0,8192.0,6400000.0,0.5273919092465753
128.0,128.0,2.0,22.0,531.0,509.0,16983.0,65056.0,0,0.9484375,0.0625,0.0078125,6400000.0,0.9499235567514678
128.0,128.0,2.0,5.0,460.0,456.0,15006.0,56576.0,0,0.940625,256.0,32.0,6400000.0,0.9409246575342465
1.0,128.0,1.0,1.0,1.0,1.0,35.0,32.0,0,0.5015625,512.0,16384.0,6400000.0,0.5273919092465753
1.0,128.0,1.0,1.0,1.0,1.0,35.0,32.0,0,0.5015625,512.0,0.015625,6400000.0,0.5273919092465753
1.0,128.0,4.0,1.0,1.0,1.0,63.0,32.0,0,0.5015625,1.0,2048.0,6400000.0,0.5273919092465753
128.0,128.0,2.0,9.0,505.0,496.0,16405.0,62976.0,0,0.9453125,16.0,16.0,6400000.0,0.9565779415362033
128.0,128.0,4.0,28.0,1455.0,1447.0,47563.0,215136.0,0,0.978125,1.0,0.00195312,6400000.0,0.9784835188356166
1.0,128.0,1.0,1.0,1.0,1.0,35.0,32.0,0,0.5015625,2048.0,512.0,6400000.0,0.5273919092465753
1.0,128.0,2.0,1.0,1.0,1.0,39.0,32.0,0,0.5015625,512.0,256.0,6400000.0,0.5273919092465753
1.0,128.0,4.0,1.0,1.0,1.0,63.0,32.0,0,0.5015625,2.0,16384.0,6400000.0,0.5273919092465753
128.0,128.0,2.0,7.0,497.0,491.0,16186.0,62176.0,0,0.940625,2.0,64.0,6400000.0,0.9409246575342465
1.0,128.0,2.0,1.0,1.0,1.0,39.0,32.0,0,0.5015625,512.0,0.25,6400000.0,0.5273919092465753
128.0,128.0,4.0,23.0,1509.0,1500.0,49449.0,223616.0,0,0.9796875,2.0,0.015625,6400000.0,0.9784842832681019
128.0,128.0,1.0,6.0,261.0,256.0,8394.0,24576.0,0,0.940625,32.0,8.0,6400000.0,0.9377950709393346
128.0,128.0,2.0,22.0,531.0,509.0,16983.0,65056.0,0,0.95,0.25,0.0,6400000.0,0.9495321673189825
128.0,128.0,2.0,14.0,522.0,508.0,16859.0,64896.0,0,0.9484375,0.0625,8.0,6400000.0,0.9514898789138944
128.0,128.0,4.0,15.0,1506.0,1500.0,49506.0,223616.0,0,0.96875,2.0,16.0,6400000.0,0.9647932974559688
128.0,128.0,4.0,7.0,1251.0,1249.0,41248.0,183456.0,0,0.946875,4.0,128.0,6400000.0,0.9409246575342465
1.0,128.0,4.0,1.0,1.0,1.0,63.0,32.0,0,0.5015625,8.0,1024.0,6400000.0,0.5273919092465753
1.0,128.0,1.0,1.0,1.0,1.0,35.0,32.0,0,0.5015625,512.0,16.0,6400000.0,0.5273919092465753
128.0,128.0,4.0,21.0,1527.0,1520.0,50087.0,226816.0,0,0.9765625,4.0,0.125,6400000.0,0.9753516389432486
1.0,128.0,4.0,1.0,1.0,1.0,63.0,32.0,0,0.5015625,16.0,8192.0,6400000.0,0.5273919092465753
128.0,128.0,2.0,22.0,531.0,509.0,16983.0,65056.0,0,0.9484375,0.0,0.0078125,6400000.0,0.9491407778864971
1.0,128.0,1.0,1.0,1.0,1.0,35.0,32.0,0,0.5015625,1024.0,0.125,6400000.0,0.5273919092465753
128.0,128.0,2.0,22.0,531.0,509.0,16983.0,65056.0,0,0.95,0.125,0.0625,6400000.0,0.9514852923189825
128.0,128.0,1.0,5.0,260.0,256.0,8382.0,24576.0,0,0.940625,64.0,0.0625,6400000.0,0.93818646037182
128.0,128.0,4.0,19.0,1503.0,1498.0,49339.0,223296.0,0,0.9765625,8.0,0.000976562,6400000.0,0.9726126773483366
128.0,128.0,4.0,12.0,1543.0,1542.0,50795.0,230336.0,0,0.9671875,16.0,8.0,6400000.0,0.9679236484833659
128.0,128.0,4.0,15.0,1519.0,1514.0,49936.0,225856.0,0,0.971875,16.0,0.0078125,6400000.0,0.9659674657534246
1.0,128.0,1.0,1.0,1.0,1.0,35.0,32.0,0,0.5015625,4096.0,0.00390625,6400000.0,0.5273919092465753
128.0,128.0,2.0,22.0,531.0,509.0,16983.0,65056.0,0,0.9515625,0.25,0.25,6400000.0,0.9522673067514678
128.0,128.0,4.0,18.0,1517.0,1517.0,49827.0,226336.0,0,0.9765625,8.0,1.0,6400000.0,0.9694853840508806
128.0,128.0,4.0,6.0,1007.0,1028.0,33224.0,148096.0,0,0.940625,32.0,64.0,6400000.0,0.9409246575342465
1.0,128.0,2.0,1.0,1.0,1.0,39.0,32.0,0,0.5015625,1024.0,2048.0,6400000.0,0.5273919092465753
128.0,128.0,1.0,5.0,260.0,256.0,8382.0,24576.0,0,0.940625,128.0,0.0,6400000.0,0.93818646037182
1.0,128.0,2.0,1.0,1.0,1.0,39.0,32.0,0,0.5015625,1024.0,2.0,6400000.0,0.5273919092465753
1.0,128.0,2.0,1.0,1.0,1.0,39.0,32.0,0,0.5015625,2048.0,0.015625,6400000.0,0.5273919092465753
1.0,128.0,2.0,1.0,1.0,1.0,39.0,32.0,0,0.5015625,1024.0,0.00195312,6400000.0,0.5273919092465753
128.0,128.0,1.0,5.0,260.0,256.0,8382.0,24576.0,0,0.940625,64.0,64.0,6400000.0,0.93818646037182
128.0,128.0,2.0,22.0,531.0,509.0,16983.0,65056.0,0,0.9484375,0.00195312,0.0,6400000.0,0.9491407778864971
128.0,128.0,2.0,14.0,522.0,508.0,16859.0,64896.0,0,0.9484375,0.0,8.0,6400000.0,0.9518805039138943
128.0,128.0,4.0,11.0,1411.0,1409.0,46459.0,209056.0,0,0.96875,32.0,0.0625,6400000.0,0.9659667013209393
128.0,128.0,2.0,9.0,510.0,501.0,16570.0,63776.0,0,0.9453125,32.0,0.125,6400000.0,0.9546248165362033
1.0,128.0,2.0,1.0,1.0,1.0,39.0,32.0,0,0.5015625,2048.0,16.0,6400000.0,0.5273919092465753
128.0,128.0,2.0,7.0,497.0,491.0,16186.0,62176.0,0,0.940625,0.125,64.0,6400000.0,0.9409246575342465
1.0,128.0,1.0,1.0,1.0,1.0,35.0,32.0,0,0.5015625,4096.0,4096.0,6400000.0,0.5273919092465753
1.0,128.0,1.0,1.0,1.0,1.0,35.0,32.0,0,0.5015625,4096.0,4.0,6400000.0,0.5273919092465753
1.0,128.0,4.0,1.0,1.0,1.0,63.0,32.0,0,0.5015625,64.0,512.0,6400000.0,0.5273919092465753
128.0,128.0,4.0,8.0,1510.0,1519.0,49785.0,226656.0,0,0.959375,64.0,0.0,6400000.0,0.961271556996086
1.0,128.0,2.0,1.0,1.0,1.0,39.0,32.0,0,0.5015625,4096.0,0.125,6400000.0,0.5273919092465753
1.0,128.0,2.0,1.0,1.0,1.0,39.0,32.0,0,0.5015625,2048.0,16384.0,6400000.0,0.5273919092465753
128.0,128.0,4.0,8.0,1507.0,1516.0,49686.0,226176.0,0,0.959375,64.0,0.5,6400000.0,0.9569662732387474
128.0,128.0,4.0,6.0,1031.0,1032.0,34012.0,148736.0,0,0.940625,128.0,0.00390625,6400000.0,0.9409246575342465
128.0,128.0,4.0,7.0,1251.0,1249.0,41248.0,183456.0,0,0.946875,128.0,4.0,6400000.0,0.9409246575342465
1.0,128.0,2.0,1.0,1.0,1.0,39.0,32.0,0,0.5015625,4096.0,128.0,6400000.0,0.5273919092465753
128.0,128.0,2.0,5.0,460.0,456.0,15006.0,56576.0,0,0.940625,0.25,256.0,6400000.0,0.9409246575342465
1.0,128.0,4.0,1.0,1.0,1.0,63.0,32.0,0,0.5015625,128.0,4096.0,6400000.0,0.5273919092465753
128.0,128.0,4.0,5.0,782.0,782.0,25784.0,108736.0,0,0.940625,256.0,0.03125,6400000.0,0.9409246575342465
128.0,128.0,2.0,7.0,497.0,491.0,16186.0,62176.0,0,0.940625,0.000976562,64.0,6400000.0,0.9409246575342465
128.0,128.0,2.0,5.0,459.0,455.0,14973.0,56416.0,0,0.940625,32.0,128.0,6400000.0,0.9409246575342465
128.0,128.0,4.0,5.0,777.0,777.0,25619.0,107936.0,0,0.940625,256.0,32.0,6400000.0,0.9409246575342465
128.0,128.0,2.0,7.0,497.0,491.0,16186.0,62176.0,0,0.940625,64.0,0.000976562,6400000.0,0.9409246575342465
128.0,128.0,2.0,22.0,531.0,509.0,16983.0,65056.0,0,0.9484375,0.000976562,0.0625,6400000.0,0.9499235567514678
1.0,128.0,2.0,1.0,1.0,1.0,39.0,32.0,0,0.5015625,8192.0,1024.0,6400000.0,0.5273919092465753
1.0,128.0,1.0,1.0,1.0,1.0,35.0,32.0,0,0.5015625,8192.0,0.03125,6400000.0,0.5273919092465753
1.0,128.0,2.0,1.0,1.0,1.0,39.0,32.0,0,0.5015625,8192.0,0.000976562,6400000.0,0.5273919092465753
1.0,128.0,4.0,1.0,1.0,1.0,63.0,32.0,0,0.5015625,256.0,32768.0,6400000.0,0.5273919092465753
128.0,128.0,2.0,15.0,524.0,509.0,16903.0,65056.0,0,0.946875,4.0,0.0,6400000.0,0.949140777886497
1.0,128.0,2.0,1.0,1.0,1.0,39.0,32.0,0,0.5015625,8192.0,1.0,6400000.0,0.5273919092465753
1.0,128.0,1.0,1.0,1.0,1.0,35.0,32.0,0,0.5015625,1024.0,128.0,6400000.0,0.5273919092465753
1.0,128.0,4.0,1.0,1.0,1.0,63.0,32.0,0,0.5015625,512.0,0.25,6400000.0,0.5273919092465753
1.0,128.0,2.0,1.0,1.0,1.0,39.0,32.0,0,0.5015625,0.00195312,512.0,6400000.0,0.5273919092465753
1.0,128.0,4.0,1.0,1.0,1.0,63.0,32.0,0,0.5015625,1024.0,0.00195312,6400000.0,0.5273919092465753
1.0,128.0,2.0,1.0,1.0,1.0,39.0,32.0,0,0.5015625,16384.0,0.0078125,6400000.0,0.5273919092465753
1.0,128.0,4.0,1.0,1.0,1.0,63.0,32.0,0,0.5015625,512.0,256.0,6400000.0,0.5273919092465753
1.0,128.0,2.0,1.0,1.0,1.0,39.0,32.0,0,0.5015625,16384.0,8192.0,6400000.0,0.5273919092465753
1.0,128.0,2.0,1.0,1.0,1.0,39.0,32.0,0,0.5015625,16384.0,8.0,6400000.0,0.5273919092465753
128.0,128.0,2.0,22.0,531.0,509.0,16983.0,65056.0,0,0.9515625,0.00195312,0.5,6400000.0,0.9503149461839531
1.0,128.0,2.0,1.0,1.0,1.0,39.0,32.0,0,0.5015625,32768.0,0.0625,6400000.0,0.5273919092465753
1.0,128.0,2.0,1.0,1.0,1.0,39.0,32.0,0,0.5015625,0.0078125,32768.0,6400000.0,0.5273919092465753
1.0,128.0,2.0,1.0,1.0,1.0,39.0,32.0,0,0.5015625,32768.0,64.0,6400000.0,0.5273919092465753
128.0,128.0,1.0,5.0,260.0,256.0,8382.0,24576.0,0,0.940625,128.0,0.5,6400000.0,0.9377950709393346
1.0,128.0,4.0,1.0,1.0,1.0,63.0,32.0,0,0.5015625,1024.0,2.0,6400000.0,0.5273919092465753
1.0,128.0,2.0,1.0,1.0,1.0,39.0,32.0,0,0.5015625,0.00390625,4096.0,6400000.0,0.5273919092465753
1.0,128.0,1.0,1.0,1.0,1.0,35.0,32.0,0,0.5015625,8192.0,32.0,6400000.0,0.5273919092465753
128.0,128.0,2.0,15.0,524.0,509.0,16903.0,65056.0,0,0.95,4.0,0.5,6400000.0,0.9479666095890412
128.0,128.0,2.0,22.0,531.0,509.0,16983.0,65056.0,0,0.9515625,0.5,0.00195312,6400000.0,0.952658696183953
128.0,128.0,2.0,7.0,497.0,491.0,16186.0,62176.0,0,0.940625,64.0,1.0,6400000.0,0.9409246575342465
1.0,128.0,2.0,1.0,1.0,1.0,39.0,32.0,0,0.5015625,64.0,1024.0,6400000.0,0.5273919092465753
128.0,128.0,2.0,17.0,524.0,507.0,16859.0,64736.0,0,0.946875,0.5,2.0,6400000.0,0.9475752201565559
1.0,128.0,1.0,1.0,1.0,1.0,35.0,32.0,0,0.5015625,16384.0,256.0,6400000.0,0.5273919092465753
1.0,128.0,1.0,1.0,1.0,1.0,35.0,32.0,0,0.5015625,32768.0,2.0,6400000.0,0.5273919092465753
1.0,128.0,4.0,1.0,1.0,1.0,63.0,32.0,0,0.5015625,2048.0,0.015625,6400000.0,0.5273919092465753
1.0,128.0,4.0,1.0,1.0,1.0,63.0,32.0,0,0.5015625,1024.0,2048.0,6400000.0,0.5273919092465753
1.0,128.0,1.0,1.0,1.0,1.0,35.0,32.0,0,0.5015625,8192.0,32768.0,6400000.0,0.5273919092465753
1.0,128.0,4.0,1.0,1.0,1.0,63.0,32.0,0,0.5015625,0.00195312,32768.0,6400000.0,0.5273919092465753
1.0,128.0,1.0,1.0,1.0,1.0,35.0,32.0,0,0.5015625,16384.0,0.25,6400000.0,0.5273919092465753
1.0,128.0,4.0,1.0,1.0,1.0,63.0,32.0,0,0.5015625,0.000976562,4096.0,6400000.0,0.5273919092465753
1.0,128.0,4.0,1.0,1.0,1.0,63.0,32.0,0,0.5015625,0.0,512.0,6400000.0,0.5273919092465753
128.0,128.0,2.0,22.0,531.0,509.0,16983.0,65056.0,0,0.9484375,0.00390625,0.00390625,6400000.0,0.9491407778864971
1.0,128.0,2.0,1.0,1.0,1.0,39.0,32.0,0,0.5015625,0.5,2048.0,6400000.0,0.5273919092465753
1.0,128.0,4.0,1.0,1.0,1.0,63.0,32.0,0,0.5015625,2048.0,16.0,6400000.0,0.5273919092465753
1.0,128.0,1.0,1.0,1.0,1.0,35.0,32.0,0,0.5015625,32768.0,0.00195312,6400000.0,0.5273919092465753
1.0,128.0,2.0,1.0,1.0,1.0,39.0,32.0,0,0.5015625,4.0,512.0,6400000.0,0.5273919092465753
1.0,128.0,4.0,1.0,1.0,1.0,63.0,32.0,0,0.5015625,2048.0,16384.0,6400000.0,0.5273919092465753
1.0,128.0,4.0,1.0,1.0,1.0,63.0,32.0,0,0.5015625,4096.0,0.125,6400000.0,0.5273919092465753
1.0,128.0,4.0,1.0,1.0,1.0,63.0,32.0,0,0.5015625,4096.0,128.0,6400000.0,0.5273919092465753
1.0,128.0,4.0,1.0,1.0,1.0,63.0,32.0,0,0.5015625,0.015625,16384.0,6400000.0,0.5273919092465753
1.0,128.0,4.0,1.0,1.0,1.0,63.0,32.0,0,0.5015625,0.0078125,2048.0,6400000.0,0.5273919092465753
1.0,128.0,1.0,1.0,1.0,1.0,35.0,32.0,0,0.5015625,2048.0,0.000976562,6400000.0,0.5273919092465753
1.0,128.0,2.0,1.0,1.0,1.0,39.0,32.0,0,0.5015625,128.0,8192.0,6400000.0,0.5273919092465753
128.0,128.0,2.0,6.0,468.0,463.0,15251.0,57696.0,0,0.940625,128.0,0.0078125,6400000.0,0.9409246575342465
128.0,128.0,2.0,15.0,524.0,509.0,16903.0,65056.0,0,0.9484375,0.00390625,4.0,6400000.0,0.9479666095890412
128.0,128.0,4.0,5.0,782.0,782.0,25784.0,108736.0,0,0.940625,0.00390625,256.0,6400000.0,0.9409246575342465
128.0,128.0,4.0,33.0,1526.0,1517.0,49800.0,226336.0,0,0.9796875,0.0,0.0,6400000.0,0.9784835188356164
128.0,128.0,2.0,12.0,515.0,503.0,16672.0,64096.0,0,0.946875,8.0,4.0,6400000.0,0.9538382155088062
1.0,128.0,1.0,1.0,1.0,1.0,35.0,32.0,0,0.5015625,32768.0,2048.0,6400000.0,0.5273919092465753
1.0,128.0,2.0,1.0,1.0,1.0,39.0,32.0,0,0.5015625,1.0,16384.0,6400000.0,0.5273919092465753
128.0,128.0,2.0,14.0,522.0,508.0,16859.0,64896.0,0,0.9484375,8.0,0.00390625,6400000.0,0.9507071000489237
128.0,128.0,1.0,5.0,260.0,256.0,8382.0,24576.0,0,0.940625,256.0,0.00390625,6400000.0,0.9033657962328766
128.0,128.0,2.0,9.0,505.0,496.0,16405.0,62976.0,0,0.9453125,0.0078125,32.0,6400000.0,0.9557951626712329
1.0,128.0,2.0,1.0,1.0,1.0,39.0,32.0,0,0.5015625,8.0,4096.0,6400000.0,0.5273919092465753
1.0,128.0,4.0,1.0,1.0,1.0,63.0,32.0,0,0.5015625,0.0625,1024.0,6400000.0,0.5273919092465753
128.0,128.0,2.0,5.0,460.0,456.0,15006.0,56576.0,0,0.940625,128.0,8.0,6400000.0,0.9409246575342465
128.0,128.0,2.0,22.0,531.0,509.0,16983.0,65056.0,0,0.9484375,0.03125,0.00195312,6400000.0,0.9491407778864971
1.0,128.0,1.0,1.0,1.0,1.0,35.0,32.0,0,0.5015625,128.0,512.0,6400000.0,0.5273919092465753
128.0,128.0,4.0,11.0,1437.0,1435.0,47317.0,213216.0,0,0.9671875,0.00195312,32.0,6400000.0,0.965575311888454
128.0,128.0,4.0,29.0,1514.0,1504.0,49487.0,224256.0,0,0.9765625,0.0,0.5,6400000.0,0.9800483121330725
128.0,128.0,2.0,22.0,531.0,509.0,16983.0,65056.0,0,0.9484375,0.0078125,0.03125,6400000.0,0.9491407778864971
128.0,128.0,4.0,23.0,1549.0,1540.0,50769.0,230016.0,0,0.9796875,0.000976562,4.0,6400000.0,0.973787610078278
1.0,128.0,4.0,1.0,1.0,1.0,63.0,32.0,0,0.5015625,0.125,8192.0,6400000.0,0.5273919092465753
128.0,128.0,4.0,30.0,1520.0,1509.0,49663.0,225056.0,0,0.9796875,0.00390625,0.25,6400000.0,0.9773093505381605
128.0,128.0,2.0,20.0,529.0,509.0,16961.0,65056.0,0,0.9484375,1.0,0.015625,6400000.0,0.9483579990215265
128.0,128.0,4.0,6.0,1031.0,1032.0,34012.0,148736.0,0,0.940625,0.03125,128.0,6400000.0,0.9409246575342465
128.0,128.0,4.0,32.0,1524.0,1513.0,49753.0,225696.0,0,0.9796875,0.000976562,0.00390625,6400000.0,0.9792655332681017
128.0,128.0,2.0,5.0,460.0,456.0,15006.0,56576.0,0,0.940625,0.015625,256.0,6400000.0,0.9409246575342465
128.0,128.0,4.0,32.0,1534.0,1522.0,50082.0,227136.0,0,0.9796875,0.00195312,0.03125,6400000.0,0.9777007399706458
1.0,128.0,4.0,1.0,1.0,1.0,63.0,32.0,0,0.5015625,8192.0,0.000976562,6400000.0,0.5273919092465753
128.0,128.0,2.0,9.0,510.0,501.0,16570.0,63776.0,0,0.9453125,1.0,16.0,6400000.0,0.9569693309686889
128.0,128.0,4.0,13.0,1497.0,1496.0,49256.0,222976.0,0,0.9625,0.015625,16.0,6400000.0,0.9671416340508806
128.0,128.0,4.0,23.0,1503.0,1494.0,49251.0,222656.0,0,0.9765625,0.0078125,2.0,6400000.0,0.9769187255381604
1.0,128.0,2.0,1.0,1.0,1.0,39.0,32.0,0,0.5015625,16.0,32768.0,6400000.0,0.5273919092465753
128.0,128.0,1.0,5.0,260.0,256.0,8382.0,24576.0,0,0.940625,256.0,4.0,6400000.0,0.9033657962328766
1.0,128.0,4.0,1.0,1.0,1.0,63.0,32.0,0,0.5015625,8192.0,1.0,6400000.0,0.5273919092465753
128.0,128.0,2.0,12.0,516.0,504.0,16705.0,64256.0,0,0.946875,16.0,0.03125,6400000.0,0.9522726577788649
1.0,128.0,1.0,1.0,1.0,1.0,35.0,32.0,0,0.5015625,256.0,4096.0,6400000.0,0.5273919092465753
128.0,128.0,4.0,32.0,1534.0,1523.0,50083.0,227296.0,0,0.9796875,0.0078125,0.00195312,6400000.0,0.978875672700587
1.0,128.0,2.0,1.0,1.0,1.0,39.0,32.0,0,0.5015625,0.03125,2048.0,6400000.0,0.5273919092465753
1.0,128.0,2.0,1.0,1.0,1.0,39.0,32.0,0,0.5015625,512.0,0.0,6400000.0,0.5273919092465753
1.0,128.0,2.0,1.0,1.0,1.0,39.0,32.0,0,0.5015625,0.0625,16384.0,6400000.0,0.5273919092465753
128.0,128.0,2.0,23.0,532.0,509.0,16994.0,65056.0,0,0.946875,0.015625,0.25,6400000.0,0.9487493884540118
128.0,128.0,4.0,30.0,1496.0,1486.0,48872.0,221376.0,0,0.9796875,0.03125,0.125,6400000.0,0.9773101149706459
128.0,128.0,4.0,27.0,1474.0,1461.0,48206.0,217376.0,0,0.9796875,0.0625,1.0,6400000.0,0.9769179611056751
128.0,128.0,4.0,29.0,1514.0,1504.0,49487.0,224256.0,0,0.9765625,0.5,0.0,6400000.0,0.9800483121330725
1.0,128.0,1.0,1.0,1.0,1.0,35.0,32.0,0,0.5015625,2048.0,1.0,6400000.0,0.5273919092465753
128.0,128.0,4.0,32.0,1538.0,1526.0,50214.0,227776.0,0,0.9796875,0.0625,0.000976562,6400000.0,0.9773093505381605
128.0,128.0,4.0,32.0,1534.0,1522.0,50082.0,227136.0,0,0.9796875,0.015625,0.015625,6400000.0,0.9780921294031311
1.0,128.0,4.0,1.0,1.0,1.0,63.0,32.0,0,0.5015625,8192.0,1024.0,6400000.0,0.5273919092465753
1.0,128.0,4.0,1.0,1.0,1.0,63.0,32.0,0,0.5015625,0.5,512.0,6400000.0,0.5273919092465753
1.0,128.0,4.0,1.0,1.0,1.0,63.0,32.0,0,0.5015625,16384.0,0.0078125,6400000.0,0.5273919092465753
1.0,128.0,1.0,1.0,1.0,1.0,35.0,32.0,0,0.5015625,512.0,32768.0,6400000.0,0.5273919092465753
1.0,128.0,2.0,1.0,1.0,1.0,39.0,32.0,0,0.5015625,0.0,16384.0,6400000.0,0.5273919092465753
128.0,128.0,2.0,18.0,527.0,509.0,16939.0,65056.0,0,0.9484375,2.0,0.125,6400000.0,0.9475752201565557
1.0,128.0,4.0,1.0,1.0,1.0,63.0,32.0,0,0.5015625,1.0,4096.0,6400000.0,0.5273919092465753
1.0,128.0,1.0,1.0,1.0,1.0,35.0,32.0,0,0.5015625,512.0,0.03125,6400000.0,0.5273919092465753
128.0,128.0,2.0,5.0,460.0,456.0,15006.0,56576.0,0,0.940625,256.0,0.0625,6400000.0,0.9409246575342465
128.0,128.0,4.0,19.0,1553.0,1548.0,50989.0,231296.0,0,0.9734375,0.125,8.0,6400000.0,0.9722235812133071
128.0,128.0,2.0,5.0,460.0,456.0,15006.0,56576.0,0,0.940625,256.0,64.0,6400000.0,0.9409246575342465
1.0,128.0,1.0,1.0,1.0,1.0,35.0,32.0,0,0.5015625,2048.0,1024.0,6400000.0,0.5273919092465753
128.0,128.0,2.0,22.0,531.0,509.0,16983.0,65056.0,0,0.9484375,0.0625,0.015625,6400000.0,0.9499235567514678
128.0,128.0,4.0,29.0,1523.0,1514.0,49785.0,225856.0,0,0.978125,0.125,0.0078125,6400000.0,0.978482754403131
1.0,128.0,4.0,1.0,1.0,1.0,63.0,32.0,0,0.5015625,2.0,32768.0,6400000.0,0.5273919092465753
128.0,128.0,2.0,18.0,526.0,508.0,16906.0,64896.0,0,0.9515625,0.03125,2.0,6400000.0,0.9475752201565555
1.0,128.0,2.0,1.0,1.0,1.0,39.0,32.0,0,0.5015625,512.0,512.0,6400000.0,0.5273919092465753
128.0,128.0,2.0,8.0,503.0,496.0,16362.0,62976.0,0,0.9375,16.0,32.0,6400000.0,0.9409246575342465
128.0,128.0,4.0,8.0,1464.0,1474.0,48268.0,219456.0,0,0.95,0.25,64.0,6400000.0,0.9377981286692758
1.0,128.0,2.0,1.0,1.0,1.0,39.0,32.0,0,0.5015625,512.0,0.5,6400000.0,0.5273919092465753
1.0,128.0,4.0,1.0,1.0,1.0,63.0,32.0,0,0.5015625,8.0,2048.0,6400000.0,0.5273919092465753
128.0,128.0,4.0,30.0,1518.0,1507.0,49597.0,224736.0,0,0.98125,0.25,0.0625,6400000.0,0.9777007399706458
128.0,128.0,4.0,21.0,1497.0,1490.0,49097.0,222016.0,0,0.9796875,1.0,4.0,6400000.0,0.9792655332681017
128.0,128.0,2.0,10.0,514.0,504.0,16683.0,64256.0,0,0.9453125,0.0625,16.0,6400000.0,0.9569693309686889
1.0,128.0,4.0,1.0,1.0,1.0,63.0,32.0,0,0.5015625,16384.0,8.0,6400000.0,0.5273919092465753
128.0,128.0,4.0,28.0,1455.0,1447.0,47563.0,215136.0,0,0.978125,0.5,0.5,6400000.0,0.9792662977005872
128.0,128.0,2.0,22.0,531.0,509.0,16983.0,65056.0,0,0.95,0.25,0.000976562,6400000.0,0.9495321673189825
1.0,128.0,4.0,1.0,1.0,1.0,63.0,32.0,0,0.5015625,16.0,16384.0,6400000.0,0.5273919092465753
1.0,128.0,1.0,1.0,1.0,1.0,35.0,32.0,0,0.5015625,512.0,32.0,6400000.0,0.5273919092465753
1.0,128.0,4.0,1.0,1.0,1.0,63.0,32.0,0,0.5015625,16384.0,8192.0,6400000.0,0.5273919092465753
128.0,128.0,2.0,6.0,462.0,457.0,15053.0,56736.0,0,0.940625,2.0,128.0,6400000.0,0.9409246575342465
1.0,128.0,2.0,1.0,1.0,1.0,39.0,32.0,0,0.5015625,1024.0,4096.0,6400000.0,0.5273919092465753
1.0,128.0,1.0,1.0,1.0,1.0,35.0,32.0,0,0.5015625,1024.0,0.25,6400000.0,0.5273919092465753
128.0,128.0,4.0,5.0,782.0,782.0,25784.0,108736.0,0,0.940625,4.0,256.0,6400000.0,0.9409246575342465
1.0,128.0,1.0,1.0,1.0,1.0,35.0,32.0,0,0.5015625,4096.0,0.0078125,6400000.0,0.5273919092465753
1.0,128.0,4.0,1.0,1.0,1.0,63.0,32.0,0,0.5015625,32768.0,0.0625,6400000.0,0.5273919092465753
1.0,128.0,2.0,1.0,1.0,1.0,39.0,32.0,0,0.5015625,1024.0,4.0,6400000.0,0.5273919092465753
128.0,128.0,4.0,11.0,1370.0,1368.0,45106.0,202496.0,0,0.96875,2.0,32.0,6400000.0,0.9647940618884541
128.0,128.0,4.0,28.0,1455.0,1447.0,47563.0,215136.0,0,0.978125,1.0,0.00390625,6400000.0,0.9784835188356166
1.0,128.0,2.0,1.0,1.0,1.0,39.0,32.0,0,0.5015625,2048.0,0.03125,6400000.0,0.5273919092465753
128.0,128.0,2.0,22.0,531.0,509.0,16983.0,65056.0,0,0.95,0.125,0.125,6400000.0,0.9491407778864971
128.0,128.0,2.0,22.0,531.0,509.0,16983.0,65056.0,0,0.9484375,0.0,0.015625,6400000.0,0.9491407778864971
128.0,128.0,4.0,23.0,1499.0,1490.0,49119.0,222016.0,0,0.978125,2.0,0.03125,6400000.0,0.9788756727005872
1.0,128.0,2.0,1.0,1.0,1.0,39.0,32.0,0,0.5015625,1024.0,0.00390625,6400000.0,0.5273919092465753
128.0,128.0,2.0,20.0,529.0,509.0,16961.0,65056.0,0,0.95,0.25,0.5,6400000.0,0.9530508500489236
128.0,128.0,4.0,5.0,782.0,782.0,25784.0,108736.0,0,0.940625,32.0,128.0,6400000.0,0.9409246575342465
1.0,128.0,2.0,1.0,1.0,1.0,39.0,32.0,0,0.5015625,2048.0,32.0,6400000.0,0.5273919092465753
1.0,128.0,4.0,1.0,1.0,1.0,63.0,32.0,0,0.5015625,32768.0,64.0,6400000.0,0.5273919092465753
128.0,128.0,2.0,22.0,531.0,509.0,16983.0,65056.0,0,0.9484375,0.00195312,0.000976562,6400000.0,0.9491407778864971
128.0,128.0,2.0,10.0,511.0,501.0,16584.0,63776.0,0,0.9453125,0.0,16.0,6400000.0,0.9569693309686889
1.0,128.0,2.0,1.0,1.0,1.0,39.0,32.0,0,0.5015625,2048.0,32768.0,6400000.0,0.5273919092465753
1.0,128.0,1.0,1.0,1.0,1.0,35.0,32.0,0,0.5015625,4096.0,8192.0,6400000.0,0.5273919092465753
1.0,128.0,1.0,1.0,1.0,1.0,35.0,32.0,0,0.5015625,4096.0,8.0,6400000.0,0.5273919092465753
128.0,128.0,4.0,11.0,1411.0,1409.0,46459.0,209056.0,0,0.96875,16.0,16.0,6400000.0,0.9659667013209393
128.0,128.0,4.0,21.0,1511.0,1504.0,49559.0,224256.0,0,0.978125,4.0,0.25,6400000.0,0.9773078216731899
128.0,128.0,2.0,9.0,510.0,501.0,16570.0,63776.0,0,0.9453125,32.0,0.25,6400000.0,0.9542334271037181
1.0,128.0,2.0,1.0,1.0,1.0,39.0,32.0,0,0.5015625,4096.0,0.25,6400000.0,0.5273919092465753
128.0,128.0,4.0,15.0,1519.0,1514.0,49936.0,225856.0,0,0.971875,16.0,0.015625,6400000.0,0.9659674657534246
128.0,128.0,4.0,19.0,1503.0,1498.0,49339.0,223296.0,0,0.9765625,8.0,0.00195312,6400000.0,0.9726126773483366
128.0,128.0,2.0,6.0,468.0,463.0,15251.0,57696.0,0,0.940625,0.125,128.0,6400000.0,0.9409246575342465
1.0,128.0,2.0,1.0,1.0,1.0,39.0,32.0,0,0.5015625,4096.0,256.0,6400000.0,0.5273919092465753
128.0,128.0,4.0,17.0,1500.0,1503.0,49275.0,224096.0,0,0.975,8.0,2.0,6400000.0,0.9679221196183952
1.0,128.0,4.0,1.0,1.0,1.0,63.0,32.0,0,0.5015625,64.0,1024.0,6400000.0,0.5273919092465753
128.0,128.0,4.0,11.0,1411.0,1409.0,46459.0,209056.0,0,0.96875,32.0,0.125,6400000.0,0.9659667013209393
1.0,128.0,2.0,1.0,1.0,1.0,39.0,32.0,0,0.5015625,0.25,512.0,6400000.0,0.5273919092465753
1.0,128.0,4.0,1.0,1.0,1.0,63.0,32.0,0,0.5015625,128.0,8192.0,6400000.0,0.5273919092465753
128.0,128.0,4.0,6.0,1031.0,1032.0,34012.0,148736.0,0,0.940625,128.0,0.0078125,6400000.0,0.9409246575342465
128.0,128.0,4.0,7.0,1106.0,1104.0,36463.0,160256.0,0,0.946875,128.0,8.0,6400000.0,0.9409246575342465
128.0,128.0,4.0,8.0,1507.0,1516.0,49686.0,226176.0,0,0.959375,64.0,1.0,6400000.0,0.9569662732387474
128.0,128.0,4.0,8.0,1509.0,1518.0,49752.0,226496.0,0,0.959375,64.0,0.000976562,6400000.0,0.961271556996086
128.0,128.0,2.0,5.0,460.0,456.0,15006.0,56576.0,0,0.940625,32.0,256.0,6400000.0,0.9409246575342465
1.0,128.0,2.0,1.0,1.0,1.0,39.0,32.0,0,0.5015625,8192.0,2048.0,6400000.0,0.5273919092465753
1.0,128.0,2.0,1.0,1.0,1.0,39.0,32.0,0,0.5015625,8192.0,0.00195312,6400000.0,0.5273919092465753
1.0,128.0,1.0,1.0,1.0,1.0,35.0,32.0,0,0.5015625,8192.0,0.0625,6400000.0,0.5273919092465753
128.0,128.0,2.0,6.0,468.0,463.0,15251.0,57696.0,0,0.940625,0.000976562,128.0,6400000.0,0.9409246575342465
128.0,128.0,2.0,7.0,497.0,491.0,16186.0,62176.0,0,0.940625,64.0,0.00195312,6400000.0,0.9409246575342465
1.0,128.0,4.0,1.0,1.0,1.0,63.0,32.0,0,0.5015625,512.0,0.0,6400000.0,0.5273919092465753
1.0,128.0,1.0,1.0,1.0,1.0,35.0,32.0,0,0.5015625,1024.0,256.0,6400000.0,0.5273919092465753
1.0,128.0,2.0,1.0,1.0,1.0,39.0,32.0,0,0.5015625,0.00195312,1024.0,6400000.0,0.5273919092465753
128.0,128.0,4.0,5.0,782.0,782.0,25784.0,108736.0,0,0.940625,256.0,0.0625,6400000.0,0.9409246575342465
1.0,128.0,4.0,1.0,1.0,1.0,63.0,32.0,0,0.5015625,512.0,0.5,6400000.0,0.5273919092465753
128.0,128.0,2.0,22.0,531.0,509.0,16983.0,65056.0,0,0.9484375,0.000976562,0.125,6400000.0,0.9499212634540118
1.0,128.0,2.0,1.0,1.0,1.0,39.0,32.0,0,0.5015625,8192.0,2.0,6400000.0,0.5273919092465753
128.0,128.0,4.0,5.0,859.0,865.0,28331.0,122016.0,0,0.940625,256.0,64.0,6400000.0,0.9409246575342465
128.0,128.0,2.0,15.0,524.0,509.0,16903.0,65056.0,0,0.946875,4.0,0.000976562,6400000.0,0.949140777886497
1.0,128.0,4.0,1.0,1.0,1.0,63.0,32.0,0,0.5015625,512.0,512.0,6400000.0,0.5273919092465753
1.0,128.0,2.0,1.0,1.0,1.0,39.0,32.0,0,0.5015625,16384.0,16384.0,6400000.0,0.5273919092465753
1.0,128.0,2.0,1.0,1.0,1.0,39.0,32.0,0,0.5015625,16384.0,0.015625,6400000.0,0.5273919092465753
1.0,128.0,2.0,1.0,1.0,1.0,39.0,32.0,0,0.5015625,0.00390625,8192.0,6400000.0,0.5273919092465753
1.0,128.0,4.0,1.0,1.0,1.0,63.0,32.0,0,0.5015625,1024.0,4.0,6400000.0,0.5273919092465753
1.0,128.0,4.0,1.0,1.0,1.0,63.0,32.0,0,0.5015625,1024.0,0.00390625,6400000.0,0.5273919092465753
1.0,128.0,2.0,1.0,1.0,1.0,39.0,32.0,0,0.5015625,32768.0,0.125,6400000.0,0.5273919092465753
1.0,128.0,2.0,1.0,1.0,1.0,39.0,32.0,0,0.5015625,32768.0,128.0,6400000.0,0.5273919092465753
1.0,128.0,2.0,1.0,1.0,1.0,39.0,32.0,0,0.5015625,16384.0,16.0,6400000.0,0.5273919092465753
128.0,128.0,2.0,22.0,531.0,509.0,16983.0,65056.0,0,0.9484375,0.015625,0.0,6400000.0,0.9491407778864971
128.0,128.0,2.0,20.0,529.0,509.0,16961.0,65056.0,0,0.9484375,0.00195312,1.0,6400000.0,0.9479666095890412
1.0,128.0,1.0,1.0,1.0,1.0,35.0,32.0,0,0.5015625,8192.0,64.0,6400000.0,0.5273919092465753
1.0,128.0,2.0,1.0,1.0,1.0,39.0,32.0,0,0.5015625,64.0,2048.0,6400000.0,0.5273919092465753
1.0,128.0,1.0,1.0,1.0,1.0,35.0,32.0,0,0.5015625,32768.0,4.0,6400000.0,0.5273919092465753
1.0,128.0,1.0,1.0,1.0,1.0,35.0,32.0,0,0.5015625,16384.0,512.0,6400000.0,0.5273919092465753
1.0,128.0,1.0,1.0,1.0,1.0,35.0,32.0,0,0.5015625,16384.0,0.0,6400000.0,0.5273919092465753
1.0,128.0,4.0,1.0,1.0,1.0,63.0,32.0,0,0.5015625,2048.0,0.03125,6400000.0,0.5273919092465753
128.0,128.0,2.0,7.0,497.0,491.0,16186.0,62176.0,0,0.940625,64.0,2.0,6400000.0,0.9409246575342465
1.0,128.0,4.0,1.0,1.0,1.0,63.0,32.0,0,0.5015625,1024.0,4096.0,6400000.0,0.5273919092465753
1.0,128.0,1.0,1.0,1.0,1.0,35.0,32.0,0,0.5015625,16384.0,0.5,6400000.0,0.5273919092465753
128.0,128.0,2.0,15.0,524.0,509.0,16903.0,65056.0,0,0.9484375,4.0,1.0,6400000.0,0.9471830662915849
1.0,128.0,4.0,1.0,1.0,1.0,63.0,32.0,0,0.5015625,0.000976562,8192.0,6400000.0,0.5273919092465753
128.0,128.0,2.0,15.0,524.0,509.0,16903.0,65056.0,0,0.9484375,0.5,4.0,6400000.0,0.9471838307240702
128.0,128.0,2.0,22.0,531.0,509.0,16983.0,65056.0,0,0.9515625,0.5,0.00390625,6400000.0,0.952658696183953
1.0,128.0,2.0,1.0,1.0,1.0,39.0,32.0,0,0.5015625,0.5,4096.0,6400000.0,0.5273919092465753
1.0,128.0,4.0,1.0,1.0,1.0,63.0,32.0,0,0.5015625,0.0,1024.0,6400000.0,0.5273919092465753
1.0,128.0,4.0,1.0,1.0,1.0,63.0,32.0,0,0.5015625,2048.0,32768.0,6400000.0,0.5273919092465753
1.0,128.0,4.0,1.0,1.0,1.0,63.0,32.0,0,0.5015625,4096.0,256.0,6400000.0,0.5273919092465753
1.0,128.0,1.0,1.0,1.0,1.0,35.0,32.0,0,0.5015625,32768.0,0.00390625,6400000.0,0.5273919092465753
1.0,128.0,4.0,1.0,1.0,1.0,63.0,32.0,0,0.5015625,4096.0,0.25,6400000.0,0.5273919092465753
1.0,128.0,4.0,1.0,1.0,1.0,63.0,32.0,0,0.5015625,2048.0,32.0,6400000.0,0.5273919092465753
1.0,128.0,4.0,1.0,1.0,1.0,63.0,32.0,0,0.5015625,0.015625,32768.0,6400000.0,0.5273919092465753
1.0,128.0,2.0,1.0,1.0,1.0,39.0,32.0,0,0.5015625,4.0,1024.0,6400000.0,0.5273919092465753
1.0,128.0,4.0,1.0,1.0,1.0,63.0,32.0,0,0.5015625,0.0078125,4096.0,6400000.0,0.5273919092465753
128.0,128.0,2.0,22.0,531.0,509.0,16983.0,65056.0,0,0.9484375,0.00390625,0.0078125,6400000.0,0.9491407778864971
1.0,128.0,1.0,1.0,1.0,1.0,35.0,32.0,0,0.5015625,2048.0,0.00195312,6400000.0,0.5273919092465753
1.0,128.0,2.0,1.0,1.0,1.0,39.0,32.0,0,0.5015625,128.0,16384.0,6400000.0,0.5273919092465753
128.0,128.0,4.0,32.0,1524.0,1513.0,49753.0,225696.0,0,0.9796875,0.00390625,0.0,6400000.0,0.9792655332681017
128.0,128.0,2.0,6.0,468.0,463.0,15251.0,57696.0,0,0.940625,128.0,0.015625,6400000.0,0.9409246575342465
1.0,128.0,2.0,1.0,1.0,1.0,39.0,32.0,0,0.5015625,1.0,32768.0,6400000.0,0.5273919092465753
1.0,128.0,2.0,1.0,1.0,1.0,39.0,32.0,0,0.5015625,8.0,8192.0,6400000.0,0.5273919092465753
1.0,128.0,1.0,1.0,1.0,1.0,35.0,32.0,0,0.5015625,32768.0,4096.0,6400000.0,0.5273919092465753
128.0,128.0,2.0,7.0,497.0,491.0,16186.0,62176.0,0,0.940625,0.0078125,64.0,6400000.0,0.9409246575342465
128.0,128.0,8.0,33.0,3685.0,3777.0,125244.0,587936.0,0,0.9859375,0.0,0.0,6400000.0,0.9804381727005872
1.0,128.0,4.0,1.0,1.0,1.0,63.0,32.0,0,0.5015625,0.00390625,512.0,6400000.0,0.5273919092465753
128.0,128.0,2.0,10.0,511.0,501.0,16584.0,63776.0,0,0.9453125,8.0,8.0,6400000.0,0.9561865521037183
1.0,128.0,4.0,1.0,1.0,1.0,63.0,32.0,0,0.5015625,0.0625,2048.0,6400000.0,0.5273919092465753
128.0,128.0,2.0,14.0,522.0,508.0,16859.0,64896.0,0,0.9484375,8.0,0.0078125,6400000.0,0.9507071000489237
128.0,128.0,2.0,14.0,522.0,508.0,16859.0,64896.0,0,0.9484375,0.00390625,8.0,6400000.0,0.9518805039138943
128.0,128.0,2.0,5.0,460.0,456.0,15006.0,56576.0,0,0.940625,128.0,16.0,6400000.0,0.9409246575342465
128.0,128.0,2.0,22.0,531.0,509.0,16983.0,65056.0,0,0.9484375,0.03125,0.00390625,6400000.0,0.9491407778864971
1.0,128.0,4.0,1.0,1.0,1.0,63.0,32.0,0,0.5015625,0.125,16384.0,6400000.0,0.5273919092465753
128.0,128.0,2.0,22.0,531.0,509.0,16983.0,65056.0,0,0.9484375,0.0078125,0.0625,6400000.0,0.9499235567514678
1.0,128.0,4.0,1.0,1.0,1.0,63.0,32.0,0,0.5015625,8192.0,0.00195312,6400000.0,0.5273919092465753
1.0,128.0,2.0,1.0,1.0,1.0,39.0,32.0,0,0.5015625,0.015625,512.0,6400000.0,0.5273919092465753
128.0,128.0,8.0,13.0,3335.0,3437.0,113869.0,533536.0,0,0.9703125,0.0,32.0,6400000.0,0.96674948018591
128.0,128.0,2.0,20.0,529.0,509.0,16961.0,65056.0,0,0.9484375,1.0,0.03125,6400000.0,0.9479666095890412
1.0,128.0,2.0,1.0,1.0,1.0,39.0,32.0,0,0.5015625,512.0,0.000976562,6400000.0,0.5273919092465753
1.0,128.0,2.0,1.0,1.0,1.0,39.0,32.0,0,0.5015625,0.0625,32768.0,6400000.0,0.5273919092465753
128.0,128.0,4.0,32.0,1524.0,1513.0,49753.0,225696.0,0,0.9796875,0.0,0.000976562,6400000.0,0.9788749082681016
1.0,128.0,2.0,1.0,1.0,1.0,39.0,32.0,0,0.5015625,0.03125,4096.0,6400000.0,0.5273919092465753
128.0,128.0,4.0,5.0,782.0,782.0,25784.0,108736.0,0,0.940625,0.03125,256.0,6400000.0,0.9409246575342465
128.0,128.0,4.0,8.0,1453.0,1463.0,47905.0,217696.0,0,0.95,0.00195312,64.0,6400000.0,0.9377981286692758
128.0,128.0,2.0,9.0,510.0,501.0,16570.0,63776.0,0,0.9453125,32.0,0.0,6400000.0,0.9565764126712327
1.0,128.0,8.0,1.0,1.0,1.0,543.0,32.0,0,0.5015625,0.0,8192.0,6400000.0,0.5273919092465753
128.0,128.0,2.0,9.0,505.0,496.0,16405.0,62976.0,0,0.9453125,1.0,32.0,6400000.0,0.9534506482387475
1.0,128.0,4.0,1.0,1.0,1.0,63.0,32.0,0,0.5015625,8192.0,2.0,6400000.0,0.5273919092465753
128.0,128.0,4.0,28.0,1455.0,1447.0,47563.0,215136.0,0,0.978125,0.0,1.0,6400000.0,0.9792662977005872
1.0,128.0,4.0,1.0,1.0,1.0,63.0,32.0,0,0.5015625,0.5,1024.0,6400000.0,0.5273919092465753
128.0,128.0,2.0,12.0,516.0,504.0,16705.0,64256.0,0,0.946875,16.0,0.0625,6400000.0,0.9522726577788649
128.0,128.0,4.0,18.0,1527.0,1523.0,50153.0,227296.0,0,0.9765625,0.000976562,8.0,6400000.0,0.9726126773483366
1.0,128.0,1.0,1.0,1.0,1.0,35.0,32.0,0,0.5015625,2048.0,2.0,6400000.0,0.5273919092465753
1.0,128.0,4.0,1.0,1.0,1.0,63.0,32.0,0,0.5015625,8192.0,2048.0,6400000.0,0.5273919092465753
128.0,128.0,2.0,22.0,531.0,509.0,16983.0,65056.0,0,0.9515625,0.015625,0.5,6400000.0,0.9503149461839531
1.0,128.0,4.0,1.0,1.0,1.0,63.0,32.0,0,0.5015625,16384.0,0.015625,6400000.0,0.5273919092465753
128.0,128.0,4.0,29.0,1514.0,1504.0,49487.0,224256.0,0,0.9765625,0.00390625,0.5,6400000.0,0.9800483121330725
1.0,128.0,2.0,1.0,1.0,1.0,39.0,32.0,0,0.5015625,0.0,32768.0,6400000.0,0.5273919092465753
128.0,128.0,4.0,11.0,1437.0,1435.0,47317.0,213216.0,0,0.9671875,0.015625,32.0,6400000.0,0.965575311888454
128.0,128.0,8.0,31.0,3692.0,3791.0,125524.0,590176.0,0,0.9890625,0.0,0.125,6400000.0,0.9796546294031311
1.0,128.0,8.0,1.0,1.0,1.0,543.0,32.0,0,0.5015625,0.000976562,1024.0,6400000.0,0.5273919092465753
128.0,128.0,4.0,23.0,1549.0,1540.0,50769.0,230016.0,0,0.9796875,0.0078125,4.0,6400000.0,0.973787610078278
128.0,128.0,2.0,5.0,460.0,456.0,15006.0,56576.0,0,0.940625,256.0,0.125,6400000.0,0.9409246575342465
1.0,128.0,4.0,1.0,1.0,1.0,63.0,32.0,0,0.5015625,1.0,8192.0,6400000.0,0.5273919092465753
1.0,128.0,1.0,1.0,1.0,1.0,35.0,32.0,0,0.5015625,2048.0,2048.0,6400000.0,0.5273919092465753
128.0,128.0,4.0,32.0,1538.0,1526.0,50214.0,227776.0,0,0.9796875,0.00195312,0.0625,6400000.0,0.9773093505381605
128.0,128.0,2.0,5.0,463.0,460.0,15106.0,57216.0,0,0.940625,256.0,128.0,6400000.0,0.9033657962328766
128.0,128.0,4.0,32.0,1523.0,1512.0,49720.0,225536.0,0,0.9796875,0.000976562,0.0078125,6400000.0,0.978875672700587
1.0,128.0,2.0,1.0,1.0,1.0,39.0,32.0,0,0.5015625,512.0,1024.0,6400000.0,0.5273919092465753
128.0,128.0,4.0,32.0,1534.0,1523.0,50083.0,227296.0,0,0.9796875,0.0078125,0.00390625,6400000.0,0.9777015044031311
128.0,128.0,2.0,17.0,526.0,509.0,16925.0,65056.0,0,0.95,2.0,0.25,6400000.0,0.9495321673189825
128.0,128.0,2.0,15.0,524.0,509.0,16903.0,65056.0,0,0.9484375,0.03125,4.0,6400000.0,0.9479666095890412
1.0,128.0,2.0,1.0,1.0,1.0,39.0,32.0,0,0.5015625,512.0,1.0,6400000.0,0.5273919092465753
1.0,128.0,4.0,1.0,1.0,1.0,63.0,32.0,0,0.5015625,8.0,4096.0,6400000.0,0.5273919092465753
128.0,128.0,4.0,23.0,1499.0,1490.0,49119.0,222016.0,0,0.978125,0.0625,2.0,6400000.0,0.9784835188356166
128.0,128.0,4.0,30.0,1523.0,1512.0,49762.0,225536.0,0,0.9796875,0.03125,0.25,6400000.0,0.9773078216731899
128.0,128.0,2.0,6.0,486.0,481.0,15845.0,60576.0,0,0.940625,16.0,64.0,6400000.0,0.9409246575342465
128.0,128.0,4.0,29.0,1514.0,1504.0,49487.0,224256.0,0,0.9765625,0.5,0.000976562,6400000.0,0.9800483121330725
1.0,128.0,4.0,1.0,1.0,1.0,63.0,32.0,0,0.5015625,16384.0,16.0,6400000.0,0.5273919092465753
128.0,128.0,4.0,32.0,1518.0,1506.0,49554.0,224576.0,0,0.9765625,0.015625,0.03125,6400000.0,0.9777007399706459
128.0,128.0,4.0,20.0,1485.0,1479.0,48723.0,220256.0,0,0.9765625,4.0,0.0,6400000.0,0.9749617783757338
128.0,128.0,2.0,22.0,531.0,509.0,16983.0,65056.0,0,0.9484375,0.0625,0.03125,6400000.0,0.9499235567514678
1.0,128.0,4.0,1.0,1.0,1.0,63.0,32.0,0,0.5015625,16.0,32768.0,6400000.0,0.5273919092465753
128.0,128.0,2.0,9.0,504.0,496.0,16404.0,62976.0,0,0.9453125,0.0625,32.0,6400000.0,0.9550123838062621
128.0,128.0,4.0,32.0,1538.0,1526.0,50214.0,227776.0,0,0.9796875,0.0625,0.00195312,6400000.0,0.9773093505381605
128.0,128.0,4.0,13.0,1508.0,1507.0,49619.0,224736.0,0,0.9625,0.125,16.0,6400000.0,0.9671416340508806
1.0,128.0,2.0,1.0,1.0,1.0,39.0,32.0,0,0.5015625,1024.0,8192.0,6400000.0,0.5273919092465753
1.0,128.0,4.0,1.0,1.0,1.0,63.0,32.0,0,0.5015625,16384.0,16384.0,6400000.0,0.5273919092465753
128.0,128.0,8.0,32.0,3676.0,3767.0,124967.0,586336.0,0,0.9875,0.000976562,0.015625,6400000.0,0.9808295621330725
128.0,128.0,4.0,6.0,1035.0,1035.0,34143.0,149216.0,0,0.940625,0.25,128.0,6400000.0,0.9409246575342465
1.0,128.0,2.0,1.0,1.0,1.0,39.0,32.0,0,0.5015625,2048.0,0.0625,6400000.0,0.5273919092465753
1.0,128.0,1.0,1.0,1.0,1.0,35.0,32.0,0,0.5015625,4096.0,0.015625,6400000.0,0.5273919092465753
128.0,128.0,2.0,22.0,531.0,509.0,16983.0,65056.0,0,0.95,0.25,0.00195312,6400000.0,0.9495321673189825
128.0,128.0,4.0,31.0,1524.0,1513.0,49774.0,225696.0,0,0.9796875,0.125,0.015625,6400000.0,0.9777015044031311
128.0,128.0,8.0,27.0,3695.0,3814.0,125727.0,593856.0,0,0.9875,0.000976562,4.0,6400000.0,0.9792647688356164
1.0,128.0,4.0,1.0,1.0,1.0,63.0,32.0,0,0.5015625,32768.0,0.125,6400000.0,0.5273919092465753
1.0,128.0,4.0,1.0,1.0,1.0,63.0,32.0,0,0.5015625,4.0,512.0,6400000.0,0.5273919092465753
1.0,128.0,2.0,1.0,1.0,1.0,39.0,32.0,0,0.5015625,1024.0,8.0,6400000.0,0.5273919092465753
128.0,128.0,2.0,5.0,460.0,456.0,15006.0,56576.0,0,0.940625,2.0,256.0,6400000.0,0.9409246575342465
128.0,128.0,4.0,18.0,1542.0,1544.0,50654.0,230656.0,0,0.9765625,1.0,8.0,6400000.0,0.9730078889432485
1.0,128.0,2.0,1.0,1.0,1.0,39.0,32.0,0,0.5015625,1024.0,0.0078125,6400000.0,0.5273919092465753
128.0,128.0,2.0,22.0,531.0,509.0,16983.0,65056.0,0,0.9515625,0.125,0.25,6400000.0,0.9510939028864971
1.0,128.0,2.0,1.0,1.0,1.0,39.0,32.0,0,0.5015625,2048.0,64.0,6400000.0,0.5273919092465753
128.0,128.0,4.0,30.0,1510.0,1499.0,49333.0,223456.0,0,0.9796875,0.25,0.125,6400000.0,0.9777007399706458
1.0,128.0,2.0,1.0,1.0,1.0,39.0,32.0,0,0.5015625,4096.0,0.0,6400000.0,0.5273919092465753
128.0,128.0,2.0,22.0,531.0,509.0,16983.0,65056.0,0,0.9484375,0.0,0.03125,6400000.0,0.9491407778864971
1.0,128.0,4.0,1.0,1.0,1.0,63.0,32.0,0,0.5015625,32768.0,128.0,6400000.0,0.5273919092465753
128.0,128.0,4.0,24.0,1511.0,1501.0,49493.0,223776.0,0,0.9796875,0.5,1.0,6400000.0,0.9804404659980431
1.0,128.0,1.0,1.0,1.0,1.0,35.0,32.0,0,0.5015625,4096.0,16.0,6400000.0,0.5273919092465753
1.0,128.0,1.0,1.0,1.0,1.0,35.0,32.0,0,0.5015625,4096.0,16384.0,6400000.0,0.5273919092465753
128.0,128.0,4.0,8.0,1464.0,1474.0,48268.0,219456.0,0,0.95,2.0,64.0,6400000.0,0.9377981286692758
1.0,128.0,2.0,1.0,1.0,1.0,39.0,32.0,0,0.5015625,4096.0,0.5,6400000.0,0.5273919092465753
128.0,128.0,2.0,20.0,529.0,509.0,16961.0,65056.0,0,0.9484375,0.25,1.0,6400000.0,0.9483579990215265
128.0,128.0,2.0,9.0,505.0,496.0,16405.0,62976.0,0,0.9453125,0.0,32.0,6400000.0,0.9557951626712329
128.0,128.0,4.0,5.0,777.0,777.0,25619.0,107936.0,0,0.940625,32.0,256.0,6400000.0,0.9409246575342465
128.0,128.0,2.0,22.0,531.0,509.0,16983.0,65056.0,0,0.9484375,0.00195312,0.00195312,6400000.0,0.9491407778864971
1.0,128.0,2.0,1.0,1.0,1.0,39.0,32.0,0,0.5015625,4096.0,512.0,6400000.0,0.5273919092465753
1.0,128.0,4.0,1.0,1.0,1.0,63.0,32.0,0,0.5015625,64.0,2048.0,6400000.0,0.5273919092465753
128.0,128.0,2.0,9.0,510.0,501.0,16570.0,63776.0,0,0.9453125,32.0,0.5,6400000.0,0.956967802103718
1.0,128.0,2.0,1.0,1.0,1.0,39.0,32.0,0,0.5015625,0.25,1024.0,6400000.0,0.5273919092465753
128.0,128.0,2.0,5.0,460.0,456.0,15006.0,56576.0,0,0.940625,0.125,256.0,6400000.0,0.9409246575342465
1.0,128.0,4.0,1.0,1.0,1.0,63.0,32.0,0,0.5015625,128.0,16384.0,6400000.0,0.5273919092465753
128.0,128.0,4.0,23.0,1499.0,1490.0,49119.0,222016.0,0,0.978125,2.0,0.0625,6400000.0,0.9784835188356166
128.0,128.0,4.0,27.0,1455.0,1448.0,47585.0,215296.0,0,0.978125,1.0,0.0078125,6400000.0,0.9784835188356166
128.0,128.0,4.0,15.0,1519.0,1514.0,49936.0,225856.0,0,0.971875,16.0,0.03125,6400000.0,0.9659674657534246
128.0,128.0,4.0,9.0,1488.0,1487.0,49028.0,221536.0,0,0.9625,16.0,32.0,6400000.0,0.9585318309686887
128.0,128.0,4.0,5.0,782.0,782.0,25784.0,108736.0,0,0.940625,128.0,16.0,6400000.0,0.9409246575342465
128.0,128.0,4.0,17.0,1478.0,1475.0,48543.0,219616.0,0,0.975,8.0,4.0,6400000.0,0.9675322590508806
128.0,128.0,8.0,32.0,3668.0,3758.0,124702.0,584896.0,0,0.9859375,0.00195312,0.00195312,6400000.0,0.9800467832681017
128.0,128.0,4.0,6.0,1031.0,1032.0,34012.0,148736.0,0,0.940625,128.0,0.015625,6400000.0,0.9409246575342465
128.0,128.0,4.0,21.0,1543.0,1536.0,50615.0,229376.0,0,0.978125,4.0,0.5,6400000.0,0.978873379403131
1.0,128.0,2.0,1.0,1.0,1.0,39.0,32.0,0,0.5015625,8192.0,4096.0,6400000.0,0.5273919092465753
128.0,128.0,8.0,31.0,3678.0,3775.0,125060.0,587616.0,0,0.9875,0.00195312,0.5,6400000.0,0.9796553938356165
1.0,128.0,2.0,1.0,1.0,1.0,39.0,32.0,0,0.5015625,32.0,512.0,6400000.0,0.5273919092465753
1.0,128.0,2.0,1.0,1.0,1.0,39.0,32.0,0,0.5015625,8192.0,0.00390625,6400000.0,0.5273919092465753
128.0,128.0,4.0,19.0,1503.0,1498.0,49339.0,223296.0,0,0.9765625,8.0,0.00390625,6400000.0,0.9726126773483366
128.0,128.0,2.0,7.0,497.0,491.0,16186.0,62176.0,0,0.940625,64.0,0.00390625,6400000.0,0.9409246575342465
1.0,128.0,1.0,1.0,1.0,1.0,35.0,32.0,0,0.5015625,8192.0,0.125,6400000.0,0.5273919092465753
128.0,128.0,2.0,5.0,460.0,456.0,15006.0,56576.0,0,0.940625,0.000976562,256.0,6400000.0,0.9409246575342465
1.0,128.0,2.0,1.0,1.0,1.0,39.0,32.0,0,0.5015625,0.00195312,2048.0,6400000.0,0.5273919092465753
1.0,128.0,4.0,1.0,1.0,1.0,63.0,32.0,0,0.5015625,512.0,0.000976562,6400000.0,0.5273919092465753
128.0,128.0,4.0,11.0,1411.0,1409.0,46459.0,209056.0,0,0.96875,32.0,0.25,6400000.0,0.9659667013209393
1.0,128.0,2.0,1.0,1.0,1.0,39.0,32.0,0,0.5015625,8192.0,4.0,6400000.0,0.5273919092465753
1.0,128.0,4.0,1.0,1.0,1.0,63.0,32.0,0,0.5015625,512.0,1.0,6400000.0,0.5273919092465753
1.0,128.0,2.0,1.0,1.0,1.0,39.0,32.0,0,0.5015625,16384.0,32768.0,6400000.0,0.5273919092465753
128.0,128.0,8.0,8.0,1747.0,1749.0,60990.0,263456.0,0,0.959375,0.00195312,128.0,6400000.0,0.9409246575342465
1.0,128.0,4.0,1.0,1.0,1.0,63.0,32.0,0,0.5015625,512.0,1024.0,6400000.0,0.5273919092465753
1.0,128.0,2.0,1.0,1.0,1.0,39.0,32.0,0,0.5015625,32768.0,256.0,6400000.0,0.5273919092465753
128.0,128.0,2.0,22.0,531.0,509.0,16983.0,65056.0,0,0.95,0.000976562,0.25,6400000.0,0.9491407778864971
1.0,128.0,2.0,1.0,1.0,1.0,39.0,32.0,0,0.5015625,16384.0,0.03125,6400000.0,0.5273919092465753
1.0,128.0,2.0,1.0,1.0,1.0,39.0,32.0,0,0.5015625,16384.0,32.0,6400000.0,0.5273919092465753
1.0,128.0,4.0,1.0,1.0,1.0,63.0,32.0,0,0.5015625,1024.0,0.0078125,6400000.0,0.5273919092465753
1.0,128.0,2.0,1.0,1.0,1.0,39.0,32.0,0,0.5015625,0.00390625,16384.0,6400000.0,0.5273919092465753
1.0,128.0,4.0,1.0,1.0,1.0,63.0,32.0,0,0.5015625,1024.0,8.0,6400000.0,0.5273919092465753
1.0,128.0,2.0,1.0,1.0,1.0,39.0,32.0,0,0.5015625,32768.0,0.25,6400000.0,0.5273919092465753
128.0,128.0,2.0,15.0,524.0,509.0,16903.0,65056.0,0,0.946875,4.0,0.00195312,6400000.0,0.949140777886497
128.0,128.0,4.0,5.0,782.0,782.0,25784.0,108736.0,0,0.940625,256.0,0.125,6400000.0,0.9409246575342465
128.0,128.0,4.0,8.0,1507.0,1516.0,49686.0,226176.0,0,0.959375,64.0,2.0,6400000.0,0.9518782106164382
128.0,128.0,4.0,8.0,1509.0,1518.0,49752.0,226496.0,0,0.959375,64.0,0.00195312,6400000.0,0.961271556996086
1.0,128.0,1.0,1.0,1.0,1.0,35.0,32.0,0,0.5015625,8192.0,128.0,6400000.0,0.5273919092465753
128.0,128.0,4.0,5.0,673.0,696.0,22210.0,94976.0,0,0.940625,256.0,128.0,6400000.0,0.9033657962328766
1.0,128.0,2.0,1.0,1.0,1.0,39.0,32.0,0,0.5015625,64.0,4096.0,6400000.0,0.5273919092465753
1.0,128.0,4.0,1.0,1.0,1.0,63.0,32.0,0,0.5015625,2048.0,0.0625,6400000.0,0.5273919092465753
1.0,128.0,1.0,1.0,1.0,1.0,35.0,32.0,0,0.5015625,16384.0,1024.0,6400000.0,0.5273919092465753
1.0,128.0,1.0,1.0,1.0,1.0,35.0,32.0,0,0.5015625,16384.0,0.000976562,6400000.0,0.5273919092465753
1.0,128.0,1.0,1.0,1.0,1.0,35.0,32.0,0,0.5015625,32768.0,8.0,6400000.0,0.5273919092465753
1.0,128.0,4.0,1.0,1.0,1.0,63.0,32.0,0,0.5015625,0.000976562,16384.0,6400000.0,0.5273919092465753
128.0,128.0,2.0,22.0,531.0,509.0,16983.0,65056.0,0,0.9484375,0.015625,0.000976562,6400000.0,0.9491407778864971
1.0,128.0,4.0,1.0,1.0,1.0,63.0,32.0,0,0.5015625,1024.0,8192.0,6400000.0,0.5273919092465753
1.0,128.0,1.0,1.0,1.0,1.0,35.0,32.0,0,0.5015625,16384.0,1.0,6400000.0,0.5273919092465753
128.0,128.0,2.0,18.0,526.0,508.0,16906.0,64896.0,0,0.9515625,0.00195312,2.0,6400000.0,0.9483579990215265
1.0,128.0,2.0,1.0,1.0,1.0,39.0,32.0,0,0.5015625,0.5,8192.0,6400000.0,0.5273919092465753
1.0,128.0,4.0,1.0,1.0,1.0,63.0,32.0,0,0.5015625,0.0,2048.0,6400000.0,0.5273919092465753
128.0,128.0,2.0,7.0,494.0,488.0,16087.0,61696.0,0,0.940625,64.0,4.0,6400000.0,0.9409246575342465
1.0,128.0,4.0,1.0,1.0,1.0,63.0,32.0,0,0.5015625,4096.0,0.0,6400000.0,0.5273919092465753
128.0,128.0,2.0,13.0,520.0,507.0,16815.0,64736.0,0,0.9484375,0.5,8.0,6400000.0,0.9507071000489237
1.0,128.0,4.0,1.0,1.0,1.0,63.0,32.0,0,0.5015625,4096.0,512.0,6400000.0,0.5273919092465753
1.0,128.0,4.0,1.0,1.0,1.0,63.0,32.0,0,0.5015625,2048.0,64.0,6400000.0,0.5273919092465753
1.0,128.0,1.0,1.0,1.0,1.0,35.0,32.0,0,0.5015625,32768.0,0.0078125,6400000.0,0.5273919092465753
1.0,128.0,4.0,1.0,1.0,1.0,63.0,32.0,0,0.5015625,0.0078125,8192.0,6400000.0,0.5273919092465753
1.0,128.0,2.0,1.0,1.0,1.0,39.0,32.0,0,0.5015625,4.0,2048.0,6400000.0,0.5273919092465753
128.0,128.0,2.0,22.0,531.0,509.0,16983.0,65056.0,0,0.9515625,0.5,0.0078125,6400000.0,0.952658696183953
1.0,128.0,4.0,1.0,1.0,1.0,63.0,32.0,0,0.5015625,4096.0,0.5,6400000.0,0.5273919092465753
128.0,128.0,2.0,15.0,524.0,509.0,16903.0,65056.0,0,0.946875,4.0,2.0,6400000.0,0.9471838307240705
1.0,128.0,8.0,1.0,1.0,1.0,543.0,32.0,0,0.5015625,0.00195312,32768.0,6400000.0,0.5273919092465753
128.0,128.0,2.0,22.0,531.0,509.0,16983.0,65056.0,0,0.9484375,0.00390625,0.015625,6400000.0,0.9491407778864971
1.0,128.0,2.0,1.0,1.0,1.0,39.0,32.0,0,0.5015625,128.0,32768.0,6400000.0,0.5273919092465753
1.0,128.0,1.0,1.0,1.0,1.0,35.0,32.0,0,0.5015625,32768.0,8192.0,6400000.0,0.5273919092465753
128.0,128.0,4.0,32.0,1534.0,1522.0,50082.0,227136.0,0,0.9796875,0.03125,0.0,6400000.0,0.9780921294031311
1.0,128.0,2.0,1.0,1.0,1.0,39.0,32.0,0,0.5015625,8.0,16384.0,6400000.0,0.5273919092465753
128.0,128.0,2.0,6.0,468.0,463.0,15251.0,57696.0,0,0.940625,128.0,0.03125,6400000.0,0.9409246575342465
128.0,128.0,2.0,18.0,527.0,509.0,16939.0,65056.0,0,0.95,2.0,0.0,6400000.0,0.9483579990215265
1.0,128.0,4.0,1.0,1.0,1.0,63.0,32.0,0,0.5015625,0.0625,4096.0,6400000.0,0.5273919092465753
128.0,128.0,2.0,6.0,468.0,463.0,15251.0,57696.0,0,0.940625,0.0078125,128.0,6400000.0,0.9409246575342465
1.0,128.0,4.0,1.0,1.0,1.0,63.0,32.0,0,0.5015625,0.00390625,1024.0,6400000.0,0.5273919092465753
128.0,128.0,2.0,9.0,510.0,501.0,16570.0,63776.0,0,0.9453125,8.0,16.0,6400000.0,0.9565779415362036
1.0,128.0,4.0,1.0,1.0,1.0,63.0,32.0,0,0.5015625,0.125,32768.0,6400000.0,0.5273919092465753
128.0,128.0,2.0,10.0,514.0,504.0,16683.0,64256.0,0,0.9453125,0.00390625,16.0,6400000.0,0.9569693309686889
1.0,128.0,4.0,1.0,1.0,1.0,63.0,32.0,0,0.5015625,8192.0,0.00390625,6400000.0,0.5273919092465753
128.0,128.0,2.0,5.0,459.0,455.0,14973.0,56416.0,0,0.940625,128.0,32.0,6400000.0,0.9409246575342465
128.0,128.0,4.0,32.0,1524.0,1513.0,49753.0,225696.0,0,0.9796875,0.00390625,0.000976562,6400000.0,0.9792655332681017
128.0,128.0,2.0,14.0,522.0,508.0,16859.0,64896.0,0,0.9484375,8.0,0.015625,6400000.0,0.9507071000489237
1.0,128.0,2.0,1.0,1.0,1.0,39.0,32.0,0,0.5015625,0.015625,1024.0,6400000.0,0.5273919092465753
128.0,128.0,2.0,22.0,531.0,509.0,16983.0,65056.0,0,0.9484375,0.03125,0.0078125,6400000.0,0.9491407778864971
128.0,128.0,2.0,22.0,531.0,509.0,16983.0,65056.0,0,0.9484375,0.0078125,0.125,6400000.0,0.9499212634540118
1.0,128.0,4.0,1.0,1.0,1.0,63.0,32.0,0,0.5015625,8192.0,4.0,6400000.0,0.5273919092465753
128.0,128.0,2.0,22.0,531.0,509.0,16983.0,65056.0,0,0.9484375,0.125,0.0,6400000.0,0.9495298740215266
1.0,128.0,2.0,1.0,1.0,1.0,39.0,32.0,0,0.5015625,0.03125,8192.0,6400000.0,0.5273919092465753
1.0,128.0,2.0,1.0,1.0,1.0,39.0,32.0,0,0.5015625,512.0,0.00195312,6400000.0,0.5273919092465753
1.0,128.0,8.0,1.0,1.0,1.0,543.0,32.0,0,0.5015625,0.0,16384.0,6400000.0,0.5273919092465753
1.0,128.0,4.0,1.0,1.0,1.0,63.0,32.0,0,0.5015625,16384.0,0.03125,6400000.0,0.5273919092465753
1.0,128.0,4.0,1.0,1.0,1.0,63.0,32.0,0,0.5015625,0.03125,512.0,6400000.0,0.5273919092465753
128.0,128.0,2.0,20.0,529.0,509.0,16961.0,65056.0,0,0.9484375,1.0,0.0625,6400000.0,0.9483579990215265
1.0,128.0,4.0,1.0,1.0,1.0,63.0,32.0,0,0.5015625,0.5,2048.0,6400000.0,0.5273919092465753
128.0,128.0,2.0,7.0,497.0,491.0,16186.0,62176.0,0,0.940625,1.0,64.0,6400000.0,0.9409246575342465
128.0,128.0,2.0,9.0,510.0,501.0,16570.0,63776.0,0,0.9453125,32.0,0.000976562,6400000.0,0.9565764126712327
1.0,128.0,4.0,1.0,1.0,1.0,63.0,32.0,0,0.5015625,8192.0,4096.0,6400000.0,0.5273919092465753
128.0,128.0,2.0,10.0,514.0,504.0,16683.0,64256.0,0,0.9453125,16.0,0.125,6400000.0,0.9522726577788649
128.0,128.0,2.0,22.0,531.0,509.0,16983.0,65056.0,0,0.9484375,0.000976562,0.0,6400000.0,0.9491407778864971
128.0,128.0,2.0,20.0,529.0,509.0,16961.0,65056.0,0,0.9484375,0.015625,1.0,6400000.0,0.9479666095890412
1.0,128.0,8.0,1.0,1.0,1.0,543.0,32.0,0,0.5015625,0.000976562,2048.0,6400000.0,0.5273919092465753
1.0,128.0,4.0,1.0,1.0,1.0,63.0,32.0,0,0.5015625,1.0,16384.0,6400000.0,0.5273919092465753
128.0,128.0,4.0,6.0,1031.0,1032.0,34012.0,148736.0,0,0.940625,0.00195312,128.0,6400000.0,0.9409246575342465
128.0,128.0,2.0,5.0,460.0,456.0,15006.0,56576.0,0,0.940625,256.0,0.25,6400000.0,0.9409246575342465
1.0,128.0,2.0,1.0,1.0,1.0,39.0,32.0,0,0.5015625,512.0,2048.0,6400000.0,0.5273919092465753
1.0,128.0,2.0,1.0,1.0,1.0,39.0,32.0,0,0.5015625,512.0,2.0,6400000.0,0.5273919092465753
1.0,128.0,2.0,1.0,1.0,1.0,39.0,32.0,0,0.5015625,256.0,256.0,6400000.0,0.5273919092465753
128.0,128.0,4.0,23.0,1503.0,1494.0,49251.0,222656.0,0,0.9765625,0.0,2.0,6400000.0,0.9765273361056751
128.0,128.0,4.0,32.0,1524.0,1513.0,49753.0,225696.0,0,0.9796875,0.0,0.00195312,6400000.0,0.9788749082681016
1.0,128.0,4.0,1.0,1.0,1.0,63.0,32.0,0,0.5015625,8.0,8192.0,6400000.0,0.5273919092465753
128.0,128.0,4.0,13.0,1497.0,1496.0,49256.0,222976.0,0,0.9625,0.000976562,16.0,6400000.0,0.9671416340508806
1.0,128.0,4.0,1.0,1.0,1.0,63.0,32.0,0,0.5015625,16384.0,32.0,6400000.0,0.5273919092465753
128.0,128.0,2.0,14.0,522.0,508.0,16859.0,64896.0,0,0.9484375,0.03125,8.0,6400000.0,0.9518805039138943
128.0,128.0,2.0,17.0,526.0,509.0,16925.0,65056.0,0,0.95,2.0,0.5,6400000.0,0.9479666095890412
128.0,128.0,4.0,28.0,1455.0,1447.0,47563.0,215136.0,0,0.978125,0.00390625,1.0,6400000.0,0.9792662977005872
1.0,128.0,2.0,1.0,1.0,1.0,39.0,32.0,0,0.5015625,1024.0,16384.0,6400000.0,0.5273919092465753
128.0,128.0,2.0,5.0,460.0,456.0,15006.0,56576.0,0,0.940625,16.0,128.0,6400000.0,0.9409246575342465
128.0,128.0,4.0,8.0,1453.0,1463.0,47905.0,217696.0,0,0.95,0.015625,64.0,6400000.0,0.9377981286692758
1.0,128.0,4.0,1.0,1.0,1.0,63.0,32.0,0,0.5015625,16384.0,32768.0,6400000.0,0.5273919092465753
128.0,128.0,2.0,7.0,497.0,491.0,16186.0,62176.0,0,0.940625,0.0625,64.0,6400000.0,0.9409246575342465
128.0,128.0,4.0,18.0,1527.0,1523.0,50153.0,227296.0,0,0.9765625,0.0078125,8.0,6400000.0,0.9730040667808219
128.0,128.0,8.0,8.0,2039.0,2069.0,70623.0,314656.0,0,0.959375,0.0,64.0,6400000.0,0.9499312010763209
1.0,128.0,2.0,1.0,1.0,1.0,39.0,32.0,0,0.5015625,2048.0,0.125,6400000.0,0.5273919092465753
128.0,128.0,8.0,32.0,3668.0,3758.0,124702.0,584896.0,0,0.9859375,0.0,0.000976562,6400000.0,0.9804381727005872
1.0,128.0,4.0,1.0,1.0,1.0,63.0,32.0,0,0.5015625,4.0,1024.0,6400000.0,0.5273919092465753
128.0,128.0,8.0,16.0,3450.0,3545.0,117594.0,550816.0,0,0.9765625,0.00390625,16.0,6400000.0,0.9718352495107633
128.0,128.0,2.0,22.0,531.0,509.0,16983.0,65056.0,0,0.9484375,0.0625,0.0625,6400000.0,0.9495298740215266
128.0,128.0,4.0,31.0,1529.0,1518.0,49939.0,226496.0,0,0.978125,0.00195312,0.125,6400000.0,0.9780913649706457
1.0,128.0,4.0,1.0,1.0,1.0,63.0,32.0,0,0.5015625,32768.0,0.25,6400000.0,0.5273919092465753
1.0,128.0,8.0,1.0,1.0,1.0,543.0,32.0,0,0.5015625,0.00390625,4096.0,6400000.0,0.5273919092465753
128.0,128.0,4.0,5.0,782.0,782.0,25784.0,108736.0,0,0.940625,0.25,256.0,6400000.0,0.9409246575342465
128.0,128.0,4.0,23.0,1549.0,1540.0,50769.0,230016.0,0,0.9796875,0.0625,4.0,6400000.0,0.9757430283757339
1.0,128.0,2.0,1.0,1.0,1.0,39.0,32.0,0,0.5015625,1024.0,16.0,6400000.0,0.5273919092465753
128.0,128.0,4.0,11.0,1411.0,1409.0,46459.0,209056.0,0,0.96875,32.0,0.0,6400000.0,0.9659667013209393
128.0,128.0,4.0,32.0,1529.0,1517.0,49917.0,226336.0,0,0.9796875,0.000976562,0.015625,6400000.0,0.9777015044031311
128.0,128.0,8.0,31.0,3672.0,3766.0,124859.0,586176.0,0,0.9875,0.00390625,0.0625,6400000.0,0.9792647688356164
128.0,128.0,4.0,32.0,1529.0,1517.0,49917.0,226336.0,0,0.9796875,0.0078125,0.0078125,6400000.0,0.9777015044031311
1.0,128.0,2.0,1.0,1.0,1.0,39.0,32.0,0,0.5015625,1024.0,0.015625,6400000.0,0.5273919092465753
128.0,128.0,2.0,22.0,531.0,509.0,16983.0,65056.0,0,0.95,0.25,0.00390625,6400000.0,0.9495321673189825
128.0,128.0,4.0,29.0,1514.0,1504.0,49487.0,224256.0,0,0.9765625,0.5,0.00195312,6400000.0,0.9800483121330725
128.0,128.0,4.0,28.0,1492.0,1483.0,48783.0,220896.0,0,0.978125,0.03125,0.5,6400000.0,0.9769179611056751
1.0,128.0,4.0,1.0,1.0,1.0,63.0,32.0,0,0.5015625,32768.0,256.0,6400000.0,0.5273919092465753
1.0,128.0,2.0,1.0,1.0,1.0,39.0,32.0,0,0.5015625,2048.0,128.0,6400000.0,0.5273919092465753
1.0,128.0,2.0,1.0,1.0,1.0,39.0,32.0,0,0.5015625,2.0,512.0,6400000.0,0.5273919092465753
128.0,128.0,4.0,20.0,1485.0,1479.0,48723.0,220256.0,0,0.9765625,4.0,0.000976562,6400000.0,0.9749617783757338
1.0,128.0,2.0,1.0,1.0,1.0,39.0,32.0,0,0.5015625,4096.0,0.000976562,6400000.0,0.5273919092465753
128.0,128.0,4.0,32.0,1538.0,1526.0,50214.0,227776.0,0,0.9796875,0.0625,0.00390625,6400000.0,0.9773093505381605
1.0,128.0,2.0,1.0,1.0,1.0,39.0,32.0,0,0.5015625,4096.0,1.0,6400000.0,0.5273919092465753
128.0,128.0,4.0,11.0,1437.0,1435.0,47317.0,213216.0,0,0.9671875,0.125,32.0,6400000.0,0.965575311888454
128.0,128.0,4.0,32.0,1538.0,1526.0,50214.0,227776.0,0,0.9796875,0.015625,0.0625,6400000.0,0.9761351822407045
128.0,128.0,2.0,22.0,531.0,509.0,16983.0,65056.0,0,0.9484375,0.0,0.0625,6400000.0,0.9499235567514678
1.0,128.0,4.0,1.0,1.0,1.0,63.0,32.0,0,0.5015625,64.0,4096.0,6400000.0,0.5273919092465753
1.0,128.0,2.0,1.0,1.0,1.0,39.0,32.0,0,0.5015625,4096.0,1024.0,6400000.0,0.5273919092465753
128.0,128.0,2.0,22.0,531.0,509.0,16983.0,65056.0,0,0.9484375,0.125,0.5,6400000.0,0.9499235567514678
1.0,128.0,4.0,1.0,1.0,1.0,63.0,32.0,0,0.5015625,32.0,512.0,6400000.0,0.5273919092465753
128.0,128.0,4.0,30.0,1496.0,1486.0,48872.0,221376.0,0,0.9796875,0.125,0.03125,6400000.0,0.9773101149706459
1.0,128.0,2.0,1.0,1.0,1.0,39.0,32.0,0,0.5015625,0.25,2048.0,6400000.0,0.5273919092465753
128.0,128.0,4.0,13.0,1524.0,1521.0,50145.0,226976.0,0,0.9625,1.0,16.0,6400000.0,0.965184686888454
1.0,128.0,2.0,1.0,1.0,1.0,39.0,32.0,0,0.5015625,0.125,512.0,6400000.0,0.5273919092465753
1.0,128.0,4.0,1.0,1.0,1.0,63.0,32.0,0,0.5015625,128.0,32768.0,6400000.0,0.5273919092465753
128.0,128.0,2.0,17.0,525.0,508.0,16892.0,64896.0,0,0.946875,0.25,2.0,6400000.0,0.9479666095890409
128.0,128.0,2.0,22.0,531.0,509.0,16983.0,65056.0,0,0.9484375,0.00195312,0.00390625,6400000.0,0.9491407778864971
128.0,128.0,2.0,7.0,497.0,491.0,16186.0,62176.0,0,0.940625,0.0,64.0,6400000.0,0.9409246575342465
128.0,128.0,4.0,22.0,1524.0,1516.0,49966.0,226176.0,0,0.978125,0.5,2.0,6400000.0,0.9792662977005872
128.0,128.0,2.0,9.0,510.0,501.0,16570.0,63776.0,0,0.9453125,32.0,1.0,6400000.0,0.9557989848336593
128.0,128.0,4.0,7.0,1312.0,1311.0,43262.0,193376.0,0,0.946875,2.0,128.0,6400000.0,0.9409246575342465
128.0,128.0,4.0,29.0,1514.0,1504.0,49487.0,224256.0,0,0.9765625,0.25,0.25,6400000.0,0.9800483121330725
128.0,128.0,8.0,31.0,3648.0,3747.0,124072.0,583136.0,0,0.9875,0.0,0.25,6400000.0,0.9800467832681019
1.0,128.0,2.0,1.0,1.0,1.0,39.0,32.0,0,0.5015625,8192.0,0.0078125,6400000.0,0.5273919092465753
1.0,128.0,2.0,1.0,1.0,1.0,39.0,32.0,0,0.5015625,8192.0,8192.0,6400000.0,0.5273919092465753
1.0,128.0,8.0,1.0,1.0,1.0,543.0,32.0,0,0.5015625,0.0078125,512.0,6400000.0,0.5273919092465753
1.0,128.0,2.0,1.0,1.0,1.0,39.0,32.0,0,0.5015625,32.0,1024.0,6400000.0,0.5273919092465753
1.0,128.0,2.0,1.0,1.0,1.0,39.0,32.0,0,0.5015625,0.000976562,512.0,6400000.0,0.5273919092465753
128.0,128.0,4.0,6.0,1031.0,1032.0,34012.0,148736.0,0,0.940625,128.0,0.03125,6400000.0,0.9409246575342465
1.0,128.0,2.0,1.0,1.0,1.0,39.0,32.0,0,0.5015625,0.00195312,4096.0,6400000.0,0.5273919092465753
128.0,128.0,4.0,5.0,782.0,782.0,25784.0,108736.0,0,0.940625,128.0,32.0,6400000.0,0.9409246575342465
1.0,128.0,4.0,1.0,1.0,1.0,63.0,32.0,0,0.5015625,512.0,0.00195312,6400000.0,0.5273919092465753
1.0,128.0,2.0,1.0,1.0,1.0,39.0,32.0,0,0.5015625,8192.0,8.0,6400000.0,0.5273919092465753
128.0,128.0,2.0,7.0,497.0,491.0,16186.0,62176.0,0,0.940625,64.0,0.0078125,6400000.0,0.9409246575342465
128.0,128.0,4.0,27.0,1455.0,1448.0,47585.0,215296.0,0,0.978125,1.0,0.015625,6400000.0,0.9784835188356166
1.0,128.0,2.0,1.0,1.0,1.0,39.0,32.0,0,0.5015625,32768.0,0.0,6400000.0,0.5273919092465753
128.0,128.0,4.0,24.0,1529.0,1519.0,50087.0,226656.0,0,0.9796875,2.0,0.125,6400000.0,0.9780928938356166
1.0,128.0,2.0,1.0,1.0,1.0,39.0,32.0,0,0.5015625,32768.0,512.0,6400000.0,0.5273919092465753
128.0,128.0,4.0,15.0,1506.0,1501.0,49507.0,223776.0,0,0.965625,8.0,8.0,6400000.0,0.9663588551859099
128.0,128.0,8.0,23.0,3505.0,3657.0,119574.0,568736.0,0,0.9828125,0.000976562,8.0,6400000.0,0.9780906005381604
1.0,128.0,4.0,1.0,1.0,1.0,63.0,32.0,0,0.5015625,512.0,2.0,6400000.0,0.5273919092465753
128.0,128.0,4.0,8.0,1430.0,1441.0,47147.0,214176.0,0,0.95,16.0,64.0,6400000.0,0.9389677103718199
1.0,128.0,4.0,1.0,1.0,1.0,63.0,32.0,0,0.5015625,512.0,2048.0,6400000.0,0.5273919092465753
128.0,128.0,4.0,13.0,1523.0,1520.0,50112.0,226816.0,0,0.9640625,16.0,0.0625,6400000.0,0.9659674657534246
128.0,128.0,8.0,28.0,3688.0,3809.0,125477.0,593056.0,0,0.9859375,0.0078125,2.0,6400000.0,0.9800467832681019
1.0,128.0,2.0,1.0,1.0,1.0,39.0,32.0,0,0.5015625,16384.0,0.0625,6400000.0,0.5273919092465753
1.0,128.0,2.0,1.0,1.0,1.0,39.0,32.0,0,0.5015625,16384.0,64.0,6400000.0,0.5273919092465753
1.0,128.0,2.0,1.0,1.0,1.0,39.0,32.0,0,0.5015625,0.00390625,32768.0,6400000.0,0.5273919092465753
1.0,128.0,4.0,1.0,1.0,1.0,63.0,32.0,0,0.5015625,1024.0,16.0,6400000.0,0.5273919092465753
1.0,128.0,2.0,1.0,1.0,1.0,39.0,32.0,0,0.5015625,32768.0,0.5,6400000.0,0.5273919092465753
128.0,128.0,8.0,32.0,3683.0,3771.0,125195.0,586976.0,0,0.9875,0.0078125,0.0078125,6400000.0,0.9808295621330725
128.0,128.0,2.0,22.0,531.0,509.0,16983.0,65056.0,0,0.9515625,0.000976562,0.5,6400000.0,0.9503149461839531
1.0,128.0,4.0,1.0,1.0,1.0,63.0,32.0,0,0.5015625,1024.0,0.015625,6400000.0,0.5273919092465753
128.0,128.0,4.0,21.0,1497.0,1490.0,49097.0,222016.0,0,0.9796875,4.0,1.0,6400000.0,0.9773101149706458
128.0,128.0,8.0,5.0,782.0,782.0,28664.0,108736.0,0,0.940625,0.00195312,256.0,6400000.0,0.9409246575342465
128.0,128.0,4.0,19.0,1503.0,1498.0,49339.0,223296.0,0,0.9765625,8.0,0.0078125,6400000.0,0.9726126773483366
128.0,128.0,2.0,15.0,524.0,509.0,16903.0,65056.0,0,0.946875,4.0,0.00390625,6400000.0,0.949140777886497
1.0,128.0,4.0,1.0,1.0,1.0,63.0,32.0,0,0.5015625,2048.0,0.125,6400000.0,0.5273919092465753
128.0,128.0,8.0,32.0,3669.0,3759.0,124735.0,585056.0,0,0.9859375,0.000976562,0.03125,6400000.0,0.9792640044031311
1.0,128.0,2.0,1.0,1.0,1.0,39.0,32.0,0,0.5015625,64.0,8192.0,6400000.0,0.5273919092465753
128.0,128.0,4.0,11.0,1459.0,1457.0,48043.0,216736.0,0,0.9671875,32.0,0.5,6400000.0,0.9659667013209393
1.0,128.0,4.0,1.0,1.0,1.0,63.0,32.0,0,0.5015625,0.000976562,32768.0,6400000.0,0.5273919092465753
128.0,128.0,4.0,5.0,782.0,782.0,25784.0,108736.0,0,0.940625,256.0,0.25,6400000.0,0.9409246575342465
1.0,128.0,8.0,1.0,1.0,1.0,543.0,32.0,0,0.5015625,0.015625,16384.0,6400000.0,0.5273919092465753
1.0,128.0,4.0,1.0,1.0,1.0,63.0,32.0,0,0.5015625,1024.0,16384.0,6400000.0,0.5273919092465753
1.0,128.0,2.0,1.0,1.0,1.0,39.0,32.0,0,0.5015625,0.5,16384.0,6400000.0,0.5273919092465753
1.0,128.0,4.0,1.0,1.0,1.0,63.0,32.0,0,0.5015625,0.0,4096.0,6400000.0,0.5273919092465753
1.0,128.0,4.0,1.0,1.0,1.0,63.0,32.0,0,0.5015625,4096.0,0.000976562,6400000.0,0.5273919092465753
1.0,128.0,4.0,1.0,1.0,1.0,63.0,32.0,0,0.5015625,256.0,256.0,6400000.0,0.5273919092465753
1.0,128.0,4.0,1.0,1.0,1.0,63.0,32.0,0,0.5015625,4096.0,1024.0,6400000.0,0.5273919092465753
1.0,128.0,4.0,1.0,1.0,1.0,63.0,32.0,0,0.5015625,2048.0,128.0,6400000.0,0.5273919092465753
128.0,128.0,2.0,15.0,524.0,509.0,16903.0,65056.0,0,0.9484375,0.00195312,4.0,6400000.0,0.9479666095890412
128.0,128.0,2.0,22.0,531.0,509.0,16983.0,65056.0,0,0.9484375,0.015625,0.00195312,6400000.0,0.9491407778864971
1.0,128.0,4.0,1.0,1.0,1.0,63.0,32.0,0,0.5015625,0.0078125,16384.0,6400000.0,0.5273919092465753
128.0,128.0,2.0,7.0,494.0,488.0,16087.0,61696.0,0,0.940625,64.0,8.0,6400000.0,0.9409246575342465
1.0,128.0,4.0,1.0,1.0,1.0,63.0,32.0,0,0.5015625,4096.0,1.0,6400000.0,0.5273919092465753
1.0,128.0,2.0,1.0,1.0,1.0,39.0,32.0,0,0.5015625,4.0,4096.0,6400000.0,0.5273919092465753
128.0,128.0,4.0,8.0,1509.0,1518.0,49752.0,226496.0,0,0.959375,64.0,0.00390625,6400000.0,0.961271556996086
128.0,128.0,4.0,8.0,1503.0,1512.0,49554.0,225536.0,0,0.959375,64.0,4.0,6400000.0,0.9518782106164382
128.0,128.0,2.0,10.0,511.0,501.0,16584.0,63776.0,0,0.9453125,0.5,16.0,6400000.0,0.9573607204011741
128.0,128.0,2.0,22.0,531.0,509.0,16983.0,65056.0,0,0.9515625,0.5,0.015625,6400000.0,0.952658696183953
128.0,128.0,2.0,14.0,521.0,507.0,16826.0,64736.0,0,0.9484375,4.0,4.0,6400000.0,0.951489114481409
1.0,128.0,8.0,1.0,1.0,1.0,543.0,32.0,0,0.5015625,0.03125,2048.0,6400000.0,0.5273919092465753
1.0,128.0,2.0,1.0,1.0,1.0,39.0,32.0,0,0.5015625,8.0,32768.0,6400000.0,0.5273919092465753
128.0,128.0,2.0,5.0,460.0,456.0,15006.0,56576.0,0,0.940625,256.0,0.0,6400000.0,0.9409246575342465
128.0,128.0,8.0,8.0,2039.0,2069.0,70623.0,314656.0,0,0.959375,0.015625,64.0,6400000.0,0.9499312010763209
128.0,128.0,2.0,22.0,531.0,509.0,16983.0,65056.0,0,0.9484375,0.00390625,0.03125,6400000.0,0.9491407778864971
1.0,128.0,4.0,1.0,1.0,1.0,63.0,32.0,0,0.5015625,0.0625,8192.0,6400000.0,0.5273919092465753
128.0,128.0,2.0,6.0,468.0,463.0,15251.0,57696.0,0,0.940625,128.0,0.0625,6400000.0,0.9409246575342465
128.0,128.0,8.0,32.0,3676.0,3767.0,124967.0,586336.0,0,0.9875,0.015625,0.000976562,6400000.0,0.9808295621330725
1.0,128.0,4.0,1.0,1.0,1.0,63.0,32.0,0,0.5015625,0.00390625,2048.0,6400000.0,0.5273919092465753
128.0,128.0,8.0,30.0,3747.0,3847.0,127361.0,599136.0,0,0.9875,0.00195312,1.0,6400000.0,0.9792632399706458
128.0,128.0,2.0,18.0,527.0,509.0,16939.0,65056.0,0,0.95,2.0,0.000976562,6400000.0,0.9483579990215265
128.0,128.0,8.0,31.0,3648.0,3747.0,124072.0,583136.0,0,0.9875,0.015625,0.25,6400000.0,0.9796553938356165
128.0,128.0,2.0,5.0,460.0,456.0,15006.0,56576.0,0,0.940625,0.0078125,256.0,6400000.0,0.9409246575342465
128.0,128.0,8.0,23.0,3505.0,3657.0,119574.0,568736.0,0,0.9828125,0.03125,8.0,6400000.0,0.9780906005381604
128.0,128.0,8.0,32.0,3678.0,3768.0,125032.0,586496.0,0,0.9875,0.00195312,0.00390625,6400000.0,0.980438172700587
128.0,128.0,8.0,31.0,3672.0,3766.0,124859.0,586176.0,0,0.9875,0.03125,0.03125,6400000.0,0.978873379403131
128.0,128.0,2.0,9.0,502.0,494.0,16338.0,62656.0,0,0.9453125,8.0,32.0,6400000.0,0.949531402886497
1.0,128.0,4.0,1.0,1.0,1.0,63.0,32.0,0,0.5015625,8192.0,0.0078125,6400000.0,0.5273919092465753
1.0,128.0,2.0,1.0,1.0,1.0,39.0,32.0,0,0.5015625,0.015625,2048.0,6400000.0,0.5273919092465753
1.0,128.0,4.0,1.0,1.0,1.0,63.0,32.0,0,0.5015625,8192.0,8.0,6400000.0,0.5273919092465753
128.0,128.0,2.0,5.0,458.0,454.0,14940.0,56256.0,0,0.940625,128.0,64.0,6400000.0,0.9409246575342465
1.0,128.0,2.0,1.0,1.0,1.0,39.0,32.0,0,0.5015625,0.03125,16384.0,6400000.0,0.5273919092465753
128.0,128.0,2.0,9.0,505.0,496.0,16405.0,62976.0,0,0.9453125,0.00390625,32.0,6400000.0,0.9557951626712329
128.0,128.0,2.0,14.0,522.0,508.0,16859.0,64896.0,0,0.9484375,8.0,0.03125,6400000.0,0.9507071000489237
128.0,128.0,4.0,32.0,1534.0,1522.0,50082.0,227136.0,0,0.9796875,0.03125,0.000976562,6400000.0,0.9777007399706458
128.0,128.0,4.0,30.0,1520.0,1509.0,49663.0,225056.0,0,0.9796875,0.25,0.0,6400000.0,0.9773093505381605
128.0,128.0,8.0,32.0,3668.0,3758.0,124702.0,584896.0,0,0.9859375,0.00390625,0.0,6400000.0,0.9800467832681017
128.0,128.0,2.0,22.0,531.0,509.0,16983.0,65056.0,0,0.9484375,0.03125,0.015625,6400000.0,0.9499235567514678
1.0,128.0,2.0,1.0,1.0,1.0,39.0,32.0,0,0.5015625,512.0,0.00390625,6400000.0,0.5273919092465753
1.0,128.0,8.0,1.0,1.0,1.0,543.0,32.0,0,0.5015625,0.0,32768.0,6400000.0,0.5273919092465753
1.0,128.0,4.0,1.0,1.0,1.0,63.0,32.0,0,0.5015625,16384.0,0.0625,6400000.0,0.5273919092465753
1.0,128.0,4.0,1.0,1.0,1.0,63.0,32.0,0,0.5015625,0.03125,1024.0,6400000.0,0.5273919092465753
128.0,128.0,2.0,22.0,531.0,509.0,16983.0,65056.0,0,0.95,0.0078125,0.25,6400000.0,0.9487493884540118
128.0,128.0,2.0,22.0,531.0,509.0,16983.0,65056.0,0,0.9484375,0.125,0.000976562,6400000.0,0.9495298740215266
1.0,128.0,4.0,1.0,1.0,1.0,63.0,32.0,0,0.5015625,0.5,4096.0,6400000.0,0.5273919092465753
128.0,128.0,2.0,6.0,466.0,461.0,15185.0,57376.0,0,0.940625,1.0,128.0,6400000.0,0.9409246575342465
128.0,128.0,4.0,32.0,1524.0,1513.0,49753.0,225696.0,0,0.9796875,0.00390625,0.00195312,6400000.0,0.9792655332681017
1.0,128.0,8.0,1.0,1.0,1.0,543.0,32.0,0,0.5015625,0.000976562,4096.0,6400000.0,0.5273919092465753
128.0,128.0,2.0,20.0,529.0,509.0,16961.0,65056.0,0,0.9484375,1.0,0.125,6400000.0,0.9483579990215265
1.0,128.0,4.0,1.0,1.0,1.0,63.0,32.0,0,0.5015625,8192.0,8192.0,6400000.0,0.5273919092465753
128.0,128.0,2.0,10.0,514.0,504.0,16683.0,64256.0,0,0.9453125,16.0,0.25,6400000.0,0.9526640472113502
128.0,128.0,2.0,9.0,510.0,501.0,16570.0,63776.0,0,0.9453125,32.0,0.00195312,6400000.0,0.9565764126712327
1.0,128.0,4.0,1.0,1.0,1.0,63.0,32.0,0,0.5015625,1.0,32768.0,6400000.0,0.5273919092465753
1.0,128.0,2.0,1.0,1.0,1.0,39.0,32.0,0,0.5015625,512.0,4.0,6400000.0,0.5273919092465753
1.0,128.0,2.0,1.0,1.0,1.0,39.0,32.0,0,0.5015625,512.0,4096.0,6400000.0,0.5273919092465753
1.0,128.0,4.0,1.0,1.0,1.0,63.0,32.0,0,0.5015625,8.0,16384.0,6400000.0,0.5273919092465753
128.0,128.0,4.0,5.0,782.0,782.0,25784.0,108736.0,0,0.940625,0.00195312,256.0,6400000.0,0.9409246575342465
128.0,128.0,2.0,5.0,460.0,456.0,15006.0,56576.0,0,0.940625,256.0,0.5,6400000.0,0.9409246575342465
1.0,128.0,2.0,1.0,1.0,1.0,39.0,32.0,0,0.5015625,256.0,512.0,6400000.0,0.5273919092465753
128.0,128.0,2.0,18.0,526.0,508.0,16906.0,64896.0,0,0.9515625,0.015625,2.0,6400000.0,0.9475752201565555
1.0,128.0,4.0,1.0,1.0,1.0,63.0,32.0,0,0.5015625,16384.0,64.0,6400000.0,0.5273919092465753
128.0,128.0,8.0,5.0,782.0,782.0,28664.0,108736.0,0,0.940625,0.0625,256.0,6400000.0,0.9409246575342465
1.0,128.0,4.0,1.0,1.0,1.0,63.0,32.0,0,0.5015625,32768.0,0.0,6400000.0,0.5273919092465753
128.0,128.0,2.0,5.0,458.0,454.0,14940.0,56256.0,0,0.940625,16.0,256.0,6400000.0,0.9409246575342465
1.0,128.0,2.0,1.0,1.0,1.0,39.0,32.0,0,0.5015625,1024.0,32768.0,6400000.0,0.5273919092465753
128.0,128.0,2.0,10.0,514.0,504.0,16683.0,64256.0,0,0.9453125,0.03125,16.0,6400000.0,0.9569693309686889
1.0,128.0,2.0,1.0,1.0,1.0,39.0,32.0,0,0.5015625,2048.0,0.25,6400000.0,0.5273919092465753
128.0,128.0,2.0,17.0,525.0,508.0,16892.0,64896.0,0,0.9484375,2.0,1.0,6400000.0,0.9487493884540118
1.0,128.0,4.0,1.0,1.0,1.0,63.0,32.0,0,0.5015625,4.0,2048.0,6400000.0,0.5273919092465753
1.0,128.0,2.0,1.0,1.0,1.0,39.0,32.0,0,0.5015625,1024.0,32.0,6400000.0,0.5273919092465753
1.0,128.0,8.0,1.0,1.0,1.0,543.0,32.0,0,0.5015625,0.00390625,8192.0,6400000.0,0.5273919092465753
128.0,128.0,4.0,23.0,1549.0,1540.0,50769.0,230016.0,0,0.9796875,0.0,4.0,6400000.0,0.973787610078278
128.0,128.0,2.0,6.0,468.0,463.0,15251.0,57696.0,0,0.940625,0.0625,128.0,6400000.0,0.9409246575342465
1.0,128.0,4.0,1.0,1.0,1.0,63.0,32.0,0,0.5015625,32768.0,0.5,6400000.0,0.5273919092465753
1.0,128.0,2.0,1.0,1.0,1.0,39.0,32.0,0,0.5015625,1024.0,0.03125,6400000.0,0.5273919092465753
128.0,128.0,2.0,22.0,531.0,509.0,16983.0,65056.0,0,0.95,0.0625,0.125,6400000.0,0.9510939028864971
128.0,128.0,4.0,11.0,1437.0,1435.0,47317.0,213216.0,0,0.9671875,0.000976562,32.0,6400000.0,0.965575311888454
128.0,128.0,4.0,6.0,1031.0,1032.0,34012.0,148736.0,0,0.940625,0.015625,128.0,6400000.0,0.9409246575342465
1.0,128.0,4.0,1.0,1.0,1.0,63.0,32.0,0,0.5015625,0.25,512.0,6400000.0,0.5273919092465753
1.0,128.0,2.0,1.0,1.0,1.0,39.0,32.0,0,0.5015625,2.0,1024.0,6400000.0,0.5273919092465753
1.0,128.0,2.0,1.0,1.0,1.0,39.0,32.0,0,0.5015625,2048.0,256.0,6400000.0,0.5273919092465753
1.0,128.0,2.0,1.0,1.0,1.0,39.0,32.0,0,0.5015625,4096.0,0.00195312,6400000.0,0.5273919092465753
128.0,128.0,4.0,23.0,1503.0,1494.0,49251.0,222656.0,0,0.9765625,0.00390625,2.0,6400000.0,0.9765273361056751
128.0,128.0,4.0,13.0,1497.0,1496.0,49256.0,222976.0,0,0.9625,0.0078125,16.0,6400000.0,0.9671416340508806
128.0,128.0,4.0,32.0,1524.0,1513.0,49753.0,225696.0,0,0.9796875,0.0,0.00390625,6400000.0,0.9792655332681017
1.0,128.0,2.0,1.0,1.0,1.0,39.0,32.0,0,0.5015625,4096.0,2.0,6400000.0,0.5273919092465753
1.0,128.0,4.0,1.0,1.0,1.0,63.0,32.0,0,0.5015625,32768.0,512.0,6400000.0,0.5273919092465753
128.0,128.0,2.0,22.0,531.0,509.0,16983.0,65056.0,0,0.95,0.25,0.0078125,6400000.0,0.9491407778864971
128.0,128.0,8.0,31.0,3672.0,3766.0,124859.0,586176.0,0,0.9875,0.0625,0.00390625,6400000.0,0.9792647688356164
1.0,128.0,2.0,1.0,1.0,1.0,39.0,32.0,0,0.5015625,4096.0,2048.0,6400000.0,0.5273919092465753
1.0,128.0,4.0,1.0,1.0,1.0,63.0,32.0,0,0.5015625,64.0,8192.0,6400000.0,0.5273919092465753
1.0,128.0,4.0,1.0,1.0,1.0,63.0,32.0,0,0.5015625,32.0,1024.0,6400000.0,0.5273919092465753
128.0,128.0,4.0,11.0,1411.0,1409.0,46459.0,209056.0,0,0.96875,32.0,0.000976562,6400000.0,0.9659667013209393
128.0,128.0,8.0,30.0,3747.0,3847.0,127361.0,599136.0,0,0.9875,0.0625,1.0,6400000.0,0.9792647688356164
128.0,128.0,4.0,30.0,1520.0,1509.0,49663.0,225056.0,0,0.9796875,0.00195312,0.25,6400000.0,0.9773093505381605
128.0,128.0,8.0,8.0,1747.0,1749.0,60990.0,263456.0,0,0.959375,0.0,128.0,6400000.0,0.9409246575342465
128.0,128.0,4.0,19.0,1553.0,1548.0,50989.0,231296.0,0,0.9734375,0.0625,8.0,6400000.0,0.9718321917808218
1.0,128.0,2.0,1.0,1.0,1.0,39.0,32.0,0,0.5015625,0.125,1024.0,6400000.0,0.5273919092465753
128.0,128.0,4.0,32.0,1529.0,1517.0,49917.0,226336.0,0,0.9796875,0.0078125,0.015625,6400000.0,0.9773093505381605
1.0,128.0,2.0,1.0,1.0,1.0,39.0,32.0,0,0.5015625,0.25,4096.0,6400000.0,0.5273919092465753
128.0,128.0,4.0,29.0,1514.0,1504.0,49487.0,224256.0,0,0.9765625,0.5,0.00390625,6400000.0,0.9800483121330725
128.0,128.0,4.0,27.0,1507.0,1500.0,49301.0,223616.0,0,0.978125,0.03125,1.0,6400000.0,0.97652657167319
128.0,128.0,4.0,32.0,1534.0,1522.0,50082.0,227136.0,0,0.9796875,0.000976562,0.03125,6400000.0,0.9777007399706458
128.0,128.0,2.0,20.0,529.0,509.0,16961.0,65056.0,0,0.9484375,0.125,1.0,6400000.0,0.9483579990215265
128.0,128.0,4.0,20.0,1485.0,1479.0,48723.0,220256.0,0,0.9765625,4.0,0.00195312,6400000.0,0.9749617783757338
128.0,128.0,4.0,8.0,1464.0,1474.0,48268.0,219456.0,0,0.95,0.125,64.0,6400000.0,0.9377981286692758
128.0,128.0,4.0,5.0,782.0,782.0,25784.0,108736.0,0,0.940625,256.0,0.0,6400000.0,0.9409246575342465
128.0,128.0,2.0,9.0,510.0,501.0,16570.0,63776.0,0,0.9453125,32.0,2.0,6400000.0,0.9554022443737769
128.0,128.0,2.0,15.0,524.0,509.0,16903.0,65056.0,0,0.9484375,0.25,4.0,6400000.0,0.949140777886497
1.0,128.0,2.0,1.0,1.0,1.0,39.0,32.0,0,0.5015625,32.0,2048.0,6400000.0,0.5273919092465753
1.0,128.0,2.0,1.0,1.0,1.0,39.0,32.0,0,0.5015625,8192.0,0.015625,6400000.0,0.5273919092465753
1.0,128.0,2.0,1.0,1.0,1.0,39.0,32.0,0,0.5015625,8192.0,16384.0,6400000.0,0.5273919092465753
128.0,128.0,4.0,11.0,1361.0,1359.0,44809.0,201056.0,0,0.96875,1.0,32.0,6400000.0,0.965575311888454
128.0,128.0,4.0,32.0,1523.0,1511.0,49719.0,225376.0,0,0.978125,0.0625,0.0078125,6400000.0,0.9761351822407045
1.0,128.0,8.0,1.0,1.0,1.0,543.0,32.0,0,0.5015625,0.0078125,1024.0,6400000.0,0.5273919092465753
1.0,128.0,2.0,1.0,1.0,1.0,39.0,32.0,0,0.5015625,8192.0,16.0,6400000.0,0.5273919092465753
128.0,128.0,4.0,5.0,782.0,782.0,25784.0,108736.0,0,0.940625,2.0,256.0,6400000.0,0.9409246575342465
128.0,128.0,8.0,13.0,3335.0,3437.0,113869.0,533536.0,0,0.9703125,0.00390625,32.0,6400000.0,0.96674948018591
1.0,128.0,2.0,1.0,1.0,1.0,39.0,32.0,0,0.5015625,32768.0,0.000976562,6400000.0,0.5273919092465753
1.0,128.0,8.0,1.0,1.0,1.0,543.0,32.0,0,0.5015625,0.125,8192.0,6400000.0,0.5273919092465753
128.0,128.0,4.0,30.0,1509.0,1499.0,49301.0,223456.0,0,0.978125,0.125,0.0625,6400000.0,0.9788749082681019
128.0,128.0,4.0,31.0,1524.0,1513.0,49774.0,225696.0,0,0.9796875,0.015625,0.125,6400000.0,0.9777015044031311
1.0,128.0,2.0,1.0,1.0,1.0,39.0,32.0,0,0.5015625,32768.0,1.0,6400000.0,0.5273919092465753
1.0,128.0,4.0,1.0,1.0,1.0,63.0,32.0,0,0.5015625,512.0,0.00390625,6400000.0,0.5273919092465753
1.0,128.0,2.0,1.0,1.0,1.0,39.0,32.0,0,0.5015625,32768.0,1024.0,6400000.0,0.5273919092465753
1.0,128.0,4.0,1.0,1.0,1.0,63.0,32.0,0,0.5015625,512.0,4096.0,6400000.0,0.5273919092465753
1.0,128.0,2.0,1.0,1.0,1.0,39.0,32.0,0,0.5015625,16384.0,128.0,6400000.0,0.5273919092465753
1.0,128.0,4.0,1.0,1.0,1.0,63.0,32.0,0,0.5015625,512.0,4.0,6400000.0,0.5273919092465753
128.0,128.0,4.0,6.0,1031.0,1032.0,34012.0,148736.0,0,0.940625,128.0,0.0625,6400000.0,0.9409246575342465
1.0,128.0,4.0,1.0,1.0,1.0,63.0,32.0,0,0.5015625,1024.0,32.0,6400000.0,0.5273919092465753
128.0,128.0,4.0,5.0,782.0,782.0,25784.0,108736.0,0,0.940625,128.0,64.0,6400000.0,0.9409246575342465
128.0,128.0,4.0,21.0,1543.0,1536.0,50615.0,229376.0,0,0.978125,0.5,4.0,6400000.0,0.9757422639432484
128.0,128.0,2.0,7.0,497.0,491.0,16186.0,62176.0,0,0.940625,64.0,0.015625,6400000.0,0.9409246575342465
1.0,128.0,4.0,1.0,1.0,1.0,63.0,32.0,0,0.5015625,1024.0,0.03125,6400000.0,0.5273919092465753
1.0,128.0,8.0,1.0,1.0,1.0,543.0,32.0,0,0.5015625,0.25,1024.0,6400000.0,0.5273919092465753
1.0,128.0,2.0,1.0,1.0,1.0,39.0,32.0,0,0.5015625,16384.0,0.125,6400000.0,0.5273919092465753
128.0,128.0,8.0,31.0,3692.0,3791.0,125524.0,590176.0,0,0.9890625,0.125,0.0,6400000.0,0.9796546294031311
1.0,128.0,2.0,1.0,1.0,1.0,39.0,32.0,0,0.5015625,64.0,16384.0,6400000.0,0.5273919092465753
1.0,128.0,4.0,1.0,1.0,1.0,63.0,32.0,0,0.5015625,2048.0,0.25,6400000.0,0.5273919092465753
128.0,128.0,8.0,13.0,3335.0,3437.0,113869.0,533536.0,0,0.9703125,0.125,32.0,6400000.0,0.96674948018591
128.0,128.0,4.0,27.0,1474.0,1467.0,48212.0,218336.0,0,0.9796875,0.25,0.5,6400000.0,0.9769179611056751
128.0,128.0,4.0,5.0,782.0,782.0,25784.0,108736.0,0,0.940625,16.0,128.0,6400000.0,0.9409246575342465
1.0,128.0,8.0,1.0,1.0,1.0,543.0,32.0,0,0.5015625,0.00195312,512.0,6400000.0,0.5273919092465753
128.0,128.0,2.0,15.0,524.0,509.0,16903.0,65056.0,0,0.946875,4.0,0.0078125,6400000.0,0.949140777886497
128.0,128.0,4.0,12.0,1624.0,1623.0,53468.0,243296.0,0,0.9671875,8.0,16.0,6400000.0,0.9698805956457924
1.0,128.0,8.0,1.0,1.0,1.0,543.0,32.0,0,0.5015625,0.015625,32768.0,6400000.0,0.5273919092465753
128.0,128.0,8.0,32.0,3668.0,3758.0,124702.0,584896.0,0,0.9859375,0.0,0.00195312,6400000.0,0.9804381727005872
128.0,128.0,4.0,24.0,1515.0,1505.0,49625.0,224416.0,0,0.978125,2.0,0.25,6400000.0,0.9777015044031312
128.0,128.0,8.0,31.0,3648.0,3747.0,124072.0,583136.0,0,0.9875,0.125,0.125,6400000.0,0.9800467832681019
128.0,128.0,4.0,27.0,1507.0,1500.0,49301.0,223616.0,0,0.978125,1.0,0.03125,6400000.0,0.97652657167319
128.0,128.0,4.0,13.0,1542.0,1539.0,50739.0,229856.0,0,0.9640625,16.0,0.125,6400000.0,0.9663580907534246
1.0,128.0,4.0,1.0,1.0,1.0,63.0,32.0,0,0.5015625,0.0,8192.0,6400000.0,0.5273919092465753
1.0,128.0,4.0,1.0,1.0,1.0,63.0,32.0,0,0.5015625,1024.0,32768.0,6400000.0,0.5273919092465753
1.0,128.0,2.0,1.0,1.0,1.0,39.0,32.0,0,0.5015625,0.5,32768.0,6400000.0,0.5273919092465753
1.0,128.0,4.0,1.0,1.0,1.0,63.0,32.0,0,0.5015625,4096.0,0.00195312,6400000.0,0.5273919092465753
1.0,128.0,4.0,1.0,1.0,1.0,63.0,32.0,0,0.5015625,4096.0,2048.0,6400000.0,0.5273919092465753
128.0,128.0,4.0,5.0,782.0,782.0,25784.0,108736.0,0,0.940625,256.0,0.5,6400000.0,0.9409246575342465
1.0,128.0,4.0,1.0,1.0,1.0,63.0,32.0,0,0.5015625,256.0,512.0,6400000.0,0.5273919092465753
1.0,128.0,4.0,1.0,1.0,1.0,63.0,32.0,0,0.5015625,2048.0,256.0,6400000.0,0.5273919092465753
128.0,128.0,4.0,20.0,1537.0,1531.0,50439.0,228576.0,0,0.975,4.0,2.0,6400000.0,0.973396985078278
128.0,128.0,8.0,31.0,3692.0,3791.0,125524.0,590176.0,0,0.9890625,0.00390625,0.125,6400000.0,0.9792640044031311
1.0,128.0,4.0,1.0,1.0,1.0,63.0,32.0,0,0.5015625,0.0078125,32768.0,6400000.0,0.5273919092465753
1.0,128.0,4.0,1.0,1.0,1.0,63.0,32.0,0,0.5015625,4096.0,2.0,6400000.0,0.5273919092465753
1.0,128.0,2.0,1.0,1.0,1.0,39.0,32.0,0,0.5015625,4.0,8192.0,6400000.0,0.5273919092465753
128.0,128.0,4.0,19.0,1503.0,1498.0,49339.0,223296.0,0,0.9765625,8.0,0.015625,6400000.0,0.9726126773483366
128.0,128.0,4.0,11.0,1414.0,1412.0,46558.0,209536.0,0,0.96875,32.0,1.0,6400000.0,0.9659667013209393
128.0,128.0,4.0,32.0,1524.0,1513.0,49753.0,225696.0,0,0.9796875,0.00195312,0.0,6400000.0,0.9788749082681016
1.0,128.0,8.0,1.0,1.0,1.0,543.0,32.0,0,0.5015625,0.03125,4096.0,6400000.0,0.5273919092465753
128.0,128.0,2.0,21.0,530.0,509.0,16972.0,65056.0,0,0.946875,0.5,0.03125,6400000.0,0.9499235567514678
128.0,128.0,2.0,6.0,486.0,481.0,15845.0,60576.0,0,0.940625,64.0,16.0,6400000.0,0.9409246575342465
128.0,128.0,2.0,12.0,516.0,504.0,16705.0,64256.0,0,0.946875,4.0,8.0,6400000.0,0.9538382155088062
128.0,128.0,8.0,27.0,3724.0,3841.0,126682.0,598176.0,0,0.9875,0.25,4.0,6400000.0,0.9820022015655578
128.0,128.0,2.0,9.0,504.0,496.0,16404.0,62976.0,0,0.9453125,0.5,32.0,6400000.0,0.9554037732387475
128.0,128.0,8.0,16.0,3450.0,3545.0,117594.0,550816.0,0,0.9765625,0.000976562,16.0,6400000.0,0.9718352495107633
128.0,128.0,8.0,31.0,3648.0,3747.0,124072.0,583136.0,0,0.9875,0.25,0.015625,6400000.0,0.9796553938356165
128.0,128.0,2.0,10.0,514.0,504.0,16683.0,64256.0,0,0.9453125,16.0,0.0,6400000.0,0.9522726577788649
128.0,128.0,2.0,5.0,460.0,456.0,15006.0,56576.0,0,0.940625,256.0,0.000976562,6400000.0,0.9409246575342465
1.0,128.0,4.0,1.0,1.0,1.0,63.0,32.0,0,0.5015625,0.0625,16384.0,6400000.0,0.5273919092465753
128.0,128.0,4.0,8.0,1482.0,1490.0,48860.0,222016.0,0,0.959375,64.0,8.0,6400000.0,0.9518782106164382
128.0,128.0,2.0,6.0,468.0,463.0,15251.0,57696.0,0,0.940625,128.0,0.125,6400000.0,0.9409246575342465
128.0,128.0,8.0,31.0,3678.0,3775.0,125060.0,587616.0,0,0.9875,0.0,0.5,6400000.0,0.9796553938356165
128.0,128.0,4.0,8.0,1509.0,1518.0,49752.0,226496.0,0,0.959375,64.0,0.0078125,6400000.0,0.961271556996086
1.0,128.0,4.0,1.0,1.0,1.0,63.0,32.0,0,0.5015625,0.00390625,4096.0,6400000.0,0.5273919092465753
1.0,128.0,8.0,1.0,1.0,1.0,543.0,32.0,0,0.5015625,0.5,32768.0,6400000.0,0.5273919092465753
128.0,128.0,8.0,8.0,1747.0,1749.0,60990.0,263456.0,0,0.959375,0.5,128.0,6400000.0,0.9409246575342465
128.0,128.0,8.0,27.0,3695.0,3814.0,125727.0,593856.0,0,0.9875,0.0078125,4.0,6400000.0,0.9792647688356164
1.0,128.0,4.0,1.0,1.0,1.0,63.0,32.0,0,0.5015625,8192.0,0.015625,6400000.0,0.5273919092465753
128.0,128.0,2.0,18.0,527.0,509.0,16939.0,65056.0,0,0.95,2.0,0.00195312,6400000.0,0.9483579990215265
1.0,128.0,4.0,1.0,1.0,1.0,63.0,32.0,0,0.5015625,8192.0,16.0,6400000.0,0.5273919092465753
128.0,128.0,2.0,7.0,494.0,488.0,16087.0,61696.0,0,0.940625,8.0,64.0,6400000.0,0.9409246575342465
128.0,128.0,8.0,8.0,1747.0,1749.0,60990.0,263456.0,0,0.959375,0.015625,128.0,6400000.0,0.9409246575342465
128.0,128.0,8.0,31.0,3678.0,3775.0,125060.0,587616.0,0,0.9875,0.5,0.00195312,6400000.0,0.9796553938356165
128.0,128.0,8.0,31.0,3676.0,3768.0,124989.0,586496.0,0,0.9859375,0.0078125,0.015625,6400000.0,0.9804381727005872
128.0,128.0,2.0,14.0,522.0,508.0,16859.0,64896.0,0,0.9484375,8.0,0.0625,6400000.0,0.9507071000489237
1.0,128.0,2.0,1.0,1.0,1.0,39.0,32.0,0,0.5015625,512.0,0.0078125,6400000.0,0.5273919092465753
128.0,128.0,8.0,30.0,3747.0,3847.0,127361.0,599136.0,0,0.9875,0.5,0.5,6400000.0,0.9792632399706458
1.0,128.0,8.0,1.0,1.0,1.0,543.0,32.0,0,0.5015625,1.0,4096.0,6400000.0,0.5273919092465753
128.0,128.0,2.0,5.0,460.0,456.0,15006.0,56576.0,0,0.940625,128.0,128.0,6400000.0,0.9409246575342465
1.0,128.0,4.0,1.0,1.0,1.0,63.0,32.0,0,0.5015625,16384.0,0.125,6400000.0,0.5273919092465753
1.0,128.0,4.0,1.0,1.0,1.0,63.0,32.0,0,0.5015625,0.03125,2048.0,6400000.0,0.5273919092465753
128.0,128.0,8.0,31.0,3672.0,3766.0,124859.0,586176.0,0,0.9875,0.000976562,0.0625,6400000.0,0.978873379403131
1.0,128.0,4.0,1.0,1.0,1.0,63.0,32.0,0,0.5015625,0.5,8192.0,6400000.0,0.5273919092465753
1.0,128.0,8.0,1.0,1.0,1.0,543.0,32.0,0,0.5015625,0.000976562,8192.0,6400000.0,0.5273919092465753
1.0,128.0,4.0,1.0,1.0,1.0,63.0,32.0,0,0.5015625,8192.0,16384.0,6400000.0,0.5273919092465753
128.0,128.0,4.0,30.0,1520.0,1509.0,49663.0,225056.0,0,0.9796875,0.25,0.000976562,6400000.0,0.9773093505381605
128.0,128.0,2.0,20.0,529.0,509.0,16961.0,65056.0,0,0.9484375,1.0,0.25,6400000.0,0.9483579990215265
128.0,128.0,4.0,32.0,1534.0,1522.0,50082.0,227136.0,0,0.9796875,0.03125,0.00195312,6400000.0,0.9777007399706458
128.0,128.0,8.0,13.0,3325.0,3421.0,113533.0,530976.0,0,0.9703125,1.0,16.0,6400000.0,0.9702696917808218
1.0,128.0,4.0,1.0,1.0,1.0,63.0,32.0,0,0.5015625,8.0,32768.0,6400000.0,0.5273919092465753
128.0,128.0,2.0,9.0,510.0,501.0,16570.0,63776.0,0,0.9453125,32.0,0.00390625,6400000.0,0.9565764126712327
128.0,128.0,2.0,5.0,460.0,456.0,15006.0,56576.0,0,0.940625,1.0,256.0,6400000.0,0.9409246575342465
1.0,128.0,2.0,1.0,1.0,1.0,39.0,32.0,0,0.5015625,512.0,8192.0,6400000.0,0.5273919092465753
1.0,128.0,2.0,1.0,1.0,1.0,39.0,32.0,0,0.5015625,256.0,1024.0,6400000.0,0.5273919092465753
1.0,128.0,2.0,1.0,1.0,1.0,39.0,32.0,0,0.5015625,512.0,8.0,6400000.0,0.5273919092465753
128.0,128.0,2.0,12.0,513.0,501.0,16606.0,63776.0,0,0.946875,16.0,0.5,6400000.0,0.9526640472113502
1.0,128.0,4.0,1.0,1.0,1.0,63.0,32.0,0,0.5015625,16384.0,128.0,6400000.0,0.5273919092465753
128.0,128.0,2.0,5.0,460.0,456.0,15006.0,56576.0,0,0.940625,256.0,1.0,6400000.0,0.9409246575342465
1.0,128.0,4.0,1.0,1.0,1.0,63.0,32.0,0,0.5015625,0.00195312,512.0,6400000.0,0.5273919092465753
1.0,128.0,4.0,1.0,1.0,1.0,63.0,32.0,0,0.5015625,32768.0,0.000976562,6400000.0,0.5273919092465753
128.0,128.0,8.0,16.0,3450.0,3545.0,117594.0,550816.0,0,0.9765625,0.03125,16.0,6400000.0,0.9718352495107633
128.0,128.0,8.0,30.0,3747.0,3847.0,127361.0,599136.0,0,0.9875,1.0,0.0625,6400000.0,0.9792647688356164
128.0,128.0,4.0,23.0,1509.0,1500.0,49449.0,223616.0,0,0.9796875,2.0,0.0,6400000.0,0.9780928938356166
1.0,128.0,2.0,1.0,1.0,1.0,39.0,32.0,0,0.5015625,16.0,512.0,6400000.0,0.5273919092465753
1.0,128.0,2.0,1.0,1.0,1.0,39.0,32.0,0,0.5015625,2048.0,0.0,6400000.0,0.5273919092465753
1.0,128.0,8.0,1.0,1.0,1.0,543.0,32.0,0,0.5015625,2.0,512.0,6400000.0,0.5273919092465753
1.0,128.0,8.0,1.0,1.0,1.0,543.0,32.0,0,0.5015625,0.0625,512.0,6400000.0,0.5273919092465753
1.0,128.0,2.0,1.0,1.0,1.0,39.0,32.0,0,0.5015625,2048.0,0.5,6400000.0,0.5273919092465753
1.0,128.0,4.0,1.0,1.0,1.0,63.0,32.0,0,0.5015625,4.0,4096.0,6400000.0,0.5273919092465753
1.0,128.0,8.0,1.0,1.0,1.0,543.0,32.0,0,0.5015625,0.00390625,16384.0,6400000.0,0.5273919092465753
1.0,128.0,2.0,1.0,1.0,1.0,39.0,32.0,0,0.5015625,1024.0,64.0,6400000.0,0.5273919092465753
128.0,128.0,8.0,27.0,3695.0,3814.0,125727.0,593856.0,0,0.9875,2.0,2.0,6400000.0,0.9792647688356164
128.0,128.0,4.0,32.0,1523.0,1512.0,49720.0,225536.0,0,0.9796875,0.00390625,0.00390625,6400000.0,0.979656922700587
1.0,128.0,2.0,1.0,1.0,1.0,39.0,32.0,0,0.5015625,1024.0,0.0625,6400000.0,0.5273919092465753
128.0,128.0,8.0,29.0,3677.0,3805.0,125100.0,592416.0,0,0.9890625,0.00195312,2.0,6400000.0,0.9800467832681019
1.0,128.0,4.0,1.0,1.0,1.0,63.0,32.0,0,0.5015625,32768.0,1.0,6400000.0,0.5273919092465753
128.0,128.0,2.0,15.0,524.0,509.0,16903.0,65056.0,0,0.95,2.0,2.0,6400000.0,0.9479666095890412
1.0,128.0,2.0,1.0,1.0,1.0,39.0,32.0,0,0.5015625,2.0,2048.0,6400000.0,0.5273919092465753
128.0,128.0,8.0,28.0,3688.0,3809.0,125477.0,593056.0,0,0.9859375,2.0,0.0078125,6400000.0,0.9800467832681019
128.0,128.0,8.0,32.0,3668.0,3758.0,124702.0,584896.0,0,0.9859375,0.000976562,0.0,6400000.0,0.9804381727005872
1.0,128.0,4.0,1.0,1.0,1.0,63.0,32.0,0,0.5015625,0.25,1024.0,6400000.0,0.5273919092465753
128.0,128.0,8.0,32.0,3676.0,3767.0,124967.0,586336.0,0,0.9875,0.015625,0.00195312,6400000.0,0.9804381727005872
128.0,128.0,8.0,32.0,3678.0,3768.0,125032.0,586496.0,0,0.9875,0.00195312,0.0078125,6400000.0,0.9804381727005872
1.0,128.0,2.0,1.0,1.0,1.0,39.0,32.0,0,0.5015625,4096.0,0.00390625,6400000.0,0.5273919092465753
1.0,128.0,2.0,1.0,1.0,1.0,39.0,32.0,0,0.5015625,2048.0,512.0,6400000.0,0.5273919092465753
128.0,128.0,8.0,31.0,3678.0,3775.0,125060.0,587616.0,0,0.9875,0.015625,0.5,6400000.0,0.9796553938356165
1.0,128.0,4.0,1.0,1.0,1.0,63.0,32.0,0,0.5015625,32768.0,1024.0,6400000.0,0.5273919092465753
128.0,128.0,8.0,31.0,3672.0,3766.0,124859.0,586176.0,0,0.9875,0.03125,0.0625,6400000.0,0.9792647688356164
1.0,128.0,2.0,1.0,1.0,1.0,39.0,32.0,0,0.5015625,4096.0,4096.0,6400000.0,0.5273919092465753
1.0,128.0,2.0,1.0,1.0,1.0,39.0,32.0,0,0.5015625,4096.0,4.0,6400000.0,0.5273919092465753
1.0,128.0,4.0,1.0,1.0,1.0,63.0,32.0,0,0.5015625,64.0,16384.0,6400000.0,0.5273919092465753
1.0,128.0,4.0,1.0,1.0,1.0,63.0,32.0,0,0.5015625,32.0,2048.0,6400000.0,0.5273919092465753
128.0,128.0,4.0,5.0,782.0,782.0,25784.0,108736.0,0,0.940625,0.015625,256.0,6400000.0,0.9409246575342465
1.0,128.0,8.0,1.0,1.0,1.0,543.0,32.0,0,0.5015625,4.0,16384.0,6400000.0,0.5273919092465753
128.0,128.0,8.0,32.0,3669.0,3759.0,124735.0,585056.0,0,0.9859375,0.00390625,0.000976562,6400000.0,0.980438172700587
128.0,128.0,4.0,18.0,1527.0,1523.0,50153.0,227296.0,0,0.9765625,0.0,8.0,6400000.0,0.9726126773483366
1.0,128.0,2.0,1.0,1.0,1.0,39.0,32.0,0,0.5015625,0.25,8192.0,6400000.0,0.5273919092465753
128.0,128.0,4.0,11.0,1437.0,1435.0,47317.0,213216.0,0,0.9671875,0.0078125,32.0,6400000.0,0.965575311888454
128.0,128.0,4.0,8.0,1453.0,1463.0,47905.0,217696.0,0,0.95,0.000976562,64.0,6400000.0,0.9377981286692758
128.0,128.0,8.0,27.0,3695.0,3814.0,125727.0,593856.0,0,0.9875,4.0,0.000976562,6400000.0,0.9792647688356164
128.0,128.0,4.0,23.0,1549.0,1540.0,50769.0,230016.0,0,0.9796875,0.00390625,4.0,6400000.0,0.973787610078278
128.0,128.0,8.0,5.0,782.0,782.0,28664.0,108736.0,0,0.940625,0.0,256.0,6400000.0,0.9409246575342465
128.0,128.0,4.0,11.0,1411.0,1409.0,46459.0,209056.0,0,0.96875,32.0,0.00195312,6400000.0,0.9659667013209393
128.0,128.0,8.0,27.0,3724.0,3841.0,126682.0,598176.0,0,0.9875,4.0,0.25,6400000.0,0.9820022015655578
128.0,128.0,4.0,32.0,1523.0,1512.0,49720.0,225536.0,0,0.9796875,0.0,0.0078125,6400000.0,0.979656922700587
128.0,128.0,8.0,8.0,2023.0,2052.0,70094.0,311936.0,0,0.959375,4.0,64.0,6400000.0,0.9483656433463796
1.0,128.0,2.0,1.0,1.0,1.0,39.0,32.0,0,0.5015625,8192.0,0.03125,6400000.0,0.5273919092465753
1.0,128.0,2.0,1.0,1.0,1.0,39.0,32.0,0,0.5015625,32.0,4096.0,6400000.0,0.5273919092465753
1.0,128.0,2.0,1.0,1.0,1.0,39.0,32.0,0,0.5015625,8192.0,32768.0,6400000.0,0.5273919092465753
128.0,128.0,2.0,14.0,522.0,508.0,16859.0,64896.0,0,0.9484375,0.25,8.0,6400000.0,0.9514898789138944
128.0,128.0,4.0,13.0,1508.0,1507.0,49619.0,224736.0,0,0.9625,0.0625,16.0,6400000.0,0.9671416340508806
1.0,128.0,8.0,1.0,1.0,1.0,543.0,32.0,0,0.5015625,0.0078125,2048.0,6400000.0,0.5273919092465753
1.0,128.0,2.0,1.0,1.0,1.0,39.0,32.0,0,0.5015625,8192.0,32.0,6400000.0,0.5273919092465753
128.0,128.0,2.0,8.0,508.0,500.0,16526.0,63616.0,0,0.959375,32.0,4.0,6400000.0,0.9514883500489237
1.0,128.0,8.0,1.0,1.0,1.0,543.0,32.0,0,0.5015625,0.125,16384.0,6400000.0,0.5273919092465753
128.0,128.0,4.0,29.0,1514.0,1504.0,49487.0,224256.0,0,0.9765625,0.00195312,0.5,6400000.0,0.9800483121330725
128.0,128.0,4.0,32.0,1531.0,1519.0,49983.0,226656.0,0,0.9796875,0.0078125,0.03125,6400000.0,0.9769179611056751
1.0,128.0,2.0,1.0,1.0,1.0,39.0,32.0,0,0.5015625,32768.0,0.00195312,6400000.0,0.5273919092465753
1.0,128.0,2.0,1.0,1.0,1.0,39.0,32.0,0,0.5015625,16384.0,256.0,6400000.0,0.5273919092465753
128.0,128.0,4.0,5.0,782.0,782.0,25784.0,108736.0,0,0.940625,256.0,0.000976562,6400000.0,0.9409246575342465
128.0,128.0,4.0,29.0,1514.0,1504.0,49487.0,224256.0,0,0.9765625,0.5,0.0078125,6400000.0,0.9800483121330725
1.0,128.0,2.0,1.0,1.0,1.0,39.0,32.0,0,0.5015625,32768.0,2048.0,6400000.0,0.5273919092465753
1.0,128.0,4.0,1.0,1.0,1.0,63.0,32.0,0,0.5015625,2.0,512.0,6400000.0,0.5273919092465753
128.0,128.0,4.0,20.0,1485.0,1479.0,48723.0,220256.0,0,0.9765625,4.0,0.00390625,6400000.0,0.9749617783757338
1.0,128.0,2.0,1.0,1.0,1.0,39.0,32.0,0,0.5015625,32768.0,2.0,6400000.0,0.5273919092465753
1.0,128.0,4.0,1.0,1.0,1.0,63.0,32.0,0,0.5015625,512.0,8192.0,6400000.0,0.5273919092465753
128.0,128.0,4.0,32.0,1538.0,1526.0,50214.0,227776.0,0,0.9796875,0.000976562,0.0625,6400000.0,0.9773093505381605
1.0,128.0,4.0,1.0,1.0,1.0,63.0,32.0,0,0.5015625,1024.0,64.0,6400000.0,0.5273919092465753
128.0,128.0,4.0,6.0,1031.0,1032.0,34012.0,148736.0,0,0.940625,0.125,128.0,6400000.0,0.9409246575342465
1.0,128.0,4.0,1.0,1.0,1.0,63.0,32.0,0,0.5015625,512.0,8.0,6400000.0,0.5273919092465753
128.0,128.0,8.0,23.0,3505.0,3657.0,119574.0,568736.0,0,0.9828125,8.0,0.03125,6400000.0,0.9788733794031312
128.0,128.0,4.0,23.0,1499.0,1490.0,49119.0,222016.0,0,0.978125,0.03125,2.0,6400000.0,0.9780928938356166
1.0,128.0,4.0,1.0,1.0,1.0,63.0,32.0,0,0.5015625,512.0,0.0078125,6400000.0,0.5273919092465753
1.0,128.0,4.0,1.0,1.0,1.0,63.0,32.0,0,0.5015625,1024.0,0.0625,6400000.0,0.5273919092465753
128.0,128.0,4.0,8.0,1464.0,1474.0,48268.0,219456.0,0,0.95,1.0,64.0,6400000.0,0.9377981286692758
1.0,128.0,2.0,1.0,1.0,1.0,39.0,32.0,0,0.5015625,16384.0,0.25,6400000.0,0.5273919092465753
1.0,128.0,8.0,1.0,1.0,1.0,543.0,32.0,0,0.5015625,0.25,2048.0,6400000.0,0.5273919092465753
128.0,128.0,2.0,7.0,497.0,491.0,16186.0,62176.0,0,0.940625,64.0,0.03125,6400000.0,0.9409246575342465
1.0,128.0,4.0,1.0,1.0,1.0,63.0,32.0,0,0.5015625,2048.0,0.5,6400000.0,0.5273919092465753
1.0,128.0,2.0,1.0,1.0,1.0,39.0,32.0,0,0.5015625,64.0,32768.0,6400000.0,0.5273919092465753
128.0,128.0,4.0,6.0,1031.0,1032.0,34012.0,148736.0,0,0.940625,128.0,0.125,6400000.0,0.9409246575342465
128.0,128.0,4.0,5.0,782.0,782.0,25784.0,108736.0,0,0.940625,128.0,128.0,6400000.0,0.9409246575342465
128.0,128.0,4.0,32.0,1538.0,1526.0,50214.0,227776.0,0,0.9796875,0.0625,0.015625,6400000.0,0.9761351822407045
1.0,128.0,8.0,1.0,1.0,1.0,543.0,32.0,0,0.5015625,0.00195312,1024.0,6400000.0,0.5273919092465753
1.0,128.0,4.0,1.0,1.0,1.0,63.0,32.0,0,0.5015625,2048.0,0.0,6400000.0,0.5273919092465753
1.0,128.0,4.0,1.0,1.0,1.0,63.0,32.0,0,0.5015625,0.0,16384.0,6400000.0,0.5273919092465753
1.0,128.0,4.0,1.0,1.0,1.0,63.0,32.0,0,0.5015625,4096.0,4096.0,6400000.0,0.5273919092465753
1.0,128.0,4.0,1.0,1.0,1.0,63.0,32.0,0,0.5015625,4096.0,0.00390625,6400000.0,0.5273919092465753
1.0,128.0,4.0,1.0,1.0,1.0,63.0,32.0,0,0.5015625,2048.0,512.0,6400000.0,0.5273919092465753
128.0,128.0,4.0,31.0,1512.0,1500.0,49377.0,223616.0,0,0.978125,0.015625,0.25,6400000.0,0.9773093505381605
128.0,128.0,4.0,30.0,1520.0,1509.0,49663.0,225056.0,0,0.9796875,0.125,0.125,6400000.0,0.9773093505381605
128.0,128.0,4.0,18.0,1546.0,1545.0,50783.0,230816.0,0,0.975,0.5,8.0,6400000.0,0.9726119129158513
128.0,128.0,2.0,15.0,524.0,509.0,16903.0,65056.0,0,0.946875,4.0,0.015625,6400000.0,0.949140777886497
1.0,128.0,4.0,1.0,1.0,1.0,63.0,32.0,0,0.5015625,256.0,1024.0,6400000.0,0.5273919092465753
128.0,128.0,4.0,5.0,781.0,781.0,25751.0,108576.0,0,0.940625,16.0,256.0,6400000.0,0.9409246575342465
1.0,128.0,4.0,1.0,1.0,1.0,63.0,32.0,0,0.5015625,4096.0,4.0,6400000.0,0.5273919092465753
1.0,128.0,2.0,1.0,1.0,1.0,39.0,32.0,0,0.5015625,4.0,16384.0,6400000.0,0.5273919092465753
128.0,128.0,2.0,20.0,529.0,509.0,16961.0,65056.0,0,0.9484375,1.0,0.0,6400000.0,0.9483579990215265
128.0,128.0,8.0,28.0,3688.0,3809.0,125477.0,593056.0,0,0.9859375,0.0625,2.0,6400000.0,0.9804381727005872
128.0,128.0,8.0,31.0,3672.0,3766.0,124859.0,586176.0,0,0.9875,0.0625,0.0078125,6400000.0,0.9792647688356164
128.0,128.0,4.0,5.0,782.0,782.0,25784.0,108736.0,0,0.940625,256.0,1.0,6400000.0,0.9409246575342465
128.0,128.0,4.0,9.0,1499.0,1499.0,49392.0,223456.0,0,0.9625,8.0,32.0,6400000.0,0.9636198935909979
128.0,128.0,4.0,13.0,1542.0,1539.0,50739.0,229856.0,0,0.9640625,16.0,0.25,6400000.0,0.9659667013209393
128.0,128.0,4.0,26.0,1511.0,1500.0,49450.0,223616.0,0,0.9796875,0.25,1.0,6400000.0,0.9765265716731898
1.0,128.0,8.0,1.0,1.0,1.0,543.0,32.0,0,0.5015625,0.03125,8192.0,6400000.0,0.5273919092465753
128.0,128.0,4.0,22.0,1524.0,1516.0,49966.0,226176.0,0,0.978125,2.0,0.5,6400000.0,0.9784835188356166
128.0,128.0,8.0,8.0,2039.0,2069.0,70623.0,314656.0,0,0.959375,0.00390625,64.0,6400000.0,0.9499312010763209
128.0,128.0,4.0,32.0,1529.0,1517.0,49917.0,226336.0,0,0.9796875,0.015625,0.0,6400000.0,0.9777015044031311
128.0,128.0,4.0,26.0,1479.0,1467.0,48393.0,218336.0,0,0.9765625,1.0,0.0625,6400000.0,0.9769179611056751
128.0,128.0,2.0,6.0,479.0,474.0,15614.0,59456.0,0,0.940625,64.0,32.0,6400000.0,0.9409246575342465
128.0,128.0,4.0,19.0,1503.0,1498.0,49339.0,223296.0,0,0.9765625,4.0,4.0,6400000.0,0.9722212879158512
128.0,128.0,2.0,9.0,512.0,503.0,16636.0,64096.0,0,0.9453125,4.0,16.0,6400000.0,0.9565779415362036
128.0,128.0,2.0,23.0,532.0,509.0,16994.0,65056.0,0,0.9484375,0.5,0.0625,6400000.0,0.9503149461839531
128.0,128.0,4.0,19.0,1503.0,1498.0,49339.0,223296.0,0,0.9765625,8.0,0.03125,6400000.0,0.9730040667808219
128.0,128.0,2.0,7.0,497.0,491.0,16186.0,62176.0,0,0.940625,0.5,64.0,6400000.0,0.9409246575342465
128.0,128.0,2.0,10.0,514.0,504.0,16683.0,64256.0,0,0.9453125,16.0,0.000976562,6400000.0,0.9522726577788649
128.0,128.0,4.0,11.0,1432.0,1430.0,47152.0,212416.0,0,0.9671875,32.0,2.0,6400000.0,0.9651854513209394
1.0,128.0,4.0,1.0,1.0,1.0,63.0,32.0,0,0.5015625,0.00390625,8192.0,6400000.0,0.5273919092465753
128.0,128.0,2.0,5.0,460.0,456.0,15006.0,56576.0,0,0.940625,256.0,0.00195312,6400000.0,0.9409246575342465
128.0,128.0,8.0,8.0,2039.0,2069.0,70623.0,314656.0,0,0.959375,0.125,64.0,6400000.0,0.9499312010763209
1.0,128.0,4.0,1.0,1.0,1.0,63.0,32.0,0,0.5015625,0.0625,32768.0,6400000.0,0.5273919092465753
1.0,128.0,4.0,1.0,1.0,1.0,63.0,32.0,0,0.5015625,8192.0,0.03125,6400000.0,0.5273919092465753
128.0,128.0,2.0,6.0,468.0,463.0,15251.0,57696.0,0,0.940625,128.0,0.25,6400000.0,0.9409246575342465
128.0,128.0,8.0,32.0,3669.0,3759.0,124735.0,585056.0,0,0.9859375,0.03125,0.0,6400000.0,0.9792640044031311
128.0,128.0,4.0,32.0,1524.0,1513.0,49753.0,225696.0,0,0.9796875,0.00195312,0.000976562,6400000.0,0.9788749082681016
1.0,128.0,4.0,1.0,1.0,1.0,63.0,32.0,0,0.5015625,8192.0,32.0,6400000.0,0.5273919092465753
128.0,128.0,8.0,5.0,782.0,782.0,28664.0,108736.0,0,0.940625,0.5,256.0,6400000.0,0.9409246575342465
128.0,128.0,8.0,13.0,3332.0,3431.0,113767.0,532576.0,0,0.9703125,8.0,8.0,6400000.0,0.9718352495107633
128.0,128.0,2.0,18.0,527.0,509.0,16939.0,65056.0,0,0.95,2.0,0.00390625,6400000.0,0.9487493884540118
128.0,128.0,4.0,8.0,1445.0,1455.0,47641.0,216416.0,0,0.959375,64.0,16.0,6400000.0,0.9424902152641877
1.0,128.0,8.0,1.0,1.0,1.0,543.0,32.0,0,0.5015625,1.0,8192.0,6400000.0,0.5273919092465753
128.0,128.0,2.0,5.0,460.0,456.0,15006.0,56576.0,0,0.940625,8.0,128.0,6400000.0,0.9409246575342465
1.0,128.0,2.0,1.0,1.0,1.0,39.0,32.0,0,0.5015625,512.0,0.015625,6400000.0,0.5273919092465753
128.0,128.0,8.0,31.0,3692.0,3791.0,125524.0,590176.0,0,0.9890625,0.125,0.000976562,6400000.0,0.9796546294031311
128.0,128.0,2.0,14.0,521.0,507.0,16826.0,64736.0,0,0.9484375,8.0,0.125,6400000.0,0.9503157106164384
1.0,128.0,4.0,1.0,1.0,1.0,63.0,32.0,0,0.5015625,16384.0,0.25,6400000.0,0.5273919092465753
128.0,128.0,2.0,5.0,463.0,460.0,15106.0,57216.0,0,0.940625,128.0,256.0,6400000.0,0.9033657962328766
128.0,128.0,4.0,8.0,1509.0,1518.0,49752.0,226496.0,0,0.959375,64.0,0.015625,6400000.0,0.961271556996086
1.0,128.0,4.0,1.0,1.0,1.0,63.0,32.0,0,0.5015625,0.03125,4096.0,6400000.0,0.5273919092465753
128.0,128.0,8.0,13.0,3335.0,3437.0,113869.0,533536.0,0,0.9703125,0.000976562,32.0,6400000.0,0.96674948018591
1.0,128.0,4.0,1.0,1.0,1.0,63.0,32.0,0,0.5015625,0.5,16384.0,6400000.0,0.5273919092465753
128.0,128.0,8.0,5.0,782.0,782.0,28664.0,108736.0,0,0.940625,0.015625,256.0,6400000.0,0.9409246575342465
1.0,128.0,4.0,1.0,1.0,1.0,63.0,32.0,0,0.5015625,8192.0,32768.0,6400000.0,0.5273919092465753
128.0,128.0,8.0,31.0,3652.0,3751.0,124204.0,583776.0,0,0.9875,0.125,0.25,6400000.0,0.9788726149706457
128.0,128.0,8.0,32.0,3668.0,3758.0,124702.0,584896.0,0,0.9859375,0.0,0.00390625,6400000.0,0.9800467832681017
1.0,128.0,8.0,1.0,1.0,1.0,543.0,32.0,0,0.5015625,0.000976562,16384.0,6400000.0,0.5273919092465753
128.0,128.0,8.0,31.0,3648.0,3747.0,124072.0,583136.0,0,0.9875,0.00390625,0.25,6400000.0,0.9800467832681019
1.0,128.0,2.0,1.0,1.0,1.0,39.0,32.0,0,0.5015625,512.0,16.0,6400000.0,0.5273919092465753
128.0,128.0,8.0,23.0,3473.0,3624.0,118517.0,563456.0,0,0.9796875,0.25,8.0,6400000.0,0.9792647688356165
128.0,128.0,8.0,30.0,3747.0,3847.0,127361.0,599136.0,0,0.9875,1.0,0.0,6400000.0,0.9792632399706458
1.0,128.0,2.0,1.0,1.0,1.0,39.0,32.0,0,0.5015625,512.0,16384.0,6400000.0,0.5273919092465753
128.0,128.0,4.0,15.0,1519.0,1514.0,49936.0,225856.0,0,0.971875,16.0,0.0,6400000.0,0.9659674657534246
1.0,128.0,2.0,1.0,1.0,1.0,39.0,32.0,0,0.5015625,1.0,512.0,6400000.0,0.5273919092465753
128.0,128.0,2.0,9.0,510.0,501.0,16570.0,63776.0,0,0.9453125,32.0,0.0078125,6400000.0,0.9565764126712327
1.0,128.0,4.0,1.0,1.0,1.0,63.0,32.0,0,0.5015625,32768.0,0.00195312,6400000.0,0.5273919092465753
1.0,128.0,4.0,1.0,1.0,1.0,63.0,32.0,0,0.5015625,16384.0,256.0,6400000.0,0.5273919092465753
1.0,128.0,4.0,1.0,1.0,1.0,63.0,32.0,0,0.5015625,0.00195312,1024.0,6400000.0,0.5273919092465753
1.0,128.0,2.0,1.0,1.0,1.0,39.0,32.0,0,0.5015625,256.0,2048.0,6400000.0,0.5273919092465753
128.0,128.0,2.0,19.0,528.0,509.0,16950.0,65056.0,0,0.95,1.0,0.5,6400000.0,0.9483579990215265
128.0,128.0,2.0,5.0,460.0,456.0,15006.0,56576.0,0,0.940625,256.0,2.0,6400000.0,0.9409246575342465
128.0,128.0,2.0,9.0,510.0,501.0,16570.0,63776.0,0,0.9453125,16.0,1.0,6400000.0,0.9518812683463796
1.0,128.0,8.0,1.0,1.0,1.0,543.0,32.0,0,0.5015625,2.0,1024.0,6400000.0,0.5273919092465753
1.0,128.0,2.0,1.0,1.0,1.0,39.0,32.0,0,0.5015625,2048.0,0.000976562,6400000.0,0.5273919092465753
1.0,128.0,2.0,1.0,1.0,1.0,39.0,32.0,0,0.5015625,16.0,1024.0,6400000.0,0.5273919092465753
128.0,128.0,8.0,23.0,3505.0,3657.0,119574.0,568736.0,0,0.9828125,0.0078125,8.0,6400000.0,0.9780906005381604
1.0,128.0,4.0,1.0,1.0,1.0,63.0,32.0,0,0.5015625,4.0,8192.0,6400000.0,0.5273919092465753
1.0,128.0,8.0,1.0,1.0,1.0,543.0,32.0,0,0.5015625,0.0625,1024.0,6400000.0,0.5273919092465753
1.0,128.0,2.0,1.0,1.0,1.0,39.0,32.0,0,0.5015625,1024.0,128.0,6400000.0,0.5273919092465753
128.0,128.0,4.0,30.0,1520.0,1509.0,49663.0,225056.0,0,0.9796875,0.25,0.00195312,6400000.0,0.9773093505381605
128.0,128.0,8.0,31.0,3648.0,3747.0,124072.0,583136.0,0,0.9875,0.25,0.03125,6400000.0,0.9788733794031312
1.0,128.0,2.0,1.0,1.0,1.0,39.0,32.0,0,0.5015625,1024.0,0.125,6400000.0,0.5273919092465753
1.0,128.0,8.0,1.0,1.0,1.0,543.0,32.0,0,0.5015625,0.00390625,32768.0,6400000.0,0.5273919092465753
1.0,128.0,2.0,1.0,1.0,1.0,39.0,32.0,0,0.5015625,2048.0,1.0,6400000.0,0.5273919092465753
1.0,128.0,4.0,1.0,1.0,1.0,63.0,32.0,0,0.5015625,32768.0,2.0,6400000.0,0.5273919092465753
128.0,128.0,4.0,32.0,1531.0,1519.0,49983.0,226656.0,0,0.9796875,0.03125,0.00390625,6400000.0,0.9769179611056751
1.0,128.0,4.0,1.0,1.0,1.0,63.0,32.0,0,0.5015625,0.25,2048.0,6400000.0,0.5273919092465753
1.0,128.0,2.0,1.0,1.0,1.0,39.0,32.0,0,0.5015625,2.0,4096.0,6400000.0,0.5273919092465753
1.0,128.0,2.0,1.0,1.0,1.0,39.0,32.0,0,0.5015625,4096.0,0.0078125,6400000.0,0.5273919092465753
128.0,128.0,8.0,30.0,3747.0,3847.0,127361.0,599136.0,0,0.9875,0.0,1.0,6400000.0,0.9792632399706458
1.0,128.0,2.0,1.0,1.0,1.0,39.0,32.0,0,0.5015625,2048.0,1024.0,6400000.0,0.5273919092465753
128.0,128.0,2.0,15.0,524.0,509.0,16903.0,65056.0,0,0.95,2.0,4.0,6400000.0,0.947966609589041
1.0,128.0,2.0,1.0,1.0,1.0,39.0,32.0,0,0.5015625,4096.0,8192.0,6400000.0,0.5273919092465753
1.0,128.0,4.0,1.0,1.0,1.0,63.0,32.0,0,0.5015625,64.0,32768.0,6400000.0,0.5273919092465753
128.0,128.0,4.0,23.0,1509.0,1500.0,49449.0,223616.0,0,0.9796875,2.0,0.000976562,6400000.0,0.9780928938356166
1.0,128.0,4.0,1.0,1.0,1.0,63.0,32.0,0,0.5015625,32768.0,2048.0,6400000.0,0.5273919092465753
1.0,128.0,4.0,1.0,1.0,1.0,63.0,32.0,0,0.5015625,32.0,4096.0,6400000.0,0.5273919092465753
1.0,128.0,2.0,1.0,1.0,1.0,39.0,32.0,0,0.5015625,4096.0,8.0,6400000.0,0.5273919092465753
128.0,128.0,8.0,13.0,3288.0,3392.0,112320.0,526336.0,0,0.9703125,1.0,32.0,6400000.0,0.9671408696183953
128.0,128.0,8.0,13.0,3335.0,3437.0,113869.0,533536.0,0,0.9703125,0.03125,32.0,6400000.0,0.96674948018591
1.0,128.0,4.0,1.0,1.0,1.0,63.0,32.0,0,0.5015625,0.015625,512.0,6400000.0,0.5273919092465753
1.0,128.0,8.0,1.0,1.0,1.0,543.0,32.0,0,0.5015625,4.0,32768.0,6400000.0,0.5273919092465753
128.0,128.0,8.0,31.0,3678.0,3775.0,125060.0,587616.0,0,0.9875,0.5,0.00390625,6400000.0,0.9796553938356165
128.0,128.0,4.0,32.0,1534.0,1523.0,50083.0,227296.0,0,0.9796875,0.00390625,0.0078125,6400000.0,0.9777015044031311
1.0,128.0,8.0,1.0,1.0,1.0,543.0,32.0,0,0.5015625,8.0,2048.0,6400000.0,0.5273919092465753
128.0,128.0,8.0,29.0,3662.0,3794.0,124609.0,590656.0,0,0.9875,0.5,1.0,6400000.0,0.978482754403131
128.0,128.0,8.0,32.0,3669.0,3759.0,124735.0,585056.0,0,0.9859375,0.0078125,0.03125,6400000.0,0.9800467832681017
128.0,128.0,8.0,31.0,3692.0,3791.0,125524.0,590176.0,0,0.9890625,0.000976562,0.125,6400000.0,0.9796546294031311
1.0,128.0,8.0,1.0,1.0,1.0,543.0,32.0,0,0.5015625,0.0,512.0,6400000.0,0.5273919092465753
1.0,128.0,8.0,1.0,1.0,1.0,543.0,32.0,0,0.5015625,0.0078125,4096.0,6400000.0,0.5273919092465753
1.0,128.0,2.0,1.0,1.0,1.0,39.0,32.0,0,0.5015625,8192.0,0.0625,6400000.0,0.5273919092465753
1.0,128.0,2.0,1.0,1.0,1.0,39.0,32.0,0,0.5015625,32.0,8192.0,6400000.0,0.5273919092465753
1.0,128.0,2.0,1.0,1.0,1.0,39.0,32.0,0,0.5015625,8192.0,64.0,6400000.0,0.5273919092465753
128.0,128.0,4.0,6.0,1031.0,1032.0,34012.0,148736.0,0,0.940625,0.000976562,128.0,6400000.0,0.9409246575342465
1.0,128.0,2.0,1.0,1.0,1.0,39.0,32.0,0,0.5015625,16384.0,0.0,6400000.0,0.5273919092465753
128.0,128.0,4.0,13.0,1497.0,1496.0,49256.0,222976.0,0,0.9625,0.0,16.0,6400000.0,0.9671416340508806
1.0,128.0,8.0,1.0,1.0,1.0,543.0,32.0,0,0.5015625,0.125,32768.0,6400000.0,0.5273919092465753
128.0,128.0,4.0,8.0,1453.0,1463.0,47905.0,217696.0,0,0.95,0.0078125,64.0,6400000.0,0.9377981286692758
1.0,128.0,2.0,1.0,1.0,1.0,39.0,32.0,0,0.5015625,32768.0,0.00390625,6400000.0,0.5273919092465753
1.0,128.0,4.0,1.0,1.0,1.0,63.0,32.0,0,0.5015625,2.0,1024.0,6400000.0,0.5273919092465753
1.0,128.0,4.0,1.0,1.0,1.0,63.0,32.0,0,0.5015625,512.0,16384.0,6400000.0,0.5273919092465753
1.0,128.0,2.0,1.0,1.0,1.0,39.0,32.0,0,0.5015625,16384.0,512.0,6400000.0,0.5273919092465753
128.0,128.0,2.0,8.0,507.0,499.0,16493.0,63456.0,0,0.959375,32.0,8.0,6400000.0,0.949531402886497
1.0,128.0,2.0,1.0,1.0,1.0,39.0,32.0,0,0.5015625,32768.0,4.0,6400000.0,0.5273919092465753
1.0,128.0,2.0,1.0,1.0,1.0,39.0,32.0,0,0.5015625,32768.0,4096.0,6400000.0,0.5273919092465753
1.0,128.0,4.0,1.0,1.0,1.0,63.0,32.0,0,0.5015625,1024.0,128.0,6400000.0,0.5273919092465753
128.0,128.0,4.0,11.0,1411.0,1409.0,46459.0,209056.0,0,0.96875,32.0,0.00390625,6400000.0,0.9659667013209393
128.0,128.0,4.0,5.0,782.0,782.0,25784.0,108736.0,0,0.940625,256.0,0.00195312,6400000.0,0.9409246575342465
1.0,128.0,4.0,1.0,1.0,1.0,63.0,32.0,0,0.5015625,512.0,0.015625,6400000.0,0.5273919092465753
1.0,128.0,4.0,1.0,1.0,1.0,63.0,32.0,0,0.5015625,512.0,16.0,6400000.0,0.5273919092465753
128.0,128.0,8.0,29.0,3773.0,3873.0,128240.0,603296.0,0,0.9875,1.0,0.125,6400000.0,0.980047547700587
1.0,128.0,4.0,1.0,1.0,1.0,63.0,32.0,0,0.5015625,1024.0,0.125,6400000.0,0.5273919092465753
128.0,128.0,4.0,18.0,1527.0,1523.0,50153.0,227296.0,0,0.9765625,0.00390625,8.0,6400000.0,0.9730040667808219
1.0,128.0,8.0,1.0,1.0,1.0,543.0,32.0,0,0.5015625,0.25,4096.0,6400000.0,0.5273919092465753
128.0,128.0,4.0,5.0,782.0,782.0,25784.0,108736.0,0,0.940625,0.125,256.0,6400000.0,0.9409246575342465
128.0,128.0,8.0,26.0,3645.0,3774.0,124108.0,587456.0,0,0.9890625,2.0,4.0,6400000.0,0.9788726149706459
1.0,128.0,2.0,1.0,1.0,1.0,39.0,32.0,0,0.5015625,16384.0,0.5,6400000.0,0.5273919092465753
128.0,128.0,4.0,32.0,1529.0,1517.0,49917.0,226336.0,0,0.9796875,0.0,0.015625,6400000.0,0.9777015044031311
1.0,128.0,4.0,1.0,1.0,1.0,63.0,32.0,0,0.5015625,2048.0,1.0,6400000.0,0.5273919092465753
128.0,128.0,4.0,11.0,1437.0,1435.0,47317.0,213216.0,0,0.9671875,0.0625,32.0,6400000.0,0.965575311888454
128.0,128.0,8.0,8.0,1769.0,1768.0,61713.0,266496.0,0,0.959375,4.0,128.0,6400000.0,0.9409246575342465
128.0,128.0,2.0,7.0,497.0,491.0,16186.0,62176.0,0,0.940625,64.0,0.0625,6400000.0,0.9409246575342465
128.0,128.0,8.0,27.0,3695.0,3814.0,125727.0,593856.0,0,0.9875,0.00195312,4.0,6400000.0,0.9792647688356164
1.0,128.0,4.0,1.0,1.0,1.0,63.0,32.0,0,0.5015625,4096.0,8192.0,6400000.0,0.5273919092465753
1.0,128.0,4.0,1.0,1.0,1.0,63.0,32.0,0,0.5015625,2048.0,1024.0,6400000.0,0.5273919092465753
128.0,128.0,2.0,6.0,468.0,463.0,15251.0,57696.0,0,0.940625,128.0,0.0,6400000.0,0.9409246575342465
1.0,128.0,8.0,1.0,1.0,1.0,543.0,32.0,0,0.5015625,0.00195312,2048.0,6400000.0,0.5273919092465753
128.0,128.0,4.0,20.0,1485.0,1479.0,48723.0,220256.0,0,0.9765625,4.0,0.0078125,6400000.0,0.9745703889432485
128.0,128.0,4.0,28.0,1455.0,1447.0,47563.0,215136.0,0,0.978125,0.00195312,1.0,6400000.0,0.9792662977005872
128.0,128.0,4.0,29.0,1514.0,1504.0,49487.0,224256.0,0,0.9765625,0.5,0.015625,6400000.0,0.9788749082681019
128.0,128.0,8.0,28.0,3688.0,3809.0,125477.0,593056.0,0,0.9859375,2.0,0.015625,6400000.0,0.9796553938356165
128.0,128.0,4.0,5.0,673.0,696.0,22210.0,94976.0,0,0.940625,128.0,256.0,6400000.0,0.9033657962328766
1.0,128.0,4.0,1.0,1.0,1.0,63.0,32.0,0,0.5015625,2048.0,0.000976562,6400000.0,0.5273919092465753
1.0,128.0,4.0,1.0,1.0,1.0,63.0,32.0,0,0.5015625,0.0,32768.0,6400000.0,0.5273919092465753
128.0,128.0,8.0,32.0,3668.0,3758.0,124702.0,584896.0,0,0.9859375,0.000976562,0.000976562,6400000.0,0.9804381727005872
128.0,128.0,4.0,32.0,1523.0,1511.0,49719.0,225376.0,0,0.978125,0.0078125,0.0625,6400000.0,0.9761351822407045
128.0,128.0,4.0,6.0,1034.0,1034.0,34110.0,149056.0,0,0.940625,1.0,128.0,6400000.0,0.9409246575342465
1.0,128.0,4.0,1.0,1.0,1.0,63.0,32.0,0,0.5015625,4096.0,8.0,6400000.0,0.5273919092465753
128.0,128.0,4.0,23.0,1549.0,1540.0,50769.0,230016.0,0,0.9796875,0.03125,4.0,6400000.0,0.9757430283757339
128.0,128.0,4.0,6.0,1035.0,1035.0,34143.0,149216.0,0,0.940625,128.0,0.25,6400000.0,0.9409246575342465
128.0,128.0,8.0,13.0,3332.0,3431.0,113767.0,532576.0,0,0.9703125,16.0,0.00390625,6400000.0,0.9718352495107633
1.0,128.0,4.0,1.0,1.0,1.0,63.0,32.0,0,0.5015625,4096.0,0.0078125,6400000.0,0.5273919092465753
128.0,128.0,8.0,31.0,3676.0,3768.0,124989.0,586496.0,0,0.9859375,0.015625,0.00390625,6400000.0,0.9804381727005872
1.0,128.0,4.0,1.0,1.0,1.0,63.0,32.0,0,0.5015625,256.0,2048.0,6400000.0,0.5273919092465753
128.0,128.0,8.0,30.0,3747.0,3847.0,127361.0,599136.0,0,0.9875,0.015625,1.0,6400000.0,0.9792632399706458
128.0,128.0,8.0,32.0,3676.0,3767.0,124967.0,586336.0,0,0.9875,0.00195312,0.015625,6400000.0,0.9804381727005872
1.0,128.0,4.0,1.0,1.0,1.0,63.0,32.0,0,0.5015625,16.0,512.0,6400000.0,0.5273919092465753
128.0,128.0,8.0,31.0,3669.0,3766.0,124763.0,586176.0,0,0.9875,0.03125,0.125,6400000.0,0.9804381727005872
1.0,128.0,2.0,1.0,1.0,1.0,39.0,32.0,0,0.5015625,4.0,32768.0,6400000.0,0.5273919092465753
128.0,128.0,4.0,31.0,1529.0,1518.0,49939.0,226496.0,0,0.978125,0.000976562,0.125,6400000.0,0.9780913649706457
128.0,128.0,2.0,15.0,524.0,509.0,16903.0,65056.0,0,0.946875,4.0,0.03125,6400000.0,0.9495321673189825
1.0,128.0,8.0,1.0,1.0,1.0,543.0,32.0,0,0.5015625,0.03125,16384.0,6400000.0,0.5273919092465753
128.0,128.0,8.0,27.0,3706.0,3823.0,126088.0,595296.0,0,0.9890625,4.0,0.5,6400000.0,0.9800452544031311
128.0,128.0,8.0,32.0,3678.0,3768.0,125032.0,586496.0,0,0.9875,0.00390625,0.00195312,6400000.0,0.980438172700587
128.0,128.0,4.0,32.0,1523.0,1511.0,49719.0,225376.0,0,0.978125,0.0625,0.03125,6400000.0,0.9769179611056753
128.0,128.0,8.0,27.0,3695.0,3814.0,125727.0,593856.0,0,0.9875,4.0,0.00195312,6400000.0,0.9792647688356164
128.0,128.0,4.0,5.0,782.0,782.0,25784.0,108736.0,0,0.940625,256.0,2.0,6400000.0,0.9409246575342465
128.0,128.0,4.0,13.0,1503.0,1500.0,49452.0,223616.0,0,0.9609375,0.5,16.0,6400000.0,0.965184686888454
128.0,128.0,4.0,29.0,1514.0,1504.0,49487.0,224256.0,0,0.9765625,0.015625,0.5,6400000.0,0.9788749082681019
128.0,128.0,4.0,30.0,1510.0,1499.0,49333.0,223456.0,0,0.9796875,0.125,0.25,6400000.0,0.9777007399706458
128.0,128.0,2.0,6.0,468.0,463.0,15251.0,57696.0,0,0.940625,64.0,64.0,6400000.0,0.9409246575342465
128.0,128.0,4.0,8.0,1455.0,1464.0,47970.0,217856.0,0,0.95,8.0,64.0,6400000.0,0.9377981286692758
128.0,128.0,4.0,13.0,1524.0,1520.0,50144.0,226816.0,0,0.9640625,16.0,0.5,6400000.0,0.9655760763209393
1.0,128.0,4.0,1.0,1.0,1.0,63.0,32.0,0,0.5015625,0.00390625,16384.0,6400000.0,0.5273919092465753
128.0,128.0,8.0,13.0,3293.0,3390.0,112478.0,526016.0,0,0.9703125,16.0,1.0,6400000.0,0.9702696917808218
128.0,128.0,2.0,9.0,503.0,494.0,16339.0,62656.0,0,0.9453125,4.0,32.0,6400000.0,0.9475798067514676
128.0,128.0,4.0,24.0,1515.0,1505.0,49625.0,224416.0,0,0.978125,0.25,2.0,6400000.0,0.9777015044031312
128.0,128.0,8.0,23.0,3505.0,3657.0,119574.0,568736.0,0,0.9828125,8.0,0.0625,6400000.0,0.9769164322407045
128.0,128.0,2.0,12.0,516.0,504.0,16705.0,64256.0,0,0.946875,16.0,0.00195312,6400000.0,0.9522726577788649
128.0,128.0,8.0,5.0,781.0,781.0,28631.0,108576.0,0,0.940625,16.0,256.0,6400000.0,0.9409246575342465
1.0,128.0,4.0,1.0,1.0,1.0,63.0,32.0,0,0.5015625,8192.0,0.0625,6400000.0,0.5273919092465753
128.0,128.0,4.0,23.0,1488.0,1479.0,48756.0,220256.0,0,0.978125,2.0,1.0,6400000.0,0.9784835188356164
128.0,128.0,2.0,5.0,460.0,456.0,15006.0,56576.0,0,0.940625,256.0,0.00390625,6400000.0,0.9409246575342465
128.0,128.0,2.0,6.0,467.0,462.0,15218.0,57536.0,0,0.940625,128.0,0.5,6400000.0,0.9409246575342465
128.0,128.0,4.0,17.0,1478.0,1475.0,48543.0,219616.0,0,0.975,4.0,8.0,6400000.0,0.9671408696183953
128.0,128.0,8.0,8.0,1747.0,1749.0,60990.0,263456.0,0,0.959375,0.00390625,128.0,6400000.0,0.9409246575342465
1.0,128.0,4.0,1.0,1.0,1.0,63.0,32.0,0,0.5015625,8192.0,64.0,6400000.0,0.5273919092465753
128.0,128.0,4.0,25.0,1506.0,1494.0,49305.0,222656.0,0,0.9796875,1.0,0.125,6400000.0,0.9796576871330724
128.0,128.0,4.0,32.0,1529.0,1517.0,49917.0,226336.0,0,0.9796875,0.015625,0.000976562,6400000.0,0.9777015044031311
1.0,128.0,8.0,1.0,1.0,1.0,543.0,32.0,0,0.5015625,1.0,16384.0,6400000.0,0.5273919092465753
1.0,128.0,8.0,1.0,1.0,1.0,543.0,32.0,0,0.5015625,0.5,512.0,6400000.0,0.5273919092465753
128.0,128.0,4.0,11.0,1365.0,1363.0,44941.0,201696.0,0,0.96875,32.0,4.0,6400000.0,0.9640112830234834
128.0,128.0,8.0,13.0,3327.0,3429.0,113605.0,532256.0,0,0.9703125,32.0,0.0,6400000.0,0.9671408696183953
128.0,128.0,4.0,31.0,1529.0,1518.0,49939.0,226496.0,0,0.978125,0.125,0.0,6400000.0,0.9780913649706457
128.0,128.0,4.0,19.0,1503.0,1498.0,49339.0,223296.0,0,0.9765625,8.0,0.0625,6400000.0,0.9722220523483365
1.0,128.0,2.0,1.0,1.0,1.0,39.0,32.0,0,0.5015625,512.0,0.03125,6400000.0,0.5273919092465753
1.0,128.0,2.0,1.0,1.0,1.0,39.0,32.0,0,0.5015625,128.0,512.0,6400000.0,0.5273919092465753
1.0,128.0,4.0,1.0,1.0,1.0,63.0,32.0,0,0.5015625,16384.0,0.5,6400000.0,0.5273919092465753
128.0,128.0,2.0,5.0,458.0,454.0,14940.0,56256.0,0,0.940625,8.0,256.0,6400000.0,0.9409246575342465
1.0,128.0,4.0,1.0,1.0,1.0,63.0,32.0,0,0.5015625,0.03125,8192.0,6400000.0,0.5273919092465753
128.0,128.0,2.0,14.0,521.0,507.0,16826.0,64736.0,0,0.9484375,8.0,0.25,6400000.0,0.951098489481409
1.0,128.0,4.0,1.0,1.0,1.0,63.0,32.0,0,0.5015625,0.5,32768.0,6400000.0,0.5273919092465753
128.0,128.0,8.0,27.0,3701.0,3820.0,125925.0,594816.0,0,0.9890625,0.0625,4.0,6400000.0,0.9808303265655578
128.0,128.0,4.0,6.0,1007.0,1028.0,33224.0,148096.0,0,0.940625,64.0,32.0,6400000.0,0.9409246575342465
1.0,128.0,4.0,1.0,1.0,1.0,63.0,32.0,0,0.5015625,16384.0,0.0,6400000.0,0.5273919092465753
1.0,128.0,8.0,1.0,1.0,1.0,543.0,32.0,0,0.5015625,0.000976562,32768.0,6400000.0,0.5273919092465753
128.0,128.0,4.0,32.0,1524.0,1513.0,49753.0,225696.0,0,0.9796875,0.00195312,0.00195312,6400000.0,0.9792655332681017
128.0,128.0,8.0,8.0,1747.0,1749.0,60990.0,263456.0,0,0.959375,0.125,128.0,6400000.0,0.9409246575342465
1.0,128.0,8.0,1.0,1.0,1.0,543.0,32.0,0,0.5015625,0.015625,512.0,6400000.0,0.5273919092465753
128.0,128.0,8.0,13.0,3327.0,3429.0,113605.0,532256.0,0,0.9703125,32.0,0.125,6400000.0,0.9671408696183953
1.0,128.0,8.0,1.0,1.0,1.0,543.0,32.0,0,0.5015625,32.0,8192.0,6400000.0,0.5273919092465753
1.0,128.0,4.0,1.0,1.0,1.0,63.0,32.0,0,0.5015625,16384.0,512.0,6400000.0,0.5273919092465753
1.0,128.0,2.0,1.0,1.0,1.0,39.0,32.0,0,0.5015625,512.0,32.0,6400000.0,0.5273919092465753
1.0,128.0,4.0,1.0,1.0,1.0,63.0,32.0,0,0.5015625,0.00195312,2048.0,6400000.0,0.5273919092465753
1.0,128.0,4.0,1.0,1.0,1.0,63.0,32.0,0,0.5015625,32768.0,0.00390625,6400000.0,0.5273919092465753
1.0,128.0,2.0,1.0,1.0,1.0,39.0,32.0,0,0.5015625,512.0,32768.0,6400000.0,0.5273919092465753
1.0,128.0,2.0,1.0,1.0,1.0,39.0,32.0,0,0.5015625,256.0,4096.0,6400000.0,0.5273919092465753
128.0,128.0,4.0,8.0,1509.0,1518.0,49752.0,226496.0,0,0.959375,64.0,0.03125,6400000.0,0.961271556996086
128.0,128.0,8.0,31.0,3672.0,3766.0,124859.0,586176.0,0,0.9875,0.0625,0.015625,6400000.0,0.9792632399706458
128.0,128.0,8.0,13.0,3241.0,3342.0,110766.0,518336.0,0,0.9703125,8.0,16.0,6400000.0,0.9659667013209392
128.0,128.0,2.0,9.0,510.0,501.0,16570.0,63776.0,0,0.9453125,32.0,0.015625,6400000.0,0.9565764126712327
1.0,128.0,8.0,1.0,1.0,1.0,543.0,32.0,0,0.5015625,2.0,2048.0,6400000.0,0.5273919092465753
1.0,128.0,2.0,1.0,1.0,1.0,39.0,32.0,0,0.5015625,2048.0,0.00195312,6400000.0,0.5273919092465753
128.0,128.0,2.0,5.0,460.0,456.0,15006.0,56576.0,0,0.940625,256.0,4.0,6400000.0,0.9409246575342465
1.0,128.0,2.0,1.0,1.0,1.0,39.0,32.0,0,0.5015625,16.0,2048.0,6400000.0,0.5273919092465753
1.0,128.0,4.0,1.0,1.0,1.0,63.0,32.0,0,0.5015625,4.0,16384.0,6400000.0,0.5273919092465753
128.0,128.0,2.0,9.0,509.0,500.0,16537.0,63616.0,0,0.9453125,16.0,2.0,6400000.0,0.9518812683463796
1.0,128.0,2.0,1.0,1.0,1.0,39.0,32.0,0,0.5015625,1024.0,256.0,6400000.0,0.5273919092465753
1.0,128.0,2.0,1.0,1.0,1.0,39.0,32.0,0,0.5015625,1024.0,0.25,6400000.0,0.5273919092465753
1.0,128.0,8.0,1.0,1.0,1.0,543.0,32.0,0,0.5015625,0.0625,2048.0,6400000.0,0.5273919092465753
1.0,128.0,4.0,1.0,1.0,1.0,63.0,32.0,0,0.5015625,0.25,4096.0,6400000.0,0.5273919092465753
1.0,128.0,2.0,1.0,1.0,1.0,39.0,32.0,0,0.5015625,2048.0,2.0,6400000.0,0.5273919092465753
1.0,128.0,4.0,1.0,1.0,1.0,63.0,32.0,0,0.5015625,32768.0,4.0,6400000.0,0.5273919092465753
128.0,128.0,8.0,8.0,2075.0,2107.0,72069.0,320736.0,0,0.959375,32.0,32.0,6400000.0,0.9628371147260273
128.0,128.0,4.0,15.0,1519.0,1514.0,49936.0,225856.0,0,0.971875,16.0,0.000976562,6400000.0,0.9659674657534246
1.0,128.0,2.0,1.0,1.0,1.0,39.0,32.0,0,0.5015625,4096.0,0.015625,6400000.0,0.5273919092465753
1.0,128.0,2.0,1.0,1.0,1.0,39.0,32.0,0,0.5015625,4096.0,16384.0,6400000.0,0.5273919092465753
1.0,128.0,2.0,1.0,1.0,1.0,39.0,32.0,0,0.5015625,2048.0,2048.0,6400000.0,0.5273919092465753
1.0,128.0,4.0,1.0,1.0,1.0,63.0,32.0,0,0.5015625,32768.0,4096.0,6400000.0,0.5273919092465753
128.0,128.0,8.0,8.0,2039.0,2069.0,70623.0,314656.0,0,0.959375,0.000976562,64.0,6400000.0,0.9499312010763209
1.0,128.0,2.0,1.0,1.0,1.0,39.0,32.0,0,0.5015625,4096.0,16.0,6400000.0,0.5273919092465753
1.0,128.0,4.0,1.0,1.0,1.0,63.0,32.0,0,0.5015625,32.0,8192.0,6400000.0,0.5273919092465753
128.0,128.0,8.0,32.0,3669.0,3759.0,124735.0,585056.0,0,0.9859375,0.03125,0.000976562,6400000.0,0.9792640044031311
128.0,128.0,4.0,6.0,1031.0,1032.0,34012.0,148736.0,0,0.940625,128.0,0.0,6400000.0,0.9409246575342465
1.0,128.0,4.0,1.0,1.0,1.0,63.0,32.0,0,0.5015625,0.015625,1024.0,6400000.0,0.5273919092465753
128.0,128.0,8.0,8.0,2082.0,2115.0,72301.0,322016.0,0,0.959375,64.0,0.015625,6400000.0,0.9628371147260273
128.0,128.0,4.0,30.0,1520.0,1509.0,49663.0,225056.0,0,0.9796875,0.25,0.00390625,6400000.0,0.9773093505381605
128.0,128.0,8.0,16.0,3416.0,3511.0,116472.0,545376.0,0,0.9765625,0.25,16.0,6400000.0,0.9710524706457926
1.0,128.0,8.0,1.0,1.0,1.0,543.0,32.0,0,0.5015625,8.0,4096.0,6400000.0,0.5273919092465753
128.0,128.0,4.0,32.0,1531.0,1519.0,49983.0,226656.0,0,0.9796875,0.03125,0.0078125,6400000.0,0.9769179611056751
128.0,128.0,8.0,31.0,3692.0,3791.0,125524.0,590176.0,0,0.9890625,0.125,0.00195312,6400000.0,0.9796546294031311
1.0,128.0,8.0,1.0,1.0,1.0,543.0,32.0,0,0.5015625,0.0,1024.0,6400000.0,0.5273919092465753
128.0,128.0,4.0,23.0,1509.0,1500.0,49449.0,223616.0,0,0.9796875,2.0,0.00195312,6400000.0,0.9780928938356166
1.0,128.0,2.0,1.0,1.0,1.0,39.0,32.0,0,0.5015625,8192.0,128.0,6400000.0,0.5273919092465753
1.0,128.0,2.0,1.0,1.0,1.0,39.0,32.0,0,0.5015625,8192.0,0.125,6400000.0,0.5273919092465753
128.0,128.0,8.0,32.0,3678.0,3768.0,125032.0,586496.0,0,0.9875,0.0078125,0.0,6400000.0,0.9800467832681017
1.0,128.0,2.0,1.0,1.0,1.0,39.0,32.0,0,0.5015625,32.0,16384.0,6400000.0,0.5273919092465753
1.0,128.0,2.0,1.0,1.0,1.0,39.0,32.0,0,0.5015625,16384.0,0.000976562,6400000.0,0.5273919092465753
1.0,128.0,8.0,1.0,1.0,1.0,543.0,32.0,0,0.5015625,0.0078125,8192.0,6400000.0,0.5273919092465753
1.0,128.0,2.0,1.0,1.0,1.0,39.0,32.0,0,0.5015625,16384.0,1024.0,6400000.0,0.5273919092465753
128.0,128.0,8.0,31.0,3758.0,3860.0,127705.0,601216.0,0,0.9875,0.125,0.5,6400000.0,0.978873379403131
128.0,128.0,8.0,32.0,3678.0,3768.0,125032.0,586496.0,0,0.9875,0.0,0.0078125,6400000.0,0.9800467832681017
1.0,128.0,2.0,1.0,1.0,1.0,39.0,32.0,0,0.5015625,32768.0,0.0078125,6400000.0,0.5273919092465753
128.0,128.0,8.0,30.0,3747.0,3847.0,127361.0,599136.0,0,0.9875,1.0,0.000976562,6400000.0,0.9792632399706458
128.0,128.0,8.0,31.0,3678.0,3775.0,125060.0,587616.0,0,0.9875,0.00390625,0.5,6400000.0,0.9796553938356165
1.0,128.0,4.0,1.0,1.0,1.0,63.0,32.0,0,0.5015625,2.0,2048.0,6400000.0,0.5273919092465753
128.0,128.0,8.0,16.0,3450.0,3545.0,117594.0,550816.0,0,0.9765625,0.0078125,16.0,6400000.0,0.9718352495107633
1.0,128.0,4.0,1.0,1.0,1.0,63.0,32.0,0,0.5015625,512.0,32768.0,6400000.0,0.5273919092465753
1.0,128.0,2.0,1.0,1.0,1.0,39.0,32.0,0,0.5015625,32768.0,8192.0,6400000.0,0.5273919092465753
128.0,128.0,2.0,8.0,503.0,496.0,16362.0,62976.0,0,0.9375,32.0,16.0,6400000.0,0.9409246575342465
128.0,128.0,4.0,5.0,782.0,782.0,25784.0,108736.0,0,0.940625,0.000976562,256.0,6400000.0,0.9409246575342465
1.0,128.0,2.0,1.0,1.0,1.0,39.0,32.0,0,0.5015625,32768.0,8.0,6400000.0,0.5273919092465753
1.0,128.0,4.0,1.0,1.0,1.0,63.0,32.0,0,0.5015625,1024.0,256.0,6400000.0,0.5273919092465753
128.0,128.0,8.0,23.0,3505.0,3657.0,119574.0,568736.0,0,0.9828125,8.0,0.0,6400000.0,0.9788733794031312
1.0,128.0,4.0,1.0,1.0,1.0,63.0,32.0,0,0.5015625,512.0,32.0,6400000.0,0.5273919092465753
128.0,128.0,4.0,32.0,1529.0,1517.0,49917.0,226336.0,0,0.9796875,0.00390625,0.015625,6400000.0,0.9780928938356166
1.0,128.0,4.0,1.0,1.0,1.0,63.0,32.0,0,0.5015625,1024.0,0.25,6400000.0,0.5273919092465753
128.0,128.0,8.0,8.0,2028.0,2058.0,70260.0,312896.0,0,0.959375,1.0,64.0,6400000.0,0.9483656433463796
1.0,128.0,4.0,1.0,1.0,1.0,63.0,32.0,0,0.5015625,512.0,0.03125,6400000.0,0.5273919092465753
128.0,128.0,4.0,5.0,782.0,782.0,25784.0,108736.0,0,0.940625,256.0,0.00390625,6400000.0,0.9409246575342465
1.0,128.0,8.0,1.0,1.0,1.0,543.0,32.0,0,0.5015625,0.25,8192.0,6400000.0,0.5273919092465753
1.0,128.0,2.0,1.0,1.0,1.0,39.0,32.0,0,0.5015625,16384.0,1.0,6400000.0,0.5273919092465753
128.0,128.0,4.0,11.0,1437.0,1435.0,47317.0,213216.0,0,0.9671875,0.0,32.0,6400000.0,0.965575311888454
128.0,128.0,8.0,8.0,2039.0,2069.0,70623.0,314656.0,0,0.959375,0.03125,64.0,6400000.0,0.9499312010763209
128.0,128.0,4.0,6.0,1031.0,1032.0,34012.0,148736.0,0,0.940625,0.0078125,128.0,6400000.0,0.9409246575342465
1.0,128.0,4.0,1.0,1.0,1.0,63.0,32.0,0,0.5015625,0.125,512.0,6400000.0,0.5273919092465753
1.0,128.0,4.0,1.0,1.0,1.0,63.0,32.0,0,0.5015625,2048.0,2.0,6400000.0,0.5273919092465753
1.0,128.0,4.0,1.0,1.0,1.0,63.0,32.0,0,0.5015625,2048.0,2048.0,6400000.0,0.5273919092465753
1.0,128.0,4.0,1.0,1.0,1.0,63.0,32.0,0,0.5015625,4096.0,16384.0,6400000.0,0.5273919092465753
128.0,128.0,8.0,31.0,3655.0,3753.0,124302.0,584096.0,0,0.9875,0.25,0.0625,6400000.0,0.9784819899706457
1.0,128.0,8.0,1.0,1.0,1.0,543.0,32.0,0,0.5015625,0.00195312,4096.0,6400000.0,0.5273919092465753
128.0,128.0,4.0,11.0,1411.0,1409.0,46459.0,209056.0,0,0.96875,32.0,0.0078125,6400000.0,0.9659667013209393
1.0,128.0,4.0,1.0,1.0,1.0,63.0,32.0,0,0.5015625,4096.0,16.0,6400000.0,0.5273919092465753
1.0,128.0,4.0,1.0,1.0,1.0,63.0,32.0,0,0.5015625,2048.0,0.00195312,6400000.0,0.5273919092465753
1.0,128.0,4.0,1.0,1.0,1.0,63.0,32.0,0,0.5015625,256.0,4096.0,6400000.0,0.5273919092465753
128.0,128.0,8.0,5.0,782.0,782.0,28664.0,108736.0,0,0.940625,4.0,256.0,6400000.0,0.9409246575342465
128.0,128.0,8.0,29.0,3677.0,3805.0,125100.0,592416.0,0,0.9890625,0.0,2.0,6400000.0,0.9800467832681019
128.0,128.0,2.0,7.0,497.0,491.0,16186.0,62176.0,0,0.940625,64.0,0.125,6400000.0,0.9409246575342465
128.0,128.0,2.0,6.0,468.0,463.0,15251.0,57696.0,0,0.940625,128.0,0.000976562,6400000.0,0.9409246575342465
1.0,128.0,4.0,1.0,1.0,1.0,63.0,32.0,0,0.5015625,128.0,512.0,6400000.0,0.5273919092465753
1.0,128.0,4.0,1.0,1.0,1.0,63.0,32.0,0,0.5015625,4096.0,0.015625,6400000.0,0.5273919092465753
1.0,128.0,4.0,1.0,1.0,1.0,63.0,32.0,0,0.5015625,16.0,1024.0,6400000.0,0.5273919092465753
128.0,128.0,4.0,13.0,1497.0,1496.0,49256.0,222976.0,0,0.9625,0.00390625,16.0,6400000.0,0.9671416340508806
1.0,128.0,8.0,1.0,1.0,1.0,543.0,32.0,0,0.5015625,64.0,1024.0,6400000.0,0.5273919092465753
128.0,128.0,4.0,5.0,782.0,782.0,25784.0,108736.0,0,0.940625,1.0,256.0,6400000.0,0.9409246575342465
128.0,128.0,4.0,8.0,1464.0,1474.0,48268.0,219456.0,0,0.95,0.0625,64.0,6400000.0,0.9377981286692758
1.0,128.0,8.0,1.0,1.0,1.0,543.0,32.0,0,0.5015625,0.03125,32768.0,6400000.0,0.5273919092465753
128.0,128.0,8.0,31.0,3648.0,3747.0,124072.0,583136.0,0,0.9875,0.25,0.0,6400000.0,0.9800467832681019
128.0,128.0,4.0,32.0,1524.0,1513.0,49753.0,225696.0,0,0.9796875,0.000976562,0.0,6400000.0,0.9788749082681016
128.0,128.0,4.0,6.0,1035.0,1035.0,34143.0,149216.0,0,0.940625,128.0,0.5,6400000.0,0.9409246575342465
128.0,128.0,4.0,20.0,1485.0,1479.0,48723.0,220256.0,0,0.9765625,4.0,0.015625,6400000.0,0.9741789995107633
128.0,128.0,8.0,28.0,3666.0,3789.0,124753.0,589856.0,0,0.9875,0.5,2.0,6400000.0,0.9804374082681019
128.0,128.0,4.0,28.0,1492.0,1483.0,48783.0,220896.0,0,0.978125,0.5,0.03125,6400000.0,0.9769179611056751
128.0,128.0,4.0,23.0,1503.0,1494.0,49251.0,222656.0,0,0.9765625,0.00195312,2.0,6400000.0,0.9765273361056751
128.0,128.0,8.0,31.0,3678.0,3775.0,125060.0,587616.0,0,0.9875,0.5,0.0078125,6400000.0,0.9796553938356165
128.0,128.0,4.0,32.0,1534.0,1522.0,50082.0,227136.0,0,0.9796875,0.0,0.03125,6400000.0,0.9780921294031311
128.0,128.0,4.0,18.0,1527.0,1523.0,50153.0,227296.0,0,0.9765625,0.03125,8.0,6400000.0,0.9730040667808219
128.0,128.0,8.0,31.0,3672.0,3766.0,124859.0,586176.0,0,0.9875,0.0078125,0.0625,6400000.0,0.9792647688356164
128.0,128.0,4.0,29.0,1523.0,1514.0,49785.0,225856.0,0,0.978125,0.0078125,0.125,6400000.0,0.978482754403131
1.0,128.0,4.0,1.0,1.0,1.0,63.0,32.0,0,0.5015625,0.00390625,32768.0,6400000.0,0.5273919092465753
128.0,128.0,4.0,5.0,782.0,782.0,25784.0,108736.0,0,0.940625,256.0,4.0,6400000.0,0.9409246575342465
128.0,128.0,4.0,30.0,1520.0,1509.0,49663.0,225056.0,0,0.9796875,0.000976562,0.25,6400000.0,0.9773093505381605
128.0,128.0,2.0,5.0,458.0,454.0,14940.0,56256.0,0,0.940625,64.0,128.0,6400000.0,0.9409246575342465
128.0,128.0,8.0,31.0,3648.0,3747.0,124072.0,583136.0,0,0.9875,0.000976562,0.25,6400000.0,0.9800467832681019
128.0,128.0,4.0,11.0,1389.0,1387.0,45733.0,205536.0,0,0.96875,0.5,32.0,6400000.0,0.9659667013209393
1.0,128.0,8.0,1.0,1.0,1.0,543.0,32.0,0,0.5015625,16.0,512.0,6400000.0,0.5273919092465753
1.0,128.0,4.0,1.0,1.0,1.0,63.0,32.0,0,0.5015625,8192.0,0.125,6400000.0,0.5273919092465753
128.0,128.0,8.0,8.0,2057.0,2086.0,71472.0,317376.0,0,0.959375,64.0,4.0,6400000.0,0.9569662732387474
128.0,128.0,8.0,19.0,3324.0,3462.0,113671.0,537536.0,0,0.9796875,2.0,8.0,6400000.0,0.9792640044031312
1.0,128.0,4.0,1.0,1.0,1.0,63.0,32.0,0,0.5015625,8192.0,128.0,6400000.0,0.5273919092465753
1.0,128.0,8.0,1.0,1.0,1.0,543.0,32.0,0,0.5015625,0.5,1024.0,6400000.0,0.5273919092465753
128.0,128.0,4.0,7.0,1106.0,1104.0,36463.0,160256.0,0,0.946875,8.0,128.0,6400000.0,0.9409246575342465
128.0,128.0,4.0,13.0,1538.0,1534.0,50606.0,229056.0,0,0.9625,16.0,1.0,6400000.0,0.965184686888454
128.0,128.0,8.0,8.0,2161.0,2160.0,74874.0,329216.0,0,0.959375,128.0,0.00195312,6400000.0,0.9409246575342465
128.0,128.0,4.0,27.0,1455.0,1448.0,47585.0,215296.0,0,0.978125,0.015625,1.0,6400000.0,0.9792662977005872
128.0,128.0,4.0,31.0,1529.0,1518.0,49939.0,226496.0,0,0.978125,0.0625,0.0625,6400000.0,0.9780913649706457
128.0,128.0,2.0,5.0,460.0,456.0,15006.0,56576.0,0,0.940625,256.0,0.0078125,6400000.0,0.9409246575342465
128.0,128.0,8.0,13.0,3332.0,3431.0,113767.0,532576.0,0,0.9703125,16.0,0.0078125,6400000.0,0.9718352495107633
1.0,128.0,8.0,1.0,1.0,1.0,543.0,32.0,0,0.5015625,1.0,32768.0,6400000.0,0.5273919092465753
128.0,128.0,8.0,29.0,3734.0,3834.0,126953.0,597056.0,0,0.9875,1.0,0.25,6400000.0,0.9792655332681017
128.0,128.0,4.0,30.0,1489.0,1478.0,48640.0,220096.0,0,0.978125,0.125,0.5,6400000.0,0.9788749082681019
128.0,128.0,2.0,6.0,466.0,461.0,15185.0,57376.0,0,0.940625,128.0,1.0,6400000.0,0.9409246575342465
128.0,128.0,8.0,8.0,2161.0,2160.0,74874.0,329216.0,0,0.959375,128.0,0.5,6400000.0,0.9409246575342465
128.0,128.0,8.0,23.0,3505.0,3657.0,119574.0,568736.0,0,0.9828125,0.00195312,8.0,6400000.0,0.9780906005381604
128.0,128.0,8.0,5.0,782.0,782.0,28664.0,108736.0,0,0.940625,0.00390625,256.0,6400000.0,0.9409246575342465
1.0,128.0,4.0,1.0,1.0,1.0,63.0,32.0,0,0.5015625,0.03125,16384.0,6400000.0,0.5273919092465753
1.0,128.0,2.0,1.0,1.0,1.0,39.0,32.0,0,0.5015625,512.0,0.0625,6400000.0,0.5273919092465753
128.0,128.0,4.0,21.0,1535.0,1528.0,50351.0,228096.0,0,0.978125,0.25,4.0,6400000.0,0.9761336533757339
1.0,128.0,2.0,1.0,1.0,1.0,39.0,32.0,0,0.5015625,128.0,1024.0,6400000.0,0.5273919092465753
1.0,128.0,4.0,1.0,1.0,1.0,63.0,32.0,0,0.5015625,16384.0,1.0,6400000.0,0.5273919092465753
128.0,128.0,4.0,23.0,1549.0,1540.0,50769.0,230016.0,0,0.9796875,2.0,2.0,6400000.0,0.9757445572407045
1.0,128.0,4.0,1.0,1.0,1.0,63.0,32.0,0,0.5015625,16384.0,0.000976562,6400000.0,0.5273919092465753
128.0,128.0,4.0,13.0,1542.0,1538.0,50738.0,229696.0,0,0.9609375,4.0,16.0,6400000.0,0.9636191291585126
128.0,128.0,8.0,28.0,3688.0,3809.0,125477.0,593056.0,0,0.9859375,2.0,0.03125,6400000.0,0.9796553938356165
1.0,128.0,8.0,1.0,1.0,1.0,543.0,32.0,0,0.5015625,0.015625,1024.0,6400000.0,0.5273919092465753
1.0,128.0,8.0,1.0,1.0,1.0,543.0,32.0,0,0.5015625,128.0,32768.0,6400000.0,0.5273919092465753
128.0,128.0,8.0,5.0,782.0,782.0,28664.0,108736.0,0,0.940625,128.0,128.0,6400000.0,0.9409246575342465
128.0,128.0,4.0,26.0,1511.0,1500.0,49450.0,223616.0,0,0.9796875,1.0,0.25,6400000.0,0.9761351822407045
128.0,128.0,8.0,13.0,3295.0,3394.0,112546.0,526656.0,0,0.9703125,16.0,2.0,6400000.0,0.9710524706457925
128.0,128.0,8.0,32.0,3668.0,3758.0,124702.0,584896.0,0,0.9859375,0.000976562,0.00195312,6400000.0,0.9804381727005872
128.0,128.0,4.0,19.0,1503.0,1498.0,49339.0,223296.0,0,0.9765625,8.0,0.125,6400000.0,0.9714392734833659
128.0,128.0,8.0,28.0,3688.0,3809.0,125477.0,593056.0,0,0.9859375,0.015625,2.0,6400000.0,0.9796553938356165
128.0,128.0,4.0,32.0,1529.0,1517.0,49917.0,226336.0,0,0.9796875,0.015625,0.00195312,6400000.0,0.9777015044031311
128.0,128.0,4.0,11.0,1489.0,1487.0,49033.0,221536.0,0,0.9671875,32.0,8.0,6400000.0,0.9636198935909979
128.0,128.0,4.0,6.0,1031.0,1032.0,34012.0,148736.0,0,0.940625,64.0,64.0,6400000.0,0.9409246575342465
128.0,128.0,8.0,31.0,3676.0,3768.0,124989.0,586496.0,0,0.9859375,0.015625,0.0078125,6400000.0,0.9804381727005872
128.0,128.0,8.0,32.0,3669.0,3759.0,124735.0,585056.0,0,0.9859375,0.00195312,0.03125,6400000.0,0.9792640044031311
1.0,128.0,8.0,1.0,1.0,1.0,543.0,32.0,0,0.5015625,32.0,16384.0,6400000.0,0.5273919092465753
1.0,128.0,4.0,1.0,1.0,1.0,63.0,32.0,0,0.5015625,32768.0,0.0078125,6400000.0,0.5273919092465753
1.0,128.0,4.0,1.0,1.0,1.0,63.0,32.0,0,0.5015625,16384.0,1024.0,6400000.0,0.5273919092465753
1.0,128.0,2.0,1.0,1.0,1.0,39.0,32.0,0,0.5015625,1024.0,0.0,6400000.0,0.5273919092465753
128.0,128.0,4.0,31.0,1529.0,1518.0,49939.0,226496.0,0,0.978125,0.125,0.000976562,6400000.0,0.9780913649706457
128.0,128.0,8.0,5.0,782.0,782.0,28664.0,108736.0,0,0.940625,0.125,256.0,6400000.0,0.9409246575342465
128.0,128.0,8.0,27.0,3695.0,3814.0,125727.0,593856.0,0,0.9875,4.0,0.00390625,6400000.0,0.9792647688356164
128.0,128.0,8.0,31.0,3648.0,3747.0,124072.0,583136.0,0,0.9875,0.03125,0.25,6400000.0,0.9788733794031312
128.0,128.0,8.0,25.0,3672.0,3794.0,125013.0,590656.0,0,0.9859375,4.0,1.0,6400000.0,0.9796538649706458
128.0,128.0,4.0,28.0,1455.0,1447.0,47563.0,215136.0,0,0.978125,1.0,0.0,6400000.0,0.9784835188356166
1.0,128.0,2.0,1.0,1.0,1.0,39.0,32.0,0,0.5015625,512.0,64.0,6400000.0,0.5273919092465753
1.0,128.0,2.0,1.0,1.0,1.0,39.0,32.0,0,0.5015625,256.0,8192.0,6400000.0,0.5273919092465753
1.0,128.0,4.0,1.0,1.0,1.0,63.0,32.0,0,0.5015625,0.00195312,4096.0,6400000.0,0.5273919092465753
128.0,128.0,8.0,13.0,3327.0,3429.0,113605.0,532256.0,0,0.9703125,32.0,0.000976562,6400000.0,0.9671408696183953
128.0,128.0,8.0,23.0,3505.0,3657.0,119574.0,568736.0,0,0.9828125,8.0,0.125,6400000.0,0.9780906005381607
1.0,128.0,8.0,1.0,1.0,1.0,543.0,32.0,0,0.5015625,2.0,4096.0,6400000.0,0.5273919092465753
128.0,128.0,8.0,32.0,3678.0,3768.0,125032.0,586496.0,0,0.9875,0.00390625,0.00390625,6400000.0,0.9800467832681017
1.0,128.0,2.0,1.0,1.0,1.0,39.0,32.0,0,0.5015625,2048.0,0.00390625,6400000.0,0.5273919092465753
128.0,128.0,2.0,5.0,458.0,454.0,14940.0,56256.0,0,0.940625,256.0,8.0,6400000.0,0.9409246575342465
1.0,128.0,2.0,1.0,1.0,1.0,39.0,32.0,0,0.5015625,1024.0,0.5,6400000.0,0.5273919092465753
1.0,128.0,4.0,1.0,1.0,1.0,63.0,32.0,0,0.5015625,4.0,32768.0,6400000.0,0.5273919092465753
1.0,128.0,8.0,1.0,1.0,1.0,543.0,32.0,0,0.5015625,0.0625,4096.0,6400000.0,0.5273919092465753
1.0,128.0,2.0,1.0,1.0,1.0,39.0,32.0,0,0.5015625,1024.0,512.0,6400000.0,0.5273919092465753
1.0,128.0,8.0,1.0,1.0,1.0,543.0,32.0,0,0.5015625,256.0,4096.0,6400000.0,0.5273919092465753
128.0,128.0,8.0,5.0,782.0,782.0,28664.0,108736.0,0,0.940625,256.0,0.0625,6400000.0,0.9409246575342465
128.0,128.0,8.0,5.0,781.0,781.0,28631.0,108576.0,0,0.940625,256.0,16.0,6400000.0,0.9409246575342465
128.0,128.0,4.0,32.0,1524.0,1513.0,49753.0,225696.0,0,0.9796875,0.00195312,0.00390625,6400000.0,0.9792655332681017
1.0,128.0,4.0,1.0,1.0,1.0,63.0,32.0,0,0.5015625,0.25,8192.0,6400000.0,0.5273919092465753
1.0,128.0,4.0,1.0,1.0,1.0,63.0,32.0,0,0.5015625,32768.0,8.0,6400000.0,0.5273919092465753
1.0,128.0,2.0,1.0,1.0,1.0,39.0,32.0,0,0.5015625,4096.0,0.03125,6400000.0,0.5273919092465753
1.0,128.0,8.0,1.0,1.0,1.0,543.0,32.0,0,0.5015625,512.0,0.0078125,6400000.0,0.5273919092465753
1.0,128.0,2.0,1.0,1.0,1.0,39.0,32.0,0,0.5015625,2048.0,4.0,6400000.0,0.5273919092465753
1.0,128.0,2.0,1.0,1.0,1.0,39.0,32.0,0,0.5015625,4096.0,32768.0,6400000.0,0.5273919092465753
1.0,128.0,4.0,1.0,1.0,1.0,63.0,32.0,0,0.5015625,32768.0,8192.0,6400000.0,0.5273919092465753
1.0,128.0,2.0,1.0,1.0,1.0,39.0,32.0,0,0.5015625,2048.0,4096.0,6400000.0,0.5273919092465753
128.0,128.0,8.0,13.0,3327.0,3429.0,113605.0,532256.0,0,0.9703125,32.0,0.25,6400000.0,0.9671408696183953
128.0,128.0,4.0,8.0,1507.0,1516.0,49686.0,226176.0,0,0.959375,64.0,0.0625,6400000.0,0.961271556996086
1.0,128.0,2.0,1.0,1.0,1.0,39.0,32.0,0,0.5015625,4096.0,32.0,6400000.0,0.5273919092465753
1.0,128.0,4.0,1.0,1.0,1.0,63.0,32.0,0,0.5015625,32.0,16384.0,6400000.0,0.5273919092465753
128.0,128.0,8.0,32.0,3668.0,3758.0,124702.0,584896.0,0,0.9859375,0.00195312,0.0,6400000.0,0.9804381727005872
1.0,128.0,4.0,1.0,1.0,1.0,63.0,32.0,0,0.5015625,0.015625,2048.0,6400000.0,0.5273919092465753
128.0,128.0,8.0,10.0,2713.0,2806.0,93397.0,432576.0,0,0.9640625,8.0,32.0,6400000.0,0.9644011435909979
128.0,128.0,8.0,23.0,3505.0,3657.0,119574.0,568736.0,0,0.9828125,0.0625,8.0,6400000.0,0.9796561582681018
128.0,128.0,4.0,15.0,1519.0,1514.0,49936.0,225856.0,0,0.971875,16.0,0.00195312,6400000.0,0.9659674657534246
128.0,128.0,4.0,6.0,1031.0,1032.0,34012.0,148736.0,0,0.940625,128.0,0.000976562,6400000.0,0.9409246575342465
1.0,128.0,8.0,1.0,1.0,1.0,543.0,32.0,0,0.5015625,8.0,8192.0,6400000.0,0.5273919092465753
1.0,128.0,2.0,1.0,1.0,1.0,39.0,32.0,0,0.5015625,8192.0,256.0,6400000.0,0.5273919092465753
1.0,128.0,8.0,1.0,1.0,1.0,543.0,32.0,0,0.5015625,0.0,2048.0,6400000.0,0.5273919092465753
1.0,128.0,2.0,1.0,1.0,1.0,39.0,32.0,0,0.5015625,8192.0,0.25,6400000.0,0.5273919092465753
1.0,128.0,2.0,1.0,1.0,1.0,39.0,32.0,0,0.5015625,16384.0,0.00195312,6400000.0,0.5273919092465753
128.0,128.0,8.0,8.0,1747.0,1749.0,60990.0,263456.0,0,0.959375,0.000976562,128.0,6400000.0,0.9409246575342465
1.0,128.0,2.0,1.0,1.0,1.0,39.0,32.0,0,0.5015625,16384.0,2048.0,6400000.0,0.5273919092465753
1.0,128.0,8.0,1.0,1.0,1.0,543.0,32.0,0,0.5015625,0.0078125,16384.0,6400000.0,0.5273919092465753
1.0,128.0,4.0,1.0,1.0,1.0,63.0,32.0,0,0.5015625,2.0,4096.0,6400000.0,0.5273919092465753
1.0,128.0,2.0,1.0,1.0,1.0,39.0,32.0,0,0.5015625,32768.0,16.0,6400000.0,0.5273919092465753
1.0,128.0,2.0,1.0,1.0,1.0,39.0,32.0,0,0.5015625,32768.0,0.015625,6400000.0,0.5273919092465753
1.0,128.0,4.0,1.0,1.0,1.0,63.0,32.0,0,0.5015625,1024.0,512.0,6400000.0,0.5273919092465753
1.0,128.0,4.0,1.0,1.0,1.0,63.0,32.0,0,0.5015625,1024.0,0.0,6400000.0,0.5273919092465753
128.0,128.0,4.0,30.0,1520.0,1509.0,49663.0,225056.0,0,0.9796875,0.25,0.0078125,6400000.0,0.9773093505381605
1.0,128.0,8.0,1.0,1.0,1.0,543.0,32.0,0,0.5015625,512.0,2.0,6400000.0,0.5273919092465753
1.0,128.0,2.0,1.0,1.0,1.0,39.0,32.0,0,0.5015625,32768.0,16384.0,6400000.0,0.5273919092465753
1.0,128.0,4.0,1.0,1.0,1.0,63.0,32.0,0,0.5015625,1024.0,0.5,6400000.0,0.5273919092465753
1.0,128.0,4.0,1.0,1.0,1.0,63.0,32.0,0,0.5015625,512.0,64.0,6400000.0,0.5273919092465753
1.0,128.0,8.0,1.0,1.0,1.0,543.0,32.0,0,0.5015625,0.25,16384.0,6400000.0,0.5273919092465753
128.0,128.0,8.0,31.0,3672.0,3766.0,124859.0,586176.0,0,0.9875,0.0625,0.03125,6400000.0,0.9792647688356164
1.0,128.0,4.0,1.0,1.0,1.0,63.0,32.0,0,0.5015625,0.000976562,512.0,6400000.0,0.5273919092465753
128.0,128.0,4.0,32.0,1518.0,1506.0,49554.0,224576.0,0,0.9765625,0.03125,0.015625,6400000.0,0.9777007399706459
128.0,128.0,4.0,23.0,1509.0,1500.0,49449.0,223616.0,0,0.9796875,2.0,0.00390625,6400000.0,0.9780928938356166
128.0,128.0,8.0,8.0,2140.0,2189.0,74231.0,333856.0,0,0.959375,32.0,64.0,6400000.0,0.9495413405088062
1.0,128.0,4.0,1.0,1.0,1.0,63.0,32.0,0,0.5015625,512.0,0.0625,6400000.0,0.5273919092465753
1.0,128.0,2.0,1.0,1.0,1.0,39.0,32.0,0,0.5015625,16384.0,2.0,6400000.0,0.5273919092465753
128.0,128.0,8.0,13.0,3335.0,3437.0,113869.0,533536.0,0,0.9703125,0.25,32.0,6400000.0,0.96674948018591
1.0,128.0,4.0,1.0,1.0,1.0,63.0,32.0,0,0.5015625,0.125,1024.0,6400000.0,0.5273919092465753
1.0,128.0,4.0,1.0,1.0,1.0,63.0,32.0,0,0.5015625,4096.0,32.0,6400000.0,0.5273919092465753
1.0,128.0,4.0,1.0,1.0,1.0,63.0,32.0,0,0.5015625,2048.0,4096.0,6400000.0,0.5273919092465753
1.0,128.0,4.0,1.0,1.0,1.0,63.0,32.0,0,0.5015625,4096.0,32768.0,6400000.0,0.5273919092465753
128.0,128.0,4.0,5.0,782.0,782.0,25784.0,108736.0,0,0.940625,256.0,0.0078125,6400000.0,0.9409246575342465
1.0,128.0,4.0,1.0,1.0,1.0,63.0,32.0,0,0.5015625,2048.0,4.0,6400000.0,0.5273919092465753
1.0,128.0,8.0,1.0,1.0,1.0,543.0,32.0,0,0.5015625,0.00195312,8192.0,6400000.0,0.5273919092465753
1.0,128.0,4.0,1.0,1.0,1.0,63.0,32.0,0,0.5015625,256.0,8192.0,6400000.0,0.5273919092465753
1.0,128.0,4.0,1.0,1.0,1.0,63.0,32.0,0,0.5015625,2048.0,0.00390625,6400000.0,0.5273919092465753
128.0,128.0,4.0,5.0,782.0,782.0,25784.0,108736.0,0,0.940625,0.0078125,256.0,6400000.0,0.9409246575342465
1.0,128.0,4.0,1.0,1.0,1.0,63.0,32.0,0,0.5015625,16.0,2048.0,6400000.0,0.5273919092465753
1.0,128.0,8.0,1.0,1.0,1.0,543.0,32.0,0,0.5015625,512.0,512.0,6400000.0,0.5273919092465753
1.0,128.0,8.0,1.0,1.0,1.0,543.0,32.0,0,0.5015625,4.0,512.0,6400000.0,0.5273919092465753
1.0,128.0,4.0,1.0,1.0,1.0,63.0,32.0,0,0.5015625,4096.0,0.03125,6400000.0,0.5273919092465753
1.0,128.0,4.0,1.0,1.0,1.0,63.0,32.0,0,0.5015625,128.0,1024.0,6400000.0,0.5273919092465753
1.0,128.0,8.0,1.0,1.0,1.0,543.0,32.0,0,0.5015625,1024.0,0.000976562,6400000.0,0.5273919092465753
128.0,128.0,4.0,8.0,1453.0,1463.0,47905.0,217696.0,0,0.95,0.0,64.0,6400000.0,0.9377981286692758
128.0,128.0,4.0,32.0,1531.0,1519.0,49983.0,226656.0,0,0.9796875,0.00390625,0.03125,6400000.0,0.9769179611056751
128.0,128.0,8.0,8.0,1799.0,1800.0,62705.0,271616.0,0,0.959375,1.0,128.0,6400000.0,0.9409246575342465
1.0,128.0,8.0,1.0,1.0,1.0,543.0,32.0,0,0.5015625,64.0,2048.0,6400000.0,0.5273919092465753
128.0,128.0,8.0,8.0,2082.0,2115.0,72301.0,322016.0,0,0.959375,64.0,0.03125,6400000.0,0.9628371147260273
128.0,128.0,8.0,32.0,3669.0,3759.0,124735.0,585056.0,0,0.9859375,0.03125,0.00195312,6400000.0,0.9792640044031311
128.0,128.0,8.0,13.0,3335.0,3437.0,113869.0,533536.0,0,0.9703125,0.0078125,32.0,6400000.0,0.96674948018591
128.0,128.0,4.0,11.0,1411.0,1409.0,46459.0,209056.0,0,0.96875,32.0,0.015625,6400000.0,0.9659667013209393
1.0,128.0,4.0,1.0,1.0,1.0,63.0,32.0,0,0.5015625,1.0,512.0,6400000.0,0.5273919092465753
128.0,128.0,8.0,8.0,1747.0,1749.0,60990.0,263456.0,0,0.959375,0.03125,128.0,6400000.0,0.9409246575342465
128.0,128.0,4.0,6.0,1034.0,1034.0,34110.0,149056.0,0,0.940625,128.0,1.0,6400000.0,0.9409246575342465
128.0,128.0,8.0,31.0,3692.0,3791.0,125524.0,590176.0,0,0.9890625,0.125,0.00390625,6400000.0,0.9792640044031311
128.0,128.0,4.0,11.0,1437.0,1435.0,47317.0,213216.0,0,0.9671875,0.00390625,32.0,6400000.0,0.965575311888454
128.0,128.0,4.0,6.0,1031.0,1032.0,34012.0,148736.0,0,0.940625,0.0625,128.0,6400000.0,0.9409246575342465
128.0,128.0,8.0,23.0,3505.0,3657.0,119574.0,568736.0,0,0.9828125,8.0,0.000976562,6400000.0,0.9788733794031312
1.0,128.0,8.0,1.0,1.0,1.0,543.0,32.0,0,0.5015625,1024.0,0.25,6400000.0,0.5273919092465753
1.0,128.0,4.0,1.0,1.0,1.0,63.0,32.0,0,0.5015625,8192.0,0.25,6400000.0,0.5273919092465753
128.0,128.0,8.0,32.0,3678.0,3768.0,125032.0,586496.0,0,0.9875,0.0078125,0.000976562,6400000.0,0.9804381727005872
128.0,128.0,8.0,29.0,3773.0,3873.0,128240.0,603296.0,0,0.9875,0.125,1.0,6400000.0,0.980047547700587
128.0,128.0,4.0,22.0,1539.0,1531.0,50461.0,228576.0,0,0.978125,4.0,0.03125,6400000.0,0.9749602495107632
1.0,128.0,8.0,1.0,1.0,1.0,543.0,32.0,0,0.5015625,0.5,2048.0,6400000.0,0.5273919092465753
1.0,128.0,8.0,1.0,1.0,1.0,543.0,32.0,0,0.5015625,16.0,1024.0,6400000.0,0.5273919092465753
128.0,128.0,8.0,30.0,3747.0,3847.0,127361.0,599136.0,0,0.9875,1.0,0.00195312,6400000.0,0.9792632399706458
128.0,128.0,4.0,5.0,782.0,782.0,25784.0,108736.0,0,0.940625,256.0,8.0,6400000.0,0.9409246575342465
128.0,128.0,4.0,23.0,1549.0,1540.0,50769.0,230016.0,0,0.9796875,0.00195312,4.0,6400000.0,0.973787610078278
128.0,128.0,4.0,28.0,1492.0,1483.0,48783.0,220896.0,0,0.978125,0.5,0.0625,6400000.0,0.9777007399706458
128.0,128.0,8.0,32.0,3683.0,3771.0,125195.0,586976.0,0,0.9875,0.0,0.015625,6400000.0,0.9808295621330725
128.0,128.0,8.0,30.0,3747.0,3847.0,127361.0,599136.0,0,0.9875,0.00390625,1.0,6400000.0,0.9792632399706458
1.0,128.0,4.0,1.0,1.0,1.0,63.0,32.0,0,0.5015625,8192.0,256.0,6400000.0,0.5273919092465753
128.0,128.0,4.0,32.0,1523.0,1512.0,49720.0,225536.0,0,0.9796875,0.0078125,0.0,6400000.0,0.979656922700587
128.0,128.0,4.0,13.0,1497.0,1496.0,49256.0,222976.0,0,0.9625,0.03125,16.0,6400000.0,0.9671416340508806
128.0,128.0,4.0,32.0,1524.0,1513.0,49753.0,225696.0,0,0.9796875,0.000976562,0.000976562,6400000.0,0.9788749082681016
128.0,128.0,4.0,32.0,1538.0,1526.0,50214.0,227776.0,0,0.9796875,0.0,0.0625,6400000.0,0.9777007399706459
1.0,128.0,8.0,1.0,1.0,1.0,543.0,32.0,0,0.5015625,1024.0,64.0,6400000.0,0.5273919092465753
128.0,128.0,4.0,30.0,1520.0,1509.0,49663.0,225056.0,0,0.9796875,0.0078125,0.25,6400000.0,0.9773093505381605
128.0,128.0,8.0,31.0,3672.0,3766.0,124859.0,586176.0,0,0.9875,0.0625,0.0,6400000.0,0.978873379403131
1.0,128.0,8.0,1.0,1.0,1.0,543.0,32.0,0,0.5015625,1024.0,16384.0,6400000.0,0.5273919092465753
128.0,128.0,4.0,5.0,782.0,782.0,25784.0,108736.0,0,0.940625,8.0,256.0,6400000.0,0.9409246575342465
128.0,128.0,4.0,29.0,1514.0,1504.0,49487.0,224256.0,0,0.9765625,0.000976562,0.5,6400000.0,0.9800483121330725
128.0,128.0,4.0,8.0,1464.0,1474.0,48268.0,219456.0,0,0.95,0.5,64.0,6400000.0,0.9377981286692758
1.0,128.0,8.0,1.0,1.0,1.0,543.0,32.0,0,0.5015625,2048.0,0.03125,6400000.0,0.5273919092465753
1.0,128.0,4.0,1.0,1.0,1.0,63.0,32.0,0,0.5015625,0.03125,32768.0,6400000.0,0.5273919092465753
1.0,128.0,8.0,1.0,1.0,1.0,543.0,32.0,0,0.5015625,2048.0,8.0,6400000.0,0.5273919092465753
1.0,128.0,8.0,1.0,1.0,1.0,543.0,32.0,0,0.5015625,0.00390625,512.0,6400000.0,0.5273919092465753
128.0,128.0,8.0,8.0,2161.0,2160.0,74874.0,329216.0,0,0.959375,128.0,0.00390625,6400000.0,0.9409246575342465
1.0,128.0,4.0,1.0,1.0,1.0,63.0,32.0,0,0.5015625,16384.0,0.00195312,6400000.0,0.5273919092465753
128.0,128.0,8.0,27.0,3695.0,3814.0,125727.0,593856.0,0,0.9875,0.0,4.0,6400000.0,0.9792647688356164
1.0,128.0,4.0,1.0,1.0,1.0,63.0,32.0,0,0.5015625,16384.0,2.0,6400000.0,0.5273919092465753
128.0,128.0,4.0,13.0,1513.0,1509.0,49781.0,225056.0,0,0.9609375,16.0,2.0,6400000.0,0.9640112830234834
128.0,128.0,8.0,31.0,3652.0,3751.0,124204.0,583776.0,0,0.9875,0.25,0.125,6400000.0,0.9788726149706457
1.0,128.0,8.0,1.0,1.0,1.0,543.0,32.0,0,0.5015625,0.015625,2048.0,6400000.0,0.5273919092465753
128.0,128.0,4.0,23.0,1503.0,1494.0,49251.0,222656.0,0,0.9765625,0.015625,2.0,6400000.0,0.9769187255381604
1.0,128.0,8.0,1.0,1.0,1.0,543.0,32.0,0,0.5015625,2048.0,2048.0,6400000.0,0.5273919092465753
1.0,128.0,8.0,1.0,1.0,1.0,543.0,32.0,0,0.5015625,32.0,32768.0,6400000.0,0.5273919092465753
128.0,128.0,8.0,8.0,2071.0,2070.0,71904.0,314816.0,0,0.959375,128.0,1.0,6400000.0,0.9409246575342465
128.0,128.0,4.0,27.0,1479.0,1465.0,48370.0,218016.0,0,0.978125,0.125,1.0,6400000.0,0.9796576871330724
1.0,128.0,4.0,1.0,1.0,1.0,63.0,32.0,0,0.5015625,32768.0,0.015625,6400000.0,0.5273919092465753
128.0,128.0,4.0,30.0,1509.0,1499.0,49301.0,223456.0,0,0.978125,0.0625,0.125,6400000.0,0.9788749082681019
128.0,128.0,8.0,5.0,782.0,782.0,28664.0,108736.0,0,0.940625,256.0,0.0,6400000.0,0.9409246575342465
1.0,128.0,8.0,1.0,1.0,1.0,543.0,32.0,0,0.5015625,4096.0,0.00390625,6400000.0,0.5273919092465753
128.0,128.0,8.0,27.0,3706.0,3823.0,126088.0,595296.0,0,0.9890625,0.5,4.0,6400000.0,0.9800452544031311
128.0,128.0,4.0,18.0,1542.0,1541.0,50651.0,230176.0,0,0.978125,0.25,8.0,6400000.0,0.973787610078278
1.0,128.0,4.0,1.0,1.0,1.0,63.0,32.0,0,0.5015625,16384.0,2048.0,6400000.0,0.5273919092465753
128.0,128.0,8.0,31.0,3648.0,3747.0,124072.0,583136.0,0,0.9875,0.25,0.000976562,6400000.0,0.9800467832681019
128.0,128.0,4.0,20.0,1537.0,1531.0,50439.0,228576.0,0,0.975,2.0,4.0,6400000.0,0.9745696245107632
1.0,128.0,8.0,1.0,1.0,1.0,543.0,32.0,0,0.5015625,4096.0,1.0,6400000.0,0.5273919092465753
128.0,128.0,8.0,5.0,673.0,696.0,25090.0,94976.0,0,0.940625,128.0,256.0,6400000.0,0.9033657962328766
1.0,128.0,8.0,1.0,1.0,1.0,543.0,32.0,0,0.5015625,0.125,512.0,6400000.0,0.5273919092465753
1.0,128.0,8.0,1.0,1.0,1.0,543.0,32.0,0,0.5015625,4096.0,256.0,6400000.0,0.5273919092465753
1.0,128.0,4.0,1.0,1.0,1.0,63.0,32.0,0,0.5015625,0.00195312,8192.0,6400000.0,0.5273919092465753
128.0,128.0,8.0,13.0,3305.0,3403.0,112875.0,528096.0,0,0.9703125,2.0,16.0,6400000.0,0.9710524706457925
128.0,128.0,4.0,5.0,782.0,782.0,25784.0,108736.0,0,0.940625,64.0,128.0,6400000.0,0.9409246575342465
128.0,128.0,4.0,11.0,1443.0,1441.0,47515.0,214176.0,0,0.9625,4.0,32.0,6400000.0,0.9640112830234834
1.0,128.0,8.0,1.0,1.0,1.0,543.0,32.0,0,0.5015625,2.0,8192.0,6400000.0,0.5273919092465753
128.0,128.0,4.0,24.0,1511.0,1501.0,49493.0,223776.0,0,0.9796875,1.0,0.5,6400000.0,0.9804404659980431
1.0,128.0,8.0,1.0,1.0,1.0,543.0,32.0,0,0.5015625,8192.0,0.125,6400000.0,0.5273919092465753
128.0,128.0,4.0,18.0,1546.0,1543.0,50781.0,230496.0,0,0.9765625,8.0,0.25,6400000.0,0.9706595523483366
128.0,128.0,8.0,13.0,3332.0,3431.0,113767.0,532576.0,0,0.9703125,16.0,0.015625,6400000.0,0.9718352495107633
128.0,128.0,8.0,29.0,3677.0,3805.0,125100.0,592416.0,0,0.9890625,2.0,0.0,6400000.0,0.9800467832681019
128.0,128.0,8.0,31.0,3678.0,3775.0,125060.0,587616.0,0,0.9875,0.5,0.015625,6400000.0,0.9796553938356165
1.0,128.0,8.0,1.0,1.0,1.0,543.0,32.0,0,0.5015625,8192.0,0.0,6400000.0,0.5273919092465753
1.0,128.0,8.0,1.0,1.0,1.0,543.0,32.0,0,0.5015625,8192.0,32.0,6400000.0,0.5273919092465753
1.0,128.0,8.0,1.0,1.0,1.0,543.0,32.0,0,0.5015625,256.0,8192.0,6400000.0,0.5273919092465753
1.0,128.0,8.0,1.0,1.0,1.0,543.0,32.0,0,0.5015625,0.0625,8192.0,6400000.0,0.5273919092465753
128.0,128.0,8.0,31.0,3692.0,3791.0,125524.0,590176.0,0,0.9890625,0.0078125,0.125,6400000.0,0.9800467832681019
1.0,128.0,4.0,1.0,1.0,1.0,63.0,32.0,0,0.5015625,0.25,16384.0,6400000.0,0.5273919092465753
128.0,128.0,4.0,9.0,1488.0,1487.0,49028.0,221536.0,0,0.9625,32.0,16.0,6400000.0,0.9585318309686887
1.0,128.0,4.0,1.0,1.0,1.0,63.0,32.0,0,0.5015625,32768.0,16.0,6400000.0,0.5273919092465753
128.0,128.0,8.0,5.0,782.0,782.0,28664.0,108736.0,0,0.940625,256.0,0.125,6400000.0,0.9409246575342465
128.0,128.0,8.0,5.0,777.0,777.0,28499.0,107936.0,0,0.940625,256.0,32.0,6400000.0,0.9409246575342465
1.0,128.0,8.0,1.0,1.0,1.0,543.0,32.0,0,0.5015625,512.0,0.015625,6400000.0,0.5273919092465753
1.0,128.0,8.0,1.0,1.0,1.0,543.0,32.0,0,0.5015625,16384.0,0.015625,6400000.0,0.5273919092465753
128.0,128.0,8.0,8.0,2061.0,2083.0,71597.0,316896.0,0,0.959375,64.0,8.0,6400000.0,0.9569662732387474
128.0,128.0,4.0,32.0,1529.0,1517.0,49917.0,226336.0,0,0.9796875,0.015625,0.00390625,6400000.0,0.9780928938356166
1.0,128.0,8.0,1.0,1.0,1.0,543.0,32.0,0,0.5015625,8192.0,8192.0,6400000.0,0.5273919092465753
128.0,128.0,4.0,31.0,1529.0,1518.0,49939.0,226496.0,0,0.978125,0.125,0.00195312,6400000.0,0.9780913649706457
128.0,128.0,8.0,31.0,3678.0,3775.0,125060.0,587616.0,0,0.9875,0.000976562,0.5,6400000.0,0.9796553938356165
128.0,128.0,4.0,28.0,1455.0,1447.0,47563.0,215136.0,0,0.978125,1.0,0.000976562,6400000.0,0.9784835188356166
128.0,128.0,4.0,19.0,1503.0,1498.0,49339.0,223296.0,0,0.9765625,8.0,0.0,6400000.0,0.9726126773483366
1.0,128.0,4.0,1.0,1.0,1.0,63.0,32.0,0,0.5015625,32768.0,16384.0,6400000.0,0.5273919092465753
128.0,128.0,8.0,16.0,3450.0,3545.0,117594.0,550816.0,0,0.9765625,0.00195312,16.0,6400000.0,0.9718352495107633
1.0,128.0,8.0,1.0,1.0,1.0,543.0,32.0,0,0.5015625,16384.0,4.0,6400000.0,0.5273919092465753
1.0,128.0,8.0,1.0,1.0,1.0,543.0,32.0,0,0.5015625,32768.0,0.00195312,6400000.0,0.5273919092465753
1.0,128.0,8.0,1.0,1.0,1.0,543.0,32.0,0,0.5015625,16384.0,1024.0,6400000.0,0.5273919092465753
128.0,128.0,8.0,13.0,3289.0,3388.0,112348.0,525696.0,0,0.9703125,16.0,4.0,6400000.0,0.9663603840508805
1.0,128.0,4.0,1.0,1.0,1.0,63.0,32.0,0,0.5015625,32.0,32768.0,6400000.0,0.5273919092465753
1.0,128.0,4.0,1.0,1.0,1.0,63.0,32.0,0,0.5015625,0.015625,4096.0,6400000.0,0.5273919092465753
128.0,128.0,8.0,29.0,3662.0,3794.0,124609.0,590656.0,0,0.9875,1.0,0.5,6400000.0,0.978482754403131
128.0,128.0,8.0,13.0,3327.0,3429.0,113605.0,532256.0,0,0.9703125,32.0,0.00195312,6400000.0,0.9671408696183953
128.0,128.0,4.0,32.0,1534.0,1523.0,50083.0,227296.0,0,0.9796875,0.00195312,0.0078125,6400000.0,0.978875672700587
1.0,128.0,8.0,1.0,1.0,1.0,543.0,32.0,0,0.5015625,8.0,16384.0,6400000.0,0.5273919092465753
128.0,128.0,4.0,8.0,1507.0,1516.0,49686.0,226176.0,0,0.959375,64.0,0.125,6400000.0,0.9569662732387474
128.0,128.0,8.0,28.0,3688.0,3809.0,125477.0,593056.0,0,0.9859375,2.0,0.0625,6400000.0,0.9804381727005872
1.0,128.0,8.0,1.0,1.0,1.0,543.0,32.0,0,0.5015625,32768.0,128.0,6400000.0,0.5273919092465753
1.0,128.0,8.0,1.0,1.0,1.0,543.0,32.0,0,0.5015625,32768.0,0.5,6400000.0,0.5273919092465753
128.0,128.0,8.0,27.0,3695.0,3814.0,125727.0,593856.0,0,0.9875,0.015625,4.0,6400000.0,0.9792655332681017
1.0,128.0,8.0,1.0,1.0,1.0,543.0,32.0,0,0.5015625,32768.0,32768.0,6400000.0,0.5273919092465753
128.0,128.0,8.0,23.0,3473.0,3624.0,118517.0,563456.0,0,0.9796875,8.0,0.25,6400000.0,0.9780906005381607
128.0,128.0,4.0,6.0,1031.0,1032.0,34012.0,148736.0,0,0.940625,128.0,0.00195312,6400000.0,0.9409246575342465
1.0,128.0,8.0,1.0,1.0,1.0,543.0,32.0,0,0.5015625,0.0,4096.0,6400000.0,0.5273919092465753
128.0,128.0,8.0,26.0,3645.0,3774.0,124108.0,587456.0,0,0.9890625,4.0,2.0,6400000.0,0.9788726149706459
128.0,128.0,8.0,27.0,3695.0,3814.0,125727.0,593856.0,0,0.9875,4.0,0.0078125,6400000.0,0.9792647688356164
1.0,128.0,8.0,1.0,1.0,1.0,543.0,32.0,0,0.5015625,0.0078125,32768.0,6400000.0,0.5273919092465753
1.0,128.0,4.0,1.0,1.0,1.0,63.0,32.0,0,0.5015625,2.0,8192.0,6400000.0,0.5273919092465753
128.0,128.0,4.0,15.0,1519.0,1514.0,49936.0,225856.0,0,0.971875,16.0,0.00390625,6400000.0,0.9659674657534246
128.0,128.0,8.0,13.0,3286.0,3388.0,112252.0,525696.0,0,0.9703125,32.0,0.5,6400000.0,0.9671408696183953
128.0,128.0,8.0,32.0,3669.0,3759.0,124735.0,585056.0,0,0.9859375,0.000976562,0.00390625,6400000.0,0.980438172700587
128.0,128.0,8.0,32.0,3669.0,3759.0,124735.0,585056.0,0,0.9859375,0.015625,0.015625,6400000.0,0.9792640044031311
1.0,128.0,4.0,1.0,1.0,1.0,63.0,32.0,0,0.5015625,1024.0,1024.0,6400000.0,0.5273919092465753
256.0,256.0,1.0,13.0,525.0,512.0,16826.0,49152.0,0,0.94375,0.0,0.25,6400000.0,0.9424894508317024
1.0,128.0,4.0,1.0,1.0,1.0,63.0,32.0,0,0.5015625,1024.0,0.000976562,6400000.0,0.5273919092465753
128.0,128.0,8.0,31.0,3672.0,3766.0,124859.0,586176.0,0,0.9875,0.00195312,0.0625,6400000.0,0.9784819899706457
1.0,128.0,4.0,1.0,1.0,1.0,63.0,32.0,0,0.5015625,1024.0,1.0,6400000.0,0.5273919092465753
1.0,128.0,8.0,1.0,1.0,1.0,543.0,32.0,0,0.5015625,0.25,32768.0,6400000.0,0.5273919092465753
128.0,128.0,8.0,5.0,782.0,782.0,28664.0,108736.0,0,0.940625,0.000976562,256.0,6400000.0,0.9409246575342465
1.0,128.0,8.0,1.0,1.0,1.0,543.0,32.0,0,0.5015625,512.0,4.0,6400000.0,0.5273919092465753
1.0,128.0,4.0,1.0,1.0,1.0,63.0,32.0,0,0.5015625,512.0,128.0,6400000.0,0.5273919092465753
256.0,256.0,1.0,14.0,526.0,512.0,16837.0,49152.0,0,0.94375,0.000976562,0.00195312,6400000.0,0.9424894508317024
1.0,128.0,4.0,1.0,1.0,1.0,63.0,32.0,0,0.5015625,0.000976562,1024.0,6400000.0,0.5273919092465753
256.0,256.0,1.0,5.0,516.0,512.0,16704.0,49152.0,0,0.940625,0.0,256.0,6400000.0,0.9409246575342465
128.0,128.0,8.0,31.0,3678.0,3775.0,125060.0,587616.0,0,0.9875,0.03125,0.5,6400000.0,0.9796561582681018
1.0,128.0,4.0,1.0,1.0,1.0,63.0,32.0,0,0.5015625,512.0,0.125,6400000.0,0.5273919092465753
256.0,256.0,1.0,11.0,523.0,512.0,16804.0,49152.0,0,0.94375,0.000976562,2.0,6400000.0,0.9424894508317024
1.0,256.0,1.0,1.0,1.0,1.0,35.0,32.0,0,0.5015625,0.000976562,2048.0,6400000.0,0.5273919092465753
128.0,128.0,8.0,32.0,3678.0,3768.0,125032.0,586496.0,0,0.9875,0.00390625,0.0078125,6400000.0,0.9808295621330725
1.0,128.0,4.0,1.0,1.0,1.0,63.0,32.0,0,0.5015625,0.125,2048.0,6400000.0,0.5273919092465753
1.0,128.0,4.0,1.0,1.0,1.0,63.0,32.0,0,0.5015625,2048.0,8.0,6400000.0,0.5273919092465753
128.0,128.0,8.0,8.0,2049.0,2072.0,70946.0,315136.0,0,0.959375,8.0,64.0,6400000.0,0.9483656433463796
1.0,128.0,4.0,1.0,1.0,1.0,63.0,32.0,0,0.5015625,8192.0,0.0,6400000.0,0.5273919092465753
256.0,256.0,1.0,14.0,526.0,512.0,16837.0,49152.0,0,0.94375,0.00195312,0.015625,6400000.0,0.9424894508317024
1.0,128.0,4.0,1.0,1.0,1.0,63.0,32.0,0,0.5015625,4096.0,64.0,6400000.0,0.5273919092465753
1.0,128.0,4.0,1.0,1.0,1.0,63.0,32.0,0,0.5015625,2048.0,8192.0,6400000.0,0.5273919092465753
1.0,128.0,8.0,1.0,1.0,1.0,543.0,32.0,0,0.5015625,0.00195312,16384.0,6400000.0,0.5273919092465753
1.0,128.0,4.0,1.0,1.0,1.0,63.0,32.0,0,0.5015625,256.0,16384.0,6400000.0,0.5273919092465753
128.0,128.0,8.0,16.0,3450.0,3545.0,117594.0,550816.0,0,0.9765625,0.0625,16.0,6400000.0,0.9718352495107633
128.0,128.0,4.0,31.0,1512.0,1500.0,49377.0,223616.0,0,0.978125,0.25,0.015625,6400000.0,0.9773093505381605
1.0,128.0,8.0,1.0,1.0,1.0,543.0,32.0,0,0.5015625,512.0,1024.0,6400000.0,0.5273919092465753
1.0,128.0,4.0,1.0,1.0,1.0,63.0,32.0,0,0.5015625,2048.0,0.0078125,6400000.0,0.5273919092465753
128.0,128.0,4.0,5.0,782.0,782.0,25784.0,108736.0,0,0.940625,256.0,0.015625,6400000.0,0.9409246575342465
1.0,128.0,4.0,1.0,1.0,1.0,63.0,32.0,0,0.5015625,4096.0,0.0625,6400000.0,0.5273919092465753
1.0,128.0,4.0,1.0,1.0,1.0,63.0,32.0,0,0.5015625,16.0,4096.0,6400000.0,0.5273919092465753
1.0,128.0,4.0,1.0,1.0,1.0,63.0,32.0,0,0.5015625,128.0,2048.0,6400000.0,0.5273919092465753
128.0,128.0,8.0,5.0,782.0,782.0,28664.0,108736.0,0,0.940625,32.0,128.0,6400000.0,0.9409246575342465
1.0,128.0,8.0,1.0,1.0,1.0,543.0,32.0,0,0.5015625,4.0,1024.0,6400000.0,0.5273919092465753
128.0,128.0,4.0,23.0,1509.0,1500.0,49449.0,223616.0,0,0.9796875,2.0,0.0078125,6400000.0,0.9780928938356166
1.0,128.0,4.0,1.0,1.0,1.0,63.0,32.0,0,0.5015625,0.0078125,512.0,6400000.0,0.5273919092465753
1.0,128.0,8.0,1.0,1.0,1.0,543.0,32.0,0,0.5015625,1024.0,0.00195312,6400000.0,0.5273919092465753
1.0,128.0,8.0,1.0,1.0,1.0,543.0,32.0,0,0.5015625,64.0,4096.0,6400000.0,0.5273919092465753
256.0,256.0,1.0,9.0,520.0,512.0,16780.0,49152.0,0,0.940625,0.00195312,16.0,6400000.0,0.9401418786692759
128.0,128.0,4.0,32.0,1538.0,1526.0,50214.0,227776.0,0,0.9796875,0.03125,0.03125,6400000.0,0.9777007399706459
1.0,128.0,4.0,1.0,1.0,1.0,63.0,32.0,0,0.5015625,1.0,1024.0,6400000.0,0.5273919092465753
128.0,128.0,8.0,32.0,3668.0,3758.0,124702.0,584896.0,0,0.9859375,0.00195312,0.000976562,6400000.0,0.9804381727005872
128.0,128.0,8.0,5.0,782.0,782.0,28664.0,108736.0,0,0.940625,1.0,256.0,6400000.0,0.9409246575342465
128.0,128.0,4.0,6.0,1031.0,1032.0,34012.0,148736.0,0,0.940625,0.0,128.0,6400000.0,0.9409246575342465
128.0,128.0,8.0,5.0,782.0,782.0,28664.0,108736.0,0,0.940625,0.03125,256.0,6400000.0,0.9409246575342465
128.0,128.0,4.0,11.0,1411.0,1409.0,46459.0,209056.0,0,0.96875,32.0,0.03125,6400000.0,0.9659667013209393
128.0,128.0,4.0,7.0,1312.0,1311.0,43262.0,193376.0,0,0.946875,128.0,2.0,6400000.0,0.9409246575342465
1.0,128.0,8.0,1.0,1.0,1.0,543.0,32.0,0,0.5015625,1024.0,0.5,6400000.0,0.5273919092465753
128.0,128.0,8.0,8.0,2039.0,2069.0,70623.0,314656.0,0,0.959375,0.25,64.0,6400000.0,0.9499312010763209
128.0,128.0,4.0,5.0,782.0,782.0,25784.0,108736.0,0,0.940625,0.0625,256.0,6400000.0,0.9409246575342465
1.0,128.0,4.0,1.0,1.0,1.0,63.0,32.0,0,0.5015625,8192.0,0.5,6400000.0,0.5273919092465753
1.0,128.0,8.0,1.0,1.0,1.0,543.0,32.0,0,0.5015625,0.5,4096.0,6400000.0,0.5273919092465753
128.0,128.0,4.0,32.0,1538.0,1526.0,50214.0,227776.0,0,0.9796875,0.00390625,0.0625,6400000.0,0.9773093505381605
1.0,128.0,8.0,1.0,1.0,1.0,543.0,32.0,0,0.5015625,16.0,2048.0,6400000.0,0.5273919092465753
1.0,128.0,4.0,1.0,1.0,1.0,63.0,32.0,0,0.5015625,8192.0,512.0,6400000.0,0.5273919092465753
128.0,128.0,4.0,5.0,781.0,781.0,25751.0,108576.0,0,0.940625,256.0,16.0,6400000.0,0.9409246575342465
1.0,128.0,8.0,1.0,1.0,1.0,543.0,32.0,0,0.5015625,1024.0,128.0,6400000.0,0.5273919092465753
128.0,128.0,8.0,31.0,3692.0,3791.0,125524.0,590176.0,0,0.9890625,0.0625,0.0625,6400000.0,0.9796546294031311
1.0,128.0,8.0,1.0,1.0,1.0,543.0,32.0,0,0.5015625,1024.0,32768.0,6400000.0,0.5273919092465753
128.0,128.0,4.0,8.0,1453.0,1463.0,47905.0,217696.0,0,0.95,0.00390625,64.0,6400000.0,0.9377981286692758
128.0,128.0,8.0,8.0,2039.0,2069.0,70623.0,314656.0,0,0.959375,0.0078125,64.0,6400000.0,0.9499312010763209
1.0,256.0,1.0,1.0,1.0,1.0,35.0,32.0,0,0.5015625,0.00195312,16384.0,6400000.0,0.5273919092465753
128.0,128.0,4.0,22.0,1539.0,1531.0,50461.0,228576.0,0,0.978125,4.0,0.0625,6400000.0,0.9745688600782779
1.0,128.0,8.0,1.0,1.0,1.0,543.0,32.0,0,0.5015625,2048.0,0.0625,6400000.0,0.5273919092465753
1.0,128.0,8.0,1.0,1.0,1.0,543.0,32.0,0,0.5015625,0.00390625,1024.0,6400000.0,0.5273919092465753
1.0,128.0,4.0,1.0,1.0,1.0,63.0,32.0,0,0.5015625,8.0,512.0,6400000.0,0.5273919092465753
256.0,256.0,1.0,14.0,526.0,512.0,16837.0,49152.0,0,0.94375,0.00390625,0.125,6400000.0,0.9424894508317024
256.0,256.0,1.0,14.0,526.0,512.0,16837.0,49152.0,0,0.94375,0.0078125,0.000976562,6400000.0,0.9424894508317024
1.0,128.0,4.0,1.0,1.0,1.0,63.0,32.0,0,0.5015625,16384.0,0.00390625,6400000.0,0.5273919092465753
1.0,128.0,4.0,1.0,1.0,1.0,63.0,32.0,0,0.5015625,16384.0,4.0,6400000.0,0.5273919092465753
256.0,256.0,1.0,5.0,516.0,512.0,16704.0,49152.0,0,0.940625,0.00390625,128.0,6400000.0,0.9409246575342465
1.0,128.0,8.0,1.0,1.0,1.0,543.0,32.0,0,0.5015625,0.015625,4096.0,6400000.0,0.5273919092465753
128.0,128.0,4.0,18.0,1527.0,1523.0,50153.0,227296.0,0,0.9765625,0.00195312,8.0,6400000.0,0.9730040667808219
128.0,128.0,4.0,11.0,1437.0,1435.0,47317.0,213216.0,0,0.9671875,0.03125,32.0,6400000.0,0.965575311888454
1.0,128.0,8.0,1.0,1.0,1.0,543.0,32.0,0,0.5015625,2048.0,4096.0,6400000.0,0.5273919092465753
1.0,128.0,8.0,1.0,1.0,1.0,543.0,32.0,0,0.5015625,2048.0,16.0,6400000.0,0.5273919092465753
256.0,256.0,1.0,12.0,524.0,512.0,16815.0,49152.0,0,0.94375,0.0078125,1.0,6400000.0,0.9424894508317024
128.0,128.0,4.0,30.0,1489.0,1478.0,48640.0,220096.0,0,0.978125,0.5,0.125,6400000.0,0.9788749082681019
128.0,128.0,4.0,6.0,1035.0,1035.0,34143.0,149216.0,0,0.940625,0.5,128.0,6400000.0,0.9409246575342465
1.0,128.0,4.0,1.0,1.0,1.0,63.0,32.0,0,0.5015625,32768.0,0.03125,6400000.0,0.5273919092465753
128.0,128.0,4.0,31.0,1529.0,1518.0,49939.0,226496.0,0,0.978125,0.0,0.125,6400000.0,0.9780913649706457
128.0,128.0,8.0,8.0,2082.0,2115.0,72301.0,322016.0,0,0.959375,64.0,0.0625,6400000.0,0.9628371147260273
128.0,128.0,8.0,8.0,2161.0,2160.0,74874.0,329216.0,0,0.959375,128.0,0.0078125,6400000.0,0.9409246575342465
1.0,128.0,8.0,1.0,1.0,1.0,543.0,32.0,0,0.5015625,4096.0,2.0,6400000.0,0.5273919092465753
128.0,128.0,8.0,32.0,3669.0,3759.0,124735.0,585056.0,0,0.9859375,0.03125,0.00390625,6400000.0,0.9800467832681017
1.0,128.0,4.0,1.0,1.0,1.0,63.0,32.0,0,0.5015625,16384.0,4096.0,6400000.0,0.5273919092465753
128.0,128.0,4.0,13.0,1542.0,1538.0,50738.0,229696.0,0,0.9609375,16.0,4.0,6400000.0,0.9659674657534246
128.0,128.0,4.0,29.0,1514.0,1504.0,49487.0,224256.0,0,0.9765625,0.0078125,0.5,6400000.0,0.9800483121330725
1.0,128.0,8.0,1.0,1.0,1.0,543.0,32.0,0,0.5015625,4096.0,0.0078125,6400000.0,0.5273919092465753
128.0,128.0,4.0,28.0,1455.0,1447.0,47563.0,215136.0,0,0.978125,0.000976562,1.0,6400000.0,0.9792662977005872
1.0,256.0,1.0,1.0,1.0,1.0,35.0,32.0,0,0.5015625,0.0078125,1024.0,6400000.0,0.5273919092465753
128.0,128.0,8.0,23.0,3505.0,3657.0,119574.0,568736.0,0,0.9828125,8.0,0.00195312,6400000.0,0.9788733794031312
128.0,128.0,8.0,8.0,2148.0,2147.0,74445.0,327136.0,0,0.959375,128.0,2.0,6400000.0,0.9409246575342465
1.0,128.0,8.0,1.0,1.0,1.0,543.0,32.0,0,0.5015625,4096.0,512.0,6400000.0,0.5273919092465753
1.0,128.0,8.0,1.0,1.0,1.0,543.0,32.0,0,0.5015625,0.125,1024.0,6400000.0,0.5273919092465753
128.0,128.0,8.0,5.0,782.0,782.0,28664.0,108736.0,0,0.940625,256.0,0.000976562,6400000.0,0.9409246575342465
1.0,128.0,8.0,1.0,1.0,1.0,543.0,32.0,0,0.5015625,128.0,512.0,6400000.0,0.5273919092465753
1.0,128.0,8.0,1.0,1.0,1.0,543.0,32.0,0,0.5015625,2.0,16384.0,6400000.0,0.5273919092465753
1.0,128.0,8.0,1.0,1.0,1.0,543.0,32.0,0,0.5015625,8192.0,0.000976562,6400000.0,0.5273919092465753
128.0,128.0,4.0,5.0,859.0,865.0,28331.0,122016.0,0,0.940625,64.0,256.0,6400000.0,0.9409246575342465
128.0,128.0,4.0,23.0,1549.0,1540.0,50769.0,230016.0,0,0.9796875,0.015625,4.0,6400000.0,0.973787610078278
1.0,128.0,8.0,1.0,1.0,1.0,543.0,32.0,0,0.5015625,8192.0,64.0,6400000.0,0.5273919092465753
1.0,128.0,8.0,1.0,1.0,1.0,543.0,32.0,0,0.5015625,8192.0,0.25,6400000.0,0.5273919092465753
1.0,128.0,8.0,1.0,1.0,1.0,543.0,32.0,0,0.5015625,256.0,16384.0,6400000.0,0.5273919092465753
128.0,128.0,8.0,31.0,3692.0,3791.0,125524.0,590176.0,0,0.9890625,0.125,0.0078125,6400000.0,0.9800467832681019
1.0,128.0,8.0,1.0,1.0,1.0,543.0,32.0,0,0.5015625,0.0625,16384.0,6400000.0,0.5273919092465753
128.0,128.0,4.0,24.0,1529.0,1519.0,50087.0,226656.0,0,0.9796875,0.125,2.0,6400000.0,0.9769187255381606
128.0,128.0,4.0,16.0,1513.0,1509.0,49718.0,225056.0,0,0.96875,0.25,16.0,6400000.0,0.9675330234833659
1.0,128.0,4.0,1.0,1.0,1.0,63.0,32.0,0,0.5015625,32768.0,32.0,6400000.0,0.5273919092465753
128.0,128.0,4.0,30.0,1518.0,1507.0,49597.0,224736.0,0,0.98125,0.0625,0.25,6400000.0,0.9777007399706458
1.0,128.0,4.0,1.0,1.0,1.0,63.0,32.0,0,0.5015625,32768.0,32768.0,6400000.0,0.5273919092465753
256.0,256.0,1.0,14.0,526.0,512.0,16837.0,49152.0,0,0.94375,0.015625,0.0078125,6400000.0,0.9424894508317024
1.0,128.0,8.0,1.0,1.0,1.0,543.0,32.0,0,0.5015625,16384.0,0.03125,6400000.0,0.5273919092465753
1.0,128.0,8.0,1.0,1.0,1.0,543.0,32.0,0,0.5015625,8192.0,16384.0,6400000.0,0.5273919092465753
256.0,256.0,1.0,10.0,522.0,512.0,16793.0,49152.0,0,0.940625,0.015625,8.0,6400000.0,0.9413160469667318
1.0,128.0,8.0,1.0,1.0,1.0,543.0,32.0,0,0.5015625,512.0,0.03125,6400000.0,0.5273919092465753
128.0,128.0,8.0,28.0,3682.0,3803.0,125279.0,592096.0,0,0.9859375,0.125,2.0,6400000.0,0.9804389371330725
1.0,128.0,8.0,1.0,1.0,1.0,543.0,32.0,0,0.5015625,16384.0,8.0,6400000.0,0.5273919092465753
128.0,128.0,4.0,17.0,1474.0,1478.0,48418.0,220096.0,0,0.9765625,2.0,8.0,6400000.0,0.96870260518591
128.0,128.0,8.0,8.0,2082.0,2115.0,72301.0,322016.0,0,0.959375,64.0,0.0,6400000.0,0.9628371147260273
128.0,128.0,4.0,23.0,1509.0,1500.0,49449.0,223616.0,0,0.9796875,1.0,1.0,6400000.0,0.9784842832681017
128.0,128.0,8.0,29.0,3677.0,3805.0,125100.0,592416.0,0,0.9890625,0.00390625,2.0,6400000.0,0.9800467832681019
1.0,128.0,8.0,1.0,1.0,1.0,543.0,32.0,0,0.5015625,16384.0,2048.0,6400000.0,0.5273919092465753
128.0,128.0,8.0,5.0,859.0,865.0,31211.0,122016.0,0,0.940625,256.0,64.0,6400000.0,0.9409246575342465
128.0,128.0,8.0,32.0,3678.0,3768.0,125032.0,586496.0,0,0.9875,0.0078125,0.00195312,6400000.0,0.9804381727005872
128.0,128.0,4.0,8.0,1449.0,1459.0,47773.0,217056.0,0,0.95,4.0,64.0,6400000.0,0.9377981286692758
128.0,128.0,8.0,5.0,782.0,782.0,28664.0,108736.0,0,0.940625,256.0,0.25,6400000.0,0.9409246575342465
128.0,128.0,8.0,30.0,3747.0,3847.0,127361.0,599136.0,0,0.9875,1.0,0.00390625,6400000.0,0.9792632399706458
1.0,128.0,8.0,1.0,1.0,1.0,543.0,32.0,0,0.5015625,32768.0,0.00390625,6400000.0,0.5273919092465753
128.0,128.0,8.0,32.0,3669.0,3759.0,124735.0,585056.0,0,0.9859375,0.0,0.03125,6400000.0,0.9792640044031311
1.0,256.0,1.0,1.0,1.0,1.0,35.0,32.0,0,0.5015625,0.015625,8192.0,6400000.0,0.5273919092465753
128.0,128.0,8.0,13.0,3313.0,3419.0,113147.0,530656.0,0,0.9703125,2.0,32.0,6400000.0,0.96674948018591
128.0,128.0,4.0,17.0,1539.0,1537.0,50557.0,229536.0,0,0.9765625,8.0,0.5,6400000.0,0.9714423312133074
256.0,256.0,1.0,14.0,526.0,512.0,16837.0,49152.0,0,0.94375,0.03125,0.0625,6400000.0,0.9424894508317024
128.0,128.0,8.0,23.0,3505.0,3657.0,119574.0,568736.0,0,0.9828125,0.0,8.0,6400000.0,0.9780906005381604
256.0,256.0,1.0,14.0,526.0,512.0,16837.0,49152.0,0,0.94375,0.0625,0.0,6400000.0,0.9424894508317024
1.0,256.0,1.0,1.0,1.0,1.0,35.0,32.0,0,0.5015625,0.0625,512.0,6400000.0,0.5273919092465753
256.0,256.0,1.0,12.0,524.0,512.0,16815.0,49152.0,0,0.94375,0.0625,0.5,6400000.0,0.9424894508317024
128.0,128.0,4.0,8.0,1509.0,1518.0,49752.0,226496.0,0,0.959375,32.0,32.0,6400000.0,0.961271556996086
256.0,256.0,1.0,6.0,517.0,512.0,16716.0,49152.0,0,0.940625,0.03125,64.0,6400000.0,0.9409246575342465
128.0,128.0,8.0,31.0,3672.0,3766.0,124859.0,586176.0,0,0.9875,0.0625,0.000976562,6400000.0,0.978873379403131
1.0,128.0,8.0,1.0,1.0,1.0,543.0,32.0,0,0.5015625,8.0,32768.0,6400000.0,0.5273919092465753
1.0,128.0,8.0,1.0,1.0,1.0,543.0,32.0,0,0.5015625,32768.0,256.0,6400000.0,0.5273919092465753
1.0,128.0,8.0,1.0,1.0,1.0,543.0,32.0,0,0.5015625,32768.0,1.0,6400000.0,0.5273919092465753
128.0,128.0,8.0,22.0,3480.0,3633.0,118771.0,564896.0,0,0.98125,0.5,8.0,6400000.0,0.9796561582681017
128.0,128.0,8.0,13.0,3332.0,3431.0,113767.0,532576.0,0,0.9703125,16.0,0.03125,6400000.0,0.9718352495107633
128.0,128.0,8.0,31.0,3678.0,3775.0,125060.0,587616.0,0,0.9875,0.25,0.25,6400000.0,0.9796553938356165
1.0,256.0,1.0,1.0,1.0,1.0,35.0,32.0,0,0.5015625,0.125,4096.0,6400000.0,0.5273919092465753
256.0,256.0,1.0,14.0,526.0,512.0,16837.0,49152.0,0,0.94375,0.0,0.0,6400000.0,0.9424894508317024
256.0,256.0,1.0,11.0,523.0,512.0,16804.0,49152.0,0,0.94375,0.125,4.0,6400000.0,0.9424894508317024
256.0,256.0,1.0,14.0,526.0,512.0,16837.0,49152.0,0,0.94375,0.125,0.00390625,6400000.0,0.9424894508317024
128.0,128.0,8.0,13.0,3335.0,3437.0,113869.0,533536.0,0,0.9703125,0.00195312,32.0,6400000.0,0.96674948018591
1.0,256.0,1.0,1.0,1.0,1.0,35.0,32.0,0,0.5015625,0.25,32768.0,6400000.0,0.5273919092465753
256.0,256.0,1.0,8.0,519.0,512.0,16769.0,49152.0,0,0.940625,0.25,32.0,6400000.0,0.9409246575342465
256.0,256.0,1.0,13.0,525.0,512.0,16826.0,49152.0,0,0.94375,0.25,0.03125,6400000.0,0.9424894508317024
128.0,128.0,8.0,31.0,3648.0,3747.0,124072.0,583136.0,0,0.9875,0.25,0.00195312,6400000.0,0.9800467832681019
1.0,256.0,1.0,1.0,1.0,1.0,35.0,32.0,0,0.5015625,0.000976562,4096.0,6400000.0,0.5273919092465753
1.0,128.0,8.0,1.0,1.0,1.0,543.0,32.0,0,0.5015625,0.000976562,512.0,6400000.0,0.5273919092465753
128.0,128.0,8.0,13.0,3239.0,3340.0,110700.0,518016.0,0,0.9703125,16.0,8.0,6400000.0,0.9651831580234832
1.0,128.0,8.0,1.0,1.0,1.0,543.0,32.0,0,0.5015625,512.0,8.0,6400000.0,0.5273919092465753
128.0,128.0,8.0,13.0,3327.0,3429.0,113605.0,532256.0,0,0.9703125,32.0,0.00390625,6400000.0,0.9671408696183953
1.0,256.0,1.0,1.0,1.0,1.0,35.0,32.0,0,0.5015625,0.0,512.0,6400000.0,0.5273919092465753
128.0,128.0,4.0,8.0,1507.0,1516.0,49686.0,226176.0,0,0.959375,64.0,0.25,6400000.0,0.9569662732387474
256.0,256.0,1.0,12.0,524.0,512.0,16815.0,49152.0,0,0.94375,0.0,0.5,6400000.0,0.9424894508317024
256.0,256.0,1.0,12.0,524.0,512.0,16815.0,49152.0,0,0.94375,0.5,0.25,6400000.0,0.9424894508317024
256.0,256.0,1.0,14.0,526.0,512.0,16837.0,49152.0,0,0.94375,0.000976562,0.00390625,6400000.0,0.9424894508317024
256.0,256.0,1.0,12.0,524.0,512.0,16815.0,49152.0,0,0.94375,1.0,0.00195312,6400000.0,0.9424894508317024
256.0,256.0,1.0,5.0,516.0,512.0,16704.0,49152.0,0,0.940625,0.5,256.0,6400000.0,0.9409246575342465
128.0,128.0,8.0,31.0,3678.0,3775.0,125060.0,587616.0,0,0.9875,0.5,0.03125,6400000.0,0.9796561582681018
1.0,256.0,1.0,1.0,1.0,1.0,35.0,32.0,0,0.5015625,1.0,2048.0,6400000.0,0.5273919092465753
128.0,128.0,8.0,29.0,3677.0,3805.0,125100.0,592416.0,0,0.9890625,2.0,0.000976562,6400000.0,0.9800467832681019
256.0,256.0,1.0,11.0,523.0,512.0,16804.0,49152.0,0,0.94375,1.0,2.0,6400000.0,0.9424894508317024
128.0,128.0,8.0,31.0,3648.0,3747.0,124072.0,583136.0,0,0.9875,0.0078125,0.25,6400000.0,0.9804381727005872
1.0,256.0,1.0,1.0,1.0,1.0,35.0,32.0,0,0.5015625,2.0,16384.0,6400000.0,0.5273919092465753
256.0,256.0,1.0,11.0,523.0,512.0,16804.0,49152.0,0,0.94375,0.000976562,4.0,6400000.0,0.9424894508317024
128.0,128.0,8.0,8.0,2029.0,2049.0,70283.0,311456.0,0,0.959375,64.0,16.0,6400000.0,0.9569662732387474
256.0,256.0,1.0,11.0,523.0,512.0,16804.0,49152.0,0,0.94375,2.0,0.015625,6400000.0,0.9424894508317024
256.0,256.0,1.0,9.0,520.0,512.0,16780.0,49152.0,0,0.940625,2.0,16.0,6400000.0,0.9401418786692759
1.0,128.0,8.0,1.0,1.0,1.0,543.0,32.0,0,0.5015625,512.0,2048.0,6400000.0,0.5273919092465753
1.0,128.0,8.0,1.0,1.0,1.0,543.0,32.0,0,0.5015625,4.0,2048.0,6400000.0,0.5273919092465753
256.0,256.0,1.0,5.0,516.0,512.0,16704.0,49152.0,0,0.940625,4.0,128.0,6400000.0,0.9409246575342465
128.0,128.0,8.0,30.0,3747.0,3847.0,127361.0,599136.0,0,0.9875,0.000976562,1.0,6400000.0,0.9792632399706458
256.0,256.0,1.0,11.0,523.0,512.0,16804.0,49152.0,0,0.94375,4.0,0.125,6400000.0,0.9424894508317024
1.0,128.0,8.0,1.0,1.0,1.0,543.0,32.0,0,0.5015625,64.0,8192.0,6400000.0,0.5273919092465753
1.0,256.0,1.0,1.0,1.0,1.0,35.0,32.0,0,0.5015625,8.0,1024.0,6400000.0,0.5273919092465753
128.0,128.0,8.0,13.0,3298.0,3402.0,112650.0,527936.0,0,0.9703125,32.0,1.0,6400000.0,0.9671408696183953
128.0,128.0,8.0,32.0,3683.0,3771.0,125195.0,586976.0,0,0.9875,0.015625,0.0,6400000.0,0.9808295621330725
256.0,256.0,1.0,14.0,526.0,512.0,16837.0,49152.0,0,0.94375,0.00195312,0.03125,6400000.0,0.9424894508317024
1.0,128.0,8.0,1.0,1.0,1.0,543.0,32.0,0,0.5015625,1024.0,0.00390625,6400000.0,0.5273919092465753
1.0,256.0,1.0,1.0,1.0,1.0,35.0,32.0,0,0.5015625,16.0,8192.0,6400000.0,0.5273919092465753
256.0,256.0,1.0,10.0,522.0,512.0,16793.0,49152.0,0,0.940625,8.0,0.000976562,6400000.0,0.9413160469667318
256.0,256.0,1.0,9.0,521.0,512.0,16781.0,49152.0,0,0.940625,8.0,1.0,6400000.0,0.9413160469667318
128.0,128.0,8.0,29.0,3677.0,3805.0,125100.0,592416.0,0,0.9890625,1.0,1.0,6400000.0,0.9800467832681019
128.0,128.0,8.0,5.0,777.0,777.0,28499.0,107936.0,0,0.940625,32.0,256.0,6400000.0,0.9409246575342465
256.0,256.0,1.0,8.0,520.0,512.0,16770.0,49152.0,0,0.940625,32.0,0.0625,6400000.0,0.9409246575342465
256.0,256.0,1.0,9.0,521.0,512.0,16781.0,49152.0,0,0.940625,16.0,0.0078125,6400000.0,0.9401418786692759
256.0,256.0,1.0,8.0,520.0,512.0,16770.0,49152.0,0,0.940625,16.0,8.0,6400000.0,0.9405332681017612
128.0,128.0,8.0,23.0,3505.0,3657.0,119574.0,568736.0,0,0.9828125,0.015625,8.0,6400000.0,0.9780906005381604
256.0,256.0,1.0,5.0,516.0,512.0,16704.0,49152.0,0,0.940625,32.0,64.0,6400000.0,0.9409246575342465
128.0,128.0,8.0,23.0,3505.0,3657.0,119574.0,568736.0,0,0.9828125,4.0,4.0,6400000.0,0.9788733794031312
128.0,128.0,8.0,31.0,3678.0,3775.0,125060.0,587616.0,0,0.9875,0.5,0.0,6400000.0,0.9796553938356165
128.0,128.0,8.0,8.0,1469.0,1467.0,51812.0,218336.0,0,0.959375,8.0,128.0,6400000.0,0.9409246575342465
128.0,128.0,8.0,22.0,3480.0,3633.0,118771.0,564896.0,0,0.98125,8.0,0.5,6400000.0,0.9796561582681018
256.0,256.0,1.0,8.0,519.0,512.0,16769.0,49152.0,0,0.940625,0.00195312,32.0,6400000.0,0.9409246575342465
256.0,256.0,1.0,6.0,517.0,512.0,16716.0,49152.0,0,0.940625,64.0,0.0,6400000.0,0.9409246575342465
128.0,128.0,8.0,27.0,3695.0,3814.0,125727.0,593856.0,0,0.9875,4.0,0.015625,6400000.0,0.9792655332681017
256.0,256.0,1.0,6.0,517.0,512.0,16716.0,49152.0,0,0.940625,64.0,0.5,6400000.0,0.9409246575342465
128.0,128.0,8.0,28.0,3682.0,3803.0,125279.0,592096.0,0,0.9859375,2.0,0.125,6400000.0,0.9804389371330725
1.0,128.0,8.0,1.0,1.0,1.0,543.0,32.0,0,0.5015625,1.0,512.0,6400000.0,0.5273919092465753
1.0,128.0,8.0,1.0,1.0,1.0,543.0,32.0,0,0.5015625,1024.0,1.0,6400000.0,0.5273919092465753
1.0,128.0,8.0,1.0,1.0,1.0,543.0,32.0,0,0.5015625,0.03125,512.0,6400000.0,0.5273919092465753
1.0,256.0,1.0,1.0,1.0,1.0,35.0,32.0,0,0.5015625,64.0,512.0,6400000.0,0.5273919092465753
128.0,128.0,8.0,13.0,3335.0,3437.0,113869.0,533536.0,0,0.9703125,0.0625,32.0,6400000.0,0.96674948018591
1.0,256.0,1.0,1.0,1.0,1.0,35.0,32.0,0,0.5015625,128.0,4096.0,6400000.0,0.5273919092465753
256.0,256.0,1.0,5.0,516.0,512.0,16704.0,49152.0,0,0.940625,128.0,0.00390625,6400000.0,0.9409246575342465
1.0,128.0,8.0,1.0,1.0,1.0,543.0,32.0,0,0.5015625,16.0,4096.0,6400000.0,0.5273919092465753
1.0,128.0,8.0,1.0,1.0,1.0,543.0,32.0,0,0.5015625,0.5,8192.0,6400000.0,0.5273919092465753
128.0,128.0,8.0,31.0,3672.0,3766.0,124859.0,586176.0,0,0.9875,0.015625,0.03125,6400000.0,0.978873379403131
256.0,256.0,1.0,5.0,516.0,512.0,16704.0,49152.0,0,0.940625,128.0,4.0,6400000.0,0.9409246575342465
128.0,128.0,8.0,32.0,3678.0,3768.0,125032.0,586496.0,0,0.9875,0.000976562,0.0078125,6400000.0,0.9804381727005872
1.0,256.0,1.0,1.0,1.0,1.0,35.0,32.0,0,0.5015625,256.0,32768.0,6400000.0,0.5273919092465753
256.0,256.0,1.0,5.0,516.0,512.0,16704.0,49152.0,0,0.940625,256.0,0.03125,6400000.0,0.9409246575342465
1.0,256.0,1.0,1.0,1.0,1.0,35.0,32.0,0,0.5015625,512.0,256.0,6400000.0,0.5273919092465753
256.0,256.0,1.0,5.0,516.0,512.0,16704.0,49152.0,0,0.940625,256.0,32.0,6400000.0,0.9409246575342465
128.0,128.0,8.0,30.0,3747.0,3847.0,127361.0,599136.0,0,0.9875,0.03125,1.0,6400000.0,0.9800475477005872
1.0,256.0,1.0,1.0,1.0,1.0,35.0,32.0,0,0.5015625,512.0,0.25,6400000.0,0.5273919092465753
128.0,128.0,8.0,31.0,3692.0,3791.0,125524.0,590176.0,0,0.9890625,0.00195312,0.125,6400000.0,0.9796546294031311
1.0,128.0,8.0,1.0,1.0,1.0,543.0,32.0,0,0.5015625,2048.0,0.0,6400000.0,0.5273919092465753
1.0,256.0,1.0,1.0,1.0,1.0,35.0,32.0,0,0.5015625,0.00195312,32768.0,6400000.0,0.5273919092465753
1.0,128.0,8.0,1.0,1.0,1.0,543.0,32.0,0,0.5015625,1024.0,256.0,6400000.0,0.5273919092465753
1.0,128.0,8.0,1.0,1.0,1.0,543.0,32.0,0,0.5015625,2048.0,0.125,6400000.0,0.5273919092465753
1.0,256.0,1.0,1.0,1.0,1.0,35.0,32.0,0,0.5015625,1024.0,0.00195312,6400000.0,0.5273919092465753
1.0,128.0,8.0,1.0,1.0,1.0,543.0,32.0,0,0.5015625,0.00390625,2048.0,6400000.0,0.5273919092465753
128.0,128.0,8.0,31.0,3676.0,3768.0,124989.0,586496.0,0,0.9859375,0.00390625,0.015625,6400000.0,0.9804381727005872
1.0,256.0,1.0,1.0,1.0,1.0,35.0,32.0,0,0.5015625,1024.0,2048.0,6400000.0,0.5273919092465753
128.0,128.0,8.0,8.0,1747.0,1749.0,60990.0,263456.0,0,0.959375,0.25,128.0,6400000.0,0.9409246575342465
1.0,128.0,8.0,1.0,1.0,1.0,543.0,32.0,0,0.5015625,0.015625,8192.0,6400000.0,0.5273919092465753
1.0,256.0,1.0,1.0,1.0,1.0,35.0,32.0,0,0.5015625,1024.0,2.0,6400000.0,0.5273919092465753
1.0,256.0,1.0,1.0,1.0,1.0,35.0,32.0,0,0.5015625,2048.0,0.015625,6400000.0,0.5273919092465753
1.0,128.0,8.0,1.0,1.0,1.0,543.0,32.0,0,0.5015625,2048.0,8192.0,6400000.0,0.5273919092465753
1.0,128.0,8.0,1.0,1.0,1.0,543.0,32.0,0,0.5015625,2048.0,32.0,6400000.0,0.5273919092465753
256.0,256.0,1.0,13.0,525.0,512.0,16826.0,49152.0,0,0.94375,0.00390625,0.25,6400000.0,0.9424894508317024
1.0,256.0,1.0,1.0,1.0,1.0,35.0,32.0,0,0.5015625,2048.0,16.0,6400000.0,0.5273919092465753
256.0,256.0,1.0,5.0,516.0,512.0,16704.0,49152.0,0,0.940625,0.00390625,256.0,6400000.0,0.9409246575342465
1.0,256.0,1.0,1.0,1.0,1.0,35.0,32.0,0,0.5015625,4096.0,128.0,6400000.0,0.5273919092465753
1.0,256.0,1.0,1.0,1.0,1.0,35.0,32.0,0,0.5015625,2048.0,16384.0,6400000.0,0.5273919092465753
1.0,128.0,8.0,1.0,1.0,1.0,543.0,32.0,0,0.5015625,4096.0,4.0,6400000.0,0.5273919092465753
1.0,256.0,1.0,1.0,1.0,1.0,35.0,32.0,0,0.5015625,4096.0,0.125,6400000.0,0.5273919092465753
1.0,256.0,1.0,1.0,1.0,1.0,35.0,32.0,0,0.5015625,8192.0,0.000976562,6400000.0,0.5273919092465753
256.0,256.0,1.0,14.0,526.0,512.0,16837.0,49152.0,0,0.94375,0.0078125,0.00195312,6400000.0,0.9424894508317024
256.0,256.0,1.0,11.0,523.0,512.0,16804.0,49152.0,0,0.94375,0.0078125,2.0,6400000.0,0.9424894508317024
1.0,128.0,8.0,1.0,1.0,1.0,543.0,32.0,0,0.5015625,4096.0,0.015625,6400000.0,0.5273919092465753
128.0,128.0,8.0,8.0,1747.0,1749.0,60990.0,263456.0,0,0.959375,0.0078125,128.0,6400000.0,0.9409246575342465
1.0,256.0,1.0,1.0,1.0,1.0,35.0,32.0,0,0.5015625,8192.0,1.0,6400000.0,0.5273919092465753
1.0,128.0,8.0,1.0,1.0,1.0,543.0,32.0,0,0.5015625,4096.0,1024.0,6400000.0,0.5273919092465753
1.0,256.0,1.0,1.0,1.0,1.0,35.0,32.0,0,0.5015625,0.0078125,2048.0,6400000.0,0.5273919092465753
1.0,256.0,1.0,1.0,1.0,1.0,35.0,32.0,0,0.5015625,8192.0,1024.0,6400000.0,0.5273919092465753
1.0,128.0,8.0,1.0,1.0,1.0,543.0,32.0,0,0.5015625,0.125,2048.0,6400000.0,0.5273919092465753
1.0,128.0,8.0,1.0,1.0,1.0,543.0,32.0,0,0.5015625,8192.0,0.00195312,6400000.0,0.5273919092465753
1.0,128.0,8.0,1.0,1.0,1.0,543.0,32.0,0,0.5015625,2.0,32768.0,6400000.0,0.5273919092465753
1.0,128.0,8.0,1.0,1.0,1.0,543.0,32.0,0,0.5015625,128.0,1024.0,6400000.0,0.5273919092465753
1.0,256.0,1.0,1.0,1.0,1.0,35.0,32.0,0,0.5015625,16384.0,0.0078125,6400000.0,0.5273919092465753
1.0,256.0,1.0,1.0,1.0,1.0,35.0,32.0,0,0.5015625,16384.0,8.0,6400000.0,0.5273919092465753
1.0,128.0,8.0,1.0,1.0,1.0,543.0,32.0,0,0.5015625,8192.0,128.0,6400000.0,0.5273919092465753
1.0,256.0,1.0,1.0,1.0,1.0,35.0,32.0,0,0.5015625,16384.0,8192.0,6400000.0,0.5273919092465753
128.0,128.0,8.0,8.0,2161.0,2160.0,74874.0,329216.0,0,0.959375,128.0,0.015625,6400000.0,0.9409246575342465
1.0,128.0,8.0,1.0,1.0,1.0,543.0,32.0,0,0.5015625,256.0,32768.0,6400000.0,0.5273919092465753
1.0,128.0,8.0,1.0,1.0,1.0,543.0,32.0,0,0.5015625,8192.0,0.5,6400000.0,0.5273919092465753
128.0,128.0,8.0,5.0,782.0,782.0,28664.0,108736.0,0,0.940625,256.0,0.00195312,6400000.0,0.9409246575342465
1.0,128.0,8.0,1.0,1.0,1.0,543.0,32.0,0,0.5015625,0.0625,32768.0,6400000.0,0.5273919092465753
1.0,256.0,1.0,1.0,1.0,1.0,35.0,32.0,0,0.5015625,32768.0,0.0625,6400000.0,0.5273919092465753
1.0,256.0,1.0,1.0,1.0,1.0,35.0,32.0,0,0.5015625,32768.0,64.0,6400000.0,0.5273919092465753
1.0,128.0,8.0,1.0,1.0,1.0,543.0,32.0,0,0.5015625,16384.0,0.0625,6400000.0,0.5273919092465753
128.0,128.0,8.0,8.0,2098.0,2096.0,72794.0,318976.0,0,0.959375,128.0,4.0,6400000.0,0.9409246575342465
1.0,128.0,8.0,1.0,1.0,1.0,543.0,32.0,0,0.5015625,512.0,0.0625,6400000.0,0.5273919092465753
1.0,128.0,8.0,1.0,1.0,1.0,543.0,32.0,0,0.5015625,16384.0,16.0,6400000.0,0.5273919092465753
1.0,128.0,8.0,1.0,1.0,1.0,543.0,32.0,0,0.5015625,8192.0,32768.0,6400000.0,0.5273919092465753
1.0,128.0,8.0,1.0,1.0,1.0,543.0,32.0,0,0.5015625,16384.0,4096.0,6400000.0,0.5273919092465753
1.0,256.0,2.0,1.0,1.0,1.0,39.0,32.0,0,0.5015625,0.0,512.0,6400000.0,0.5273919092465753
1.0,128.0,8.0,1.0,1.0,1.0,543.0,32.0,0,0.5015625,32768.0,0.0078125,6400000.0,0.5273919092465753
256.0,256.0,1.0,14.0,526.0,512.0,16837.0,49152.0,0,0.94375,0.015625,0.015625,6400000.0,0.9424894508317024
1.0,256.0,1.0,1.0,1.0,1.0,35.0,32.0,0,0.5015625,0.015625,16384.0,6400000.0,0.5273919092465753
128.0,128.0,8.0,5.0,673.0,696.0,25090.0,94976.0,0,0.940625,256.0,128.0,6400000.0,0.9033657962328766
256.0,256.0,2.0,29.0,1050.0,1023.0,33834.0,130912.0,0,0.95625,0.0,0.0,6400000.0,0.964008225293542
256.0,256.0,1.0,9.0,520.0,512.0,16780.0,49152.0,0,0.940625,0.015625,16.0,6400000.0,0.9401418786692759
256.0,256.0,2.0,28.0,1049.0,1021.0,33821.0,130592.0,0,0.9578125,0.0,0.5,6400000.0,0.9636168358610566
1.0,256.0,2.0,1.0,1.0,1.0,39.0,32.0,0,0.5015625,0.000976562,4096.0,6400000.0,0.5273919092465753
128.0,128.0,8.0,5.0,782.0,782.0,28664.0,108736.0,0,0.940625,256.0,0.5,6400000.0,0.9409246575342465
128.0,128.0,8.0,31.0,3669.0,3766.0,124763.0,586176.0,0,0.9890625,0.0625,0.125,6400000.0,0.9812209515655578
1.0,256.0,1.0,1.0,1.0,1.0,35.0,32.0,0,0.5015625,0.0625,1024.0,6400000.0,0.5273919092465753
256.0,256.0,1.0,13.0,525.0,512.0,16826.0,49152.0,0,0.94375,0.03125,0.125,6400000.0,0.9424894508317024
256.0,256.0,2.0,17.0,1031.0,1014.0,33466.0,129472.0,0,0.9609375,0.000976562,4.0,6400000.0,0.9667471868884541
1.0,128.0,8.0,1.0,1.0,1.0,543.0,32.0,0,0.5015625,32768.0,2.0,6400000.0,0.5273919092465753
256.0,256.0,2.0,30.0,1051.0,1021.0,33843.0,130592.0,0,0.95625,0.000976562,0.00390625,6400000.0,0.9647902397260273
1.0,128.0,8.0,1.0,1.0,1.0,543.0,32.0,0,0.5015625,32768.0,512.0,6400000.0,0.5273919092465753
256.0,256.0,1.0,5.0,516.0,512.0,16704.0,49152.0,0,0.940625,0.03125,128.0,6400000.0,0.9409246575342465
256.0,256.0,1.0,12.0,524.0,512.0,16815.0,49152.0,0,0.94375,0.0625,1.0,6400000.0,0.9424894508317024
256.0,256.0,1.0,14.0,526.0,512.0,16837.0,49152.0,0,0.94375,0.0625,0.000976562,6400000.0,0.9424894508317024
128.0,128.0,8.0,23.0,3505.0,3657.0,119574.0,568736.0,0,0.9828125,8.0,0.00390625,6400000.0,0.9788733794031312
1.0,256.0,1.0,1.0,1.0,1.0,35.0,32.0,0,0.5015625,0.125,8192.0,6400000.0,0.5273919092465753
128.0,128.0,8.0,8.0,2082.0,2115.0,72301.0,322016.0,0,0.959375,64.0,0.125,6400000.0,0.9628371147260273
256.0,256.0,2.0,29.0,1050.0,1021.0,33832.0,130592.0,0,0.9609375,0.00195312,0.03125,6400000.0,0.9643996147260273
256.0,256.0,2.0,9.0,1017.0,1008.0,33177.0,128512.0,0,0.9484375,0.00195312,32.0,6400000.0,0.9589247492661448
128.0,128.0,8.0,32.0,3669.0,3759.0,124735.0,585056.0,0,0.9859375,0.03125,0.0078125,6400000.0,0.9800467832681017
256.0,256.0,1.0,14.0,526.0,512.0,16837.0,49152.0,0,0.94375,0.0,0.000976562,6400000.0,0.9424894508317024
1.0,256.0,1.0,1.0,1.0,1.0,35.0,32.0,0,0.5015625,0.000976562,8192.0,6400000.0,0.5273919092465753
256.0,256.0,1.0,12.0,524.0,512.0,16815.0,49152.0,0,0.94375,0.5,0.0,6400000.0,0.9424894508317024
1.0,256.0,2.0,1.0,1.0,1.0,39.0,32.0,0,0.5015625,0.00195312,32768.0,6400000.0,0.5273919092465753
128.0,128.0,8.0,13.0,3332.0,3431.0,113767.0,532576.0,0,0.9703125,16.0,0.0,6400000.0,0.9718352495107633
1.0,256.0,1.0,1.0,1.0,1.0,35.0,32.0,0,0.5015625,0.0,1024.0,6400000.0,0.5273919092465753
256.0,256.0,1.0,14.0,526.0,512.0,16837.0,49152.0,0,0.94375,0.125,0.0078125,6400000.0,0.9424894508317024
1.0,128.0,8.0,1.0,1.0,1.0,543.0,32.0,0,0.5015625,512.0,16.0,6400000.0,0.5273919092465753
256.0,256.0,1.0,10.0,522.0,512.0,16793.0,49152.0,0,0.940625,0.125,8.0,6400000.0,0.9413160469667318
256.0,256.0,1.0,6.0,517.0,512.0,16716.0,49152.0,0,0.940625,0.25,64.0,6400000.0,0.9409246575342465
1.0,256.0,1.0,1.0,1.0,1.0,35.0,32.0,0,0.5015625,1.0,4096.0,6400000.0,0.5273919092465753
256.0,256.0,1.0,13.0,525.0,512.0,16826.0,49152.0,0,0.94375,0.25,0.0625,6400000.0,0.9424894508317024
128.0,128.0,8.0,8.0,2028.0,2058.0,70260.0,312896.0,0,0.959375,2.0,64.0,6400000.0,0.9483656433463796
128.0,128.0,8.0,31.0,3669.0,3766.0,124763.0,586176.0,0,0.9875,0.125,0.015625,6400000.0,0.9800467832681019
1.0,256.0,1.0,1.0,1.0,1.0,35.0,32.0,0,0.5015625,0.5,512.0,6400000.0,0.5273919092465753
1.0,256.0,1.0,1.0,1.0,1.0,35.0,32.0,0,0.5015625,2.0,32768.0,6400000.0,0.5273919092465753
128.0,128.0,8.0,8.0,2082.0,2115.0,72301.0,322016.0,0,0.959375,64.0,0.000976562,6400000.0,0.9628371147260273
128.0,128.0,8.0,27.0,3695.0,3814.0,125727.0,593856.0,0,0.9875,0.00390625,4.0,6400000.0,0.9792647688356164
256.0,256.0,1.0,12.0,524.0,512.0,16815.0,49152.0,0,0.94375,1.0,0.00390625,6400000.0,0.9424894508317024
128.0,128.0,8.0,26.0,3709.0,3829.0,126211.0,596256.0,0,0.9890625,0.125,4.0,6400000.0,0.9804397015655576
1.0,128.0,8.0,1.0,1.0,1.0,543.0,32.0,0,0.5015625,4.0,4096.0,6400000.0,0.5273919092465753
256.0,256.0,1.0,12.0,524.0,512.0,16815.0,49152.0,0,0.94375,0.0,1.0,6400000.0,0.9424894508317024
128.0,128.0,8.0,16.0,3450.0,3545.0,117594.0,550816.0,0,0.9765625,0.0,16.0,6400000.0,0.9718352495107633
1.0,128.0,8.0,1.0,1.0,1.0,543.0,32.0,0,0.5015625,512.0,4096.0,6400000.0,0.5273919092465753
256.0,256.0,1.0,14.0,526.0,512.0,16837.0,49152.0,0,0.94375,0.000976562,0.0078125,6400000.0,0.9424894508317024
128.0,128.0,8.0,13.0,3325.0,3421.0,113533.0,530976.0,0,0.9703125,0.5,16.0,6400000.0,0.9702696917808218
256.0,256.0,1.0,12.0,524.0,512.0,16815.0,49152.0,0,0.94375,0.5,0.5,6400000.0,0.9424894508317024
1.0,128.0,8.0,1.0,1.0,1.0,543.0,32.0,0,0.5015625,1024.0,0.0078125,6400000.0,0.5273919092465753
256.0,256.0,1.0,10.0,522.0,512.0,16793.0,49152.0,0,0.940625,0.000976562,8.0,6400000.0,0.9413160469667318
1.0,128.0,8.0,1.0,1.0,1.0,543.0,32.0,0,0.5015625,64.0,16384.0,6400000.0,0.5273919092465753
1.0,256.0,1.0,1.0,1.0,1.0,35.0,32.0,0,0.5015625,16.0,16384.0,6400000.0,0.5273919092465753
1.0,256.0,1.0,1.0,1.0,1.0,35.0,32.0,0,0.5015625,8.0,2048.0,6400000.0,0.5273919092465753
256.0,256.0,1.0,11.0,523.0,512.0,16804.0,49152.0,0,0.94375,1.0,4.0,6400000.0,0.9420988258317025
128.0,128.0,8.0,30.0,3747.0,3847.0,127361.0,599136.0,0,0.9875,1.0,0.0078125,6400000.0,0.9792632399706458
128.0,128.0,8.0,13.0,3332.0,3431.0,113767.0,532576.0,0,0.9703125,16.0,0.0625,6400000.0,0.9718352495107633
256.0,256.0,1.0,11.0,523.0,512.0,16804.0,49152.0,0,0.94375,2.0,0.03125,6400000.0,0.9424894508317024
256.0,256.0,1.0,7.0,518.0,512.0,16727.0,49152.0,0,0.940625,2.0,32.0,6400000.0,0.9409246575342465
256.0,256.0,1.0,5.0,516.0,512.0,16704.0,49152.0,0,0.940625,4.0,256.0,6400000.0,0.9409246575342465
128.0,128.0,8.0,32.0,3678.0,3768.0,125032.0,586496.0,0,0.9875,0.0078125,0.00390625,6400000.0,0.9808295621330725
1.0,128.0,8.0,1.0,1.0,1.0,543.0,32.0,0,0.5015625,32.0,512.0,6400000.0,0.5273919092465753
256.0,256.0,2.0,28.0,1049.0,1021.0,33821.0,130592.0,0,0.9578125,0.00390625,0.25,6400000.0,0.9632254464285713
128.0,128.0,8.0,13.0,3335.0,3437.0,113869.0,533536.0,0,0.9703125,16.0,16.0,6400000.0,0.96674948018591
256.0,256.0,1.0,11.0,523.0,512.0,16804.0,49152.0,0,0.94375,4.0,0.25,6400000.0,0.9420988258317025
256.0,256.0,1.0,14.0,526.0,512.0,16837.0,49152.0,0,0.94375,0.00195312,0.0625,6400000.0,0.9424894508317024
256.0,256.0,1.0,10.0,522.0,512.0,16793.0,49152.0,0,0.940625,8.0,0.00195312,6400000.0,0.9413160469667318
128.0,128.0,8.0,31.0,3672.0,3766.0,124859.0,586176.0,0,0.9875,0.0,0.0625,6400000.0,0.978873379403131
128.0,128.0,8.0,13.0,3327.0,3429.0,113605.0,532256.0,0,0.9703125,32.0,0.0078125,6400000.0,0.9671408696183953
128.0,128.0,8.0,8.0,2039.0,2069.0,70623.0,314656.0,0,0.959375,0.00195312,64.0,6400000.0,0.9499312010763209
256.0,256.0,1.0,9.0,521.0,512.0,16781.0,49152.0,0,0.940625,16.0,0.015625,6400000.0,0.9401418786692759
256.0,256.0,1.0,8.0,520.0,512.0,16770.0,49152.0,0,0.940625,32.0,0.125,6400000.0,0.9409246575342465
256.0,256.0,1.0,9.0,521.0,512.0,16781.0,49152.0,0,0.940625,8.0,2.0,6400000.0,0.9401418786692759
256.0,256.0,1.0,8.0,519.0,512.0,16769.0,49152.0,0,0.940625,16.0,16.0,6400000.0,0.9409246575342465
1.0,128.0,8.0,1.0,1.0,1.0,543.0,32.0,0,0.5015625,1.0,1024.0,6400000.0,0.5273919092465753
256.0,256.0,1.0,5.0,516.0,512.0,16704.0,49152.0,0,0.940625,32.0,128.0,6400000.0,0.9409246575342465
256.0,256.0,1.0,6.0,517.0,512.0,16716.0,49152.0,0,0.940625,0.00195312,64.0,6400000.0,0.9409246575342465
128.0,128.0,8.0,31.0,3672.0,3766.0,124859.0,586176.0,0,0.9875,0.0625,0.00195312,6400000.0,0.9784819899706457
256.0,256.0,1.0,6.0,517.0,512.0,16716.0,49152.0,0,0.940625,64.0,0.000976562,6400000.0,0.9409246575342465
128.0,128.0,8.0,5.0,782.0,782.0,28664.0,108736.0,0,0.940625,8.0,256.0,6400000.0,0.9409246575342465
1.0,128.0,8.0,1.0,1.0,1.0,543.0,32.0,0,0.5015625,1024.0,2.0,6400000.0,0.5273919092465753
256.0,256.0,1.0,6.0,517.0,512.0,16716.0,49152.0,0,0.940625,64.0,1.0,6400000.0,0.9409246575342465
1.0,256.0,1.0,1.0,1.0,1.0,35.0,32.0,0,0.5015625,128.0,8192.0,6400000.0,0.5273919092465753
1.0,128.0,8.0,1.0,1.0,1.0,543.0,32.0,0,0.5015625,0.03125,1024.0,6400000.0,0.5273919092465753
1.0,256.0,1.0,1.0,1.0,1.0,35.0,32.0,0,0.5015625,64.0,1024.0,6400000.0,0.5273919092465753
128.0,128.0,8.0,31.0,3724.0,3822.0,126579.0,595136.0,0,0.9875,0.25,0.5,6400000.0,0.9796553938356164
1.0,128.0,8.0,1.0,1.0,1.0,543.0,32.0,0,0.5015625,0.5,16384.0,6400000.0,0.5273919092465753
128.0,128.0,8.0,13.0,3319.0,3425.0,113345.0,531616.0,0,0.9703125,32.0,2.0,6400000.0,0.96674948018591
1.0,128.0,8.0,1.0,1.0,1.0,543.0,32.0,0,0.5015625,16.0,8192.0,6400000.0,0.5273919092465753
256.0,256.0,2.0,5.0,830.0,840.0,27106.0,101632.0,0,0.940625,0.00390625,256.0,6400000.0,0.9409246575342465
128.0,128.0,8.0,8.0,2157.0,2206.0,74792.0,336576.0,0,0.959375,64.0,32.0,6400000.0,0.9495413405088062
1.0,128.0,8.0,1.0,1.0,1.0,543.0,32.0,0,0.5015625,2048.0,0.000976562,6400000.0,0.5273919092465753
256.0,256.0,1.0,5.0,516.0,512.0,16704.0,49152.0,0,0.940625,128.0,0.0078125,6400000.0,0.9409246575342465
1.0,256.0,1.0,1.0,1.0,1.0,35.0,32.0,0,0.5015625,512.0,0.0,6400000.0,0.5273919092465753
1.0,256.0,1.0,1.0,1.0,1.0,35.0,32.0,0,0.5015625,512.0,512.0,6400000.0,0.5273919092465753
1.0,256.0,1.0,1.0,1.0,1.0,35.0,32.0,0,0.5015625,512.0,0.5,6400000.0,0.5273919092465753
128.0,128.0,8.0,31.0,3648.0,3747.0,124072.0,583136.0,0,0.9875,0.25,0.00390625,6400000.0,0.9800467832681019
256.0,256.0,1.0,5.0,516.0,512.0,16704.0,49152.0,0,0.940625,128.0,8.0,6400000.0,0.9409246575342465
1.0,128.0,8.0,1.0,1.0,1.0,543.0,32.0,0,0.5015625,2048.0,0.25,6400000.0,0.5273919092465753
256.0,256.0,1.0,5.0,516.0,512.0,16704.0,49152.0,0,0.940625,256.0,64.0,6400000.0,0.9104108060176124
1.0,128.0,8.0,1.0,1.0,1.0,543.0,32.0,0,0.5015625,1024.0,512.0,6400000.0,0.5273919092465753
1.0,256.0,1.0,1.0,1.0,1.0,35.0,32.0,0,0.5015625,1024.0,0.00390625,6400000.0,0.5273919092465753
256.0,256.0,1.0,14.0,526.0,512.0,16837.0,49152.0,0,0.94375,0.00390625,0.0,6400000.0,0.9424894508317024
256.0,256.0,1.0,5.0,516.0,512.0,16704.0,49152.0,0,0.940625,256.0,0.0625,6400000.0,0.9409246575342465
128.0,128.0,8.0,31.0,3665.0,3765.0,124634.0,586016.0,0,0.9890625,0.5,0.0625,6400000.0,0.9804389371330725
128.0,128.0,8.0,29.0,3677.0,3805.0,125100.0,592416.0,0,0.9890625,2.0,0.00195312,6400000.0,0.9800467832681019
1.0,256.0,1.0,1.0,1.0,1.0,35.0,32.0,0,0.5015625,1024.0,4.0,6400000.0,0.5273919092465753
1.0,256.0,1.0,1.0,1.0,1.0,35.0,32.0,0,0.5015625,1024.0,4096.0,6400000.0,0.5273919092465753
1.0,128.0,8.0,1.0,1.0,1.0,543.0,32.0,0,0.5015625,2048.0,16384.0,6400000.0,0.5273919092465753
1.0,256.0,1.0,1.0,1.0,1.0,35.0,32.0,0,0.5015625,2048.0,0.03125,6400000.0,0.5273919092465753
128.0,128.0,8.0,16.0,3450.0,3545.0,117594.0,550816.0,0,0.9765625,0.015625,16.0,6400000.0,0.9718352495107633
128.0,128.0,8.0,31.0,3678.0,3775.0,125060.0,587616.0,0,0.9875,0.0078125,0.5,6400000.0,0.9796553938356165
128.0,128.0,8.0,23.0,3448.0,3601.0,117694.0,559776.0,0,0.9796875,8.0,1.0,6400000.0,0.978873379403131
1.0,128.0,8.0,1.0,1.0,1.0,543.0,32.0,0,0.5015625,2048.0,64.0,6400000.0,0.5273919092465753
128.0,128.0,8.0,27.0,3765.0,3866.0,128019.0,602176.0,0,0.9890625,1.0,2.0,6400000.0,0.9812209515655578
128.0,128.0,8.0,5.0,782.0,782.0,28664.0,108736.0,0,0.940625,0.25,256.0,6400000.0,0.9409246575342465
1.0,256.0,2.0,1.0,1.0,1.0,39.0,32.0,0,0.5015625,0.0078125,2048.0,6400000.0,0.5273919092465753
128.0,128.0,8.0,19.0,3619.0,3700.0,123349.0,575616.0,0,0.9828125,4.0,8.0,6400000.0,0.9749633072407043
128.0,128.0,8.0,29.0,3677.0,3805.0,125100.0,592416.0,0,0.9890625,0.000976562,2.0,6400000.0,0.9800467832681019
256.0,256.0,2.0,30.0,1051.0,1021.0,33843.0,130592.0,0,0.95625,0.0078125,0.00195312,6400000.0,0.9651816291585126
1.0,256.0,1.0,1.0,1.0,1.0,35.0,32.0,0,0.5015625,2048.0,32.0,6400000.0,0.5273919092465753
1.0,256.0,1.0,1.0,1.0,1.0,35.0,32.0,0,0.5015625,4096.0,256.0,6400000.0,0.5273919092465753
1.0,256.0,1.0,1.0,1.0,1.0,35.0,32.0,0,0.5015625,2048.0,32768.0,6400000.0,0.5273919092465753
1.0,256.0,1.0,1.0,1.0,1.0,35.0,32.0,0,0.5015625,4096.0,0.25,6400000.0,0.5273919092465753
1.0,256.0,1.0,1.0,1.0,1.0,35.0,32.0,0,0.5015625,8192.0,0.00195312,6400000.0,0.5273919092465753
1.0,128.0,8.0,1.0,1.0,1.0,543.0,32.0,0,0.5015625,4096.0,8.0,6400000.0,0.5273919092465753
256.0,256.0,2.0,21.0,1035.0,1014.0,33513.0,129472.0,0,0.959375,0.0078125,2.0,6400000.0,0.9643996147260274
128.0,128.0,8.0,8.0,2039.0,2069.0,70623.0,314656.0,0,0.959375,0.0625,64.0,6400000.0,0.9499312010763209
1.0,256.0,1.0,1.0,1.0,1.0,35.0,32.0,0,0.5015625,8192.0,2.0,6400000.0,0.5273919092465753
1.0,128.0,8.0,1.0,1.0,1.0,543.0,32.0,0,0.5015625,4096.0,0.03125,6400000.0,0.5273919092465753
256.0,256.0,1.0,12.0,524.0,512.0,16815.0,49152.0,0,0.94375,0.00390625,0.5,6400000.0,0.9424894508317024
1.0,256.0,1.0,1.0,1.0,1.0,35.0,32.0,0,0.5015625,8192.0,2048.0,6400000.0,0.5273919092465753
1.0,256.0,1.0,1.0,1.0,1.0,35.0,32.0,0,0.5015625,0.00390625,512.0,6400000.0,0.5273919092465753
1.0,256.0,1.0,1.0,1.0,1.0,35.0,32.0,0,0.5015625,0.0078125,4096.0,6400000.0,0.5273919092465753
1.0,128.0,8.0,1.0,1.0,1.0,543.0,32.0,0,0.5015625,4096.0,2048.0,6400000.0,0.5273919092465753
128.0,128.0,8.0,27.0,3707.0,3826.0,126123.0,595776.0,0,0.9875,4.0,0.03125,6400000.0,0.980047547700587
128.0,128.0,8.0,29.0,3685.0,3805.0,125356.0,592416.0,0,0.9875,2.0,0.25,6400000.0,0.9776999755381606
128.0,128.0,8.0,31.0,3678.0,3775.0,125060.0,587616.0,0,0.9875,0.5,0.000976562,6400000.0,0.9796553938356165
256.0,256.0,1.0,14.0,526.0,512.0,16837.0,49152.0,0,0.94375,0.0078125,0.00390625,6400000.0,0.9424894508317024
1.0,128.0,8.0,1.0,1.0,1.0,543.0,32.0,0,0.5015625,8192.0,0.00390625,6400000.0,0.5273919092465753
1.0,128.0,8.0,1.0,1.0,1.0,543.0,32.0,0,0.5015625,0.125,4096.0,6400000.0,0.5273919092465753
1.0,128.0,8.0,1.0,1.0,1.0,543.0,32.0,0,0.5015625,128.0,2048.0,6400000.0,0.5273919092465753
128.0,128.0,8.0,5.0,782.0,782.0,28664.0,108736.0,0,0.940625,0.0078125,256.0,6400000.0,0.9409246575342465
1.0,256.0,1.0,1.0,1.0,1.0,35.0,32.0,0,0.5015625,16384.0,0.015625,6400000.0,0.5273919092465753
1.0,256.0,1.0,1.0,1.0,1.0,35.0,32.0,0,0.5015625,16384.0,16.0,6400000.0,0.5273919092465753
1.0,128.0,8.0,1.0,1.0,1.0,543.0,32.0,0,0.5015625,512.0,0.0,6400000.0,0.5273919092465753
256.0,256.0,1.0,11.0,523.0,512.0,16804.0,49152.0,0,0.94375,0.0078125,4.0,6400000.0,0.9424894508317024
1.0,128.0,8.0,1.0,1.0,1.0,543.0,32.0,0,0.5015625,8192.0,256.0,6400000.0,0.5273919092465753
1.0,128.0,8.0,1.0,1.0,1.0,543.0,32.0,0,0.5015625,8192.0,1.0,6400000.0,0.5273919092465753
1.0,256.0,1.0,1.0,1.0,1.0,35.0,32.0,0,0.5015625,16384.0,16384.0,6400000.0,0.5273919092465753
1.0,256.0,1.0,1.0,1.0,1.0,35.0,32.0,0,0.5015625,32768.0,0.125,6400000.0,0.5273919092465753
1.0,128.0,8.0,1.0,1.0,1.0,543.0,32.0,0,0.5015625,16384.0,0.125,6400000.0,0.5273919092465753
1.0,128.0,8.0,1.0,1.0,1.0,543.0,32.0,0,0.5015625,512.0,0.125,6400000.0,0.5273919092465753
1.0,256.0,1.0,1.0,1.0,1.0,35.0,32.0,0,0.5015625,32768.0,128.0,6400000.0,0.5273919092465753
1.0,128.0,8.0,1.0,1.0,1.0,543.0,32.0,0,0.5015625,16384.0,0.0,6400000.0,0.5273919092465753
128.0,128.0,8.0,5.0,782.0,782.0,28664.0,108736.0,0,0.940625,256.0,0.00390625,6400000.0,0.9409246575342465
1.0,128.0,8.0,1.0,1.0,1.0,543.0,32.0,0,0.5015625,16384.0,32.0,6400000.0,0.5273919092465753
1.0,128.0,8.0,1.0,1.0,1.0,543.0,32.0,0,0.5015625,16384.0,8192.0,6400000.0,0.5273919092465753
128.0,128.0,8.0,8.0,2161.0,2160.0,74874.0,329216.0,0,0.959375,128.0,0.03125,6400000.0,0.9409246575342465
1.0,256.0,1.0,1.0,1.0,1.0,35.0,32.0,0,0.5015625,0.015625,32768.0,6400000.0,0.5273919092465753
128.0,128.0,8.0,28.0,3688.0,3809.0,125477.0,593056.0,0,0.9859375,0.03125,2.0,6400000.0,0.9796553938356165
1.0,256.0,2.0,1.0,1.0,1.0,39.0,32.0,0,0.5015625,0.0,1024.0,6400000.0,0.5273919092465753
128.0,128.0,8.0,31.0,3672.0,3766.0,124859.0,586176.0,0,0.9875,0.015625,0.0625,6400000.0,0.9792632399706458
128.0,128.0,8.0,8.0,1786.0,1783.0,62241.0,268896.0,0,0.959375,128.0,8.0,6400000.0,0.9409246575342465
1.0,128.0,8.0,1.0,1.0,1.0,543.0,32.0,0,0.5015625,32768.0,0.015625,6400000.0,0.5273919092465753
256.0,256.0,2.0,29.0,1050.0,1021.0,33832.0,130592.0,0,0.9609375,0.015625,0.015625,6400000.0,0.9643996147260273
128.0,128.0,8.0,31.0,3648.0,3747.0,124072.0,583136.0,0,0.9875,0.00195312,0.25,6400000.0,0.9800467832681019
256.0,256.0,1.0,14.0,526.0,512.0,16837.0,49152.0,0,0.94375,0.015625,0.03125,6400000.0,0.9424894508317024
1.0,256.0,1.0,1.0,1.0,1.0,35.0,32.0,0,0.5015625,0.0625,2048.0,6400000.0,0.5273919092465753
256.0,256.0,1.0,8.0,519.0,512.0,16769.0,49152.0,0,0.940625,0.015625,32.0,6400000.0,0.9409246575342465
128.0,128.0,8.0,27.0,3695.0,3814.0,125727.0,593856.0,0,0.9875,4.0,0.0,6400000.0,0.9792647688356164
1.0,256.0,2.0,1.0,1.0,1.0,39.0,32.0,0,0.5015625,0.000976562,8192.0,6400000.0,0.5273919092465753
1.0,128.0,8.0,1.0,1.0,1.0,543.0,32.0,0,0.5015625,256.0,256.0,6400000.0,0.5273919092465753
1.0,128.0,8.0,1.0,1.0,1.0,543.0,32.0,0,0.5015625,32768.0,4.0,6400000.0,0.5273919092465753
128.0,128.0,8.0,5.0,782.0,782.0,28664.0,108736.0,0,0.940625,256.0,1.0,6400000.0,0.9409246575342465
1.0,128.0,8.0,1.0,1.0,1.0,543.0,32.0,0,0.5015625,32768.0,1024.0,6400000.0,0.5273919092465753
128.0,128.0,8.0,32.0,3669.0,3759.0,124735.0,585056.0,0,0.9859375,0.00390625,0.03125,6400000.0,0.9800467832681017
256.0,256.0,1.0,5.0,516.0,512.0,16704.0,49152.0,0,0.940625,0.03125,256.0,6400000.0,0.9409246575342465
256.0,256.0,1.0,11.0,523.0,512.0,16804.0,49152.0,0,0.94375,0.0625,2.0,6400000.0,0.9424894508317024
1.0,256.0,1.0,1.0,1.0,1.0,35.0,32.0,0,0.5015625,0.125,16384.0,6400000.0,0.5273919092465753
256.0,256.0,1.0,13.0,525.0,512.0,16826.0,49152.0,0,0.94375,0.03125,0.25,6400000.0,0.9424894508317024
256.0,256.0,1.0,14.0,526.0,512.0,16837.0,49152.0,0,0.94375,0.0625,0.00195312,6400000.0,0.9424894508317024
256.0,256.0,2.0,24.0,1039.0,1015.0,33579.0,129632.0,0,0.9609375,0.0,1.0,6400000.0,0.9643996147260274
1.0,256.0,1.0,1.0,1.0,1.0,35.0,32.0,0,0.5015625,0.000976562,16384.0,6400000.0,0.5273919092465753
256.0,256.0,2.0,29.0,1050.0,1021.0,33832.0,130592.0,0,0.95625,0.0,0.000976562,6400000.0,0.9643996147260273
256.0,256.0,2.0,16.0,1032.0,1016.0,33521.0,129792.0,0,0.959375,0.000976562,8.0,6400000.0,0.9659651724559687
1.0,256.0,1.0,1.0,1.0,1.0,35.0,32.0,0,0.5015625,0.0,2048.0,6400000.0,0.5273919092465753
1.0,128.0,8.0,1.0,1.0,1.0,543.0,32.0,0,0.5015625,512.0,32.0,6400000.0,0.5273919092465753
1.0,256.0,1.0,1.0,1.0,1.0,35.0,32.0,0,0.5015625,1.0,8192.0,6400000.0,0.5273919092465753
256.0,256.0,2.0,30.0,1051.0,1021.0,33843.0,130592.0,0,0.95625,0.000976562,0.0078125,6400000.0,0.9651816291585126
256.0,256.0,1.0,14.0,526.0,512.0,16837.0,49152.0,0,0.94375,0.0,0.00195312,6400000.0,0.9424894508317024
256.0,256.0,2.0,8.0,997.0,990.0,32540.0,125632.0,0,0.94375,0.00195312,64.0,6400000.0,0.9358427103718199
256.0,256.0,1.0,12.0,524.0,512.0,16815.0,49152.0,0,0.94375,0.5,0.000976562,6400000.0,0.9424894508317024
256.0,256.0,2.0,29.0,1050.0,1021.0,33832.0,130592.0,0,0.95625,0.00390625,0.0,6400000.0,0.9647902397260273
256.0,256.0,1.0,14.0,526.0,512.0,16837.0,49152.0,0,0.94375,0.125,0.015625,6400000.0,0.9424894508317024
1.0,256.0,1.0,1.0,1.0,1.0,35.0,32.0,0,0.5015625,0.5,1024.0,6400000.0,0.5273919092465753
256.0,256.0,1.0,5.0,516.0,512.0,16704.0,49152.0,0,0.940625,0.25,128.0,6400000.0,0.9409246575342465
256.0,256.0,1.0,9.0,520.0,512.0,16780.0,49152.0,0,0.940625,0.125,16.0,6400000.0,0.9401418786692759
1.0,128.0,8.0,1.0,1.0,1.0,543.0,32.0,0,0.5015625,512.0,8192.0,6400000.0,0.5273919092465753
1.0,128.0,8.0,1.0,1.0,1.0,543.0,32.0,0,0.5015625,4.0,8192.0,6400000.0,0.5273919092465753
256.0,256.0,1.0,13.0,525.0,512.0,16826.0,49152.0,0,0.94375,0.25,0.125,6400000.0,0.9424894508317024
1.0,128.0,8.0,1.0,1.0,1.0,543.0,32.0,0,0.5015625,1024.0,0.015625,6400000.0,0.5273919092465753
256.0,256.0,2.0,29.0,1050.0,1021.0,33832.0,130592.0,0,0.959375,0.00195312,0.0625,6400000.0,0.9640089897260274
1.0,256.0,1.0,1.0,1.0,1.0,35.0,32.0,0,0.5015625,16.0,32768.0,6400000.0,0.5273919092465753
256.0,256.0,1.0,11.0,523.0,512.0,16804.0,49152.0,0,0.94375,4.0,0.0,6400000.0,0.9424894508317024
1.0,256.0,1.0,1.0,1.0,1.0,35.0,32.0,0,0.5015625,8.0,4096.0,6400000.0,0.5273919092465753
1.0,128.0,8.0,1.0,1.0,1.0,543.0,32.0,0,0.5015625,64.0,32768.0,6400000.0,0.5273919092465753
256.0,256.0,1.0,12.0,524.0,512.0,16815.0,49152.0,0,0.94375,1.0,0.0078125,6400000.0,0.9424894508317024
256.0,256.0,1.0,11.0,523.0,512.0,16804.0,49152.0,0,0.94375,0.0,2.0,6400000.0,0.9424894508317024
256.0,256.0,1.0,11.0,523.0,512.0,16804.0,49152.0,0,0.94375,0.5,1.0,6400000.0,0.9424894508317024
1.0,128.0,8.0,1.0,1.0,1.0,543.0,32.0,0,0.5015625,32.0,1024.0,6400000.0,0.5273919092465753
256.0,256.0,1.0,14.0,526.0,512.0,16837.0,49152.0,0,0.94375,0.000976562,0.015625,6400000.0,0.9424894508317024
128.0,128.0,8.0,8.0,1747.0,1745.0,60986.0,262816.0,0,0.959375,2.0,128.0,6400000.0,0.9409246575342465
256.0,256.0,1.0,9.0,520.0,512.0,16780.0,49152.0,0,0.940625,0.000976562,16.0,6400000.0,0.9401418786692759
256.0,256.0,1.0,9.0,521.0,512.0,16781.0,49152.0,0,0.940625,1.0,8.0,6400000.0,0.9413160469667318
1.0,256.0,1.0,1.0,1.0,1.0,35.0,32.0,0,0.5015625,4.0,512.0,6400000.0,0.5273919092465753
128.0,128.0,8.0,23.0,3505.0,3657.0,119574.0,568736.0,0,0.9828125,8.0,0.0078125,6400000.0,0.9788733794031312
256.0,256.0,1.0,11.0,523.0,512.0,16804.0,49152.0,0,0.94375,2.0,0.0625,6400000.0,0.9424894508317024
256.0,256.0,1.0,6.0,517.0,512.0,16716.0,49152.0,0,0.940625,2.0,64.0,6400000.0,0.9409246575342465
1.0,128.0,8.0,1.0,1.0,1.0,543.0,32.0,0,0.5015625,1.0,2048.0,6400000.0,0.5273919092465753
256.0,256.0,1.0,11.0,523.0,512.0,16804.0,49152.0,0,0.94375,4.0,0.5,6400000.0,0.9420988258317025
128.0,128.0,8.0,31.0,3655.0,3753.0,124302.0,584096.0,0,0.9875,0.0625,0.25,6400000.0,0.9784819899706457
256.0,256.0,2.0,12.0,1023.0,1011.0,33312.0,128992.0,0,0.953125,0.015625,16.0,6400000.0,0.9597075281311156
256.0,256.0,1.0,10.0,522.0,512.0,16793.0,49152.0,0,0.940625,8.0,0.00390625,6400000.0,0.9413160469667318
128.0,128.0,8.0,13.0,3332.0,3431.0,113767.0,532576.0,0,0.9703125,16.0,0.000976562,6400000.0,0.9718352495107633
256.0,256.0,1.0,14.0,526.0,512.0,16837.0,49152.0,0,0.94375,0.00195312,0.125,6400000.0,0.9424894508317024
256.0,256.0,1.0,8.0,520.0,512.0,16770.0,49152.0,0,0.940625,32.0,0.25,6400000.0,0.9409246575342465
256.0,256.0,1.0,9.0,521.0,512.0,16781.0,49152.0,0,0.940625,8.0,4.0,6400000.0,0.9409246575342465
1.0,128.0,8.0,1.0,1.0,1.0,543.0,32.0,0,0.5015625,8.0,512.0,6400000.0,0.5273919092465753
1.0,128.0,8.0,1.0,1.0,1.0,543.0,32.0,0,0.5015625,1024.0,4.0,6400000.0,0.5273919092465753
256.0,256.0,1.0,7.0,518.0,512.0,16727.0,49152.0,0,0.940625,16.0,32.0,6400000.0,0.9409246575342465
1.0,256.0,1.0,1.0,1.0,1.0,35.0,32.0,0,0.5015625,128.0,16384.0,6400000.0,0.5273919092465753
256.0,256.0,1.0,5.0,516.0,512.0,16704.0,49152.0,0,0.940625,32.0,256.0,6400000.0,0.9409246575342465
256.0,256.0,1.0,5.0,516.0,512.0,16704.0,49152.0,0,0.940625,0.00195312,128.0,6400000.0,0.9409246575342465
256.0,256.0,1.0,9.0,521.0,512.0,16781.0,49152.0,0,0.940625,16.0,0.03125,6400000.0,0.9401418786692759
128.0,128.0,8.0,13.0,3285.0,3387.0,112219.0,525536.0,0,0.9703125,0.5,32.0,6400000.0,0.96674948018591
1.0,256.0,2.0,1.0,1.0,1.0,39.0,32.0,0,0.5015625,0.015625,16384.0,6400000.0,0.5273919092465753
1.0,256.0,1.0,1.0,1.0,1.0,35.0,32.0,0,0.5015625,64.0,2048.0,6400000.0,0.5273919092465753
128.0,128.0,8.0,8.0,2082.0,2115.0,72301.0,322016.0,0,0.959375,64.0,0.25,6400000.0,0.9628371147260273
256.0,256.0,1.0,6.0,517.0,512.0,16716.0,49152.0,0,0.940625,64.0,0.00195312,6400000.0,0.9409246575342465
256.0,256.0,1.0,6.0,517.0,512.0,16716.0,49152.0,0,0.940625,64.0,2.0,6400000.0,0.9409246575342465
1.0,256.0,1.0,1.0,1.0,1.0,35.0,32.0,0,0.5015625,512.0,1024.0,6400000.0,0.5273919092465753
256.0,256.0,2.0,6.0,950.0,945.0,31033.0,118432.0,0,0.940625,0.03125,128.0,6400000.0,0.9409246575342465
1.0,128.0,8.0,1.0,1.0,1.0,543.0,32.0,0,0.5015625,16.0,16384.0,6400000.0,0.5273919092465753
256.0,256.0,2.0,28.0,1049.0,1021.0,33821.0,130592.0,0,0.9578125,0.00390625,0.5,6400000.0,0.9636168358610566
1.0,256.0,2.0,1.0,1.0,1.0,39.0,32.0,0,0.5015625,0.00390625,512.0,6400000.0,0.5273919092465753
1.0,128.0,8.0,1.0,1.0,1.0,543.0,32.0,0,0.5015625,2048.0,0.00195312,6400000.0,0.5273919092465753
1.0,256.0,1.0,1.0,1.0,1.0,35.0,32.0,0,0.5015625,512.0,0.000976562,6400000.0,0.5273919092465753
128.0,128.0,8.0,31.0,3672.0,3766.0,124859.0,586176.0,0,0.9875,0.03125,0.015625,6400000.0,0.978873379403131
128.0,128.0,8.0,23.0,3505.0,3657.0,119574.0,568736.0,0,0.9828125,0.00390625,8.0,6400000.0,0.9780906005381604
1.0,256.0,1.0,1.0,1.0,1.0,35.0,32.0,0,0.5015625,512.0,1.0,6400000.0,0.5273919092465753
128.0,128.0,8.0,9.0,2415.0,2507.0,83328.0,384736.0,0,0.959375,16.0,32.0,6400000.0,0.9628371147260273
128.0,128.0,8.0,23.0,3505.0,3657.0,119574.0,568736.0,0,0.9828125,0.125,8.0,6400000.0,0.978481989970646
1.0,128.0,8.0,1.0,1.0,1.0,543.0,32.0,0,0.5015625,1024.0,1024.0,6400000.0,0.5273919092465753
256.0,256.0,2.0,28.0,1049.0,1021.0,33821.0,130592.0,0,0.9609375,0.03125,0.125,6400000.0,0.9647902397260273
128.0,128.0,8.0,13.0,3332.0,3431.0,113767.0,532576.0,0,0.9703125,16.0,0.125,6400000.0,0.9706610812133072
1.0,128.0,8.0,1.0,1.0,1.0,543.0,32.0,0,0.5015625,2048.0,0.5,6400000.0,0.5273919092465753
128.0,128.0,8.0,13.0,3327.0,3429.0,113605.0,532256.0,0,0.9703125,32.0,0.015625,6400000.0,0.9671408696183953
1.0,256.0,1.0,1.0,1.0,1.0,35.0,32.0,0,0.5015625,1024.0,0.0078125,6400000.0,0.5273919092465753
256.0,256.0,1.0,5.0,516.0,512.0,16704.0,49152.0,0,0.940625,128.0,0.015625,6400000.0,0.9409246575342465
128.0,128.0,8.0,8.0,2082.0,2115.0,72301.0,322016.0,0,0.959375,64.0,0.00195312,6400000.0,0.9628371147260273
1.0,256.0,2.0,1.0,1.0,1.0,39.0,32.0,0,0.5015625,0.0625,1024.0,6400000.0,0.5273919092465753
1.0,256.0,1.0,1.0,1.0,1.0,35.0,32.0,0,0.5015625,1024.0,8.0,6400000.0,0.5273919092465753
256.0,256.0,1.0,5.0,516.0,512.0,16704.0,49152.0,0,0.940625,128.0,16.0,6400000.0,0.9409246575342465
256.0,256.0,2.0,29.0,1050.0,1021.0,33832.0,130592.0,0,0.9609375,0.0625,0.000976562,6400000.0,0.9644003791585127
1.0,128.0,8.0,1.0,1.0,1.0,543.0,32.0,0,0.5015625,2048.0,32768.0,6400000.0,0.5273919092465753
1.0,256.0,1.0,1.0,1.0,1.0,35.0,32.0,0,0.5015625,2048.0,0.0625,6400000.0,0.5273919092465753
1.0,256.0,1.0,1.0,1.0,1.0,35.0,32.0,0,0.5015625,1024.0,8192.0,6400000.0,0.5273919092465753
256.0,256.0,1.0,5.0,516.0,512.0,16704.0,49152.0,0,0.940625,256.0,128.0,6400000.0,0.9033657962328766
256.0,256.0,1.0,5.0,516.0,512.0,16704.0,49152.0,0,0.940625,256.0,0.125,6400000.0,0.9409246575342465
256.0,256.0,2.0,25.0,1043.0,1018.0,33689.0,130112.0,0,0.9609375,0.0625,1.0,6400000.0,0.964398850293542
128.0,128.0,8.0,31.0,3669.0,3766.0,124763.0,586176.0,0,0.9875,0.125,0.03125,6400000.0,0.9804381727005872
256.0,256.0,1.0,14.0,526.0,512.0,16837.0,49152.0,0,0.94375,0.00390625,0.000976562,6400000.0,0.9424894508317024
1.0,128.0,8.0,1.0,1.0,1.0,543.0,32.0,0,0.5015625,2048.0,128.0,6400000.0,0.5273919092465753
128.0,128.0,8.0,30.0,3747.0,3847.0,127361.0,599136.0,0,0.9875,1.0,0.015625,6400000.0,0.9792632399706458
1.0,256.0,2.0,1.0,1.0,1.0,39.0,32.0,0,0.5015625,0.0078125,4096.0,6400000.0,0.5273919092465753
1.0,256.0,1.0,1.0,1.0,1.0,35.0,32.0,0,0.5015625,4096.0,512.0,6400000.0,0.5273919092465753
1.0,256.0,1.0,1.0,1.0,1.0,35.0,32.0,0,0.5015625,2048.0,64.0,6400000.0,0.5273919092465753
1.0,256.0,1.0,1.0,1.0,1.0,35.0,32.0,0,0.5015625,4096.0,0.5,6400000.0,0.5273919092465753
128.0,128.0,8.0,13.0,3373.0,3484.0,115132.0,541056.0,0,0.9703125,32.0,4.0,6400000.0,0.9659667013209393
1.0,128.0,8.0,1.0,1.0,1.0,543.0,32.0,0,0.5015625,4096.0,0.0625,6400000.0,0.5273919092465753
128.0,128.0,8.0,8.0,2082.0,2081.0,72267.0,316576.0,0,0.959375,64.0,64.0,6400000.0,0.9409246575342465
1.0,256.0,1.0,1.0,1.0,1.0,35.0,32.0,0,0.5015625,4096.0,0.0,6400000.0,0.5273919092465753
1.0,128.0,8.0,1.0,1.0,1.0,543.0,32.0,0,0.5015625,0.25,512.0,6400000.0,0.5273919092465753
1.0,256.0,1.0,1.0,1.0,1.0,35.0,32.0,0,0.5015625,8192.0,4096.0,6400000.0,0.5273919092465753
1.0,128.0,8.0,1.0,1.0,1.0,543.0,32.0,0,0.5015625,4096.0,16.0,6400000.0,0.5273919092465753
1.0,256.0,1.0,1.0,1.0,1.0,35.0,32.0,0,0.5015625,8192.0,0.00390625,6400000.0,0.5273919092465753
1.0,256.0,1.0,1.0,1.0,1.0,35.0,32.0,0,0.5015625,8192.0,4.0,6400000.0,0.5273919092465753
1.0,128.0,8.0,1.0,1.0,1.0,543.0,32.0,0,0.5015625,4096.0,4096.0,6400000.0,0.5273919092465753
1.0,128.0,8.0,1.0,1.0,1.0,543.0,32.0,0,0.5015625,8192.0,0.0078125,6400000.0,0.5273919092465753
1.0,256.0,1.0,1.0,1.0,1.0,35.0,32.0,0,0.5015625,0.00390625,1024.0,6400000.0,0.5273919092465753
1.0,256.0,1.0,1.0,1.0,1.0,35.0,32.0,0,0.5015625,0.0078125,8192.0,6400000.0,0.5273919092465753
1.0,128.0,8.0,1.0,1.0,1.0,543.0,32.0,0,0.5015625,128.0,4096.0,6400000.0,0.5273919092465753
1.0,256.0,1.0,1.0,1.0,1.0,35.0,32.0,0,0.5015625,16384.0,0.03125,6400000.0,0.5273919092465753
1.0,256.0,1.0,1.0,1.0,1.0,35.0,32.0,0,0.5015625,16384.0,32.0,6400000.0,0.5273919092465753
256.0,256.0,1.0,12.0,524.0,512.0,16815.0,49152.0,0,0.94375,0.00390625,1.0,6400000.0,0.9424894508317024
1.0,128.0,8.0,1.0,1.0,1.0,543.0,32.0,0,0.5015625,8192.0,2.0,6400000.0,0.5273919092465753
1.0,128.0,8.0,1.0,1.0,1.0,543.0,32.0,0,0.5015625,8192.0,512.0,6400000.0,0.5273919092465753
1.0,128.0,8.0,1.0,1.0,1.0,543.0,32.0,0,0.5015625,512.0,0.000976562,6400000.0,0.5273919092465753
1.0,256.0,1.0,1.0,1.0,1.0,35.0,32.0,0,0.5015625,32768.0,0.25,6400000.0,0.5273919092465753
1.0,256.0,1.0,1.0,1.0,1.0,35.0,32.0,0,0.5015625,16384.0,32768.0,6400000.0,0.5273919092465753
1.0,256.0,2.0,1.0,1.0,1.0,39.0,32.0,0,0.5015625,0.125,8192.0,6400000.0,0.5273919092465753
256.0,256.0,2.0,30.0,1051.0,1021.0,33843.0,130592.0,0,0.95625,0.0078125,0.00390625,6400000.0,0.9647902397260273
256.0,256.0,1.0,14.0,526.0,512.0,16837.0,49152.0,0,0.94375,0.0078125,0.0078125,6400000.0,0.9424894508317024
1.0,128.0,8.0,1.0,1.0,1.0,543.0,32.0,0,0.5015625,16384.0,0.25,6400000.0,0.5273919092465753
256.0,256.0,1.0,10.0,522.0,512.0,16793.0,49152.0,0,0.940625,0.0078125,8.0,6400000.0,0.9413160469667318
1.0,128.0,8.0,1.0,1.0,1.0,543.0,32.0,0,0.5015625,512.0,0.25,6400000.0,0.5273919092465753
256.0,256.0,2.0,17.0,1031.0,1014.0,33466.0,129472.0,0,0.9609375,0.0078125,4.0,6400000.0,0.9667471868884541
128.0,128.0,8.0,13.0,3335.0,3437.0,113869.0,533536.0,0,0.9703125,0.015625,32.0,6400000.0,0.96674948018591
128.0,128.0,8.0,29.0,3734.0,3834.0,126953.0,597056.0,0,0.9875,0.25,1.0,6400000.0,0.9792655332681017
1.0,256.0,1.0,1.0,1.0,1.0,35.0,32.0,0,0.5015625,32768.0,256.0,6400000.0,0.5273919092465753
256.0,256.0,2.0,15.0,1033.0,1018.0,33576.0,130112.0,0,0.959375,0.125,8.0,6400000.0,0.9643996147260274
1.0,128.0,8.0,1.0,1.0,1.0,543.0,32.0,0,0.5015625,16384.0,0.000976562,6400000.0,0.5273919092465753
1.0,128.0,8.0,1.0,1.0,1.0,543.0,32.0,0,0.5015625,16384.0,64.0,6400000.0,0.5273919092465753
256.0,256.0,2.0,28.0,1049.0,1021.0,33821.0,130592.0,0,0.9609375,0.125,0.0078125,6400000.0,0.9647910041585126
1.0,128.0,8.0,1.0,1.0,1.0,543.0,32.0,0,0.5015625,16384.0,16384.0,6400000.0,0.5273919092465753
128.0,128.0,8.0,8.0,1747.0,1749.0,60990.0,263456.0,0,0.959375,0.0625,128.0,6400000.0,0.9409246575342465
1.0,256.0,2.0,1.0,1.0,1.0,39.0,32.0,0,0.5015625,0.0,2048.0,6400000.0,0.5273919092465753
256.0,256.0,1.0,14.0,526.0,512.0,16837.0,49152.0,0,0.94375,0.03125,0.0,6400000.0,0.9424894508317024
1.0,128.0,8.0,1.0,1.0,1.0,543.0,32.0,0,0.5015625,32768.0,0.03125,6400000.0,0.5273919092465753
128.0,128.0,8.0,5.0,782.0,782.0,28664.0,108736.0,0,0.940625,256.0,0.0078125,6400000.0,0.9409246575342465
128.0,128.0,8.0,31.0,3648.0,3747.0,124072.0,583136.0,0,0.9875,0.25,0.0078125,6400000.0,0.9804381727005872
128.0,128.0,8.0,19.0,3324.0,3462.0,113671.0,537536.0,0,0.9796875,8.0,2.0,6400000.0,0.9796553938356164
128.0,128.0,8.0,13.0,3254.0,3352.0,111192.0,519936.0,0,0.9703125,4.0,16.0,6400000.0,0.9663603840508805
1.0,256.0,2.0,1.0,1.0,1.0,39.0,32.0,0,0.5015625,0.000976562,16384.0,6400000.0,0.5273919092465753
128.0,128.0,8.0,5.0,782.0,782.0,28664.0,108736.0,0,0.940625,128.0,16.0,6400000.0,0.9409246575342465
1.0,256.0,1.0,1.0,1.0,1.0,35.0,32.0,0,0.5015625,0.0625,4096.0,6400000.0,0.5273919092465753
128.0,128.0,8.0,29.0,3677.0,3805.0,125100.0,592416.0,0,0.9890625,2.0,0.00390625,6400000.0,0.9800467832681019
1.0,128.0,8.0,1.0,1.0,1.0,543.0,32.0,0,0.5015625,256.0,512.0,6400000.0,0.5273919092465753
128.0,128.0,8.0,8.0,2161.0,2160.0,74874.0,329216.0,0,0.959375,128.0,0.0625,6400000.0,0.9409246575342465
1.0,128.0,8.0,1.0,1.0,1.0,543.0,32.0,0,0.5015625,32768.0,8.0,6400000.0,0.5273919092465753
128.0,128.0,8.0,31.0,3758.0,3860.0,127705.0,601216.0,0,0.9875,0.5,0.125,6400000.0,0.978873379403131
128.0,128.0,8.0,25.0,3672.0,3794.0,125013.0,590656.0,0,0.9859375,1.0,4.0,6400000.0,0.9796538649706458
256.0,256.0,1.0,14.0,526.0,512.0,16837.0,49152.0,0,0.94375,0.015625,0.0625,6400000.0,0.9424894508317024
1.0,128.0,8.0,1.0,1.0,1.0,543.0,32.0,0,0.5015625,32768.0,2048.0,6400000.0,0.5273919092465753
128.0,128.0,8.0,5.0,782.0,782.0,28664.0,108736.0,0,0.940625,256.0,2.0,6400000.0,0.9409246575342465
256.0,256.0,1.0,6.0,517.0,512.0,16716.0,49152.0,0,0.940625,0.015625,64.0,6400000.0,0.9409246575342465
128.0,128.0,8.0,30.0,3747.0,3847.0,127361.0,599136.0,0,0.9875,0.0078125,1.0,6400000.0,0.9792632399706458
1.0,256.0,1.0,1.0,1.0,1.0,35.0,32.0,0,0.5015625,0.125,32768.0,6400000.0,0.5273919092465753
128.0,128.0,8.0,27.0,3701.0,3820.0,125925.0,594816.0,0,0.9890625,4.0,0.0625,6400000.0,0.9808303265655578
1.0,256.0,1.0,1.0,1.0,1.0,35.0,32.0,0,0.5015625,0.03125,512.0,6400000.0,0.5273919092465753
256.0,256.0,2.0,29.0,1050.0,1021.0,33832.0,130592.0,0,0.9609375,0.015625,0.03125,6400000.0,0.9655730185909981
128.0,128.0,8.0,28.0,3666.0,3789.0,124753.0,589856.0,0,0.9875,2.0,0.5,6400000.0,0.9804374082681019
256.0,256.0,1.0,13.0,525.0,512.0,16826.0,49152.0,0,0.94375,0.03125,0.5,6400000.0,0.9424894508317024
1.0,256.0,1.0,1.0,1.0,1.0,35.0,32.0,0,0.5015625,0.000976562,32768.0,6400000.0,0.5273919092465753
1.0,256.0,1.0,1.0,1.0,1.0,35.0,32.0,0,0.5015625,0.0,4096.0,6400000.0,0.5273919092465753
256.0,256.0,1.0,11.0,523.0,512.0,16804.0,49152.0,0,0.94375,0.0625,4.0,6400000.0,0.9424894508317024
1.0,256.0,1.0,1.0,1.0,1.0,35.0,32.0,0,0.5015625,1.0,16384.0,6400000.0,0.5273919092465753
256.0,256.0,1.0,14.0,526.0,512.0,16837.0,49152.0,0,0.94375,0.0625,0.00390625,6400000.0,0.9424894508317024
1.0,128.0,8.0,1.0,1.0,1.0,543.0,32.0,0,0.5015625,512.0,64.0,6400000.0,0.5273919092465753
256.0,256.0,2.0,8.0,997.0,990.0,32540.0,125632.0,0,0.94375,0.25,64.0,6400000.0,0.9358427103718199
256.0,256.0,2.0,29.0,1050.0,1021.0,33832.0,130592.0,0,0.9578125,0.25,0.0625,6400000.0,0.964008225293542
1.0,128.0,8.0,1.0,1.0,1.0,543.0,32.0,0,0.5015625,1024.0,0.03125,6400000.0,0.5273919092465753
1.0,256.0,1.0,1.0,1.0,1.0,35.0,32.0,0,0.5015625,0.5,2048.0,6400000.0,0.5273919092465753
1.0,128.0,8.0,1.0,1.0,1.0,543.0,32.0,0,0.5015625,512.0,16384.0,6400000.0,0.5273919092465753
128.0,128.0,8.0,27.0,3707.0,3826.0,126123.0,595776.0,0,0.9875,0.03125,4.0,6400000.0,0.980047547700587
256.0,256.0,2.0,21.0,1035.0,1014.0,33513.0,129472.0,0,0.959375,0.0,2.0,6400000.0,0.9636168358610566
256.0,256.0,1.0,14.0,526.0,512.0,16837.0,49152.0,0,0.94375,0.0,0.00390625,6400000.0,0.9424894508317024
1.0,256.0,2.0,1.0,1.0,1.0,39.0,32.0,0,0.5015625,0.5,512.0,6400000.0,0.5273919092465753
256.0,256.0,2.0,6.0,950.0,945.0,31033.0,118432.0,0,0.940625,0.00195312,128.0,6400000.0,0.9409246575342465
256.0,256.0,1.0,12.0,524.0,512.0,16815.0,49152.0,0,0.94375,0.5,0.00195312,6400000.0,0.9424894508317024
256.0,256.0,1.0,13.0,525.0,512.0,16826.0,49152.0,0,0.94375,0.125,0.03125,6400000.0,0.9424894508317024
256.0,256.0,2.0,28.0,1049.0,1021.0,33821.0,130592.0,0,0.9578125,0.5,0.0,6400000.0,0.9636176002935419
256.0,256.0,2.0,12.0,1020.0,1008.0,33213.0,128512.0,0,0.953125,0.000976562,16.0,6400000.0,0.9597075281311156
256.0,256.0,1.0,8.0,519.0,512.0,16769.0,49152.0,0,0.940625,0.125,32.0,6400000.0,0.9409246575342465
1.0,256.0,1.0,1.0,1.0,1.0,35.0,32.0,0,0.5015625,8.0,8192.0,6400000.0,0.5273919092465753
256.0,256.0,1.0,12.0,524.0,512.0,16815.0,49152.0,0,0.94375,0.25,0.25,6400000.0,0.9424894508317024
256.0,256.0,1.0,5.0,516.0,512.0,16704.0,49152.0,0,0.940625,0.25,256.0,6400000.0,0.9409246575342465
256.0,256.0,1.0,8.0,520.0,512.0,16770.0,49152.0,0,0.940625,32.0,0.0,6400000.0,0.9409246575342465
256.0,256.0,2.0,29.0,1050.0,1021.0,33832.0,130592.0,0,0.95625,0.0,0.00195312,6400000.0,0.9647902397260273
256.0,256.0,2.0,25.0,1041.0,1016.0,33623.0,129792.0,0,0.9625,0.5,0.5,6400000.0,0.964008225293542
1.0,128.0,8.0,1.0,1.0,1.0,543.0,32.0,0,0.5015625,32.0,2048.0,6400000.0,0.5273919092465753
128.0,128.0,8.0,8.0,2161.0,2160.0,74874.0,329216.0,0,0.959375,128.0,0.0,6400000.0,0.9409246575342465
256.0,256.0,1.0,11.0,523.0,512.0,16804.0,49152.0,0,0.94375,0.0,4.0,6400000.0,0.9424894508317024
128.0,128.0,8.0,31.0,3669.0,3766.0,124763.0,586176.0,0,0.9875,0.015625,0.125,6400000.0,0.9800467832681019
256.0,256.0,1.0,11.0,523.0,512.0,16804.0,49152.0,0,0.94375,4.0,0.000976562,6400000.0,0.9424894508317024
256.0,256.0,2.0,30.0,1051.0,1021.0,33843.0,130592.0,0,0.95625,0.00390625,0.000976562,6400000.0,0.9647902397260273
256.0,256.0,2.0,30.0,1051.0,1021.0,33843.0,130592.0,0,0.95625,0.000976562,0.015625,6400000.0,0.9647902397260273
256.0,256.0,1.0,12.0,524.0,512.0,16815.0,49152.0,0,0.94375,1.0,0.015625,6400000.0,0.9424894508317024
256.0,256.0,1.0,11.0,523.0,512.0,16804.0,49152.0,0,0.94375,0.5,2.0,6400000.0,0.9424894508317024
1.0,256.0,1.0,1.0,1.0,1.0,35.0,32.0,0,0.5015625,4.0,1024.0,6400000.0,0.5273919092465753
128.0,128.0,8.0,5.0,782.0,782.0,28664.0,108736.0,0,0.940625,2.0,256.0,6400000.0,0.9409246575342465
256.0,256.0,1.0,8.0,519.0,512.0,16769.0,49152.0,0,0.940625,0.000976562,32.0,6400000.0,0.9409246575342465
256.0,256.0,1.0,14.0,526.0,512.0,16837.0,49152.0,0,0.94375,0.000976562,0.03125,6400000.0,0.9424894508317024
256.0,256.0,1.0,9.0,520.0,512.0,16780.0,49152.0,0,0.940625,1.0,16.0,6400000.0,0.9401418786692759
1.0,128.0,8.0,1.0,1.0,1.0,543.0,32.0,0,0.5015625,8.0,1024.0,6400000.0,0.5273919092465753
1.0,128.0,8.0,1.0,1.0,1.0,543.0,32.0,0,0.5015625,1024.0,8.0,6400000.0,0.5273919092465753
256.0,256.0,2.0,28.0,1049.0,1021.0,33821.0,130592.0,0,0.9609375,0.00195312,0.125,6400000.0,0.9643996147260273
256.0,256.0,1.0,5.0,516.0,512.0,16704.0,49152.0,0,0.940625,2.0,128.0,6400000.0,0.9409246575342465
1.0,256.0,1.0,1.0,1.0,1.0,35.0,32.0,0,0.5015625,128.0,32768.0,6400000.0,0.5273919092465753
256.0,256.0,1.0,11.0,523.0,512.0,16804.0,49152.0,0,0.94375,4.0,1.0,6400000.0,0.9420988258317025
256.0,256.0,1.0,11.0,523.0,512.0,16804.0,49152.0,0,0.94375,2.0,0.125,6400000.0,0.9424894508317024
256.0,256.0,1.0,10.0,522.0,512.0,16793.0,49152.0,0,0.940625,8.0,0.0078125,6400000.0,0.9413160469667318
256.0,256.0,1.0,6.0,517.0,512.0,16716.0,49152.0,0,0.940625,16.0,64.0,6400000.0,0.9409246575342465
256.0,256.0,1.0,8.0,520.0,512.0,16770.0,49152.0,0,0.940625,32.0,0.5,6400000.0,0.9409246575342465
1.0,256.0,2.0,1.0,1.0,1.0,39.0,32.0,0,0.5015625,0.015625,32768.0,6400000.0,0.5273919092465753
256.0,256.0,1.0,9.0,521.0,512.0,16781.0,49152.0,0,0.940625,8.0,8.0,6400000.0,0.9401418786692759
1.0,256.0,1.0,1.0,1.0,1.0,35.0,32.0,0,0.5015625,32.0,512.0,6400000.0,0.5273919092465753
256.0,256.0,2.0,9.0,1017.0,1008.0,33177.0,128512.0,0,0.9484375,0.015625,32.0,6400000.0,0.9589247492661448
1.0,256.0,1.0,1.0,1.0,1.0,35.0,32.0,0,0.5015625,64.0,4096.0,6400000.0,0.5273919092465753
256.0,256.0,1.0,13.0,525.0,512.0,16826.0,49152.0,0,0.94375,0.00195312,0.25,6400000.0,0.9424894508317024
256.0,256.0,2.0,25.0,1041.0,1016.0,33623.0,129792.0,0,0.9625,1.0,0.00390625,6400000.0,0.9655737830234834
1.0,256.0,1.0,1.0,1.0,1.0,35.0,32.0,0,0.5015625,512.0,2048.0,6400000.0,0.5273919092465753
256.0,256.0,1.0,9.0,521.0,512.0,16781.0,49152.0,0,0.940625,16.0,0.0625,6400000.0,0.9401418786692759
1.0,128.0,8.0,1.0,1.0,1.0,543.0,32.0,0,0.5015625,16.0,32768.0,6400000.0,0.5273919092465753
256.0,256.0,1.0,5.0,516.0,512.0,16704.0,49152.0,0,0.940625,0.00195312,256.0,6400000.0,0.9409246575342465
1.0,256.0,2.0,1.0,1.0,1.0,39.0,32.0,0,0.5015625,0.00390625,1024.0,6400000.0,0.5273919092465753
1.0,128.0,8.0,1.0,1.0,1.0,543.0,32.0,0,0.5015625,2048.0,0.00390625,6400000.0,0.5273919092465753
1.0,256.0,1.0,1.0,1.0,1.0,35.0,32.0,0,0.5015625,512.0,0.00195312,6400000.0,0.5273919092465753
256.0,256.0,1.0,6.0,517.0,512.0,16716.0,49152.0,0,0.940625,64.0,0.00390625,6400000.0,0.9409246575342465
1.0,256.0,1.0,1.0,1.0,1.0,35.0,32.0,0,0.5015625,512.0,2.0,6400000.0,0.5273919092465753
1.0,128.0,8.0,1.0,1.0,1.0,543.0,32.0,0,0.5015625,1024.0,2048.0,6400000.0,0.5273919092465753
256.0,256.0,1.0,6.0,517.0,512.0,16716.0,49152.0,0,0.940625,64.0,4.0,6400000.0,0.9409246575342465
1.0,256.0,1.0,1.0,1.0,1.0,35.0,32.0,0,0.5015625,1024.0,0.015625,6400000.0,0.5273919092465753
1.0,256.0,2.0,1.0,1.0,1.0,39.0,32.0,0,0.5015625,0.0625,2048.0,6400000.0,0.5273919092465753
1.0,128.0,8.0,1.0,1.0,1.0,543.0,32.0,0,0.5015625,2048.0,1.0,6400000.0,0.5273919092465753
256.0,256.0,2.0,5.0,830.0,840.0,27106.0,101632.0,0,0.940625,0.03125,256.0,6400000.0,0.9409246575342465
1.0,256.0,1.0,1.0,1.0,1.0,35.0,32.0,0,0.5015625,2048.0,0.125,6400000.0,0.5273919092465753
1.0,256.0,1.0,1.0,1.0,1.0,35.0,32.0,0,0.5015625,1024.0,16384.0,6400000.0,0.5273919092465753
1.0,128.0,8.0,1.0,1.0,1.0,543.0,32.0,0,0.5015625,4096.0,0.0,6400000.0,0.5273919092465753
1.0,256.0,1.0,1.0,1.0,1.0,35.0,32.0,0,0.5015625,1024.0,16.0,6400000.0,0.5273919092465753
256.0,256.0,1.0,5.0,516.0,512.0,16704.0,49152.0,0,0.940625,128.0,0.03125,6400000.0,0.9409246575342465
256.0,256.0,1.0,5.0,516.0,512.0,16704.0,49152.0,0,0.940625,128.0,32.0,6400000.0,0.9409246575342465
1.0,128.0,8.0,1.0,1.0,1.0,543.0,32.0,0,0.5015625,2048.0,256.0,6400000.0,0.5273919092465753
1.0,256.0,2.0,1.0,1.0,1.0,39.0,32.0,0,0.5015625,0.0078125,8192.0,6400000.0,0.5273919092465753
128.0,128.0,8.0,23.0,3505.0,3657.0,119574.0,568736.0,0,0.9828125,8.0,0.015625,6400000.0,0.9788733794031312
128.0,128.0,8.0,13.0,3332.0,3431.0,113767.0,532576.0,0,0.9703125,16.0,0.00195312,6400000.0,0.9718352495107633
1.0,256.0,1.0,1.0,1.0,1.0,35.0,32.0,0,0.5015625,256.0,256.0,6400000.0,0.5273919092465753
256.0,256.0,2.0,25.0,1043.0,1018.0,33689.0,130112.0,0,0.9625,0.00390625,1.0,6400000.0,0.9643996147260274
1.0,128.0,8.0,1.0,1.0,1.0,543.0,32.0,0,0.5015625,4096.0,0.125,6400000.0,0.5273919092465753
1.0,256.0,1.0,1.0,1.0,1.0,35.0,32.0,0,0.5015625,4096.0,0.000976562,6400000.0,0.5273919092465753
1.0,256.0,1.0,1.0,1.0,1.0,35.0,32.0,0,0.5015625,2048.0,128.0,6400000.0,0.5273919092465753
1.0,256.0,1.0,1.0,1.0,1.0,35.0,32.0,0,0.5015625,4096.0,1.0,6400000.0,0.5273919092465753
256.0,256.0,1.0,5.0,516.0,512.0,16704.0,49152.0,0,0.940625,256.0,0.25,6400000.0,0.9409246575342465
128.0,128.0,8.0,8.0,2028.0,2058.0,70260.0,312896.0,0,0.959375,0.5,64.0,6400000.0,0.9499312010763209
1.0,256.0,1.0,1.0,1.0,1.0,35.0,32.0,0,0.5015625,4096.0,1024.0,6400000.0,0.5273919092465753
1.0,256.0,1.0,1.0,1.0,1.0,35.0,32.0,0,0.5015625,0.00390625,2048.0,6400000.0,0.5273919092465753
1.0,128.0,8.0,1.0,1.0,1.0,543.0,32.0,0,0.5015625,4096.0,32.0,6400000.0,0.5273919092465753
256.0,256.0,2.0,28.0,1049.0,1021.0,33821.0,130592.0,0,0.9578125,0.03125,0.25,6400000.0,0.9647910041585126
1.0,256.0,1.0,1.0,1.0,1.0,35.0,32.0,0,0.5015625,8192.0,8192.0,6400000.0,0.5273919092465753
1.0,256.0,1.0,1.0,1.0,1.0,35.0,32.0,0,0.5015625,8192.0,8.0,6400000.0,0.5273919092465753
256.0,256.0,1.0,14.0,526.0,512.0,16837.0,49152.0,0,0.94375,0.00390625,0.00195312,6400000.0,0.9424894508317024
1.0,256.0,1.0,1.0,1.0,1.0,35.0,32.0,0,0.5015625,8192.0,0.0078125,6400000.0,0.5273919092465753
1.0,256.0,2.0,1.0,1.0,1.0,39.0,32.0,0,0.5015625,1.0,4096.0,6400000.0,0.5273919092465753
1.0,128.0,8.0,1.0,1.0,1.0,543.0,32.0,0,0.5015625,4096.0,8192.0,6400000.0,0.5273919092465753
1.0,256.0,1.0,1.0,1.0,1.0,35.0,32.0,0,0.5015625,0.0078125,16384.0,6400000.0,0.5273919092465753
1.0,128.0,8.0,1.0,1.0,1.0,543.0,32.0,0,0.5015625,8192.0,0.015625,6400000.0,0.5273919092465753
1.0,128.0,8.0,1.0,1.0,1.0,543.0,32.0,0,0.5015625,128.0,8192.0,6400000.0,0.5273919092465753
1.0,256.0,1.0,1.0,1.0,1.0,35.0,32.0,0,0.5015625,16384.0,64.0,6400000.0,0.5273919092465753
256.0,256.0,2.0,18.0,1032.0,1014.0,33480.0,129472.0,0,0.959375,1.0,4.0,6400000.0,0.9651839224559687
128.0,128.0,8.0,5.0,782.0,782.0,28664.0,108736.0,0,0.940625,64.0,128.0,6400000.0,0.9409246575342465
1.0,256.0,1.0,1.0,1.0,1.0,35.0,32.0,0,0.5015625,16384.0,0.0625,6400000.0,0.5273919092465753
1.0,128.0,8.0,1.0,1.0,1.0,543.0,32.0,0,0.5015625,8192.0,1024.0,6400000.0,0.5273919092465753
128.0,128.0,8.0,13.0,3327.0,3429.0,113605.0,532256.0,0,0.9703125,32.0,0.03125,6400000.0,0.9671408696183953
256.0,256.0,2.0,29.0,1050.0,1021.0,33832.0,130592.0,0,0.959375,0.0625,0.00195312,6400000.0,0.9644003791585127
1.0,128.0,8.0,1.0,1.0,1.0,543.0,32.0,0,0.5015625,8192.0,4.0,6400000.0,0.5273919092465753
256.0,256.0,2.0,21.0,1036.0,1015.0,33546.0,129632.0,0,0.9640625,0.0625,2.0,6400000.0,0.9643996147260274
256.0,256.0,2.0,23.0,1041.0,1018.0,33667.0,130112.0,0,0.9609375,2.0,0.03125,6400000.0,0.9643996147260274
1.0,256.0,1.0,1.0,1.0,1.0,35.0,32.0,0,0.5015625,32768.0,0.5,6400000.0,0.5273919092465753
128.0,128.0,8.0,31.0,3665.0,3765.0,124634.0,586016.0,0,0.9890625,0.0625,0.5,6400000.0,0.9804389371330725
1.0,256.0,1.0,1.0,1.0,1.0,35.0,32.0,0,0.5015625,32768.0,0.0,6400000.0,0.5273919092465753
1.0,128.0,8.0,1.0,1.0,1.0,543.0,32.0,0,0.5015625,512.0,0.00195312,6400000.0,0.5273919092465753
1.0,128.0,8.0,1.0,1.0,1.0,543.0,32.0,0,0.5015625,16384.0,0.5,6400000.0,0.5273919092465753
128.0,128.0,8.0,8.0,2067.0,2100.0,71806.0,319616.0,0,0.959375,64.0,0.5,6400000.0,0.9628371147260273
128.0,128.0,8.0,16.0,3450.0,3545.0,117594.0,550816.0,0,0.9765625,0.125,16.0,6400000.0,0.9706610812133072
1.0,256.0,2.0,1.0,1.0,1.0,39.0,32.0,0,0.5015625,0.125,16384.0,6400000.0,0.5273919092465753
128.0,128.0,8.0,16.0,3390.0,3485.0,115614.0,541216.0,0,0.9765625,16.0,0.25,6400000.0,0.9718352495107633
1.0,256.0,1.0,1.0,1.0,1.0,35.0,32.0,0,0.5015625,32768.0,512.0,6400000.0,0.5273919092465753
1.0,128.0,8.0,1.0,1.0,1.0,543.0,32.0,0,0.5015625,512.0,0.5,6400000.0,0.5273919092465753
128.0,128.0,8.0,8.0,2014.0,2034.0,69788.0,309056.0,0,0.959375,16.0,64.0,6400000.0,0.9483656433463796
256.0,256.0,1.0,11.0,523.0,512.0,16804.0,49152.0,0,0.94375,0.00390625,2.0,6400000.0,0.9424894508317024
1.0,128.0,8.0,1.0,1.0,1.0,543.0,32.0,0,0.5015625,16384.0,128.0,6400000.0,0.5273919092465753
1.0,128.0,8.0,1.0,1.0,1.0,543.0,32.0,0,0.5015625,32768.0,0.0625,6400000.0,0.5273919092465753
1.0,128.0,8.0,1.0,1.0,1.0,543.0,32.0,0,0.5015625,16384.0,0.00195312,6400000.0,0.5273919092465753
128.0,128.0,8.0,10.0,2723.0,2816.0,93727.0,434176.0,0,0.9640625,32.0,8.0,6400000.0,0.9644011435909979
1.0,256.0,2.0,1.0,1.0,1.0,39.0,32.0,0,0.5015625,0.0,4096.0,6400000.0,0.5273919092465753
256.0,256.0,1.0,9.0,520.0,512.0,16780.0,49152.0,0,0.940625,0.0078125,16.0,6400000.0,0.9401418786692759
1.0,128.0,8.0,1.0,1.0,1.0,543.0,32.0,0,0.5015625,16384.0,32768.0,6400000.0,0.5273919092465753
256.0,256.0,1.0,14.0,526.0,512.0,16837.0,49152.0,0,0.94375,0.0078125,0.015625,6400000.0,0.9424894508317024
128.0,128.0,8.0,8.0,2082.0,2115.0,72301.0,322016.0,0,0.959375,64.0,0.00390625,6400000.0,0.9628371147260273
1.0,256.0,1.0,1.0,1.0,1.0,35.0,32.0,0,0.5015625,0.0625,8192.0,6400000.0,0.5273919092465753
256.0,256.0,1.0,14.0,526.0,512.0,16837.0,49152.0,0,0.94375,0.03125,0.000976562,6400000.0,0.9424894508317024
1.0,128.0,8.0,1.0,1.0,1.0,543.0,32.0,0,0.5015625,256.0,1024.0,6400000.0,0.5273919092465753
1.0,256.0,2.0,1.0,1.0,1.0,39.0,32.0,0,0.5015625,0.000976562,32768.0,6400000.0,0.5273919092465753
256.0,256.0,2.0,12.0,1025.0,1013.0,33378.0,129312.0,0,0.953125,0.125,16.0,6400000.0,0.9597075281311156
128.0,128.0,8.0,5.0,782.0,782.0,28664.0,108736.0,0,0.940625,256.0,0.015625,6400000.0,0.9409246575342465
1.0,256.0,2.0,1.0,1.0,1.0,39.0,32.0,0,0.5015625,2.0,32768.0,6400000.0,0.5273919092465753
256.0,256.0,2.0,16.0,1032.0,1016.0,33521.0,129792.0,0,0.959375,0.0078125,8.0,6400000.0,0.9659651724559687
1.0,128.0,8.0,1.0,1.0,1.0,543.0,32.0,0,0.5015625,32768.0,16.0,6400000.0,0.5273919092465753
256.0,256.0,2.0,30.0,1051.0,1021.0,33843.0,130592.0,0,0.95625,0.0078125,0.0078125,6400000.0,0.9647902397260273
1.0,128.0,8.0,1.0,1.0,1.0,543.0,32.0,0,0.5015625,32768.0,4096.0,6400000.0,0.5273919092465753
128.0,128.0,8.0,31.0,3669.0,3766.0,124763.0,586176.0,0,0.9890625,0.125,0.0625,6400000.0,0.9812209515655578
256.0,256.0,2.0,9.0,1016.0,1007.0,33144.0,128352.0,0,0.9484375,2.0,32.0,6400000.0,0.9597059992661447
256.0,256.0,2.0,28.0,1049.0,1021.0,33821.0,130592.0,0,0.9609375,0.125,0.015625,6400000.0,0.9636176002935419
128.0,128.0,8.0,5.0,782.0,782.0,28664.0,108736.0,0,0.940625,128.0,32.0,6400000.0,0.9409246575342465
128.0,128.0,8.0,30.0,3747.0,3847.0,127361.0,599136.0,0,0.9875,1.0,0.03125,6400000.0,0.9800475477005872
128.0,128.0,8.0,8.0,2161.0,2160.0,74874.0,329216.0,0,0.959375,128.0,0.125,6400000.0,0.9409246575342465
1.0,256.0,1.0,1.0,1.0,1.0,35.0,32.0,0,0.5015625,0.03125,1024.0,6400000.0,0.5273919092465753
256.0,256.0,1.0,14.0,526.0,512.0,16837.0,49152.0,0,0.94375,0.015625,0.125,6400000.0,0.9424894508317024
256.0,256.0,1.0,5.0,516.0,512.0,16704.0,49152.0,0,0.940625,0.015625,128.0,6400000.0,0.9409246575342465
128.0,128.0,8.0,5.0,782.0,782.0,28664.0,108736.0,0,0.940625,256.0,4.0,6400000.0,0.9409246575342465
256.0,256.0,1.0,13.0,525.0,512.0,16826.0,49152.0,0,0.94375,0.25,0.0,6400000.0,0.9424894508317024
1.0,256.0,1.0,1.0,1.0,1.0,35.0,32.0,0,0.5015625,0.0,8192.0,6400000.0,0.5273919092465753
1.0,256.0,1.0,1.0,1.0,1.0,35.0,32.0,0,0.5015625,1.0,32768.0,6400000.0,0.5273919092465753
256.0,256.0,1.0,14.0,526.0,512.0,16837.0,49152.0,0,0.94375,0.00195312,0.0,6400000.0,0.9424894508317024
128.0,128.0,8.0,13.0,3384.0,3495.0,115495.0,542816.0,0,0.9703125,4.0,32.0,6400000.0,0.9663580907534246
1.0,128.0,8.0,1.0,1.0,1.0,543.0,32.0,0,0.5015625,512.0,128.0,6400000.0,0.5273919092465753
256.0,256.0,2.0,5.0,830.0,840.0,27106.0,101632.0,0,0.940625,4.0,256.0,6400000.0,0.9409246575342465
256.0,256.0,2.0,17.0,1032.0,1015.0,33499.0,129632.0,0,0.959375,4.0,0.25,6400000.0,0.9659644080234834
256.0,256.0,1.0,10.0,522.0,512.0,16793.0,49152.0,0,0.940625,0.0625,8.0,6400000.0,0.9413160469667318
1.0,128.0,8.0,1.0,1.0,1.0,543.0,32.0,0,0.5015625,1024.0,0.0625,6400000.0,0.5273919092465753
256.0,256.0,1.0,12.0,524.0,512.0,16815.0,49152.0,0,0.94375,0.03125,1.0,6400000.0,0.9424894508317024
1.0,256.0,1.0,1.0,1.0,1.0,35.0,32.0,0,0.5015625,0.5,4096.0,6400000.0,0.5273919092465753
256.0,256.0,1.0,14.0,526.0,512.0,16837.0,49152.0,0,0.94375,0.0625,0.0078125,6400000.0,0.9424894508317024
128.0,128.0,8.0,29.0,3685.0,3805.0,125356.0,592416.0,0,0.9875,0.25,2.0,6400000.0,0.9776999755381606
1.0,256.0,2.0,1.0,1.0,1.0,39.0,32.0,0,0.5015625,0.5,1024.0,6400000.0,0.5273919092465753
256.0,256.0,2.0,6.0,950.0,945.0,31033.0,118432.0,0,0.940625,0.25,128.0,6400000.0,0.9409246575342465
128.0,128.0,8.0,19.0,3619.0,3700.0,123349.0,575616.0,0,0.9828125,8.0,4.0,6400000.0,0.9749633072407045
1.0,128.0,8.0,1.0,1.0,1.0,543.0,32.0,0,0.5015625,512.0,32768.0,6400000.0,0.5273919092465753
256.0,256.0,2.0,17.0,1031.0,1014.0,33466.0,129472.0,0,0.95625,8.0,0.00195312,6400000.0,0.9640105185909981
256.0,256.0,2.0,29.0,1050.0,1021.0,33832.0,130592.0,0,0.965625,0.015625,0.0625,6400000.0,0.9651823935909981
1.0,256.0,1.0,1.0,1.0,1.0,35.0,32.0,0,0.5015625,8.0,16384.0,6400000.0,0.5273919092465753
128.0,128.0,8.0,23.0,3448.0,3601.0,117694.0,559776.0,0,0.9796875,1.0,8.0,6400000.0,0.9780906005381604
256.0,256.0,1.0,14.0,526.0,512.0,16837.0,49152.0,0,0.94375,0.0,0.0078125,6400000.0,0.9424894508317024
1.0,128.0,8.0,1.0,1.0,1.0,543.0,32.0,0,0.5015625,32.0,4096.0,6400000.0,0.5273919092465753
256.0,256.0,2.0,29.0,1050.0,1021.0,33832.0,130592.0,0,0.9625,0.25,0.125,6400000.0,0.9632254464285713
256.0,256.0,1.0,12.0,524.0,512.0,16815.0,49152.0,0,0.94375,0.5,0.00390625,6400000.0,0.9424894508317024
1.0,256.0,1.0,1.0,1.0,1.0,35.0,32.0,0,0.5015625,0.25,512.0,6400000.0,0.5273919092465753
256.0,256.0,2.0,17.0,1031.0,1014.0,33466.0,129472.0,0,0.9609375,0.0,4.0,6400000.0,0.9667471868884541
256.0,256.0,1.0,13.0,525.0,512.0,16826.0,49152.0,0,0.94375,0.125,0.0625,6400000.0,0.9424894508317024
256.0,256.0,1.0,12.0,524.0,512.0,16815.0,49152.0,0,0.94375,0.25,0.5,6400000.0,0.9424894508317024
256.0,256.0,1.0,6.0,517.0,512.0,16716.0,49152.0,0,0.940625,0.125,64.0,6400000.0,0.9409246575342465
256.0,256.0,2.0,9.0,1017.0,1008.0,33177.0,128512.0,0,0.9484375,0.000976562,32.0,6400000.0,0.9589247492661448
256.0,256.0,1.0,8.0,520.0,512.0,16770.0,49152.0,0,0.940625,32.0,0.000976562,6400000.0,0.9409246575342465
256.0,256.0,2.0,5.0,830.0,840.0,27106.0,101632.0,0,0.940625,0.00195312,256.0,6400000.0,0.9409246575342465
128.0,128.0,8.0,26.0,3709.0,3829.0,126211.0,596256.0,0,0.9890625,4.0,0.125,6400000.0,0.9804397015655576
1.0,256.0,1.0,1.0,1.0,1.0,35.0,32.0,0,0.5015625,4.0,2048.0,6400000.0,0.5273919092465753
256.0,256.0,1.0,11.0,523.0,512.0,16804.0,49152.0,0,0.94375,4.0,0.00195312,6400000.0,0.9424894508317024
128.0,128.0,8.0,31.0,3724.0,3822.0,126579.0,595136.0,0,0.9875,0.5,0.25,6400000.0,0.9796553938356164
1.0,256.0,2.0,1.0,1.0,1.0,39.0,32.0,0,0.5015625,8.0,2048.0,6400000.0,0.5273919092465753
256.0,256.0,1.0,10.0,522.0,512.0,16793.0,49152.0,0,0.940625,0.0,8.0,6400000.0,0.9413160469667318
256.0,256.0,1.0,12.0,524.0,512.0,16815.0,49152.0,0,0.94375,1.0,0.03125,6400000.0,0.9424894508317024
128.0,128.0,8.0,8.0,2161.0,2160.0,74874.0,329216.0,0,0.959375,128.0,0.000976562,6400000.0,0.9409246575342465
1.0,128.0,8.0,1.0,1.0,1.0,543.0,32.0,0,0.5015625,1024.0,16.0,6400000.0,0.5273919092465753
256.0,256.0,2.0,28.0,1049.0,1021.0,33821.0,130592.0,0,0.9578125,0.5,0.000976562,6400000.0,0.9636176002935419
256.0,256.0,1.0,6.0,517.0,512.0,16716.0,49152.0,0,0.940625,0.000976562,64.0,6400000.0,0.9409246575342465
256.0,256.0,1.0,5.0,516.0,512.0,16704.0,49152.0,0,0.940625,256.0,0.0,6400000.0,0.9409246575342465
256.0,256.0,1.0,11.0,523.0,512.0,16804.0,49152.0,0,0.94375,0.5,4.0,6400000.0,0.9420988258317025
256.0,256.0,2.0,15.0,1026.0,1011.0,33345.0,128992.0,0,0.9671875,8.0,2.0,6400000.0,0.9628378791585126
256.0,256.0,2.0,23.0,1038.0,1015.0,33568.0,129632.0,0,0.9625,0.5,1.0,6400000.0,0.9667471868884541
1.0,256.0,1.0,1.0,1.0,1.0,35.0,32.0,0,0.5015625,32.0,1024.0,6400000.0,0.5273919092465753
256.0,256.0,1.0,14.0,526.0,512.0,16837.0,49152.0,0,0.94375,0.000976562,0.0625,6400000.0,0.9424894508317024
128.0,128.0,8.0,27.0,3765.0,3866.0,128019.0,602176.0,0,0.9890625,2.0,1.0,6400000.0,0.9812209515655578
256.0,256.0,2.0,29.0,1050.0,1021.0,33832.0,130592.0,0,0.95625,0.0,0.00390625,6400000.0,0.9647902397260273
256.0,256.0,1.0,8.0,519.0,512.0,16769.0,49152.0,0,0.940625,1.0,32.0,6400000.0,0.9409246575342465
1.0,256.0,1.0,1.0,1.0,1.0,35.0,32.0,0,0.5015625,64.0,8192.0,6400000.0,0.5273919092465753
256.0,256.0,1.0,5.0,516.0,512.0,16704.0,49152.0,0,0.940625,2.0,256.0,6400000.0,0.9409246575342465
256.0,256.0,1.0,11.0,523.0,512.0,16804.0,49152.0,0,0.94375,2.0,0.25,6400000.0,0.9424894508317024
256.0,256.0,2.0,12.0,1023.0,1011.0,33312.0,128992.0,0,0.9609375,16.0,0.015625,6400000.0,0.9608816964285716
1.0,256.0,2.0,1.0,1.0,1.0,39.0,32.0,0,0.5015625,0.00390625,2048.0,6400000.0,0.5273919092465753
256.0,256.0,2.0,30.0,1051.0,1021.0,33843.0,130592.0,0,0.95625,0.00390625,0.00195312,6400000.0,0.9647902397260273
1.0,256.0,2.0,1.0,1.0,1.0,39.0,32.0,0,0.5015625,16.0,16384.0,6400000.0,0.5273919092465753
256.0,256.0,1.0,10.0,522.0,512.0,16793.0,49152.0,0,0.940625,8.0,0.015625,6400000.0,0.9413160469667318
1.0,256.0,1.0,1.0,1.0,1.0,35.0,32.0,0,0.5015625,512.0,4096.0,6400000.0,0.5273919092465753
256.0,256.0,1.0,11.0,523.0,512.0,16804.0,49152.0,0,0.94375,4.0,2.0,6400000.0,0.9417074363992171
1.0,256.0,1.0,1.0,1.0,1.0,35.0,32.0,0,0.5015625,512.0,0.00390625,6400000.0,0.5273919092465753
1.0,256.0,1.0,1.0,1.0,1.0,35.0,32.0,0,0.5015625,512.0,4.0,6400000.0,0.5273919092465753
256.0,256.0,2.0,29.0,1050.0,1021.0,33832.0,130592.0,0,0.9609375,0.000976562,0.03125,6400000.0,0.9643996147260273
256.0,256.0,1.0,5.0,516.0,512.0,16704.0,49152.0,0,0.940625,16.0,128.0,6400000.0,0.9409246575342465
1.0,128.0,8.0,1.0,1.0,1.0,543.0,32.0,0,0.5015625,2048.0,0.0078125,6400000.0,0.5273919092465753
256.0,256.0,1.0,8.0,519.0,512.0,16769.0,49152.0,0,0.940625,32.0,1.0,6400000.0,0.9409246575342465
1.0,128.0,8.0,1.0,1.0,1.0,543.0,32.0,0,0.5015625,1024.0,4096.0,6400000.0,0.5273919092465753
256.0,256.0,1.0,9.0,520.0,512.0,16780.0,49152.0,0,0.940625,8.0,16.0,6400000.0,0.9405332681017612
1.0,256.0,1.0,1.0,1.0,1.0,35.0,32.0,0,0.5015625,0.00195312,512.0,6400000.0,0.5273919092465753
256.0,256.0,2.0,9.0,1017.0,1008.0,33177.0,128512.0,0,0.9484375,16.0,16.0,6400000.0,0.960880167563601
1.0,256.0,2.0,1.0,1.0,1.0,39.0,32.0,0,0.5015625,0.0625,4096.0,6400000.0,0.5273919092465753
256.0,256.0,1.0,9.0,521.0,512.0,16781.0,49152.0,0,0.940625,16.0,0.125,6400000.0,0.9401418786692759
1.0,256.0,1.0,1.0,1.0,1.0,35.0,32.0,0,0.5015625,1024.0,0.03125,6400000.0,0.5273919092465753
256.0,256.0,2.0,9.0,1022.0,1013.0,33342.0,129312.0,0,0.9484375,32.0,0.125,6400000.0,0.9616629464285715
256.0,256.0,2.0,29.0,1050.0,1021.0,33832.0,130592.0,0,0.9609375,0.03125,0.0,6400000.0,0.9643996147260273
256.0,256.0,2.0,8.0,997.0,990.0,32540.0,125632.0,0,0.94375,0.015625,64.0,6400000.0,0.9358427103718199
1.0,256.0,1.0,1.0,1.0,1.0,35.0,32.0,0,0.5015625,2048.0,0.25,6400000.0,0.5273919092465753
256.0,256.0,1.0,6.0,517.0,512.0,16716.0,49152.0,0,0.940625,64.0,8.0,6400000.0,0.9409246575342465
256.0,256.0,1.0,12.0,524.0,512.0,16815.0,49152.0,0,0.94375,0.00195312,0.5,6400000.0,0.9424894508317024
1.0,256.0,1.0,1.0,1.0,1.0,35.0,32.0,0,0.5015625,1024.0,32768.0,6400000.0,0.5273919092465753
256.0,256.0,1.0,6.0,517.0,512.0,16716.0,49152.0,0,0.940625,64.0,0.0078125,6400000.0,0.9409246575342465
1.0,128.0,8.0,1.0,1.0,1.0,543.0,32.0,0,0.5015625,4096.0,0.000976562,6400000.0,0.5273919092465753
1.0,128.0,8.0,1.0,1.0,1.0,543.0,32.0,0,0.5015625,2048.0,2.0,6400000.0,0.5273919092465753
1.0,256.0,1.0,1.0,1.0,1.0,35.0,32.0,0,0.5015625,1024.0,32.0,6400000.0,0.5273919092465753
1.0,256.0,2.0,1.0,1.0,1.0,39.0,32.0,0,0.5015625,0.03125,512.0,6400000.0,0.5273919092465753
256.0,256.0,2.0,28.0,1049.0,1021.0,33821.0,130592.0,0,0.9578125,0.00195312,0.25,6400000.0,0.9632254464285713
1.0,256.0,1.0,1.0,1.0,1.0,35.0,32.0,0,0.5015625,256.0,512.0,6400000.0,0.5273919092465753
1.0,128.0,8.0,1.0,1.0,1.0,543.0,32.0,0,0.5015625,2048.0,512.0,6400000.0,0.5273919092465753
256.0,256.0,2.0,25.0,1041.0,1016.0,33623.0,129792.0,0,0.9625,1.0,0.0078125,6400000.0,0.9655737830234834
1.0,256.0,2.0,1.0,1.0,1.0,39.0,32.0,0,0.5015625,0.0078125,16384.0,6400000.0,0.5273919092465753
1.0,256.0,1.0,1.0,1.0,1.0,35.0,32.0,0,0.5015625,4096.0,2.0,6400000.0,0.5273919092465753
1.0,128.0,8.0,1.0,1.0,1.0,543.0,32.0,0,0.5015625,4096.0,64.0,6400000.0,0.5273919092465753
1.0,256.0,1.0,1.0,1.0,1.0,35.0,32.0,0,0.5015625,0.00390625,4096.0,6400000.0,0.5273919092465753
1.0,128.0,8.0,1.0,1.0,1.0,543.0,32.0,0,0.5015625,4096.0,0.25,6400000.0,0.5273919092465753
1.0,256.0,1.0,1.0,1.0,1.0,35.0,32.0,0,0.5015625,8192.0,16384.0,6400000.0,0.5273919092465753
1.0,256.0,2.0,1.0,1.0,1.0,39.0,32.0,0,0.5015625,1.0,8192.0,6400000.0,0.5273919092465753
256.0,256.0,1.0,5.0,516.0,512.0,16704.0,49152.0,0,0.940625,128.0,0.0625,6400000.0,0.9409246575342465
1.0,256.0,1.0,1.0,1.0,1.0,35.0,32.0,0,0.5015625,2048.0,256.0,6400000.0,0.5273919092465753
1.0,256.0,1.0,1.0,1.0,1.0,35.0,32.0,0,0.5015625,4096.0,0.00195312,6400000.0,0.5273919092465753
256.0,256.0,1.0,5.0,516.0,512.0,16704.0,49152.0,0,0.940625,128.0,64.0,6400000.0,0.9409246575342465
1.0,256.0,1.0,1.0,1.0,1.0,35.0,32.0,0,0.5015625,0.0078125,32768.0,6400000.0,0.5273919092465753
1.0,256.0,1.0,1.0,1.0,1.0,35.0,32.0,0,0.5015625,4096.0,2048.0,6400000.0,0.5273919092465753
1.0,128.0,8.0,1.0,1.0,1.0,543.0,32.0,0,0.5015625,8192.0,0.03125,6400000.0,0.5273919092465753
1.0,128.0,8.0,1.0,1.0,1.0,543.0,32.0,0,0.5015625,4096.0,16384.0,6400000.0,0.5273919092465753
1.0,128.0,8.0,1.0,1.0,1.0,543.0,32.0,0,0.5015625,128.0,16384.0,6400000.0,0.5273919092465753
1.0,256.0,1.0,1.0,1.0,1.0,35.0,32.0,0,0.5015625,8192.0,16.0,6400000.0,0.5273919092465753
1.0,256.0,1.0,1.0,1.0,1.0,35.0,32.0,0,0.5015625,16384.0,128.0,6400000.0,0.5273919092465753
1.0,256.0,1.0,1.0,1.0,1.0,35.0,32.0,0,0.5015625,8192.0,0.015625,6400000.0,0.5273919092465753
256.0,256.0,1.0,5.0,516.0,512.0,16704.0,49152.0,0,0.940625,256.0,0.5,6400000.0,0.9409246575342465
1.0,256.0,1.0,1.0,1.0,1.0,35.0,32.0,0,0.5015625,16384.0,0.125,6400000.0,0.5273919092465753
1.0,256.0,1.0,1.0,1.0,1.0,35.0,32.0,0,0.5015625,32768.0,1.0,6400000.0,0.5273919092465753
1.0,128.0,8.0,1.0,1.0,1.0,543.0,32.0,0,0.5015625,8192.0,8.0,6400000.0,0.5273919092465753
1.0,256.0,1.0,1.0,1.0,1.0,35.0,32.0,0,0.5015625,32768.0,0.000976562,6400000.0,0.5273919092465753
1.0,128.0,8.0,1.0,1.0,1.0,543.0,32.0,0,0.5015625,512.0,0.00390625,6400000.0,0.5273919092465753
128.0,128.0,8.0,5.0,859.0,865.0,31211.0,122016.0,0,0.940625,64.0,256.0,6400000.0,0.9409246575342465
256.0,256.0,2.0,21.0,1035.0,1014.0,33513.0,129472.0,0,0.959375,0.00390625,2.0,6400000.0,0.9643996147260274
1.0,128.0,8.0,1.0,1.0,1.0,543.0,32.0,0,0.5015625,8192.0,2048.0,6400000.0,0.5273919092465753
256.0,256.0,1.0,14.0,526.0,512.0,16837.0,49152.0,0,0.94375,0.00390625,0.00390625,6400000.0,0.9424894508317024
1.0,128.0,8.0,1.0,1.0,1.0,543.0,32.0,0,0.5015625,16384.0,1.0,6400000.0,0.5273919092465753
256.0,256.0,2.0,5.0,834.0,840.0,27234.0,101632.0,0,0.940625,32.0,128.0,6400000.0,0.9409246575342465
1.0,256.0,1.0,1.0,1.0,1.0,35.0,32.0,0,0.5015625,32768.0,1024.0,6400000.0,0.5273919092465753
1.0,256.0,2.0,1.0,1.0,1.0,39.0,32.0,0,0.5015625,0.125,32768.0,6400000.0,0.5273919092465753
256.0,256.0,2.0,8.0,1010.0,1002.0,32968.0,127552.0,0,0.9625,64.0,0.000976562,6400000.0,0.949531402886497
1.0,128.0,8.0,1.0,1.0,1.0,543.0,32.0,0,0.5015625,32768.0,0.125,6400000.0,0.5273919092465753
1.0,128.0,8.0,1.0,1.0,1.0,543.0,32.0,0,0.5015625,512.0,1.0,6400000.0,0.5273919092465753
256.0,256.0,2.0,15.0,1026.0,1011.0,33345.0,128992.0,0,0.9578125,1.0,8.0,6400000.0,0.964010518590998
256.0,256.0,2.0,29.0,1050.0,1021.0,33832.0,130592.0,0,0.9578125,0.03125,0.5,6400000.0,0.9651816291585128
1.0,256.0,2.0,1.0,1.0,1.0,39.0,32.0,0,0.5015625,0.0,8192.0,6400000.0,0.5273919092465753
1.0,128.0,8.0,1.0,1.0,1.0,543.0,32.0,0,0.5015625,16384.0,256.0,6400000.0,0.5273919092465753
1.0,128.0,8.0,1.0,1.0,1.0,543.0,32.0,0,0.5015625,16384.0,0.00390625,6400000.0,0.5273919092465753
256.0,256.0,1.0,11.0,523.0,512.0,16804.0,49152.0,0,0.94375,0.00390625,4.0,6400000.0,0.9424894508317024
1.0,128.0,8.0,1.0,1.0,1.0,543.0,32.0,0,0.5015625,32768.0,0.0,6400000.0,0.5273919092465753
256.0,256.0,2.0,17.0,1031.0,1014.0,33466.0,129472.0,0,0.9609375,0.0625,4.0,6400000.0,0.9651816291585128
1.0,256.0,2.0,1.0,1.0,1.0,39.0,32.0,0,0.5015625,64.0,1024.0,6400000.0,0.5273919092465753
1.0,256.0,1.0,1.0,1.0,1.0,35.0,32.0,0,0.5015625,0.0625,16384.0,6400000.0,0.5273919092465753
256.0,256.0,2.0,22.0,1038.0,1016.0,33590.0,129792.0,0,0.9609375,2.0,0.0625,6400000.0,0.9612684992661448
1.0,128.0,8.0,1.0,1.0,1.0,543.0,32.0,0,0.5015625,256.0,2048.0,6400000.0,0.5273919092465753
256.0,256.0,1.0,8.0,519.0,512.0,16769.0,49152.0,0,0.940625,0.0078125,32.0,6400000.0,0.9409246575342465
256.0,256.0,1.0,14.0,526.0,512.0,16837.0,49152.0,0,0.94375,0.0078125,0.03125,6400000.0,0.9424894508317024
256.0,256.0,2.0,8.0,1011.0,1003.0,33001.0,127712.0,0,0.9625,64.0,1.0,6400000.0,0.9491499510763208
128.0,128.0,8.0,5.0,782.0,782.0,28664.0,108736.0,0,0.940625,16.0,128.0,6400000.0,0.9409246575342465
256.0,256.0,2.0,29.0,1050.0,1021.0,33832.0,130592.0,0,0.959375,0.0625,0.00390625,6400000.0,0.9644003791585127
128.0,128.0,8.0,13.0,3327.0,3429.0,113605.0,532256.0,0,0.9703125,32.0,0.0625,6400000.0,0.9671408696183953
1.0,128.0,8.0,1.0,1.0,1.0,543.0,32.0,0,0.5015625,32768.0,32.0,6400000.0,0.5273919092465753
256.0,256.0,1.0,14.0,526.0,512.0,16837.0,49152.0,0,0.94375,0.03125,0.00195312,6400000.0,0.9424894508317024
1.0,128.0,8.0,1.0,1.0,1.0,543.0,32.0,0,0.5015625,32768.0,8192.0,6400000.0,0.5273919092465753
256.0,256.0,2.0,6.0,950.0,945.0,31033.0,118432.0,0,0.940625,128.0,0.0078125,6400000.0,0.9409246575342465
128.0,128.0,8.0,5.0,782.0,782.0,28664.0,108736.0,0,0.940625,256.0,0.03125,6400000.0,0.9409246575342465
256.0,256.0,2.0,29.0,1050.0,1021.0,33832.0,130592.0,0,0.95625,0.00195312,0.0,6400000.0,0.9647902397260273
256.0,256.0,2.0,18.0,1033.0,1015.0,33513.0,129632.0,0,0.9609375,4.0,0.0,6400000.0,0.9651816291585128
256.0,256.0,2.0,12.0,1023.0,1011.0,33312.0,128992.0,0,0.953125,0.0078125,16.0,6400000.0,0.9597075281311156
1.0,256.0,1.0,1.0,1.0,1.0,35.0,32.0,0,0.5015625,0.03125,2048.0,6400000.0,0.5273919092465753
256.0,256.0,2.0,9.0,1017.0,1008.0,33177.0,128512.0,0,0.9484375,0.125,32.0,6400000.0,0.9573630136986301
128.0,128.0,8.0,5.0,782.0,782.0,28664.0,108736.0,0,0.940625,128.0,64.0,6400000.0,0.9409246575342465
256.0,256.0,2.0,8.0,1003.0,996.0,32738.0,126592.0,0,0.94375,2.0,64.0,6400000.0,0.9354513209393345
128.0,128.0,8.0,13.0,3293.0,3390.0,112478.0,526016.0,0,0.9703125,16.0,0.5,6400000.0,0.9710524706457926
128.0,128.0,8.0,9.0,2415.0,2507.0,83328.0,384736.0,0,0.959375,32.0,16.0,6400000.0,0.9628371147260273
1.0,256.0,1.0,1.0,1.0,1.0,35.0,32.0,0,0.5015625,0.0,16384.0,6400000.0,0.5273919092465753
256.0,256.0,2.0,29.0,1050.0,1021.0,33832.0,130592.0,0,0.9609375,0.0078125,0.015625,6400000.0,0.9643996147260273
128.0,128.0,8.0,5.0,782.0,782.0,28664.0,108736.0,0,0.940625,256.0,8.0,6400000.0,0.9409246575342465
128.0,128.0,8.0,8.0,2067.0,2100.0,71806.0,319616.0,0,0.959375,64.0,1.0,6400000.0,0.9569662732387474
1.0,128.0,8.0,1.0,1.0,1.0,543.0,32.0,0,0.5015625,512.0,256.0,6400000.0,0.5273919092465753
256.0,256.0,1.0,5.0,516.0,512.0,16704.0,49152.0,0,0.940625,0.015625,256.0,6400000.0,0.9409246575342465
256.0,256.0,2.0,28.0,1049.0,1021.0,33821.0,130592.0,0,0.9609375,0.125,0.03125,6400000.0,0.9647902397260273
128.0,128.0,8.0,8.0,2161.0,2160.0,74874.0,329216.0,0,0.959375,128.0,0.25,6400000.0,0.9409246575342465
256.0,256.0,1.0,13.0,525.0,512.0,16826.0,49152.0,0,0.94375,0.015625,0.25,6400000.0,0.9424894508317024
256.0,256.0,1.0,11.0,523.0,512.0,16804.0,49152.0,0,0.94375,2.0,0.0,6400000.0,0.9424894508317024
256.0,256.0,1.0,13.0,525.0,512.0,16826.0,49152.0,0,0.94375,0.25,0.000976562,6400000.0,0.9424894508317024
1.0,256.0,2.0,1.0,1.0,1.0,39.0,32.0,0,0.5015625,128.0,8192.0,6400000.0,0.5273919092465753
1.0,128.0,8.0,1.0,1.0,1.0,543.0,32.0,0,0.5015625,1024.0,0.125,6400000.0,0.5273919092465753
1.0,256.0,2.0,1.0,1.0,1.0,39.0,32.0,0,0.5015625,4.0,512.0,6400000.0,0.5273919092465753
1.0,256.0,1.0,1.0,1.0,1.0,35.0,32.0,0,0.5015625,0.5,8192.0,6400000.0,0.5273919092465753
256.0,256.0,2.0,5.0,835.0,841.0,27267.0,101792.0,0,0.940625,128.0,8.0,6400000.0,0.9409246575342465
256.0,256.0,1.0,9.0,520.0,512.0,16780.0,49152.0,0,0.940625,0.0625,16.0,6400000.0,0.9401418786692759
256.0,256.0,1.0,14.0,526.0,512.0,16837.0,49152.0,0,0.94375,0.00195312,0.000976562,6400000.0,0.9424894508317024
1.0,256.0,2.0,1.0,1.0,1.0,39.0,32.0,0,0.5015625,0.5,2048.0,6400000.0,0.5273919092465753
1.0,256.0,1.0,1.0,1.0,1.0,35.0,32.0,0,0.5015625,8.0,32768.0,6400000.0,0.5273919092465753
256.0,256.0,1.0,11.0,523.0,512.0,16804.0,49152.0,0,0.94375,0.03125,2.0,6400000.0,0.9424894508317024
1.0,128.0,8.0,1.0,1.0,1.0,543.0,32.0,0,0.5015625,1024.0,0.0,6400000.0,0.5273919092465753
256.0,256.0,1.0,14.0,526.0,512.0,16837.0,49152.0,0,0.94375,0.0625,0.015625,6400000.0,0.9424894508317024
128.0,128.0,8.0,8.0,2082.0,2115.0,72301.0,322016.0,0,0.959375,64.0,0.0078125,6400000.0,0.9628371147260273
256.0,256.0,2.0,18.0,1032.0,1014.0,33480.0,129472.0,0,0.9609375,4.0,0.5,6400000.0,0.9640074608610568
256.0,256.0,2.0,5.0,830.0,840.0,27106.0,101632.0,0,0.940625,256.0,0.0625,6400000.0,0.9409246575342465
1.0,256.0,1.0,1.0,1.0,1.0,35.0,32.0,0,0.5015625,0.25,1024.0,6400000.0,0.5273919092465753
256.0,256.0,2.0,5.0,830.0,840.0,27106.0,101632.0,0,0.940625,0.25,256.0,6400000.0,0.9409246575342465
256.0,256.0,2.0,5.0,830.0,840.0,27106.0,101632.0,0,0.940625,256.0,64.0,6400000.0,0.9409246575342465
256.0,256.0,1.0,14.0,526.0,512.0,16837.0,49152.0,0,0.94375,0.0,0.015625,6400000.0,0.9424894508317024
1.0,256.0,2.0,1.0,1.0,1.0,39.0,32.0,0,0.5015625,8.0,4096.0,6400000.0,0.5273919092465753
1.0,256.0,1.0,1.0,1.0,1.0,35.0,32.0,0,0.5015625,4.0,4096.0,6400000.0,0.5273919092465753
256.0,256.0,2.0,17.0,1031.0,1014.0,33466.0,129472.0,0,0.95625,8.0,0.00390625,6400000.0,0.9640105185909981
1.0,256.0,2.0,1.0,1.0,1.0,39.0,32.0,0,0.5015625,512.0,0.0,6400000.0,0.5273919092465753
1.0,128.0,8.0,1.0,1.0,1.0,543.0,32.0,0,0.5015625,1024.0,32.0,6400000.0,0.5273919092465753
256.0,256.0,1.0,12.0,524.0,512.0,16815.0,49152.0,0,0.94375,0.5,0.0078125,6400000.0,0.9424894508317024
256.0,256.0,1.0,11.0,523.0,512.0,16804.0,49152.0,0,0.94375,0.25,1.0,6400000.0,0.9424894508317024
256.0,256.0,1.0,13.0,525.0,512.0,16826.0,49152.0,0,0.94375,0.125,0.125,6400000.0,0.9424894508317024
1.0,256.0,2.0,1.0,1.0,1.0,39.0,32.0,0,0.5015625,512.0,0.5,6400000.0,0.5273919092465753
256.0,256.0,1.0,5.0,516.0,512.0,16704.0,49152.0,0,0.940625,0.125,128.0,6400000.0,0.9409246575342465
1.0,256.0,2.0,1.0,1.0,1.0,39.0,32.0,0,0.5015625,0.00195312,512.0,6400000.0,0.5273919092465753
256.0,256.0,1.0,8.0,520.0,512.0,16770.0,49152.0,0,0.940625,32.0,0.00195312,6400000.0,0.9409246575342465
1.0,256.0,1.0,1.0,1.0,1.0,35.0,32.0,0,0.5015625,32.0,2048.0,6400000.0,0.5273919092465753
256.0,256.0,1.0,11.0,523.0,512.0,16804.0,49152.0,0,0.94375,4.0,0.00390625,6400000.0,0.9424894508317024
256.0,256.0,2.0,28.0,1049.0,1021.0,33821.0,130592.0,0,0.9609375,0.015625,0.125,6400000.0,0.9640089897260273
1.0,256.0,2.0,1.0,1.0,1.0,39.0,32.0,0,0.5015625,512.0,512.0,6400000.0,0.5273919092465753
1.0,256.0,1.0,1.0,1.0,1.0,35.0,32.0,0,0.5015625,64.0,16384.0,6400000.0,0.5273919092465753
256.0,256.0,1.0,9.0,520.0,512.0,16780.0,49152.0,0,0.940625,0.0,16.0,6400000.0,0.9401418786692759
256.0,256.0,1.0,5.0,516.0,512.0,16704.0,49152.0,0,0.940625,0.000976562,128.0,6400000.0,0.9409246575342465
256.0,256.0,1.0,12.0,524.0,512.0,16815.0,49152.0,0,0.94375,1.0,0.0625,6400000.0,0.9424894508317024
256.0,256.0,2.0,8.0,997.0,990.0,32540.0,125632.0,0,0.94375,0.000976562,64.0,6400000.0,0.9358427103718199
256.0,256.0,2.0,16.0,1032.0,1016.0,33521.0,129792.0,0,0.959375,0.0,8.0,6400000.0,0.9659651724559687
256.0,256.0,2.0,28.0,1049.0,1021.0,33821.0,130592.0,0,0.9578125,0.25,0.25,6400000.0,0.9632262108610566
256.0,256.0,1.0,5.0,516.0,512.0,16704.0,49152.0,0,0.940625,256.0,0.000976562,6400000.0,0.9409246575342465
1.0,256.0,2.0,1.0,1.0,1.0,39.0,32.0,0,0.5015625,1024.0,0.00390625,6400000.0,0.5273919092465753
1.0,256.0,1.0,1.0,1.0,1.0,35.0,32.0,0,0.5015625,512.0,8192.0,6400000.0,0.5273919092465753
1.0,128.0,8.0,1.0,1.0,1.0,543.0,32.0,0,0.5015625,2048.0,0.015625,6400000.0,0.5273919092465753
1.0,256.0,1.0,1.0,1.0,1.0,35.0,32.0,0,0.5015625,2.0,512.0,6400000.0,0.5273919092465753
1.0,256.0,2.0,1.0,1.0,1.0,39.0,32.0,0,0.5015625,0.00390625,4096.0,6400000.0,0.5273919092465753
256.0,256.0,1.0,10.0,522.0,512.0,16793.0,49152.0,0,0.940625,0.5,8.0,6400000.0,0.9413160469667318
1.0,256.0,2.0,1.0,1.0,1.0,39.0,32.0,0,0.5015625,16.0,32768.0,6400000.0,0.5273919092465753
256.0,256.0,1.0,6.0,517.0,512.0,16716.0,49152.0,0,0.940625,1.0,64.0,6400000.0,0.9409246575342465
1.0,256.0,1.0,1.0,1.0,1.0,35.0,32.0,0,0.5015625,0.00195312,1024.0,6400000.0,0.5273919092465753
256.0,256.0,1.0,14.0,526.0,512.0,16837.0,49152.0,0,0.94375,0.000976562,0.125,6400000.0,0.9424894508317024
1.0,256.0,1.0,1.0,1.0,1.0,35.0,32.0,0,0.5015625,512.0,8.0,6400000.0,0.5273919092465753
1.0,256.0,1.0,1.0,1.0,1.0,35.0,32.0,0,0.5015625,512.0,0.0078125,6400000.0,0.5273919092465753
1.0,128.0,8.0,1.0,1.0,1.0,543.0,32.0,0,0.5015625,1024.0,8192.0,6400000.0,0.5273919092465753
1.0,256.0,1.0,1.0,1.0,1.0,35.0,32.0,0,0.5015625,1024.0,0.0625,6400000.0,0.5273919092465753
1.0,256.0,2.0,1.0,1.0,1.0,39.0,32.0,0,0.5015625,0.0625,8192.0,6400000.0,0.5273919092465753
256.0,256.0,1.0,11.0,523.0,512.0,16804.0,49152.0,0,0.94375,2.0,0.5,6400000.0,0.9424894508317024
1.0,256.0,2.0,1.0,1.0,1.0,39.0,32.0,0,0.5015625,1024.0,4.0,6400000.0,0.5273919092465753
1.0,256.0,1.0,1.0,1.0,1.0,35.0,32.0,0,0.5015625,2048.0,0.5,6400000.0,0.5273919092465753
1.0,256.0,1.0,1.0,1.0,1.0,35.0,32.0,0,0.5015625,2048.0,0.0,6400000.0,0.5273919092465753
256.0,256.0,1.0,10.0,522.0,512.0,16793.0,49152.0,0,0.940625,4.0,4.0,6400000.0,0.9413160469667318
256.0,256.0,1.0,7.0,518.0,512.0,16727.0,49152.0,0,0.940625,8.0,32.0,6400000.0,0.9409246575342465
256.0,256.0,2.0,14.0,1025.0,1011.0,33334.0,128992.0,0,0.95625,8.0,4.0,6400000.0,0.9636198935909979
256.0,256.0,2.0,28.0,1049.0,1021.0,33821.0,130592.0,0,0.9578125,0.5,0.00195312,6400000.0,0.9636176002935419
256.0,256.0,1.0,10.0,522.0,512.0,16793.0,49152.0,0,0.940625,8.0,0.03125,6400000.0,0.9413160469667318
256.0,256.0,1.0,5.0,516.0,512.0,16704.0,49152.0,0,0.940625,16.0,256.0,6400000.0,0.9409246575342465
1.0,256.0,1.0,1.0,1.0,1.0,35.0,32.0,0,0.5015625,1024.0,64.0,6400000.0,0.5273919092465753
1.0,128.0,8.0,1.0,1.0,1.0,543.0,32.0,0,0.5015625,4096.0,0.00195312,6400000.0,0.5273919092465753
256.0,256.0,2.0,12.0,1023.0,1011.0,33312.0,128992.0,0,0.9609375,16.0,0.03125,6400000.0,0.9608816964285716
256.0,256.0,1.0,7.0,518.0,512.0,16727.0,49152.0,0,0.940625,32.0,2.0,6400000.0,0.9409246575342465
256.0,256.0,2.0,30.0,1051.0,1021.0,33843.0,130592.0,0,0.95625,0.0,0.0078125,6400000.0,0.9647902397260273
256.0,256.0,2.0,20.0,1034.0,1014.0,33502.0,129472.0,0,0.9625,0.5,2.0,6400000.0,0.9667487157534247
1.0,128.0,8.0,1.0,1.0,1.0,543.0,32.0,0,0.5015625,2048.0,1024.0,6400000.0,0.5273919092465753
1.0,256.0,2.0,1.0,1.0,1.0,39.0,32.0,0,0.5015625,1024.0,4096.0,6400000.0,0.5273919092465753
256.0,256.0,2.0,9.0,1017.0,1008.0,33177.0,128512.0,0,0.9484375,16.0,32.0,6400000.0,0.9593146098336593
1.0,256.0,2.0,1.0,1.0,1.0,39.0,32.0,0,0.5015625,0.03125,1024.0,6400000.0,0.5273919092465753
1.0,128.0,8.0,1.0,1.0,1.0,543.0,32.0,0,0.5015625,2048.0,4.0,6400000.0,0.5273919092465753
256.0,256.0,1.0,9.0,521.0,512.0,16781.0,49152.0,0,0.940625,16.0,0.25,6400000.0,0.9401418786692759
256.0,256.0,1.0,12.0,524.0,512.0,16815.0,49152.0,0,0.94375,0.00195312,1.0,6400000.0,0.9424894508317024
256.0,256.0,1.0,6.0,517.0,512.0,16716.0,49152.0,0,0.940625,64.0,0.015625,6400000.0,0.9409246575342465
1.0,128.0,8.0,1.0,1.0,1.0,543.0,32.0,0,0.5015625,4096.0,128.0,6400000.0,0.5273919092465753
256.0,256.0,1.0,6.0,517.0,512.0,16716.0,49152.0,0,0.940625,64.0,16.0,6400000.0,0.9409246575342465
1.0,128.0,8.0,1.0,1.0,1.0,543.0,32.0,0,0.5015625,4096.0,0.5,6400000.0,0.5273919092465753
1.0,256.0,2.0,1.0,1.0,1.0,39.0,32.0,0,0.5015625,0.0078125,32768.0,6400000.0,0.5273919092465753
1.0,256.0,1.0,1.0,1.0,1.0,35.0,32.0,0,0.5015625,256.0,1024.0,6400000.0,0.5273919092465753
1.0,256.0,1.0,1.0,1.0,1.0,35.0,32.0,0,0.5015625,4096.0,4.0,6400000.0,0.5273919092465753
256.0,256.0,2.0,29.0,1050.0,1021.0,33832.0,130592.0,0,0.9609375,0.000976562,0.0625,6400000.0,0.9640089897260274
256.0,256.0,2.0,6.0,950.0,945.0,31033.0,118432.0,0,0.940625,0.015625,128.0,6400000.0,0.9409246575342465
256.0,256.0,2.0,30.0,1051.0,1021.0,33843.0,130592.0,0,0.95625,0.00390625,0.00390625,6400000.0,0.9647902397260273
1.0,128.0,8.0,1.0,1.0,1.0,543.0,32.0,0,0.5015625,4096.0,32768.0,6400000.0,0.5273919092465753
256.0,256.0,2.0,9.0,1022.0,1013.0,33342.0,129312.0,0,0.9484375,32.0,0.25,6400000.0,0.9616629464285715
1.0,256.0,1.0,1.0,1.0,1.0,35.0,32.0,0,0.5015625,4096.0,0.00390625,6400000.0,0.5273919092465753
1.0,256.0,1.0,1.0,1.0,1.0,35.0,32.0,0,0.5015625,8192.0,32768.0,6400000.0,0.5273919092465753
1.0,256.0,1.0,1.0,1.0,1.0,35.0,32.0,0,0.5015625,2048.0,512.0,6400000.0,0.5273919092465753
1.0,256.0,1.0,1.0,1.0,1.0,35.0,32.0,0,0.5015625,4096.0,4096.0,6400000.0,0.5273919092465753
1.0,128.0,8.0,1.0,1.0,1.0,543.0,32.0,0,0.5015625,8192.0,0.0625,6400000.0,0.5273919092465753
1.0,256.0,2.0,1.0,1.0,1.0,39.0,32.0,0,0.5015625,1.0,16384.0,6400000.0,0.5273919092465753
1.0,256.0,1.0,1.0,1.0,1.0,35.0,32.0,0,0.5015625,8192.0,32.0,6400000.0,0.5273919092465753
1.0,256.0,1.0,1.0,1.0,1.0,35.0,32.0,0,0.5015625,0.00390625,8192.0,6400000.0,0.5273919092465753
1.0,256.0,1.0,1.0,1.0,1.0,35.0,32.0,0,0.5015625,16384.0,256.0,6400000.0,0.5273919092465753
256.0,256.0,1.0,5.0,516.0,512.0,16704.0,49152.0,0,0.940625,128.0,0.125,6400000.0,0.9409246575342465
256.0,256.0,2.0,29.0,1050.0,1021.0,33832.0,130592.0,0,0.9609375,0.03125,0.000976562,6400000.0,0.9643996147260273
1.0,256.0,2.0,1.0,1.0,1.0,39.0,32.0,0,0.5015625,2048.0,0.03125,6400000.0,0.5273919092465753
1.0,256.0,1.0,1.0,1.0,1.0,35.0,32.0,0,0.5015625,8192.0,0.03125,6400000.0,0.5273919092465753
1.0,256.0,1.0,1.0,1.0,1.0,35.0,32.0,0,0.5015625,16384.0,0.25,6400000.0,0.5273919092465753
256.0,256.0,1.0,5.0,516.0,512.0,16704.0,49152.0,0,0.940625,128.0,128.0,6400000.0,0.9409246575342465
256.0,256.0,1.0,14.0,526.0,512.0,16837.0,49152.0,0,0.94375,0.015625,0.0,6400000.0,0.9424894508317024
256.0,256.0,2.0,28.0,1049.0,1021.0,33821.0,130592.0,0,0.9578125,0.00195312,0.5,6400000.0,0.9636168358610566
1.0,128.0,8.0,1.0,1.0,1.0,543.0,32.0,0,0.5015625,8192.0,16.0,6400000.0,0.5273919092465753
1.0,256.0,1.0,1.0,1.0,1.0,35.0,32.0,0,0.5015625,32768.0,2.0,6400000.0,0.5273919092465753
1.0,256.0,1.0,1.0,1.0,1.0,35.0,32.0,0,0.5015625,32768.0,0.00195312,6400000.0,0.5273919092465753
256.0,256.0,1.0,5.0,516.0,512.0,16704.0,49152.0,0,0.940625,256.0,1.0,6400000.0,0.9409246575342465
1.0,128.0,8.0,1.0,1.0,1.0,543.0,32.0,0,0.5015625,8192.0,4096.0,6400000.0,0.5273919092465753
256.0,256.0,2.0,24.0,1040.0,1016.0,33612.0,129792.0,0,0.9609375,1.0,0.015625,6400000.0,0.9655737830234834
1.0,256.0,2.0,1.0,1.0,1.0,39.0,32.0,0,0.5015625,2048.0,32.0,6400000.0,0.5273919092465753
1.0,128.0,8.0,1.0,1.0,1.0,543.0,32.0,0,0.5015625,16384.0,2.0,6400000.0,0.5273919092465753
1.0,128.0,8.0,1.0,1.0,1.0,543.0,32.0,0,0.5015625,64.0,512.0,6400000.0,0.5273919092465753
1.0,128.0,8.0,1.0,1.0,1.0,543.0,32.0,0,0.5015625,32768.0,0.25,6400000.0,0.5273919092465753
1.0,128.0,8.0,1.0,1.0,1.0,543.0,32.0,0,0.5015625,16384.0,512.0,6400000.0,0.5273919092465753
1.0,256.0,1.0,1.0,1.0,1.0,35.0,32.0,0,0.5015625,32768.0,2048.0,6400000.0,0.5273919092465753
1.0,256.0,2.0,1.0,1.0,1.0,39.0,32.0,0,0.5015625,0.0,16384.0,6400000.0,0.5273919092465753
1.0,128.0,8.0,1.0,1.0,1.0,543.0,32.0,0,0.5015625,16384.0,0.0078125,6400000.0,0.5273919092465753
256.0,256.0,1.0,14.0,526.0,512.0,16837.0,49152.0,0,0.94375,0.00390625,0.0078125,6400000.0,0.9424894508317024
1.0,256.0,2.0,1.0,1.0,1.0,39.0,32.0,0,0.5015625,2048.0,32768.0,6400000.0,0.5273919092465753
1.0,256.0,2.0,1.0,1.0,1.0,39.0,32.0,0,0.5015625,64.0,2048.0,6400000.0,0.5273919092465753
1.0,128.0,8.0,1.0,1.0,1.0,543.0,32.0,0,0.5015625,32768.0,0.000976562,6400000.0,0.5273919092465753
256.0,256.0,2.0,28.0,1049.0,1021.0,33821.0,130592.0,0,0.9578125,0.25,0.0,6400000.0,0.9640082252935421
256.0,256.0,2.0,5.0,829.0,841.0,27075.0,101792.0,0,0.940625,32.0,256.0,6400000.0,0.9409246575342465
256.0,256.0,2.0,17.0,1031.0,1014.0,33466.0,129472.0,0,0.9609375,0.00390625,4.0,6400000.0,0.9667471868884541
1.0,256.0,1.0,1.0,1.0,1.0,35.0,32.0,0,0.5015625,0.0625,32768.0,6400000.0,0.5273919092465753
1.0,256.0,2.0,1.0,1.0,1.0,39.0,32.0,0,0.5015625,4096.0,0.25,6400000.0,0.5273919092465753
256.0,256.0,2.0,8.0,1010.0,1002.0,32968.0,127552.0,0,0.9625,64.0,0.00195312,6400000.0,0.949531402886497
256.0,256.0,1.0,10.0,522.0,512.0,16793.0,49152.0,0,0.940625,0.00390625,8.0,6400000.0,0.9413160469667318
256.0,256.0,2.0,12.0,1020.0,1008.0,33213.0,128512.0,0,0.953125,1.0,16.0,6400000.0,0.9597082925636009
1.0,128.0,8.0,1.0,1.0,1.0,543.0,32.0,0,0.5015625,32768.0,64.0,6400000.0,0.5273919092465753
256.0,256.0,1.0,6.0,517.0,512.0,16716.0,49152.0,0,0.940625,0.0078125,64.0,6400000.0,0.9409246575342465
256.0,256.0,2.0,15.0,1034.0,1019.0,33609.0,130272.0,0,0.9671875,0.0625,8.0,6400000.0,0.9647925330234834
256.0,256.0,1.0,14.0,526.0,512.0,16837.0,49152.0,0,0.94375,0.0078125,0.0625,6400000.0,0.9424894508317024
1.0,128.0,8.0,1.0,1.0,1.0,543.0,32.0,0,0.5015625,32768.0,16384.0,6400000.0,0.5273919092465753
1.0,256.0,2.0,1.0,1.0,1.0,39.0,32.0,0,0.5015625,4096.0,256.0,6400000.0,0.5273919092465753
256.0,256.0,2.0,24.0,1039.0,1015.0,33579.0,129632.0,0,0.9609375,0.03125,1.0,6400000.0,0.9647910041585126
1.0,256.0,1.0,1.0,1.0,1.0,35.0,32.0,0,0.5015625,0.03125,4096.0,6400000.0,0.5273919092465753
256.0,256.0,2.0,22.0,1037.0,1015.0,33557.0,129632.0,0,0.9609375,2.0,0.125,6400000.0,0.9655730185909981
256.0,256.0,2.0,6.0,950.0,945.0,31033.0,118432.0,0,0.940625,128.0,0.015625,6400000.0,0.9409246575342465
1.0,256.0,2.0,1.0,1.0,1.0,39.0,32.0,0,0.5015625,8192.0,0.00195312,6400000.0,0.5273919092465753
1.0,256.0,2.0,1.0,1.0,1.0,39.0,32.0,0,0.5015625,8192.0,2.0,6400000.0,0.5273919092465753
256.0,256.0,1.0,14.0,526.0,512.0,16837.0,49152.0,0,0.94375,0.03125,0.00390625,6400000.0,0.9424894508317024
256.0,256.0,2.0,8.0,1010.0,1002.0,32968.0,127552.0,0,0.9625,64.0,2.0,6400000.0,0.9436704990215263
1.0,256.0,1.0,1.0,1.0,1.0,35.0,32.0,0,0.5015625,0.0,32768.0,6400000.0,0.5273919092465753
256.0,256.0,2.0,29.0,1050.0,1021.0,33832.0,130592.0,0,0.965625,0.0625,0.0078125,6400000.0,0.9647910041585128
1.0,256.0,2.0,1.0,1.0,1.0,39.0,32.0,0,0.5015625,8192.0,2048.0,6400000.0,0.5273919092465753
256.0,256.0,2.0,18.0,1033.0,1015.0,33513.0,129632.0,0,0.9609375,4.0,0.000976562,6400000.0,0.9651816291585128
1.0,256.0,2.0,1.0,1.0,1.0,39.0,32.0,0,0.5015625,128.0,16384.0,6400000.0,0.5273919092465753
256.0,256.0,2.0,9.0,1017.0,1008.0,33177.0,128512.0,0,0.9484375,0.0078125,32.0,6400000.0,0.9589247492661448
256.0,256.0,2.0,8.0,997.0,990.0,32540.0,125632.0,0,0.94375,0.125,64.0,6400000.0,0.9358427103718199
1.0,256.0,1.0,1.0,1.0,1.0,35.0,32.0,0,0.5015625,0.015625,512.0,6400000.0,0.5273919092465753
256.0,256.0,2.0,6.0,949.0,944.0,31000.0,118272.0,0,0.940625,2.0,128.0,6400000.0,0.9409246575342465
1.0,256.0,2.0,1.0,1.0,1.0,39.0,32.0,0,0.5015625,16384.0,16.0,6400000.0,0.5273919092465753
1.0,256.0,1.0,1.0,1.0,1.0,35.0,32.0,0,0.5015625,0.5,16384.0,6400000.0,0.5273919092465753
1.0,256.0,2.0,1.0,1.0,1.0,39.0,32.0,0,0.5015625,16384.0,0.015625,6400000.0,0.5273919092465753
256.0,256.0,1.0,11.0,523.0,512.0,16804.0,49152.0,0,0.94375,2.0,0.000976562,6400000.0,0.9424894508317024
1.0,256.0,2.0,1.0,1.0,1.0,39.0,32.0,0,0.5015625,4.0,1024.0,6400000.0,0.5273919092465753
1.0,256.0,2.0,1.0,1.0,1.0,39.0,32.0,0,0.5015625,32768.0,0.125,6400000.0,0.5273919092465753
256.0,256.0,2.0,29.0,1050.0,1021.0,33832.0,130592.0,0,0.95625,0.00195312,0.000976562,6400000.0,0.9647902397260273
1.0,256.0,2.0,1.0,1.0,1.0,39.0,32.0,0,0.5015625,16384.0,16384.0,6400000.0,0.5273919092465753
256.0,256.0,1.0,13.0,525.0,512.0,16826.0,49152.0,0,0.94375,0.015625,0.5,6400000.0,0.9424894508317024
1.0,256.0,2.0,1.0,1.0,1.0,39.0,32.0,0,0.5015625,0.5,4096.0,6400000.0,0.5273919092465753
256.0,256.0,1.0,13.0,525.0,512.0,16826.0,49152.0,0,0.94375,0.25,0.00195312,6400000.0,0.9424894508317024
256.0,256.0,2.0,29.0,1050.0,1021.0,33832.0,130592.0,0,0.9609375,0.0078125,0.03125,6400000.0,0.9643996147260273
1.0,256.0,2.0,1.0,1.0,1.0,39.0,32.0,0,0.5015625,32768.0,128.0,6400000.0,0.5273919092465753
256.0,256.0,1.0,9.0,521.0,512.0,16781.0,49152.0,0,0.940625,16.0,0.0,6400000.0,0.9401418786692759
256.0,256.0,1.0,8.0,519.0,512.0,16769.0,49152.0,0,0.940625,0.0625,32.0,6400000.0,0.9409246575342465
256.0,256.0,2.0,5.0,835.0,841.0,27267.0,101792.0,0,0.940625,128.0,16.0,6400000.0,0.9409246575342465
256.0,256.0,2.0,29.0,1050.0,1021.0,33832.0,130592.0,0,0.9578125,0.125,0.0625,6400000.0,0.9643996147260273
1.0,256.0,1.0,1.0,1.0,1.0,35.0,32.0,0,0.5015625,0.25,2048.0,6400000.0,0.5273919092465753
256.0,256.0,1.0,14.0,526.0,512.0,16837.0,49152.0,0,0.94375,0.0625,0.03125,6400000.0,0.9424894508317024
256.0,256.0,1.0,14.0,526.0,512.0,16837.0,49152.0,0,0.94375,0.00195312,0.00195312,6400000.0,0.9424894508317024
256.0,256.0,1.0,11.0,523.0,512.0,16804.0,49152.0,0,0.94375,0.03125,4.0,6400000.0,0.9424894508317024
1.0,256.0,1.0,1.0,1.0,1.0,35.0,32.0,0,0.5015625,4.0,8192.0,6400000.0,0.5273919092465753
1.0,256.0,2.0,1.0,1.0,1.0,39.0,32.0,0,0.5015625,512.0,0.000976562,6400000.0,0.5273919092465753
1.0,256.0,2.0,1.0,1.0,1.0,39.0,32.0,0,0.5015625,0.25,512.0,6400000.0,0.5273919092465753
1.0,256.0,2.0,1.0,1.0,1.0,39.0,32.0,0,0.5015625,8.0,8192.0,6400000.0,0.5273919092465753
256.0,256.0,2.0,5.0,830.0,840.0,27106.0,101632.0,0,0.940625,256.0,0.125,6400000.0,0.9409246575342465
1.0,256.0,2.0,1.0,1.0,1.0,39.0,32.0,0,0.5015625,512.0,1.0,6400000.0,0.5273919092465753
1.0,256.0,1.0,1.0,1.0,1.0,35.0,32.0,0,0.5015625,32.0,4096.0,6400000.0,0.5273919092465753
1.0,256.0,1.0,1.0,1.0,1.0,35.0,32.0,0,0.5015625,64.0,32768.0,6400000.0,0.5273919092465753
256.0,256.0,2.0,17.0,1032.0,1015.0,33499.0,129632.0,0,0.959375,4.0,1.0,6400000.0,0.9647925330234834
128.0,128.0,8.0,8.0,2067.0,2100.0,71806.0,319616.0,0,0.959375,64.0,2.0,6400000.0,0.9569662732387474
256.0,256.0,1.0,13.0,525.0,512.0,16826.0,49152.0,0,0.94375,0.5,0.015625,6400000.0,0.9424894508317024
1.0,256.0,2.0,1.0,1.0,1.0,39.0,32.0,0,0.5015625,0.00195312,1024.0,6400000.0,0.5273919092465753
256.0,256.0,1.0,14.0,526.0,512.0,16837.0,49152.0,0,0.94375,0.0,0.03125,6400000.0,0.9424894508317024
1.0,256.0,2.0,1.0,1.0,1.0,39.0,32.0,0,0.5015625,512.0,1024.0,6400000.0,0.5273919092465753
256.0,256.0,2.0,5.0,827.0,844.0,27014.0,102272.0,0,0.940625,256.0,128.0,6400000.0,0.9033657962328766
256.0,256.0,1.0,11.0,523.0,512.0,16804.0,49152.0,0,0.94375,0.25,2.0,6400000.0,0.9424894508317024
256.0,256.0,1.0,13.0,525.0,512.0,16826.0,49152.0,0,0.94375,0.125,0.25,6400000.0,0.9424894508317024
1.0,256.0,2.0,1.0,1.0,1.0,39.0,32.0,0,0.5015625,0.00390625,8192.0,6400000.0,0.5273919092465753
256.0,256.0,1.0,8.0,520.0,512.0,16770.0,49152.0,0,0.940625,32.0,0.00390625,6400000.0,0.9409246575342465
1.0,256.0,1.0,1.0,1.0,1.0,35.0,32.0,0,0.5015625,512.0,16384.0,6400000.0,0.5273919092465753
256.0,256.0,2.0,17.0,1031.0,1014.0,33466.0,129472.0,0,0.95625,8.0,0.0078125,6400000.0,0.9640105185909981
1.0,256.0,1.0,1.0,1.0,1.0,35.0,32.0,0,0.5015625,512.0,16.0,6400000.0,0.5273919092465753
1.0,256.0,2.0,1.0,1.0,1.0,39.0,32.0,0,0.5015625,1024.0,0.0078125,6400000.0,0.5273919092465753
256.0,256.0,1.0,5.0,516.0,512.0,16704.0,49152.0,0,0.940625,0.125,256.0,6400000.0,0.9409246575342465
1.0,256.0,4.0,1.0,1.0,1.0,63.0,32.0,0,0.5015625,0.0,1024.0,6400000.0,0.5273919092465753
1.0,256.0,1.0,1.0,1.0,1.0,35.0,32.0,0,0.5015625,2.0,1024.0,6400000.0,0.5273919092465753
256.0,256.0,1.0,11.0,523.0,512.0,16804.0,49152.0,0,0.94375,4.0,0.0078125,6400000.0,0.9424894508317024
256.0,256.0,1.0,5.0,516.0,512.0,16704.0,49152.0,0,0.940625,0.000976562,256.0,6400000.0,0.9409246575342465
256.0,256.0,1.0,8.0,519.0,512.0,16769.0,49152.0,0,0.940625,0.0,32.0,6400000.0,0.9409246575342465
256.0,256.0,1.0,5.0,516.0,512.0,16704.0,49152.0,0,0.940625,256.0,0.00195312,6400000.0,0.9409246575342465
256.0,256.0,1.0,11.0,523.0,512.0,16804.0,49152.0,0,0.94375,1.0,0.125,6400000.0,0.9424894508317024
256.0,256.0,1.0,5.0,516.0,512.0,16704.0,49152.0,0,0.940625,1.0,128.0,6400000.0,0.9409246575342465
1.0,256.0,1.0,1.0,1.0,1.0,35.0,32.0,0,0.5015625,0.00195312,2048.0,6400000.0,0.5273919092465753
1.0,256.0,1.0,1.0,1.0,1.0,35.0,32.0,0,0.5015625,1024.0,0.125,6400000.0,0.5273919092465753
1.0,256.0,2.0,1.0,1.0,1.0,39.0,32.0,0,0.5015625,0.0625,16384.0,6400000.0,0.5273919092465753
1.0,256.0,1.0,1.0,1.0,1.0,35.0,32.0,0,0.5015625,512.0,0.015625,6400000.0,0.5273919092465753
256.0,256.0,1.0,9.0,520.0,512.0,16780.0,49152.0,0,0.940625,0.5,16.0,6400000.0,0.9401418786692759
1.0,256.0,2.0,1.0,1.0,1.0,39.0,32.0,0,0.5015625,1024.0,8.0,6400000.0,0.5273919092465753
1.0,256.0,1.0,1.0,1.0,1.0,35.0,32.0,0,0.5015625,2048.0,0.000976562,6400000.0,0.5273919092465753
256.0,256.0,2.0,6.0,950.0,945.0,31033.0,118432.0,0,0.940625,0.000976562,128.0,6400000.0,0.9409246575342465
1.0,256.0,1.0,1.0,1.0,1.0,35.0,32.0,0,0.5015625,2048.0,1.0,6400000.0,0.5273919092465753
256.0,256.0,1.0,13.0,525.0,512.0,16826.0,49152.0,0,0.94375,0.000976562,0.25,6400000.0,0.9424894508317024
1.0,256.0,2.0,1.0,1.0,1.0,39.0,32.0,0,0.5015625,1024.0,8192.0,6400000.0,0.5273919092465753
1.0,256.0,1.0,1.0,1.0,1.0,35.0,32.0,0,0.5015625,1024.0,128.0,6400000.0,0.5273919092465753
256.0,256.0,2.0,12.0,1020.0,1008.0,33213.0,128512.0,0,0.953125,0.0,16.0,6400000.0,0.9597075281311156
1.0,256.0,1.0,1.0,1.0,1.0,35.0,32.0,0,0.5015625,16.0,512.0,6400000.0,0.5273919092465753
1.0,256.0,4.0,1.0,1.0,1.0,63.0,32.0,0,0.5015625,0.000976562,8192.0,6400000.0,0.5273919092465753
256.0,256.0,1.0,11.0,523.0,512.0,16804.0,49152.0,0,0.94375,2.0,1.0,6400000.0,0.9424894508317024
1.0,256.0,2.0,1.0,1.0,1.0,39.0,32.0,0,0.5015625,0.03125,2048.0,6400000.0,0.5273919092465753
256.0,256.0,2.0,27.0,1048.0,1021.0,33810.0,130592.0,0,0.959375,0.25,0.5,6400000.0,0.9651816291585128
256.0,256.0,2.0,9.0,1022.0,1013.0,33342.0,129312.0,0,0.9484375,32.0,0.0,6400000.0,0.9612715569960862
256.0,256.0,1.0,6.0,517.0,512.0,16716.0,49152.0,0,0.940625,8.0,64.0,6400000.0,0.9409246575342465
1.0,256.0,1.0,1.0,1.0,1.0,35.0,32.0,0,0.5015625,4096.0,0.0078125,6400000.0,0.5273919092465753
256.0,256.0,1.0,7.0,518.0,512.0,16727.0,49152.0,0,0.940625,32.0,4.0,6400000.0,0.9409246575342465
256.0,256.0,1.0,10.0,522.0,512.0,16793.0,49152.0,0,0.940625,8.0,0.0625,6400000.0,0.9413160469667318
256.0,256.0,2.0,30.0,1051.0,1021.0,33843.0,130592.0,0,0.9578125,0.015625,0.25,6400000.0,0.9643996147260273
256.0,256.0,1.0,9.0,521.0,512.0,16781.0,49152.0,0,0.940625,4.0,8.0,6400000.0,0.9401418786692759
1.0,256.0,1.0,1.0,1.0,1.0,35.0,32.0,0,0.5015625,256.0,2048.0,6400000.0,0.5273919092465753
256.0,256.0,4.0,32.0,3058.0,3047.0,100263.0,454752.0,0,0.9828125,0.0,0.000976562,6400000.0,0.9823966487279844
1.0,256.0,1.0,1.0,1.0,1.0,35.0,32.0,0,0.5015625,4096.0,8.0,6400000.0,0.5273919092465753
1.0,256.0,1.0,1.0,1.0,1.0,35.0,32.0,0,0.5015625,16384.0,0.0,6400000.0,0.5273919092465753
256.0,256.0,2.0,12.0,1020.0,1008.0,33213.0,128512.0,0,0.953125,8.0,8.0,6400000.0,0.9597075281311156
1.0,256.0,1.0,1.0,1.0,1.0,35.0,32.0,0,0.5015625,4096.0,8192.0,6400000.0,0.5273919092465753
256.0,256.0,1.0,6.0,517.0,512.0,16716.0,49152.0,0,0.940625,64.0,0.03125,6400000.0,0.9409246575342465
256.0,256.0,1.0,9.0,521.0,512.0,16781.0,49152.0,0,0.940625,16.0,0.5,6400000.0,0.9401418786692759
1.0,256.0,1.0,1.0,1.0,1.0,35.0,32.0,0,0.5015625,2048.0,1024.0,6400000.0,0.5273919092465753
256.0,256.0,1.0,5.0,516.0,512.0,16704.0,49152.0,0,0.940625,64.0,32.0,6400000.0,0.9409246575342465
1.0,256.0,2.0,1.0,1.0,1.0,39.0,32.0,0,0.5015625,1.0,32768.0,6400000.0,0.5273919092465753
256.0,256.0,1.0,11.0,523.0,512.0,16804.0,49152.0,0,0.94375,0.00195312,2.0,6400000.0,0.9424894508317024
1.0,256.0,1.0,1.0,1.0,1.0,35.0,32.0,0,0.5015625,0.00390625,16384.0,6400000.0,0.5273919092465753
256.0,256.0,2.0,8.0,972.0,965.0,31715.0,121632.0,0,0.940625,16.0,64.0,6400000.0,0.9385763209393344
256.0,256.0,4.0,30.0,2978.0,2968.0,97666.0,442112.0,0,0.9796875,0.0,1.0,6400000.0,0.9827872737279844
1.0,256.0,1.0,1.0,1.0,1.0,35.0,32.0,0,0.5015625,8192.0,64.0,6400000.0,0.5273919092465753
256.0,256.0,2.0,12.0,1023.0,1011.0,33312.0,128992.0,0,0.9609375,16.0,0.0625,6400000.0,0.9608816964285716
1.0,256.0,1.0,1.0,1.0,1.0,35.0,32.0,0,0.5015625,16384.0,512.0,6400000.0,0.5273919092465753
1.0,256.0,2.0,1.0,1.0,1.0,39.0,32.0,0,0.5015625,2048.0,0.0625,6400000.0,0.5273919092465753
1.0,256.0,4.0,1.0,1.0,1.0,63.0,32.0,0,0.5015625,0.00390625,512.0,6400000.0,0.5273919092465753
1.0,256.0,1.0,1.0,1.0,1.0,35.0,32.0,0,0.5015625,16384.0,0.5,6400000.0,0.5273919092465753
256.0,256.0,2.0,17.0,1031.0,1014.0,33466.0,129472.0,0,0.9609375,0.5,4.0,6400000.0,0.9647925330234834
1.0,256.0,1.0,1.0,1.0,1.0,35.0,32.0,0,0.5015625,8192.0,0.0625,6400000.0,0.5273919092465753
256.0,256.0,2.0,5.0,830.0,840.0,27106.0,101632.0,0,0.940625,0.015625,256.0,6400000.0,0.9409246575342465
256.0,256.0,2.0,28.0,1049.0,1021.0,33821.0,130592.0,0,0.9578125,0.5,0.00390625,6400000.0,0.9636176002935419
256.0,256.0,2.0,30.0,1051.0,1021.0,33843.0,130592.0,0,0.95625,0.0,0.015625,6400000.0,0.9647902397260273
256.0,256.0,1.0,5.0,516.0,512.0,16704.0,49152.0,0,0.940625,128.0,0.25,6400000.0,0.9409246575342465
256.0,256.0,2.0,30.0,1051.0,1021.0,33843.0,130592.0,0,0.95625,0.015625,0.0,6400000.0,0.9647902397260273
1.0,256.0,1.0,1.0,1.0,1.0,35.0,32.0,0,0.5015625,32768.0,0.00390625,6400000.0,0.5273919092465753
1.0,256.0,1.0,1.0,1.0,1.0,35.0,32.0,0,0.5015625,32768.0,4.0,6400000.0,0.5273919092465753
1.0,256.0,2.0,1.0,1.0,1.0,39.0,32.0,0,0.5015625,2048.0,64.0,6400000.0,0.5273919092465753
256.0,256.0,2.0,9.0,1022.0,1013.0,33342.0,129312.0,0,0.9484375,32.0,0.5,6400000.0,0.9616629464285715
256.0,256.0,1.0,5.0,516.0,512.0,16704.0,49152.0,0,0.940625,128.0,256.0,6400000.0,0.9033657962328766
256.0,256.0,1.0,14.0,526.0,512.0,16837.0,49152.0,0,0.94375,0.015625,0.000976562,6400000.0,0.9424894508317024
256.0,256.0,2.0,28.0,1049.0,1021.0,33821.0,130592.0,0,0.9609375,0.000976562,0.125,6400000.0,0.9643996147260273
256.0,256.0,2.0,30.0,1051.0,1021.0,33843.0,130592.0,0,0.95625,0.00390625,0.0078125,6400000.0,0.9647902397260273
256.0,256.0,4.0,19.0,2964.0,2959.0,97440.0,440672.0,0,0.9796875,0.000976562,8.0,6400000.0,0.9780906005381604
1.0,256.0,4.0,1.0,1.0,1.0,63.0,32.0,0,0.5015625,0.0078125,4096.0,6400000.0,0.5273919092465753
256.0,256.0,1.0,5.0,516.0,512.0,16704.0,49152.0,0,0.940625,256.0,2.0,6400000.0,0.9409246575342465
1.0,256.0,1.0,1.0,1.0,1.0,35.0,32.0,0,0.5015625,32768.0,4096.0,6400000.0,0.5273919092465753
1.0,256.0,4.0,1.0,1.0,1.0,63.0,32.0,0,0.5015625,0.015625,32768.0,6400000.0,0.5273919092465753
1.0,256.0,2.0,1.0,1.0,1.0,39.0,32.0,0,0.5015625,0.0,32768.0,6400000.0,0.5273919092465753
256.0,256.0,2.0,29.0,1050.0,1021.0,33832.0,130592.0,0,0.9609375,0.03125,0.00195312,6400000.0,0.9643996147260273
256.0,256.0,4.0,32.0,3058.0,3047.0,100263.0,454752.0,0,0.9828125,0.000976562,0.0078125,6400000.0,0.9820052592954991
1.0,256.0,2.0,1.0,1.0,1.0,39.0,32.0,0,0.5015625,4096.0,0.0,6400000.0,0.5273919092465753
256.0,256.0,2.0,25.0,1043.0,1018.0,33689.0,130112.0,0,0.9625,0.00195312,1.0,6400000.0,0.9643996147260274
1.0,256.0,2.0,1.0,1.0,1.0,39.0,32.0,0,0.5015625,64.0,4096.0,6400000.0,0.5273919092465753
1.0,256.0,2.0,1.0,1.0,1.0,39.0,32.0,0,0.5015625,4096.0,0.5,6400000.0,0.5273919092465753
256.0,256.0,2.0,24.0,1040.0,1016.0,33612.0,129792.0,0,0.9609375,1.0,0.03125,6400000.0,0.9647910041585126
256.0,256.0,4.0,32.0,3053.0,3041.0,100097.0,453792.0,0,0.984375,0.00195312,0.0625,6400000.0,0.9816138698630137
256.0,256.0,4.0,8.0,2325.0,2339.0,76573.0,341472.0,0,0.95,0.00195312,64.0,6400000.0,0.9393636863992171
256.0,256.0,1.0,14.0,526.0,512.0,16837.0,49152.0,0,0.94375,0.00390625,0.015625,6400000.0,0.9424894508317024
256.0,256.0,4.0,5.0,1378.0,1409.0,45371.0,192672.0,0,0.940625,0.03125,256.0,6400000.0,0.9409246575342465
256.0,256.0,1.0,14.0,526.0,512.0,16837.0,49152.0,0,0.94375,0.125,0.0,6400000.0,0.9424894508317024
1.0,256.0,2.0,1.0,1.0,1.0,39.0,32.0,0,0.5015625,32.0,512.0,6400000.0,0.5273919092465753
1.0,256.0,2.0,1.0,1.0,1.0,39.0,32.0,0,0.5015625,4096.0,512.0,6400000.0,0.5273919092465753
256.0,256.0,4.0,32.0,3058.0,3047.0,100263.0,454752.0,0,0.9828125,0.00390625,0.0,6400000.0,0.9827872737279844
256.0,256.0,1.0,9.0,520.0,512.0,16780.0,49152.0,0,0.940625,0.00390625,16.0,6400000.0,0.9401418786692759
256.0,256.0,4.0,32.0,3026.0,3013.0,99205.0,449312.0,0,0.9828125,0.00390625,0.5,6400000.0,0.982786509295499
256.0,256.0,4.0,11.0,2727.0,2725.0,89775.0,403232.0,0,0.96875,0.015625,32.0,6400000.0,0.965575311888454
1.0,256.0,4.0,1.0,1.0,1.0,63.0,32.0,0,0.5015625,0.0625,2048.0,6400000.0,0.5273919092465753
256.0,256.0,1.0,14.0,526.0,512.0,16837.0,49152.0,0,0.94375,0.0078125,0.125,6400000.0,0.9424894508317024
256.0,256.0,1.0,5.0,516.0,512.0,16704.0,49152.0,0,0.940625,0.0078125,128.0,6400000.0,0.9409246575342465
1.0,256.0,2.0,1.0,1.0,1.0,39.0,32.0,0,0.5015625,8192.0,4.0,6400000.0,0.5273919092465753
1.0,256.0,1.0,1.0,1.0,1.0,35.0,32.0,0,0.5015625,0.03125,8192.0,6400000.0,0.5273919092465753
256.0,256.0,2.0,8.0,1010.0,1002.0,32968.0,127552.0,0,0.9625,64.0,0.00390625,6400000.0,0.949531402886497
256.0,256.0,2.0,28.0,1049.0,1021.0,33821.0,130592.0,0,0.9578125,0.25,0.000976562,6400000.0,0.9640082252935421
256.0,256.0,4.0,23.0,3073.0,3064.0,100949.0,457472.0,0,0.984375,0.0078125,4.0,6400000.0,0.9800475477005872
256.0,256.0,2.0,16.0,1032.0,1016.0,33521.0,129792.0,0,0.959375,0.00390625,8.0,6400000.0,0.9659651724559687
256.0,256.0,2.0,9.0,1017.0,1008.0,33177.0,128512.0,0,0.9484375,1.0,32.0,6400000.0,0.9589247492661448
1.0,256.0,2.0,1.0,1.0,1.0,39.0,32.0,0,0.5015625,8192.0,0.00390625,6400000.0,0.5273919092465753
256.0,256.0,2.0,12.0,1023.0,1011.0,33312.0,128992.0,0,0.953125,0.0625,16.0,6400000.0,0.9597075281311156
256.0,256.0,2.0,6.0,950.0,945.0,31033.0,118432.0,0,0.940625,128.0,0.03125,6400000.0,0.9409246575342465
256.0,256.0,4.0,33.0,3040.0,3028.0,99647.0,451712.0,0,0.9828125,0.0078125,0.00390625,6400000.0,0.9823958842954991
256.0,256.0,1.0,14.0,526.0,512.0,16837.0,49152.0,0,0.94375,0.000976562,0.0,6400000.0,0.9424894508317024
1.0,256.0,2.0,1.0,1.0,1.0,39.0,32.0,0,0.5015625,8192.0,4096.0,6400000.0,0.5273919092465753
256.0,256.0,1.0,14.0,526.0,512.0,16837.0,49152.0,0,0.94375,0.03125,0.0078125,6400000.0,0.9424894508317024
256.0,256.0,4.0,32.0,3039.0,3027.0,99635.0,451552.0,0,0.984375,0.015625,0.03125,6400000.0,0.9823966487279844
1.0,256.0,2.0,1.0,1.0,1.0,39.0,32.0,0,0.5015625,128.0,32768.0,6400000.0,0.5273919092465753
1.0,256.0,1.0,1.0,1.0,1.0,35.0,32.0,0,0.5015625,0.015625,1024.0,6400000.0,0.5273919092465753
256.0,256.0,2.0,21.0,1035.0,1014.0,33513.0,129472.0,0,0.959375,0.03125,2.0,6400000.0,0.966356561888454
256.0,256.0,2.0,8.0,1008.0,1000.0,32902.0,127232.0,0,0.9625,64.0,4.0,6400000.0,0.9405393835616437
256.0,256.0,2.0,23.0,1044.0,1021.0,33766.0,130592.0,0,0.9609375,2.0,0.25,6400000.0,0.9667479513209394
1.0,256.0,2.0,1.0,1.0,1.0,39.0,32.0,0,0.5015625,16384.0,0.03125,6400000.0,0.5273919092465753
1.0,256.0,2.0,1.0,1.0,1.0,39.0,32.0,0,0.5015625,32768.0,0.25,6400000.0,0.5273919092465753
1.0,256.0,2.0,1.0,1.0,1.0,39.0,32.0,0,0.5015625,4.0,2048.0,6400000.0,0.5273919092465753
1.0,256.0,2.0,1.0,1.0,1.0,39.0,32.0,0,0.5015625,16384.0,32768.0,6400000.0,0.5273919092465753
1.0,256.0,2.0,1.0,1.0,1.0,39.0,32.0,0,0.5015625,16384.0,32.0,6400000.0,0.5273919092465753
1.0,256.0,1.0,1.0,1.0,1.0,35.0,32.0,0,0.5015625,0.5,32768.0,6400000.0,0.5273919092465753
256.0,256.0,4.0,32.0,3075.0,3062.0,100822.0,457152.0,0,0.9828125,0.03125,0.25,6400000.0,0.9812224804305284
1.0,256.0,2.0,1.0,1.0,1.0,39.0,32.0,0,0.5015625,0.5,8192.0,6400000.0,0.5273919092465753
256.0,256.0,4.0,27.0,3024.0,3011.0,99244.0,448992.0,0,0.984375,0.0625,2.0,6400000.0,0.9827872737279844
1.0,256.0,2.0,1.0,1.0,1.0,39.0,32.0,0,0.5015625,32768.0,256.0,6400000.0,0.5273919092465753
256.0,256.0,4.0,32.0,3053.0,3041.0,100097.0,453792.0,0,0.984375,0.0625,0.00195312,6400000.0,0.9816138698630137
256.0,256.0,2.0,6.0,950.0,945.0,31033.0,118432.0,0,0.940625,0.125,128.0,6400000.0,0.9409246575342465
256.0,256.0,1.0,11.0,523.0,512.0,16804.0,49152.0,0,0.94375,2.0,0.00195312,6400000.0,0.9424894508317024
256.0,256.0,2.0,5.0,830.0,840.0,27106.0,101632.0,0,0.940625,2.0,256.0,6400000.0,0.9409246575342465
256.0,256.0,2.0,29.0,1050.0,1021.0,33832.0,130592.0,0,0.965625,0.0625,0.015625,6400000.0,0.9651823935909981
256.0,256.0,2.0,8.0,997.0,990.0,32540.0,125632.0,0,0.94375,0.0078125,64.0,6400000.0,0.9358427103718199
256.0,256.0,1.0,12.0,524.0,512.0,16815.0,49152.0,0,0.94375,0.015625,1.0,6400000.0,0.9424894508317024
256.0,256.0,2.0,18.0,1033.0,1015.0,33513.0,129632.0,0,0.9609375,4.0,0.00195312,6400000.0,0.9651816291585128
1.0,256.0,1.0,1.0,1.0,1.0,35.0,32.0,0,0.5015625,0.25,4096.0,6400000.0,0.5273919092465753
256.0,256.0,1.0,13.0,525.0,512.0,16826.0,49152.0,0,0.94375,0.25,0.00390625,6400000.0,0.9424894508317024
1.0,256.0,1.0,1.0,1.0,1.0,35.0,32.0,0,0.5015625,4.0,16384.0,6400000.0,0.5273919092465753
256.0,256.0,1.0,9.0,521.0,512.0,16781.0,49152.0,0,0.940625,16.0,0.000976562,6400000.0,0.9401418786692759
256.0,256.0,1.0,14.0,526.0,512.0,16837.0,49152.0,0,0.94375,0.0625,0.0625,6400000.0,0.9424894508317024
256.0,256.0,1.0,6.0,517.0,512.0,16716.0,49152.0,0,0.940625,0.0625,64.0,6400000.0,0.9409246575342465
256.0,256.0,2.0,29.0,1050.0,1021.0,33832.0,130592.0,0,0.95625,0.00195312,0.00195312,6400000.0,0.9647902397260273
1.0,256.0,2.0,1.0,1.0,1.0,39.0,32.0,0,0.5015625,0.25,1024.0,6400000.0,0.5273919092465753
256.0,256.0,1.0,14.0,526.0,512.0,16837.0,49152.0,0,0.94375,0.00195312,0.00390625,6400000.0,0.9424894508317024
256.0,256.0,1.0,10.0,522.0,512.0,16793.0,49152.0,0,0.940625,0.03125,8.0,6400000.0,0.9413160469667318
1.0,256.0,1.0,1.0,1.0,1.0,35.0,32.0,0,0.5015625,32.0,8192.0,6400000.0,0.5273919092465753
1.0,256.0,2.0,1.0,1.0,1.0,39.0,32.0,0,0.5015625,8.0,16384.0,6400000.0,0.5273919092465753
1.0,256.0,2.0,1.0,1.0,1.0,39.0,32.0,0,0.5015625,512.0,0.00195312,6400000.0,0.5273919092465753
256.0,256.0,2.0,29.0,1050.0,1021.0,33832.0,130592.0,0,0.965625,0.0078125,0.0625,6400000.0,0.9643996147260274
256.0,256.0,2.0,5.0,834.0,840.0,27234.0,101632.0,0,0.940625,128.0,32.0,6400000.0,0.9409246575342465
1.0,256.0,2.0,1.0,1.0,1.0,39.0,32.0,0,0.5015625,512.0,2.0,6400000.0,0.5273919092465753
256.0,256.0,2.0,28.0,1049.0,1021.0,33821.0,130592.0,0,0.9578125,0.125,0.125,6400000.0,0.9632254464285716
256.0,256.0,1.0,5.0,516.0,512.0,16704.0,49152.0,0,0.940625,128.0,0.0,6400000.0,0.9409246575342465
1.0,256.0,2.0,1.0,1.0,1.0,39.0,32.0,0,0.5015625,0.00195312,2048.0,6400000.0,0.5273919092465753
1.0,256.0,2.0,1.0,1.0,1.0,39.0,32.0,0,0.5015625,512.0,2048.0,6400000.0,0.5273919092465753
256.0,256.0,2.0,5.0,830.0,840.0,27106.0,101632.0,0,0.940625,256.0,0.25,6400000.0,0.9409246575342465
1.0,256.0,2.0,1.0,1.0,1.0,39.0,32.0,0,0.5015625,1024.0,0.015625,6400000.0,0.5273919092465753
1.0,256.0,2.0,1.0,1.0,1.0,39.0,32.0,0,0.5015625,0.00390625,16384.0,6400000.0,0.5273919092465753
1.0,256.0,2.0,1.0,1.0,1.0,39.0,32.0,0,0.5015625,256.0,256.0,6400000.0,0.5273919092465753
1.0,256.0,1.0,1.0,1.0,1.0,35.0,32.0,0,0.5015625,512.0,32768.0,6400000.0,0.5273919092465753
1.0,256.0,1.0,1.0,1.0,1.0,35.0,32.0,0,0.5015625,512.0,32.0,6400000.0,0.5273919092465753
256.0,256.0,1.0,14.0,526.0,512.0,16837.0,49152.0,0,0.94375,0.0,0.0625,6400000.0,0.9424894508317024
1.0,256.0,4.0,1.0,1.0,1.0,63.0,32.0,0,0.5015625,0.0,2048.0,6400000.0,0.5273919092465753
256.0,256.0,1.0,13.0,525.0,512.0,16826.0,49152.0,0,0.94375,0.5,0.03125,6400000.0,0.9424894508317024
1.0,256.0,1.0,1.0,1.0,1.0,35.0,32.0,0,0.5015625,0.000976562,512.0,6400000.0,0.5273919092465753
256.0,256.0,1.0,11.0,523.0,512.0,16804.0,49152.0,0,0.94375,0.25,4.0,6400000.0,0.9420988258317025
1.0,256.0,1.0,1.0,1.0,1.0,35.0,32.0,0,0.5015625,0.125,512.0,6400000.0,0.5273919092465753
1.0,256.0,2.0,1.0,1.0,1.0,39.0,32.0,0,0.5015625,0.0625,32768.0,6400000.0,0.5273919092465753
1.0,256.0,1.0,1.0,1.0,1.0,35.0,32.0,0,0.5015625,1024.0,0.25,6400000.0,0.5273919092465753
256.0,256.0,1.0,12.0,524.0,512.0,16815.0,49152.0,0,0.94375,0.125,0.5,6400000.0,0.9424894508317024
1.0,256.0,2.0,1.0,1.0,1.0,39.0,32.0,0,0.5015625,1024.0,16.0,6400000.0,0.5273919092465753
1.0,256.0,1.0,1.0,1.0,1.0,35.0,32.0,0,0.5015625,2048.0,0.00195312,6400000.0,0.5273919092465753
1.0,256.0,1.0,1.0,1.0,1.0,35.0,32.0,0,0.5015625,2.0,2048.0,6400000.0,0.5273919092465753
256.0,256.0,2.0,17.0,1032.0,1015.0,33499.0,129632.0,0,0.959375,4.0,2.0,6400000.0,0.9655737830234834
1.0,256.0,1.0,1.0,1.0,1.0,35.0,32.0,0,0.5015625,2048.0,2.0,6400000.0,0.5273919092465753
256.0,256.0,1.0,8.0,520.0,512.0,16770.0,49152.0,0,0.940625,32.0,0.0078125,6400000.0,0.9409246575342465
1.0,256.0,2.0,1.0,1.0,1.0,39.0,32.0,0,0.5015625,1024.0,16384.0,6400000.0,0.5273919092465753
1.0,256.0,1.0,1.0,1.0,1.0,35.0,32.0,0,0.5015625,512.0,0.03125,6400000.0,0.5273919092465753
256.0,256.0,1.0,6.0,517.0,512.0,16716.0,49152.0,0,0.940625,0.0,64.0,6400000.0,0.9409246575342465
1.0,256.0,1.0,1.0,1.0,1.0,35.0,32.0,0,0.5015625,0.00195312,4096.0,6400000.0,0.5273919092465753
256.0,256.0,1.0,11.0,523.0,512.0,16804.0,49152.0,0,0.94375,4.0,0.015625,6400000.0,0.9424894508317024
1.0,256.0,4.0,1.0,1.0,1.0,63.0,32.0,0,0.5015625,0.000976562,16384.0,6400000.0,0.5273919092465753
1.0,256.0,1.0,1.0,1.0,1.0,35.0,32.0,0,0.5015625,16.0,1024.0,6400000.0,0.5273919092465753
256.0,256.0,1.0,5.0,516.0,512.0,16704.0,49152.0,0,0.940625,256.0,0.00390625,6400000.0,0.9409246575342465
256.0,256.0,2.0,17.0,1031.0,1014.0,33466.0,129472.0,0,0.95625,8.0,0.015625,6400000.0,0.9640105185909981
1.0,256.0,1.0,1.0,1.0,1.0,35.0,32.0,0,0.5015625,1024.0,256.0,6400000.0,0.5273919092465753
256.0,256.0,1.0,11.0,523.0,512.0,16804.0,49152.0,0,0.94375,1.0,0.25,6400000.0,0.9424894508317024
256.0,256.0,1.0,5.0,516.0,512.0,16704.0,49152.0,0,0.940625,1.0,256.0,6400000.0,0.9409246575342465
256.0,256.0,1.0,8.0,519.0,512.0,16769.0,49152.0,0,0.940625,0.5,32.0,6400000.0,0.9409246575342465
256.0,256.0,1.0,12.0,524.0,512.0,16815.0,49152.0,0,0.94375,0.000976562,0.5,6400000.0,0.9424894508317024
1.0,256.0,1.0,1.0,1.0,1.0,35.0,32.0,0,0.5015625,4096.0,0.015625,6400000.0,0.5273919092465753
1.0,256.0,2.0,1.0,1.0,1.0,39.0,32.0,0,0.5015625,0.03125,4096.0,6400000.0,0.5273919092465753
1.0,256.0,1.0,1.0,1.0,1.0,35.0,32.0,0,0.5015625,4096.0,16.0,6400000.0,0.5273919092465753
1.0,256.0,1.0,1.0,1.0,1.0,35.0,32.0,0,0.5015625,4096.0,16384.0,6400000.0,0.5273919092465753
1.0,256.0,1.0,1.0,1.0,1.0,35.0,32.0,0,0.5015625,16384.0,0.000976562,6400000.0,0.5273919092465753
1.0,256.0,1.0,1.0,1.0,1.0,35.0,32.0,0,0.5015625,256.0,4096.0,6400000.0,0.5273919092465753
1.0,256.0,1.0,1.0,1.0,1.0,35.0,32.0,0,0.5015625,2048.0,2048.0,6400000.0,0.5273919092465753
256.0,256.0,2.0,5.0,830.0,840.0,27106.0,101632.0,0,0.940625,0.000976562,256.0,6400000.0,0.9409246575342465
1.0,256.0,1.0,1.0,1.0,1.0,35.0,32.0,0,0.5015625,0.00390625,32768.0,6400000.0,0.5273919092465753
256.0,256.0,2.0,9.0,1017.0,1008.0,33177.0,128512.0,0,0.9484375,0.0,32.0,6400000.0,0.9589247492661448
1.0,256.0,4.0,1.0,1.0,1.0,63.0,32.0,0,0.5015625,0.00390625,1024.0,6400000.0,0.5273919092465753
256.0,256.0,1.0,11.0,523.0,512.0,16804.0,49152.0,0,0.94375,2.0,2.0,6400000.0,0.9424894508317024
256.0,256.0,1.0,5.0,516.0,512.0,16704.0,49152.0,0,0.940625,8.0,128.0,6400000.0,0.9409246575342465
1.0,256.0,2.0,1.0,1.0,1.0,39.0,32.0,0,0.5015625,2048.0,0.125,6400000.0,0.5273919092465753
256.0,256.0,1.0,7.0,518.0,512.0,16727.0,49152.0,0,0.940625,32.0,8.0,6400000.0,0.9409246575342465
1.0,256.0,1.0,1.0,1.0,1.0,35.0,32.0,0,0.5015625,8192.0,128.0,6400000.0,0.5273919092465753
1.0,256.0,1.0,1.0,1.0,1.0,35.0,32.0,0,0.5015625,16384.0,1024.0,6400000.0,0.5273919092465753
256.0,256.0,1.0,9.0,520.0,512.0,16780.0,49152.0,0,0.940625,4.0,16.0,6400000.0,0.9401418786692759
1.0,256.0,1.0,1.0,1.0,1.0,35.0,32.0,0,0.5015625,16384.0,1.0,6400000.0,0.5273919092465753
256.0,256.0,1.0,6.0,517.0,512.0,16716.0,49152.0,0,0.940625,64.0,0.0625,6400000.0,0.9409246575342465
256.0,256.0,2.0,9.0,1022.0,1013.0,33342.0,129312.0,0,0.9484375,32.0,0.000976562,6400000.0,0.9612715569960862
256.0,256.0,1.0,5.0,516.0,512.0,16704.0,49152.0,0,0.940625,64.0,64.0,6400000.0,0.9409246575342465
256.0,256.0,1.0,10.0,522.0,512.0,16793.0,49152.0,0,0.940625,8.0,0.125,6400000.0,0.9413160469667318
1.0,256.0,2.0,1.0,1.0,1.0,39.0,32.0,0,0.5015625,0.015625,512.0,6400000.0,0.5273919092465753
1.0,256.0,1.0,1.0,1.0,1.0,35.0,32.0,0,0.5015625,8192.0,0.125,6400000.0,0.5273919092465753
256.0,256.0,1.0,9.0,521.0,512.0,16781.0,49152.0,0,0.940625,16.0,1.0,6400000.0,0.9401418786692759
256.0,256.0,2.0,10.0,1023.0,1013.0,33356.0,129312.0,0,0.95625,8.0,16.0,6400000.0,0.9616629464285713
256.0,256.0,1.0,11.0,523.0,512.0,16804.0,49152.0,0,0.94375,0.00195312,4.0,6400000.0,0.9424894508317024
256.0,256.0,2.0,23.0,1039.0,1016.0,33601.0,129792.0,0,0.9609375,0.25,1.0,6400000.0,0.966356561888454
256.0,256.0,2.0,5.0,835.0,841.0,27267.0,101792.0,0,0.940625,16.0,128.0,6400000.0,0.9409246575342465
1.0,256.0,1.0,1.0,1.0,1.0,35.0,32.0,0,0.5015625,32768.0,8.0,6400000.0,0.5273919092465753
256.0,256.0,2.0,21.0,1039.0,1018.0,33645.0,130112.0,0,0.9625,2.0,0.0,6400000.0,0.9651823935909981
256.0,256.0,2.0,28.0,1049.0,1021.0,33821.0,130592.0,0,0.9625,0.015625,0.5,6400000.0,0.9636168358610566
1.0,256.0,1.0,1.0,1.0,1.0,35.0,32.0,0,0.5015625,32768.0,0.0078125,6400000.0,0.5273919092465753
1.0,256.0,1.0,1.0,1.0,1.0,35.0,32.0,0,0.5015625,128.0,512.0,6400000.0,0.5273919092465753
1.0,256.0,2.0,1.0,1.0,1.0,39.0,32.0,0,0.5015625,2048.0,128.0,6400000.0,0.5273919092465753
1.0,256.0,1.0,1.0,1.0,1.0,35.0,32.0,0,0.5015625,32768.0,8192.0,6400000.0,0.5273919092465753
256.0,256.0,2.0,12.0,1022.0,1010.0,33279.0,128832.0,0,0.9609375,16.0,0.125,6400000.0,0.9612730858610569
1.0,256.0,4.0,1.0,1.0,1.0,63.0,32.0,0,0.5015625,0.0078125,8192.0,6400000.0,0.5273919092465753
256.0,256.0,1.0,5.0,516.0,512.0,16704.0,49152.0,0,0.940625,128.0,0.5,6400000.0,0.9409246575342465
256.0,256.0,2.0,15.0,1030.0,1015.0,33477.0,129632.0,0,0.9578125,0.5,8.0,6400000.0,0.964401143590998
256.0,256.0,1.0,14.0,526.0,512.0,16837.0,49152.0,0,0.94375,0.015625,0.00195312,6400000.0,0.9424894508317024
1.0,256.0,2.0,1.0,1.0,1.0,39.0,32.0,0,0.5015625,64.0,8192.0,6400000.0,0.5273919092465753
256.0,256.0,2.0,28.0,1049.0,1021.0,33821.0,130592.0,0,0.9578125,0.5,0.0078125,6400000.0,0.9636176002935419
256.0,256.0,1.0,5.0,516.0,512.0,16704.0,49152.0,0,0.940625,256.0,4.0,6400000.0,0.9409246575342465
1.0,256.0,2.0,1.0,1.0,1.0,39.0,32.0,0,0.5015625,4096.0,0.000976562,6400000.0,0.5273919092465753
256.0,256.0,2.0,9.0,1022.0,1013.0,33342.0,129312.0,0,0.9484375,32.0,1.0,6400000.0,0.9604887781311154
1.0,256.0,2.0,1.0,1.0,1.0,39.0,32.0,0,0.5015625,4096.0,1.0,6400000.0,0.5273919092465753
256.0,256.0,2.0,29.0,1050.0,1021.0,33832.0,130592.0,0,0.9609375,0.0,0.03125,6400000.0,0.9643996147260273
256.0,256.0,2.0,29.0,1050.0,1021.0,33832.0,130592.0,0,0.95625,0.000976562,0.0,6400000.0,0.9643996147260273
1.0,256.0,2.0,1.0,1.0,1.0,39.0,32.0,0,0.5015625,32.0,1024.0,6400000.0,0.5273919092465753
256.0,256.0,2.0,30.0,1051.0,1021.0,33843.0,130592.0,0,0.95625,0.015625,0.000976562,6400000.0,0.9647902397260273
1.0,256.0,4.0,1.0,1.0,1.0,63.0,32.0,0,0.5015625,0.0625,4096.0,6400000.0,0.5273919092465753
1.0,256.0,2.0,1.0,1.0,1.0,39.0,32.0,0,0.5015625,4096.0,1024.0,6400000.0,0.5273919092465753
256.0,256.0,2.0,30.0,1051.0,1021.0,33843.0,130592.0,0,0.95625,0.00390625,0.015625,6400000.0,0.9643996147260273
1.0,256.0,4.0,1.0,1.0,1.0,63.0,32.0,0,0.5015625,0.03125,512.0,6400000.0,0.5273919092465753
256.0,256.0,2.0,28.0,1049.0,1021.0,33821.0,130592.0,0,0.9578125,0.000976562,0.25,6400000.0,0.9632254464285713
256.0,256.0,1.0,14.0,526.0,512.0,16837.0,49152.0,0,0.94375,0.125,0.000976562,6400000.0,0.9424894508317024
256.0,256.0,1.0,14.0,526.0,512.0,16837.0,49152.0,0,0.94375,0.00390625,0.03125,6400000.0,0.9424894508317024
1.0,256.0,2.0,1.0,1.0,1.0,39.0,32.0,0,0.5015625,8192.0,8.0,6400000.0,0.5273919092465753
256.0,256.0,2.0,29.0,1050.0,1021.0,33832.0,130592.0,0,0.9609375,0.03125,0.00390625,6400000.0,0.9643996147260273
1.0,256.0,1.0,1.0,1.0,1.0,35.0,32.0,0,0.5015625,0.03125,16384.0,6400000.0,0.5273919092465753
256.0,256.0,2.0,21.0,1035.0,1014.0,33513.0,129472.0,0,0.959375,0.00195312,2.0,6400000.0,0.9636168358610566
256.0,256.0,2.0,26.0,1039.0,1013.0,33535.0,129312.0,0,0.959375,1.0,0.0625,6400000.0,0.9636168358610568
1.0,256.0,2.0,1.0,1.0,1.0,39.0,32.0,0,0.5015625,8192.0,0.0078125,6400000.0,0.5273919092465753
256.0,256.0,1.0,8.0,519.0,512.0,16769.0,49152.0,0,0.940625,0.00390625,32.0,6400000.0,0.9409246575342465
256.0,256.0,1.0,13.0,525.0,512.0,16826.0,49152.0,0,0.94375,0.0078125,0.25,6400000.0,0.9424894508317024
256.0,256.0,1.0,5.0,516.0,512.0,16704.0,49152.0,0,0.940625,0.0078125,256.0,6400000.0,0.9409246575342465
256.0,256.0,2.0,8.0,1010.0,1002.0,32968.0,127552.0,0,0.9625,64.0,0.0078125,6400000.0,0.949531402886497
1.0,256.0,2.0,1.0,1.0,1.0,39.0,32.0,0,0.5015625,8192.0,8192.0,6400000.0,0.5273919092465753
1.0,256.0,1.0,1.0,1.0,1.0,35.0,32.0,0,0.5015625,0.015625,2048.0,6400000.0,0.5273919092465753
256.0,256.0,2.0,12.0,1023.0,1011.0,33312.0,128992.0,0,0.953125,0.00390625,16.0,6400000.0,0.9597075281311156
256.0,256.0,2.0,8.0,999.0,992.0,32606.0,125952.0,0,0.94375,1.0,64.0,6400000.0,0.9354513209393345
1.0,256.0,2.0,1.0,1.0,1.0,39.0,32.0,0,0.5015625,16384.0,64.0,6400000.0,0.5273919092465753
1.0,256.0,2.0,1.0,1.0,1.0,39.0,32.0,0,0.5015625,32768.0,0.0,6400000.0,0.5273919092465753
1.0,256.0,2.0,1.0,1.0,1.0,39.0,32.0,0,0.5015625,32768.0,0.5,6400000.0,0.5273919092465753
1.0,256.0,2.0,1.0,1.0,1.0,39.0,32.0,0,0.5015625,16384.0,0.0625,6400000.0,0.5273919092465753
256.0,256.0,2.0,28.0,1049.0,1021.0,33821.0,130592.0,0,0.9578125,0.25,0.00195312,6400000.0,0.9640082252935421
1.0,256.0,2.0,1.0,1.0,1.0,39.0,32.0,0,0.5015625,4.0,4096.0,6400000.0,0.5273919092465753
256.0,256.0,4.0,13.0,2944.0,2943.0,96895.0,438112.0,0,0.9703125,0.000976562,16.0,6400000.0,0.9659674657534246
256.0,256.0,4.0,32.0,3055.0,3043.0,100163.0,454112.0,0,0.98125,0.03125,0.0,6400000.0,0.9823966487279844
256.0,256.0,2.0,9.0,1017.0,1008.0,33177.0,128512.0,0,0.9484375,0.0625,32.0,6400000.0,0.9581419704011742
256.0,256.0,1.0,14.0,526.0,512.0,16837.0,49152.0,0,0.94375,0.000976562,0.000976562,6400000.0,0.9424894508317024
256.0,256.0,2.0,5.0,830.0,840.0,27106.0,101632.0,0,0.940625,256.0,0.0,6400000.0,0.9409246575342465
256.0,256.0,1.0,14.0,526.0,512.0,16837.0,49152.0,0,0.94375,0.03125,0.015625,6400000.0,0.9424894508317024
1.0,256.0,2.0,1.0,1.0,1.0,39.0,32.0,0,0.5015625,0.5,16384.0,6400000.0,0.5273919092465753
256.0,256.0,2.0,6.0,950.0,945.0,31033.0,118432.0,0,0.940625,128.0,0.0625,6400000.0,0.9409246575342465
256.0,256.0,4.0,27.0,3044.0,3031.0,99904.0,452192.0,0,0.9859375,0.0,2.0,6400000.0,0.9835692881604696
256.0,256.0,4.0,32.0,3058.0,3047.0,100263.0,454752.0,0,0.9828125,0.0,0.00195312,6400000.0,0.982786509295499
256.0,256.0,1.0,12.0,524.0,512.0,16815.0,49152.0,0,0.94375,1.0,0.0,6400000.0,0.9424894508317024
1.0,256.0,2.0,1.0,1.0,1.0,39.0,32.0,0,0.5015625,32768.0,512.0,6400000.0,0.5273919092465753
256.0,256.0,4.0,6.0,1616.0,1618.0,53190.0,226112.0,0,0.940625,0.00195312,128.0,6400000.0,0.9409246575342465
256.0,256.0,2.0,8.0,1008.0,1000.0,32902.0,127232.0,0,0.9625,64.0,8.0,6400000.0,0.9405393835616437
1.0,256.0,1.0,1.0,1.0,1.0,35.0,32.0,0,0.5015625,0.25,8192.0,6400000.0,0.5273919092465753
256.0,256.0,2.0,17.0,1031.0,1014.0,33466.0,129472.0,0,0.9609375,0.03125,4.0,6400000.0,0.9651816291585128
1.0,256.0,2.0,1.0,1.0,1.0,39.0,32.0,0,0.5015625,2.0,512.0,6400000.0,0.5273919092465753
256.0,256.0,2.0,5.0,830.0,840.0,27106.0,101632.0,0,0.940625,0.125,256.0,6400000.0,0.9409246575342465
256.0,256.0,2.0,20.0,1035.0,1015.0,33535.0,129632.0,0,0.9625,2.0,0.5,6400000.0,0.965965936888454
256.0,256.0,1.0,11.0,523.0,512.0,16804.0,49152.0,0,0.94375,0.015625,2.0,6400000.0,0.9424894508317024
1.0,256.0,1.0,1.0,1.0,1.0,35.0,32.0,0,0.5015625,4.0,32768.0,6400000.0,0.5273919092465753
256.0,256.0,1.0,11.0,523.0,512.0,16804.0,49152.0,0,0.94375,2.0,0.00390625,6400000.0,0.9424894508317024
256.0,256.0,2.0,6.0,950.0,945.0,31033.0,118432.0,0,0.940625,0.0078125,128.0,6400000.0,0.9409246575342465
256.0,256.0,2.0,18.0,1033.0,1015.0,33513.0,129632.0,0,0.9609375,4.0,0.00390625,6400000.0,0.9651816291585128
1.0,256.0,1.0,1.0,1.0,1.0,35.0,32.0,0,0.5015625,32.0,16384.0,6400000.0,0.5273919092465753
256.0,256.0,1.0,13.0,525.0,512.0,16826.0,49152.0,0,0.94375,0.25,0.0078125,6400000.0,0.9424894508317024
256.0,256.0,2.0,28.0,1049.0,1021.0,33821.0,130592.0,0,0.9609375,0.0625,0.03125,6400000.0,0.9643996147260273
1.0,256.0,2.0,1.0,1.0,1.0,39.0,32.0,0,0.5015625,8.0,32768.0,6400000.0,0.5273919092465753
256.0,256.0,1.0,13.0,525.0,512.0,16826.0,49152.0,0,0.94375,0.0625,0.125,6400000.0,0.9424894508317024
256.0,256.0,4.0,8.0,2325.0,2339.0,76573.0,341472.0,0,0.95,0.015625,64.0,6400000.0,0.9393636863992171
1.0,256.0,2.0,1.0,1.0,1.0,39.0,32.0,0,0.5015625,0.25,2048.0,6400000.0,0.5273919092465753
256.0,256.0,1.0,5.0,516.0,512.0,16704.0,49152.0,0,0.940625,0.0625,128.0,6400000.0,0.9409246575342465
1.0,256.0,2.0,1.0,1.0,1.0,39.0,32.0,0,0.5015625,512.0,0.00390625,6400000.0,0.5273919092465753
256.0,256.0,1.0,9.0,521.0,512.0,16781.0,49152.0,0,0.940625,16.0,0.00195312,6400000.0,0.9401418786692759
256.0,256.0,1.0,9.0,520.0,512.0,16780.0,49152.0,0,0.940625,0.03125,16.0,6400000.0,0.9401418786692759
1.0,256.0,2.0,1.0,1.0,1.0,39.0,32.0,0,0.5015625,512.0,4.0,6400000.0,0.5273919092465753
256.0,256.0,4.0,32.0,3048.0,3036.0,99932.0,452992.0,0,0.9796875,0.000976562,0.015625,6400000.0,0.9827872737279844
256.0,256.0,1.0,14.0,526.0,512.0,16837.0,49152.0,0,0.94375,0.00195312,0.0078125,6400000.0,0.9424894508317024
1.0,256.0,2.0,1.0,1.0,1.0,39.0,32.0,0,0.5015625,0.00195312,4096.0,6400000.0,0.5273919092465753
1.0,256.0,2.0,1.0,1.0,1.0,39.0,32.0,0,0.5015625,1024.0,0.03125,6400000.0,0.5273919092465753
1.0,256.0,2.0,1.0,1.0,1.0,39.0,32.0,0,0.5015625,512.0,4096.0,6400000.0,0.5273919092465753
1.0,256.0,2.0,1.0,1.0,1.0,39.0,32.0,0,0.5015625,256.0,512.0,6400000.0,0.5273919092465753
1.0,256.0,2.0,1.0,1.0,1.0,39.0,32.0,0,0.5015625,0.00390625,32768.0,6400000.0,0.5273919092465753
256.0,256.0,4.0,19.0,2964.0,2959.0,97440.0,440672.0,0,0.9796875,0.0078125,8.0,6400000.0,0.9780906005381604
1.0,256.0,1.0,1.0,1.0,1.0,35.0,32.0,0,0.5015625,512.0,64.0,6400000.0,0.5273919092465753
256.0,256.0,2.0,5.0,828.0,839.0,27041.0,101472.0,0,0.940625,128.0,64.0,6400000.0,0.9409246575342465
256.0,256.0,1.0,5.0,516.0,512.0,16704.0,49152.0,0,0.940625,128.0,0.000976562,6400000.0,0.9409246575342465
1.0,256.0,1.0,1.0,1.0,1.0,35.0,32.0,0,0.5015625,1024.0,0.0,6400000.0,0.5273919092465753
1.0,256.0,1.0,1.0,1.0,1.0,35.0,32.0,0,0.5015625,0.125,1024.0,6400000.0,0.5273919092465753
1.0,256.0,4.0,1.0,1.0,1.0,63.0,32.0,0,0.5015625,0.0,4096.0,6400000.0,0.5273919092465753
1.0,256.0,1.0,1.0,1.0,1.0,35.0,32.0,0,0.5015625,0.000976562,1024.0,6400000.0,0.5273919092465753
256.0,256.0,4.0,30.0,2978.0,2968.0,97666.0,442112.0,0,0.9796875,0.00390625,1.0,6400000.0,0.9827872737279844
1.0,256.0,1.0,1.0,1.0,1.0,35.0,32.0,0,0.5015625,16.0,2048.0,6400000.0,0.5273919092465753
1.0,256.0,1.0,1.0,1.0,1.0,35.0,32.0,0,0.5015625,1024.0,0.5,6400000.0,0.5273919092465753
1.0,256.0,1.0,1.0,1.0,1.0,35.0,32.0,0,0.5015625,2048.0,4.0,6400000.0,0.5273919092465753
1.0,256.0,1.0,1.0,1.0,1.0,35.0,32.0,0,0.5015625,2048.0,0.00390625,6400000.0,0.5273919092465753
1.0,256.0,1.0,1.0,1.0,1.0,35.0,32.0,0,0.5015625,2.0,4096.0,6400000.0,0.5273919092465753
1.0,256.0,2.0,1.0,1.0,1.0,39.0,32.0,0,0.5015625,1024.0,32768.0,6400000.0,0.5273919092465753
256.0,256.0,1.0,14.0,526.0,512.0,16837.0,49152.0,0,0.94375,0.0,0.125,6400000.0,0.9424894508317024
256.0,256.0,4.0,32.0,3056.0,3044.0,100196.0,454272.0,0,0.9828125,0.00195312,0.125,6400000.0,0.9812224804305284
1.0,256.0,2.0,1.0,1.0,1.0,39.0,32.0,0,0.5015625,1024.0,32.0,6400000.0,0.5273919092465753
256.0,256.0,2.0,5.0,830.0,840.0,27106.0,101632.0,0,0.940625,256.0,0.5,6400000.0,0.9409246575342465
256.0,256.0,1.0,12.0,524.0,512.0,16815.0,49152.0,0,0.94375,0.5,0.0625,6400000.0,0.9424894508317024
256.0,256.0,1.0,11.0,523.0,512.0,16804.0,49152.0,0,0.94375,0.125,1.0,6400000.0,0.9424894508317024
1.0,256.0,1.0,1.0,1.0,1.0,35.0,32.0,0,0.5015625,0.00195312,8192.0,6400000.0,0.5273919092465753
256.0,256.0,2.0,28.0,1049.0,1021.0,33821.0,130592.0,0,0.9609375,0.0078125,0.125,6400000.0,0.9643996147260273
256.0,256.0,1.0,10.0,522.0,512.0,16793.0,49152.0,0,0.940625,0.25,8.0,6400000.0,0.9413160469667318
256.0,256.0,2.0,30.0,1051.0,1021.0,33843.0,130592.0,0,0.95625,0.00195312,0.00390625,6400000.0,0.9647902397260273
1.0,256.0,4.0,1.0,1.0,1.0,63.0,32.0,0,0.5015625,0.000976562,32768.0,6400000.0,0.5273919092465753
1.0,256.0,1.0,1.0,1.0,1.0,35.0,32.0,0,0.5015625,512.0,0.0625,6400000.0,0.5273919092465753
1.0,256.0,1.0,1.0,1.0,1.0,35.0,32.0,0,0.5015625,1024.0,512.0,6400000.0,0.5273919092465753
256.0,256.0,4.0,32.0,3058.0,3047.0,100263.0,454752.0,0,0.9828125,0.00390625,0.000976562,6400000.0,0.9823958842954991
1.0,256.0,1.0,1.0,1.0,1.0,35.0,32.0,0,0.5015625,4096.0,0.03125,6400000.0,0.5273919092465753
256.0,256.0,2.0,29.0,1050.0,1021.0,33832.0,130592.0,0,0.9625,0.125,0.25,6400000.0,0.964008225293542
1.0,256.0,1.0,1.0,1.0,1.0,35.0,32.0,0,0.5015625,4096.0,32.0,6400000.0,0.5273919092465753
256.0,256.0,1.0,8.0,520.0,512.0,16770.0,49152.0,0,0.940625,32.0,0.015625,6400000.0,0.9409246575342465
256.0,256.0,2.0,28.0,1049.0,1021.0,33821.0,130592.0,0,0.9609375,0.125,0.0,6400000.0,0.9651816291585126
256.0,256.0,1.0,5.0,516.0,512.0,16704.0,49152.0,0,0.940625,256.0,0.0078125,6400000.0,0.9409246575342465
256.0,256.0,1.0,11.0,523.0,512.0,16804.0,49152.0,0,0.94375,4.0,0.03125,6400000.0,0.9424894508317024
1.0,256.0,1.0,1.0,1.0,1.0,35.0,32.0,0,0.5015625,1.0,512.0,6400000.0,0.5273919092465753
1.0,256.0,1.0,1.0,1.0,1.0,35.0,32.0,0,0.5015625,4096.0,32768.0,6400000.0,0.5273919092465753
1.0,256.0,1.0,1.0,1.0,1.0,35.0,32.0,0,0.5015625,256.0,8192.0,6400000.0,0.5273919092465753
1.0,256.0,2.0,1.0,1.0,1.0,39.0,32.0,0,0.5015625,0.03125,8192.0,6400000.0,0.5273919092465753
256.0,256.0,1.0,5.0,516.0,512.0,16704.0,49152.0,0,0.940625,0.0,128.0,6400000.0,0.9409246575342465
1.0,256.0,1.0,1.0,1.0,1.0,35.0,32.0,0,0.5015625,16384.0,0.00195312,6400000.0,0.5273919092465753
1.0,256.0,1.0,1.0,1.0,1.0,35.0,32.0,0,0.5015625,2048.0,4096.0,6400000.0,0.5273919092465753
256.0,256.0,1.0,11.0,523.0,512.0,16804.0,49152.0,0,0.94375,1.0,0.5,6400000.0,0.9424894508317024
256.0,256.0,1.0,6.0,517.0,512.0,16716.0,49152.0,0,0.940625,0.5,64.0,6400000.0,0.9409246575342465
256.0,256.0,2.0,17.0,1030.0,1013.0,33433.0,129312.0,0,0.9578125,4.0,4.0,6400000.0,0.9647925330234834
256.0,256.0,2.0,17.0,1031.0,1014.0,33466.0,129472.0,0,0.95625,8.0,0.03125,6400000.0,0.965184686888454
1.0,256.0,4.0,1.0,1.0,1.0,63.0,32.0,0,0.5015625,0.00390625,2048.0,6400000.0,0.5273919092465753
256.0,256.0,1.0,12.0,524.0,512.0,16815.0,49152.0,0,0.94375,0.000976562,1.0,6400000.0,0.9424894508317024
256.0,256.0,1.0,14.0,526.0,512.0,16837.0,49152.0,0,0.94375,0.0078125,0.0,6400000.0,0.9424894508317024
1.0,256.0,1.0,1.0,1.0,1.0,35.0,32.0,0,0.5015625,8192.0,256.0,6400000.0,0.5273919092465753
256.0,256.0,4.0,23.0,3073.0,3064.0,100949.0,457472.0,0,0.984375,0.0625,4.0,6400000.0,0.9808303265655578
1.0,256.0,2.0,1.0,1.0,1.0,39.0,32.0,0,0.5015625,0.000976562,512.0,6400000.0,0.5273919092465753
1.0,256.0,2.0,1.0,1.0,1.0,39.0,32.0,0,0.5015625,2048.0,0.25,6400000.0,0.5273919092465753
256.0,256.0,4.0,32.0,3048.0,3036.0,99932.0,452992.0,0,0.9796875,0.0078125,0.0078125,6400000.0,0.9827872737279844
1.0,256.0,1.0,1.0,1.0,1.0,35.0,32.0,0,0.5015625,16384.0,2048.0,6400000.0,0.5273919092465753
1.0,256.0,1.0,1.0,1.0,1.0,35.0,32.0,0,0.5015625,16384.0,2.0,6400000.0,0.5273919092465753
256.0,256.0,4.0,32.0,3030.0,3018.0,99338.0,450112.0,0,0.98125,0.015625,0.0625,6400000.0,0.9820052592954991
256.0,256.0,1.0,5.0,516.0,512.0,16704.0,49152.0,0,0.940625,8.0,256.0,6400000.0,0.9409246575342465
1.0,256.0,2.0,1.0,1.0,1.0,39.0,32.0,0,0.5015625,0.015625,1024.0,6400000.0,0.5273919092465753
256.0,256.0,1.0,11.0,523.0,512.0,16804.0,49152.0,0,0.94375,2.0,4.0,6400000.0,0.9417074363992171
256.0,256.0,1.0,7.0,518.0,512.0,16727.0,49152.0,0,0.940625,32.0,16.0,6400000.0,0.9409246575342465
1.0,256.0,1.0,1.0,1.0,1.0,35.0,32.0,0,0.5015625,8192.0,0.25,6400000.0,0.5273919092465753
256.0,256.0,1.0,7.0,518.0,512.0,16727.0,49152.0,0,0.940625,4.0,32.0,6400000.0,0.9409246575342465
256.0,256.0,4.0,31.0,3046.0,3034.0,99887.0,452672.0,0,0.9828125,0.03125,0.5,6400000.0,0.9820037304305285
1.0,256.0,1.0,1.0,1.0,1.0,35.0,32.0,0,0.5015625,32768.0,16.0,6400000.0,0.5273919092465753
256.0,256.0,1.0,6.0,517.0,512.0,16716.0,49152.0,0,0.940625,64.0,0.125,6400000.0,0.9409246575342465
256.0,256.0,2.0,8.0,997.0,990.0,32540.0,125632.0,0,0.94375,0.0,64.0,6400000.0,0.9358427103718199
1.0,256.0,1.0,1.0,1.0,1.0,35.0,32.0,0,0.5015625,32768.0,0.015625,6400000.0,0.5273919092465753
256.0,256.0,1.0,5.0,516.0,512.0,16704.0,49152.0,0,0.940625,64.0,128.0,6400000.0,0.9409246575342465
1.0,256.0,1.0,1.0,1.0,1.0,35.0,32.0,0,0.5015625,128.0,1024.0,6400000.0,0.5273919092465753
256.0,256.0,1.0,10.0,522.0,512.0,16793.0,49152.0,0,0.940625,8.0,0.25,6400000.0,0.9413160469667318
256.0,256.0,4.0,32.0,3053.0,3041.0,100097.0,453792.0,0,0.984375,0.0625,0.00390625,6400000.0,0.9816138698630137
256.0,256.0,1.0,9.0,521.0,512.0,16781.0,49152.0,0,0.940625,16.0,2.0,6400000.0,0.9409246575342465
256.0,256.0,1.0,10.0,522.0,512.0,16793.0,49152.0,0,0.940625,0.00195312,8.0,6400000.0,0.9413160469667318
1.0,256.0,2.0,1.0,1.0,1.0,39.0,32.0,0,0.5015625,2048.0,256.0,6400000.0,0.5273919092465753
1.0,256.0,1.0,1.0,1.0,1.0,35.0,32.0,0,0.5015625,32768.0,16384.0,6400000.0,0.5273919092465753
256.0,256.0,2.0,5.0,830.0,839.0,27105.0,101472.0,0,0.940625,16.0,256.0,6400000.0,0.9409246575342465
1.0,256.0,4.0,1.0,1.0,1.0,63.0,32.0,0,0.5015625,0.0078125,16384.0,6400000.0,0.5273919092465753
256.0,256.0,2.0,9.0,1022.0,1013.0,33342.0,129312.0,0,0.9484375,32.0,0.00195312,6400000.0,0.9612715569960862
256.0,256.0,2.0,9.0,1015.0,1006.0,33111.0,128192.0,0,0.9484375,8.0,32.0,6400000.0,0.9585318309686887
256.0,256.0,2.0,20.0,1036.0,1016.0,33568.0,129792.0,0,0.9609375,0.25,2.0,6400000.0,0.9632254464285713
1.0,256.0,2.0,1.0,1.0,1.0,39.0,32.0,0,0.5015625,64.0,16384.0,6400000.0,0.5273919092465753
256.0,256.0,1.0,5.0,516.0,512.0,16704.0,49152.0,0,0.940625,128.0,1.0,6400000.0,0.9409246575342465
1.0,256.0,2.0,1.0,1.0,1.0,39.0,32.0,0,0.5015625,4096.0,0.00195312,6400000.0,0.5273919092465753
1.0,256.0,2.0,1.0,1.0,1.0,39.0,32.0,0,0.5015625,4096.0,2.0,6400000.0,0.5273919092465753
256.0,256.0,2.0,21.0,1039.0,1018.0,33645.0,130112.0,0,0.9625,2.0,0.000976562,6400000.0,0.9651823935909981
256.0,256.0,2.0,12.0,1023.0,1011.0,33312.0,128992.0,0,0.953125,16.0,0.25,6400000.0,0.9593169031311156
256.0,256.0,2.0,25.0,1042.0,1017.0,33656.0,129952.0,0,0.9625,0.015625,1.0,6400000.0,0.9647910041585126
1.0,256.0,2.0,1.0,1.0,1.0,39.0,32.0,0,0.5015625,32.0,2048.0,6400000.0,0.5273919092465753
1.0,256.0,4.0,1.0,1.0,1.0,63.0,32.0,0,0.5015625,0.0625,8192.0,6400000.0,0.5273919092465753
256.0,256.0,1.0,14.0,526.0,512.0,16837.0,49152.0,0,0.94375,0.015625,0.00390625,6400000.0,0.9424894508317024
1.0,256.0,2.0,1.0,1.0,1.0,39.0,32.0,0,0.5015625,4096.0,2048.0,6400000.0,0.5273919092465753
256.0,256.0,1.0,5.0,516.0,512.0,16704.0,49152.0,0,0.940625,256.0,8.0,6400000.0,0.9409246575342465
256.0,256.0,2.0,12.0,1019.0,1007.0,33180.0,128352.0,0,0.953125,0.5,16.0,6400000.0,0.9608824608610569
1.0,256.0,4.0,1.0,1.0,1.0,63.0,32.0,0,0.5015625,0.03125,1024.0,6400000.0,0.5273919092465753
256.0,256.0,2.0,9.0,1022.0,1013.0,33342.0,129312.0,0,0.9484375,32.0,2.0,6400000.0,0.9604887781311154
1.0,256.0,2.0,1.0,1.0,1.0,39.0,32.0,0,0.5015625,8192.0,16.0,6400000.0,0.5273919092465753
1.0,256.0,1.0,1.0,1.0,1.0,35.0,32.0,0,0.5015625,0.03125,32768.0,6400000.0,0.5273919092465753
256.0,256.0,2.0,28.0,1049.0,1021.0,33821.0,130592.0,0,0.9625,0.5,0.015625,6400000.0,0.9640089897260273
1.0,256.0,2.0,1.0,1.0,1.0,39.0,32.0,0,0.5015625,8192.0,0.015625,6400000.0,0.5273919092465753
256.0,256.0,4.0,32.0,3029.0,3017.0,99305.0,449952.0,0,0.9796875,0.125,0.015625,6400000.0,0.9820044948630138
256.0,256.0,4.0,16.0,3035.0,3031.0,99832.0,452192.0,0,0.9765625,0.125,16.0,6400000.0,0.9659674657534246
256.0,256.0,1.0,14.0,526.0,512.0,16837.0,49152.0,0,0.94375,0.00390625,0.0625,6400000.0,0.9424894508317024
256.0,256.0,1.0,14.0,526.0,512.0,16837.0,49152.0,0,0.94375,0.125,0.00195312,6400000.0,0.9424894508317024
256.0,256.0,2.0,29.0,1050.0,1021.0,33832.0,130592.0,0,0.9609375,0.0,0.0625,6400000.0,0.9640089897260274
256.0,256.0,2.0,30.0,1051.0,1021.0,33843.0,130592.0,0,0.95625,0.015625,0.00195312,6400000.0,0.9643996147260273
256.0,256.0,2.0,29.0,1050.0,1021.0,33832.0,130592.0,0,0.95625,0.000976562,0.000976562,6400000.0,0.9647902397260273
1.0,256.0,2.0,1.0,1.0,1.0,39.0,32.0,0,0.5015625,8192.0,16384.0,6400000.0,0.5273919092465753
1.0,256.0,1.0,1.0,1.0,1.0,35.0,32.0,0,0.5015625,0.015625,4096.0,6400000.0,0.5273919092465753
1.0,256.0,1.0,1.0,1.0,1.0,35.0,32.0,0,0.5015625,0.0078125,512.0,6400000.0,0.5273919092465753
256.0,256.0,2.0,29.0,1050.0,1021.0,33832.0,130592.0,0,0.9609375,0.00390625,0.03125,6400000.0,0.9643996147260273
1.0,256.0,2.0,1.0,1.0,1.0,39.0,32.0,0,0.5015625,16384.0,128.0,6400000.0,0.5273919092465753
256.0,256.0,1.0,6.0,517.0,512.0,16716.0,49152.0,0,0.940625,0.00390625,64.0,6400000.0,0.9409246575342465
256.0,256.0,2.0,28.0,1049.0,1021.0,33821.0,130592.0,0,0.9578125,0.000976562,0.5,6400000.0,0.9636168358610566
1.0,256.0,2.0,1.0,1.0,1.0,39.0,32.0,0,0.5015625,32768.0,0.000976562,6400000.0,0.5273919092465753
1.0,256.0,2.0,1.0,1.0,1.0,39.0,32.0,0,0.5015625,0.5,32768.0,6400000.0,0.5273919092465753
1.0,256.0,2.0,1.0,1.0,1.0,39.0,32.0,0,0.5015625,16384.0,0.125,6400000.0,0.5273919092465753
1.0,256.0,2.0,1.0,1.0,1.0,39.0,32.0,0,0.5015625,4.0,8192.0,6400000.0,0.5273919092465753
256.0,256.0,2.0,17.0,1031.0,1014.0,33466.0,129472.0,0,0.9609375,0.00195312,4.0,6400000.0,0.9667471868884541
1.0,256.0,2.0,1.0,1.0,1.0,39.0,32.0,0,0.5015625,32768.0,1.0,6400000.0,0.5273919092465753
256.0,256.0,2.0,29.0,1050.0,1021.0,33832.0,130592.0,0,0.9609375,0.03125,0.0078125,6400000.0,0.9643996147260273
256.0,256.0,1.0,12.0,524.0,512.0,16815.0,49152.0,0,0.94375,0.0078125,0.5,6400000.0,0.9424894508317024
1.0,256.0,4.0,1.0,1.0,1.0,63.0,32.0,0,0.5015625,0.125,16384.0,6400000.0,0.5273919092465753
256.0,256.0,2.0,24.0,1040.0,1016.0,33612.0,129792.0,0,0.959375,1.0,0.125,6400000.0,0.9651823935909981
1.0,256.0,2.0,1.0,1.0,1.0,39.0,32.0,0,0.5015625,32768.0,1024.0,6400000.0,0.5273919092465753
256.0,256.0,2.0,8.0,1010.0,1002.0,32968.0,127552.0,0,0.9625,64.0,0.015625,6400000.0,0.949531402886497
256.0,256.0,2.0,6.0,952.0,947.0,31099.0,118752.0,0,0.940625,1.0,128.0,6400000.0,0.9409246575342465
256.0,256.0,2.0,6.0,950.0,945.0,31033.0,118432.0,0,0.940625,128.0,0.125,6400000.0,0.9409246575342465
256.0,256.0,2.0,5.0,830.0,840.0,27106.0,101632.0,0,0.940625,256.0,0.000976562,6400000.0,0.9409246575342465
256.0,256.0,1.0,14.0,526.0,512.0,16837.0,49152.0,0,0.94375,0.03125,0.03125,6400000.0,0.9424894508317024
256.0,256.0,2.0,9.0,1017.0,1008.0,33177.0,128512.0,0,0.9484375,0.00390625,32.0,6400000.0,0.9589247492661448
1.0,256.0,1.0,1.0,1.0,1.0,35.0,32.0,0,0.5015625,0.25,16384.0,6400000.0,0.5273919092465753
256.0,256.0,1.0,12.0,524.0,512.0,16815.0,49152.0,0,0.94375,1.0,0.000976562,6400000.0,0.9424894508317024
256.0,256.0,2.0,8.0,997.0,990.0,32540.0,125632.0,0,0.94375,0.0625,64.0,6400000.0,0.9358427103718199
1.0,256.0,2.0,1.0,1.0,1.0,39.0,32.0,0,0.5015625,2.0,1024.0,6400000.0,0.5273919092465753
256.0,256.0,2.0,8.0,973.0,965.0,31747.0,121632.0,0,0.959375,64.0,16.0,6400000.0,0.9385763209393344
256.0,256.0,2.0,28.0,1049.0,1021.0,33821.0,130592.0,0,0.9578125,0.25,0.00390625,6400000.0,0.9640082252935421
1.0,256.0,2.0,1.0,1.0,1.0,39.0,32.0,0,0.5015625,0.125,512.0,6400000.0,0.5273919092465753
1.0,256.0,1.0,1.0,1.0,1.0,35.0,32.0,0,0.5015625,32.0,32768.0,6400000.0,0.5273919092465753
256.0,256.0,1.0,10.0,522.0,512.0,16793.0,49152.0,0,0.940625,8.0,0.0,6400000.0,0.9413160469667318
256.0,256.0,1.0,11.0,523.0,512.0,16804.0,49152.0,0,0.94375,0.015625,4.0,6400000.0,0.9424894508317024
256.0,256.0,4.0,5.0,1378.0,1409.0,45371.0,192672.0,0,0.940625,0.00195312,256.0,6400000.0,0.9409246575342465
256.0,256.0,1.0,11.0,523.0,512.0,16804.0,49152.0,0,0.94375,2.0,0.0078125,6400000.0,0.9424894508317024
1.0,256.0,2.0,1.0,1.0,1.0,39.0,32.0,0,0.5015625,0.25,4096.0,6400000.0,0.5273919092465753
256.0,256.0,2.0,15.0,1034.0,1019.0,33609.0,130272.0,0,0.9671875,0.03125,8.0,6400000.0,0.9655737830234834
1.0,256.0,2.0,1.0,1.0,1.0,39.0,32.0,0,0.5015625,512.0,0.0078125,6400000.0,0.5273919092465753
1.0,256.0,2.0,1.0,1.0,1.0,39.0,32.0,0,0.5015625,512.0,8.0,6400000.0,0.5273919092465753
256.0,256.0,2.0,5.0,830.0,840.0,27106.0,101632.0,0,0.940625,0.0078125,256.0,6400000.0,0.9409246575342465
256.0,256.0,1.0,13.0,525.0,512.0,16826.0,49152.0,0,0.94375,0.0625,0.25,6400000.0,0.9424894508317024
256.0,256.0,1.0,13.0,525.0,512.0,16826.0,49152.0,0,0.94375,0.25,0.015625,6400000.0,0.9424894508317024
256.0,256.0,2.0,12.0,1022.0,1010.0,33279.0,128832.0,0,0.953125,16.0,0.0,6400000.0,0.9608816964285716
256.0,256.0,2.0,20.0,1033.0,1013.0,33469.0,129312.0,0,0.9625,2.0,1.0,6400000.0,0.9647910041585126
1.0,256.0,2.0,1.0,1.0,1.0,39.0,32.0,0,0.5015625,1024.0,0.0625,6400000.0,0.5273919092465753
256.0,256.0,1.0,5.0,516.0,512.0,16704.0,49152.0,0,0.940625,0.0625,256.0,6400000.0,0.9409246575342465
1.0,256.0,1.0,1.0,1.0,1.0,35.0,32.0,0,0.5015625,512.0,128.0,6400000.0,0.5273919092465753
1.0,256.0,2.0,1.0,1.0,1.0,39.0,32.0,0,0.5015625,0.00195312,8192.0,6400000.0,0.5273919092465753
256.0,256.0,1.0,9.0,521.0,512.0,16781.0,49152.0,0,0.940625,16.0,0.00390625,6400000.0,0.9401418786692759
1.0,256.0,2.0,1.0,1.0,1.0,39.0,32.0,0,0.5015625,512.0,8192.0,6400000.0,0.5273919092465753
256.0,256.0,1.0,8.0,519.0,512.0,16769.0,49152.0,0,0.940625,0.03125,32.0,6400000.0,0.9409246575342465
256.0,256.0,4.0,11.0,2727.0,2725.0,89775.0,403232.0,0,0.96875,0.000976562,32.0,6400000.0,0.965575311888454
1.0,256.0,2.0,1.0,1.0,1.0,39.0,32.0,0,0.5015625,256.0,1024.0,6400000.0,0.5273919092465753
1.0,256.0,1.0,1.0,1.0,1.0,35.0,32.0,0,0.5015625,1024.0,0.000976562,6400000.0,0.5273919092465753
1.0,256.0,1.0,1.0,1.0,1.0,35.0,32.0,0,0.5015625,0.125,2048.0,6400000.0,0.5273919092465753
1.0,256.0,1.0,1.0,1.0,1.0,35.0,32.0,0,0.5015625,16.0,4096.0,6400000.0,0.5273919092465753
1.0,256.0,1.0,1.0,1.0,1.0,35.0,32.0,0,0.5015625,1024.0,1.0,6400000.0,0.5273919092465753
1.0,256.0,1.0,1.0,1.0,1.0,35.0,32.0,0,0.5015625,2048.0,0.0078125,6400000.0,0.5273919092465753
1.0,256.0,4.0,1.0,1.0,1.0,63.0,32.0,0,0.5015625,0.0,8192.0,6400000.0,0.5273919092465753
1.0,256.0,1.0,1.0,1.0,1.0,35.0,32.0,0,0.5015625,2048.0,8.0,6400000.0,0.5273919092465753
256.0,256.0,2.0,18.0,1033.0,1015.0,33513.0,129632.0,0,0.9609375,4.0,0.0078125,6400000.0,0.9651816291585128
1.0,256.0,1.0,1.0,1.0,1.0,35.0,32.0,0,0.5015625,2.0,8192.0,6400000.0,0.5273919092465753
1.0,256.0,2.0,1.0,1.0,1.0,39.0,32.0,0,0.5015625,1024.0,64.0,6400000.0,0.5273919092465753
256.0,256.0,4.0,6.0,1623.0,1624.0,53420.0,227072.0,0,0.940625,0.25,128.0,6400000.0,0.9409246575342465
1.0,256.0,2.0,1.0,1.0,1.0,39.0,32.0,0,0.5015625,2048.0,0.0,6400000.0,0.5273919092465753
256.0,256.0,1.0,5.0,516.0,512.0,16704.0,49152.0,0,0.940625,128.0,0.00195312,6400000.0,0.9409246575342465
256.0,256.0,2.0,28.0,1049.0,1021.0,33821.0,130592.0,0,0.9609375,0.0625,0.0625,6400000.0,0.9647902397260273
1.0,256.0,1.0,1.0,1.0,1.0,35.0,32.0,0,0.5015625,512.0,0.125,6400000.0,0.5273919092465753
256.0,256.0,2.0,5.0,830.0,840.0,27106.0,101632.0,0,0.940625,128.0,128.0,6400000.0,0.9409246575342465
1.0,256.0,1.0,1.0,1.0,1.0,35.0,32.0,0,0.5015625,4096.0,0.0625,6400000.0,0.5273919092465753
1.0,256.0,1.0,1.0,1.0,1.0,35.0,32.0,0,0.5015625,1024.0,1024.0,6400000.0,0.5273919092465753
1.0,256.0,4.0,1.0,1.0,1.0,63.0,32.0,0,0.5015625,0.5,1024.0,6400000.0,0.5273919092465753
256.0,256.0,2.0,30.0,1051.0,1021.0,33843.0,130592.0,0,0.95625,0.0078125,0.0,6400000.0,0.9647902397260273
1.0,256.0,1.0,1.0,1.0,1.0,35.0,32.0,0,0.5015625,4096.0,64.0,6400000.0,0.5273919092465753
256.0,256.0,1.0,9.0,520.0,512.0,16780.0,49152.0,0,0.940625,0.25,16.0,6400000.0,0.9401418786692759
1.0,256.0,1.0,1.0,1.0,1.0,35.0,32.0,0,0.5015625,8192.0,0.0,6400000.0,0.5273919092465753
1.0,256.0,1.0,1.0,1.0,1.0,35.0,32.0,0,0.5015625,256.0,16384.0,6400000.0,0.5273919092465753
256.0,256.0,1.0,12.0,524.0,512.0,16815.0,49152.0,0,0.94375,0.5,0.125,6400000.0,0.9424894508317024
256.0,256.0,1.0,11.0,523.0,512.0,16804.0,49152.0,0,0.94375,0.125,2.0,6400000.0,0.9424894508317024
1.0,256.0,1.0,1.0,1.0,1.0,35.0,32.0,0,0.5015625,1.0,1024.0,6400000.0,0.5273919092465753
1.0,256.0,2.0,1.0,1.0,1.0,39.0,32.0,0,0.5015625,0.03125,16384.0,6400000.0,0.5273919092465753
1.0,256.0,1.0,1.0,1.0,1.0,35.0,32.0,0,0.5015625,2048.0,8192.0,6400000.0,0.5273919092465753
1.0,256.0,1.0,1.0,1.0,1.0,35.0,32.0,0,0.5015625,16384.0,0.00390625,6400000.0,0.5273919092465753
256.0,256.0,2.0,5.0,830.0,840.0,27106.0,101632.0,0,0.940625,256.0,1.0,6400000.0,0.9409246575342465
256.0,256.0,1.0,8.0,520.0,512.0,16770.0,49152.0,0,0.940625,32.0,0.03125,6400000.0,0.9409246575342465
1.0,256.0,4.0,1.0,1.0,1.0,63.0,32.0,0,0.5015625,0.00390625,4096.0,6400000.0,0.5273919092465753
1.0,256.0,1.0,1.0,1.0,1.0,35.0,32.0,0,0.5015625,8192.0,512.0,6400000.0,0.5273919092465753
1.0,256.0,2.0,1.0,1.0,1.0,39.0,32.0,0,0.5015625,0.000976562,1024.0,6400000.0,0.5273919092465753
256.0,256.0,4.0,23.0,3073.0,3064.0,100949.0,457472.0,0,0.984375,0.0,4.0,6400000.0,0.9800475477005872
256.0,256.0,4.0,32.0,3026.0,3013.0,99205.0,449312.0,0,0.9796875,0.25,0.125,6400000.0,0.9812224804305284
1.0,256.0,2.0,1.0,1.0,1.0,39.0,32.0,0,0.5015625,2048.0,0.5,6400000.0,0.5273919092465753
256.0,256.0,1.0,5.0,516.0,512.0,16704.0,49152.0,0,0.940625,256.0,0.015625,6400000.0,0.9409246575342465
256.0,256.0,1.0,11.0,523.0,512.0,16804.0,49152.0,0,0.94375,4.0,0.0625,6400000.0,0.9424894508317024
1.0,256.0,1.0,1.0,1.0,1.0,35.0,32.0,0,0.5015625,16384.0,4.0,6400000.0,0.5273919092465753
256.0,256.0,1.0,11.0,523.0,512.0,16804.0,49152.0,0,0.94375,1.0,1.0,6400000.0,0.9424894508317024
256.0,256.0,1.0,5.0,516.0,512.0,16704.0,49152.0,0,0.940625,0.5,128.0,6400000.0,0.9409246575342465
256.0,256.0,2.0,28.0,1049.0,1021.0,33821.0,130592.0,0,0.9578125,0.0078125,0.25,6400000.0,0.9636168358610566
1.0,256.0,1.0,1.0,1.0,1.0,35.0,32.0,0,0.5015625,8192.0,0.5,6400000.0,0.5273919092465753
1.0,256.0,1.0,1.0,1.0,1.0,35.0,32.0,0,0.5015625,16384.0,4096.0,6400000.0,0.5273919092465753
1.0,256.0,1.0,1.0,1.0,1.0,35.0,32.0,0,0.5015625,8.0,512.0,6400000.0,0.5273919092465753
256.0,256.0,2.0,30.0,1051.0,1021.0,33843.0,130592.0,0,0.95625,0.00195312,0.0078125,6400000.0,0.9651816291585126
1.0,256.0,2.0,1.0,1.0,1.0,39.0,32.0,0,0.5015625,0.015625,2048.0,6400000.0,0.5273919092465753
256.0,256.0,4.0,32.0,3055.0,3043.0,100163.0,454112.0,0,0.98125,0.03125,0.000976562,6400000.0,0.9820052592954991
256.0,256.0,4.0,6.0,1616.0,1618.0,53190.0,226112.0,0,0.940625,0.015625,128.0,6400000.0,0.9409246575342465
256.0,256.0,2.0,28.0,1049.0,1021.0,33821.0,130592.0,0,0.9609375,0.125,0.000976562,6400000.0,0.9647910041585126
1.0,256.0,1.0,1.0,1.0,1.0,35.0,32.0,0,0.5015625,32768.0,32.0,6400000.0,0.5273919092465753
256.0,256.0,2.0,17.0,1031.0,1014.0,33466.0,129472.0,0,0.95625,8.0,0.0625,6400000.0,0.964010518590998
1.0,256.0,1.0,1.0,1.0,1.0,35.0,32.0,0,0.5015625,32768.0,0.03125,6400000.0,0.5273919092465753
256.0,256.0,2.0,28.0,1049.0,1021.0,33821.0,130592.0,0,0.9578125,0.125,0.5,6400000.0,0.964789475293542
256.0,256.0,1.0,6.0,517.0,512.0,16716.0,49152.0,0,0.940625,32.0,32.0,6400000.0,0.9409246575342465
256.0,256.0,2.0,14.0,1027.0,1013.0,33400.0,129312.0,0,0.95625,4.0,8.0,6400000.0,0.9624457252935421
256.0,256.0,4.0,32.0,3058.0,3047.0,100263.0,454752.0,0,0.9828125,0.0,0.00390625,6400000.0,0.9827872737279844
256.0,256.0,1.0,9.0,521.0,512.0,16781.0,49152.0,0,0.940625,2.0,8.0,6400000.0,0.9413160469667318
256.0,256.0,1.0,6.0,517.0,512.0,16716.0,49152.0,0,0.940625,64.0,0.25,6400000.0,0.9409246575342465
1.0,256.0,1.0,1.0,1.0,1.0,35.0,32.0,0,0.5015625,128.0,2048.0,6400000.0,0.5273919092465753
256.0,256.0,1.0,6.0,517.0,512.0,16716.0,49152.0,0,0.940625,4.0,64.0,6400000.0,0.9409246575342465
1.0,256.0,2.0,1.0,1.0,1.0,39.0,32.0,0,0.5015625,2048.0,512.0,6400000.0,0.5273919092465753
1.0,256.0,1.0,1.0,1.0,1.0,35.0,32.0,0,0.5015625,32768.0,32768.0,6400000.0,0.5273919092465753
1.0,256.0,4.0,1.0,1.0,1.0,63.0,32.0,0,0.5015625,1.0,8192.0,6400000.0,0.5273919092465753
256.0,256.0,4.0,29.0,2997.0,2982.0,98309.0,444352.0,0,0.9796875,0.5,1.0,6400000.0,0.9823951198630138
256.0,256.0,4.0,32.0,3026.0,3013.0,99205.0,449312.0,0,0.9828125,0.5,0.000976562,6400000.0,0.982786509295499
1.0,256.0,2.0,1.0,1.0,1.0,39.0,32.0,0,0.5015625,64.0,32768.0,6400000.0,0.5273919092465753
256.0,256.0,4.0,13.0,2944.0,2943.0,96895.0,438112.0,0,0.9703125,0.0078125,16.0,6400000.0,0.9659674657534246
1.0,256.0,4.0,1.0,1.0,1.0,63.0,32.0,0,0.5015625,0.0078125,32768.0,6400000.0,0.5273919092465753
256.0,256.0,2.0,6.0,950.0,945.0,31033.0,118432.0,0,0.940625,0.0,128.0,6400000.0,0.9409246575342465
1.0,256.0,2.0,1.0,1.0,1.0,39.0,32.0,0,0.5015625,4096.0,0.00390625,6400000.0,0.5273919092465753
256.0,256.0,1.0,5.0,516.0,512.0,16704.0,49152.0,0,0.940625,64.0,256.0,6400000.0,0.9104108060176124
1.0,256.0,2.0,1.0,1.0,1.0,39.0,32.0,0,0.5015625,16.0,512.0,6400000.0,0.5273919092465753
256.0,256.0,1.0,9.0,521.0,512.0,16781.0,49152.0,0,0.940625,8.0,0.5,6400000.0,0.9413160469667318
256.0,256.0,1.0,9.0,521.0,512.0,16781.0,49152.0,0,0.940625,16.0,4.0,6400000.0,0.9409246575342465
1.0,256.0,2.0,1.0,1.0,1.0,39.0,32.0,0,0.5015625,32.0,4096.0,6400000.0,0.5273919092465753
1.0,256.0,2.0,1.0,1.0,1.0,39.0,32.0,0,0.5015625,4096.0,4.0,6400000.0,0.5273919092465753
256.0,256.0,4.0,32.0,3058.0,3047.0,100263.0,454752.0,0,0.9828125,0.00195312,0.0,6400000.0,0.982786509295499
256.0,256.0,1.0,5.0,516.0,512.0,16704.0,49152.0,0,0.940625,128.0,2.0,6400000.0,0.9409246575342465
1.0,256.0,4.0,1.0,1.0,1.0,63.0,32.0,0,0.5015625,0.0625,16384.0,6400000.0,0.5273919092465753
256.0,256.0,4.0,19.0,3007.0,3008.0,98865.0,448512.0,0,0.9796875,1.0,8.0,6400000.0,0.9780906005381607
1.0,256.0,2.0,1.0,1.0,1.0,39.0,32.0,0,0.5015625,4096.0,4096.0,6400000.0,0.5273919092465753
256.0,256.0,2.0,9.0,1022.0,1013.0,33342.0,129312.0,0,0.9484375,32.0,0.00390625,6400000.0,0.9612715569960862
256.0,256.0,4.0,30.0,2953.0,2943.0,96841.0,438112.0,0,0.9828125,1.0,0.0078125,6400000.0,0.9831786631604696
256.0,256.0,2.0,8.0,1004.0,997.0,32771.0,126752.0,0,0.94375,8.0,64.0,6400000.0,0.9354513209393345
1.0,256.0,4.0,1.0,1.0,1.0,63.0,32.0,0,0.5015625,0.03125,2048.0,6400000.0,0.5273919092465753
256.0,256.0,1.0,5.0,516.0,512.0,16704.0,49152.0,0,0.940625,256.0,16.0,6400000.0,0.9409246575342465
256.0,256.0,2.0,17.0,1031.0,1014.0,33466.0,129472.0,0,0.9609375,0.25,4.0,6400000.0,0.9655730185909981
1.0,256.0,2.0,1.0,1.0,1.0,39.0,32.0,0,0.5015625,8192.0,32.0,6400000.0,0.5273919092465753
1.0,256.0,2.0,1.0,1.0,1.0,39.0,32.0,0,0.5015625,8192.0,0.03125,6400000.0,0.5273919092465753
256.0,256.0,2.0,12.0,1019.0,1007.0,33180.0,128352.0,0,0.9609375,16.0,0.5,6400000.0,0.9600996819960862
256.0,256.0,4.0,32.0,3055.0,3043.0,100163.0,454112.0,0,0.98125,0.000976562,0.03125,6400000.0,0.9820052592954991
256.0,256.0,4.0,27.0,3044.0,3031.0,99904.0,452192.0,0,0.9859375,0.00390625,2.0,6400000.0,0.9823951198630138
256.0,256.0,2.0,21.0,1039.0,1018.0,33645.0,130112.0,0,0.9625,2.0,0.00195312,6400000.0,0.9651823935909981
256.0,256.0,4.0,21.0,3031.0,3024.0,99607.0,451072.0,0,0.9765625,0.0625,8.0,6400000.0,0.9780906005381604
256.0,256.0,2.0,9.0,1017.0,1008.0,33177.0,128512.0,0,0.9484375,0.5,32.0,6400000.0,0.9593146098336595
256.0,256.0,2.0,21.0,1035.0,1014.0,33513.0,129472.0,0,0.959375,0.015625,2.0,6400000.0,0.9667479513209394
256.0,256.0,4.0,32.0,3041.0,3028.0,99700.0,451712.0,0,0.984375,0.00195312,0.25,6400000.0,0.9823958842954991
1.0,256.0,4.0,1.0,1.0,1.0,63.0,32.0,0,0.5015625,4.0,512.0,6400000.0,0.5273919092465753
1.0,256.0,2.0,1.0,1.0,1.0,39.0,32.0,0,0.5015625,8192.0,32768.0,6400000.0,0.5273919092465753
1.0,256.0,2.0,1.0,1.0,1.0,39.0,32.0,0,0.5015625,32768.0,2.0,6400000.0,0.5273919092465753
256.0,256.0,2.0,9.0,1021.0,1012.0,33309.0,129152.0,0,0.9484375,32.0,4.0,6400000.0,0.9604887781311154
1.0,256.0,2.0,1.0,1.0,1.0,39.0,32.0,0,0.5015625,16384.0,256.0,6400000.0,0.5273919092465753
1.0,256.0,2.0,1.0,1.0,1.0,39.0,32.0,0,0.5015625,32768.0,0.00195312,6400000.0,0.5273919092465753
1.0,256.0,4.0,1.0,1.0,1.0,63.0,32.0,0,0.5015625,8.0,4096.0,6400000.0,0.5273919092465753
1.0,256.0,2.0,1.0,1.0,1.0,39.0,32.0,0,0.5015625,4.0,16384.0,6400000.0,0.5273919092465753
256.0,256.0,4.0,32.0,3058.0,3047.0,100263.0,454752.0,0,0.9828125,0.00390625,0.00195312,6400000.0,0.9812224804305284
256.0,256.0,4.0,27.0,3024.0,3011.0,99244.0,448992.0,0,0.984375,2.0,0.0625,6400000.0,0.9823958842954991
1.0,256.0,2.0,1.0,1.0,1.0,39.0,32.0,0,0.5015625,16384.0,0.25,6400000.0,0.5273919092465753
256.0,256.0,4.0,8.0,2394.0,2415.0,78857.0,353632.0,0,0.95,2.0,64.0,6400000.0,0.9377981286692758
256.0,256.0,2.0,29.0,1050.0,1021.0,33832.0,130592.0,0,0.9578125,0.5,0.03125,6400000.0,0.9651816291585128
1.0,256.0,4.0,1.0,1.0,1.0,63.0,32.0,0,0.5015625,0.125,32768.0,6400000.0,0.5273919092465753
1.0,256.0,2.0,1.0,1.0,1.0,39.0,32.0,0,0.5015625,32768.0,2048.0,6400000.0,0.5273919092465753
256.0,256.0,2.0,28.0,1049.0,1021.0,33821.0,130592.0,0,0.9609375,0.0,0.125,6400000.0,0.9647902397260273
256.0,256.0,2.0,30.0,1051.0,1021.0,33843.0,130592.0,0,0.95625,0.015625,0.00390625,6400000.0,0.9643996147260273
256.0,256.0,2.0,25.0,1041.0,1016.0,33623.0,129792.0,0,0.9625,1.0,0.0,6400000.0,0.9659644080234834
256.0,256.0,2.0,29.0,1050.0,1021.0,33832.0,130592.0,0,0.95625,0.000976562,0.00195312,6400000.0,0.9647902397260273
256.0,256.0,2.0,29.0,1050.0,1021.0,33832.0,130592.0,0,0.959375,0.00390625,0.0625,6400000.0,0.9640089897260274
256.0,256.0,4.0,32.0,3029.0,3017.0,99305.0,449952.0,0,0.9796875,0.015625,0.125,6400000.0,0.9820044948630138
256.0,256.0,4.0,20.0,2903.0,2897.0,95405.0,430752.0,0,0.978125,4.0,0.0,6400000.0,0.9800475477005872
1.0,256.0,4.0,1.0,1.0,1.0,63.0,32.0,0,0.5015625,16.0,32768.0,6400000.0,0.5273919092465753
256.0,256.0,4.0,22.0,3021.0,3013.0,99255.0,449312.0,0,0.9828125,4.0,0.5,6400000.0,0.9804381727005872
256.0,256.0,2.0,25.0,1043.0,1018.0,33689.0,130112.0,0,0.9625,0.000976562,1.0,6400000.0,0.9643996147260274
256.0,256.0,4.0,32.0,3048.0,3036.0,99932.0,452992.0,0,0.9796875,0.0078125,0.015625,6400000.0,0.9827872737279844
1.0,256.0,2.0,1.0,1.0,1.0,39.0,32.0,0,0.5015625,2.0,2048.0,6400000.0,0.5273919092465753
256.0,256.0,4.0,30.0,3006.0,2996.0,98590.0,446592.0,0,0.98125,0.03125,1.0,6400000.0,0.9835700525929549
256.0,256.0,2.0,16.0,1032.0,1016.0,33521.0,129792.0,0,0.959375,0.00195312,8.0,6400000.0,0.9659651724559687
256.0,256.0,2.0,5.0,830.0,840.0,27106.0,101632.0,0,0.940625,256.0,0.00195312,6400000.0,0.9409246575342465
256.0,256.0,2.0,6.0,950.0,945.0,31033.0,118432.0,0,0.940625,128.0,0.25,6400000.0,0.9409246575342465
256.0,256.0,2.0,5.0,830.0,840.0,27106.0,101632.0,0,0.940625,1.0,256.0,6400000.0,0.9409246575342465
256.0,256.0,2.0,29.0,1050.0,1021.0,33832.0,130592.0,0,0.9609375,0.03125,0.015625,6400000.0,0.9655730185909981
256.0,256.0,2.0,8.0,1010.0,1002.0,32968.0,127552.0,0,0.9625,64.0,0.03125,6400000.0,0.949531402886497
256.0,256.0,4.0,19.0,2971.0,2966.0,97671.0,441792.0,0,0.9796875,8.0,0.00390625,6400000.0,0.9776992111056751
1.0,256.0,2.0,1.0,1.0,1.0,39.0,32.0,0,0.5015625,0.125,1024.0,6400000.0,0.5273919092465753
256.0,256.0,4.0,16.0,3027.0,3021.0,99566.0,450592.0,0,0.9765625,16.0,0.03125,6400000.0,0.9671416340508806
256.0,256.0,2.0,24.0,1039.0,1015.0,33579.0,129632.0,0,0.959375,1.0,0.25,6400000.0,0.9659651724559687
256.0,256.0,4.0,32.0,3046.0,3034.0,99866.0,452672.0,0,0.9796875,0.0625,0.0078125,6400000.0,0.9820052592954991
256.0,256.0,4.0,17.0,2979.0,2976.0,97964.0,443392.0,0,0.9765625,8.0,4.0,6400000.0,0.9694869129158512
256.0,256.0,2.0,8.0,997.0,990.0,32540.0,125632.0,0,0.94375,0.00390625,64.0,6400000.0,0.9358427103718199
256.0,256.0,2.0,6.0,950.0,945.0,31033.0,118432.0,0,0.940625,0.0625,128.0,6400000.0,0.9409246575342465
1.0,256.0,4.0,1.0,1.0,1.0,63.0,32.0,0,0.5015625,64.0,2048.0,6400000.0,0.5273919092465753
1.0,256.0,2.0,1.0,1.0,1.0,39.0,32.0,0,0.5015625,0.25,8192.0,6400000.0,0.5273919092465753
256.0,256.0,4.0,5.0,1369.0,1399.0,45073.0,191072.0,0,0.940625,32.0,256.0,6400000.0,0.9409246575342465
256.0,256.0,4.0,11.0,2727.0,2725.0,89775.0,403232.0,0,0.96875,0.125,32.0,6400000.0,0.965575311888454
1.0,256.0,2.0,1.0,1.0,1.0,39.0,32.0,0,0.5015625,512.0,16.0,6400000.0,0.5273919092465753
256.0,256.0,2.0,6.0,975.0,970.0,31858.0,122432.0,0,0.940625,64.0,32.0,6400000.0,0.9409246575342465
1.0,256.0,2.0,1.0,1.0,1.0,39.0,32.0,0,0.5015625,1024.0,0.125,6400000.0,0.5273919092465753
1.0,256.0,4.0,1.0,1.0,1.0,63.0,32.0,0,0.5015625,0.00195312,512.0,6400000.0,0.5273919092465753
256.0,256.0,4.0,9.0,2859.0,2858.0,94159.0,424512.0,0,0.9625,16.0,32.0,6400000.0,0.9585318309686887
1.0,256.0,2.0,1.0,1.0,1.0,39.0,32.0,0,0.5015625,512.0,0.015625,6400000.0,0.5273919092465753
1.0,256.0,4.0,1.0,1.0,1.0,63.0,32.0,0,0.5015625,128.0,16384.0,6400000.0,0.5273919092465753
256.0,256.0,4.0,11.0,2821.0,2819.0,92877.0,418272.0,0,0.96875,32.0,0.25,6400000.0,0.9659667013209393
256.0,256.0,4.0,6.0,1616.0,1618.0,53190.0,226112.0,0,0.940625,128.0,0.015625,6400000.0,0.9409246575342465
1.0,256.0,2.0,1.0,1.0,1.0,39.0,32.0,0,0.5015625,512.0,16384.0,6400000.0,0.5273919092465753
1.0,256.0,2.0,1.0,1.0,1.0,39.0,32.0,0,0.5015625,0.00195312,16384.0,6400000.0,0.5273919092465753
256.0,256.0,4.0,5.0,1378.0,1409.0,45371.0,192672.0,0,0.940625,128.0,16.0,6400000.0,0.9409246575342465
1.0,256.0,2.0,1.0,1.0,1.0,39.0,32.0,0,0.5015625,256.0,2048.0,6400000.0,0.5273919092465753
1.0,256.0,2.0,1.0,1.0,1.0,39.0,32.0,0,0.5015625,0.0078125,512.0,6400000.0,0.5273919092465753
1.0,256.0,4.0,1.0,1.0,1.0,63.0,32.0,0,0.5015625,512.0,1024.0,6400000.0,0.5273919092465753
1.0,256.0,4.0,1.0,1.0,1.0,63.0,32.0,0,0.5015625,512.0,0.000976562,6400000.0,0.5273919092465753
256.0,256.0,2.0,28.0,1049.0,1021.0,33821.0,130592.0,0,0.9578125,0.25,0.0078125,6400000.0,0.9643996147260274
1.0,256.0,4.0,1.0,1.0,1.0,63.0,32.0,0,0.5015625,512.0,1.0,6400000.0,0.5273919092465753
1.0,256.0,4.0,1.0,1.0,1.0,63.0,32.0,0,0.5015625,2048.0,0.0625,6400000.0,0.5273919092465753
1.0,256.0,4.0,1.0,1.0,1.0,63.0,32.0,0,0.5015625,1024.0,0.0078125,6400000.0,0.5273919092465753
1.0,256.0,4.0,1.0,1.0,1.0,63.0,32.0,0,0.5015625,1024.0,8.0,6400000.0,0.5273919092465753
1.0,256.0,4.0,1.0,1.0,1.0,63.0,32.0,0,0.5015625,1024.0,8192.0,6400000.0,0.5273919092465753
1.0,256.0,2.0,1.0,1.0,1.0,39.0,32.0,0,0.5015625,2048.0,0.000976562,6400000.0,0.5273919092465753
1.0,256.0,4.0,1.0,1.0,1.0,63.0,32.0,0,0.5015625,0.0,16384.0,6400000.0,0.5273919092465753
1.0,256.0,2.0,1.0,1.0,1.0,39.0,32.0,0,0.5015625,1024.0,128.0,6400000.0,0.5273919092465753
1.0,256.0,4.0,1.0,1.0,1.0,63.0,32.0,0,0.5015625,2048.0,64.0,6400000.0,0.5273919092465753
256.0,256.0,2.0,12.0,1023.0,1011.0,33312.0,128992.0,0,0.953125,0.03125,16.0,6400000.0,0.9597075281311156
1.0,256.0,4.0,1.0,1.0,1.0,63.0,32.0,0,0.5015625,4096.0,0.0,6400000.0,0.5273919092465753
256.0,256.0,4.0,5.0,1378.0,1409.0,45371.0,192672.0,0,0.940625,256.0,0.125,6400000.0,0.9409246575342465
256.0,256.0,2.0,12.0,1022.0,1010.0,33279.0,128832.0,0,0.953125,16.0,0.000976562,6400000.0,0.9608816964285716
1.0,256.0,4.0,1.0,1.0,1.0,63.0,32.0,0,0.5015625,0.5,2048.0,6400000.0,0.5273919092465753
1.0,256.0,4.0,1.0,1.0,1.0,63.0,32.0,0,0.5015625,8192.0,0.00390625,6400000.0,0.5273919092465753
1.0,256.0,4.0,1.0,1.0,1.0,63.0,32.0,0,0.5015625,4096.0,512.0,6400000.0,0.5273919092465753
1.0,256.0,4.0,1.0,1.0,1.0,63.0,32.0,0,0.5015625,8192.0,4.0,6400000.0,0.5273919092465753
1.0,256.0,4.0,1.0,1.0,1.0,63.0,32.0,0,0.5015625,4096.0,0.5,6400000.0,0.5273919092465753
1.0,256.0,4.0,1.0,1.0,1.0,63.0,32.0,0,0.5015625,8192.0,4096.0,6400000.0,0.5273919092465753
256.0,256.0,2.0,18.0,1033.0,1015.0,33513.0,129632.0,0,0.9609375,2.0,2.0,6400000.0,0.9655730185909981
256.0,256.0,4.0,8.0,2595.0,2604.0,85478.0,383872.0,0,0.959375,64.0,2.0,6400000.0,0.9518782106164382
256.0,256.0,4.0,8.0,2592.0,2601.0,85379.0,383392.0,0,0.959375,64.0,0.00195312,6400000.0,0.9628371147260273
1.0,256.0,4.0,1.0,1.0,1.0,63.0,32.0,0,0.5015625,16384.0,0.03125,6400000.0,0.5273919092465753
1.0,256.0,4.0,1.0,1.0,1.0,63.0,32.0,0,0.5015625,16384.0,32.0,6400000.0,0.5273919092465753
1.0,256.0,2.0,1.0,1.0,1.0,39.0,32.0,0,0.5015625,0.03125,32768.0,6400000.0,0.5273919092465753
256.0,256.0,4.0,5.0,981.0,1080.0,32322.0,140032.0,0,0.940625,256.0,128.0,6400000.0,0.9033657962328766
1.0,256.0,4.0,1.0,1.0,1.0,63.0,32.0,0,0.5015625,16384.0,32768.0,6400000.0,0.5273919092465753
1.0,256.0,4.0,1.0,1.0,1.0,63.0,32.0,0,0.5015625,32768.0,0.25,6400000.0,0.5273919092465753
1.0,256.0,2.0,1.0,1.0,1.0,39.0,32.0,0,0.5015625,0.000976562,2048.0,6400000.0,0.5273919092465753
1.0,256.0,4.0,1.0,1.0,1.0,63.0,32.0,0,0.5015625,32768.0,256.0,6400000.0,0.5273919092465753
256.0,256.0,4.0,32.0,3005.0,2993.0,98513.0,446112.0,0,0.98125,0.125,0.03125,6400000.0,0.9827872737279844
1.0,256.0,4.0,1.0,1.0,1.0,63.0,32.0,0,0.5015625,0.00390625,8192.0,6400000.0,0.5273919092465753
256.0,256.0,2.0,17.0,1032.0,1015.0,33499.0,129632.0,0,0.9609375,4.0,0.015625,6400000.0,0.9651816291585128
256.0,256.0,4.0,5.0,1378.0,1409.0,45371.0,192672.0,0,0.940625,0.25,256.0,6400000.0,0.9409246575342465
1.0,256.0,2.0,1.0,1.0,1.0,39.0,32.0,0,0.5015625,2048.0,1.0,6400000.0,0.5273919092465753
1.0,256.0,8.0,1.0,1.0,1.0,543.0,32.0,0,0.5015625,0.0,2048.0,6400000.0,0.5273919092465753
256.0,256.0,2.0,5.0,827.0,844.0,27014.0,102272.0,0,0.940625,128.0,256.0,6400000.0,0.9033657962328766
1.0,256.0,8.0,1.0,1.0,1.0,543.0,32.0,0,0.5015625,0.0,32768.0,6400000.0,0.5273919092465753
256.0,256.0,2.0,29.0,1050.0,1021.0,33832.0,130592.0,0,0.9578125,0.0625,0.125,6400000.0,0.9643996147260273
256.0,256.0,2.0,5.0,830.0,840.0,27106.0,101632.0,0,0.940625,256.0,2.0,6400000.0,0.9409246575342465
1.0,256.0,8.0,1.0,1.0,1.0,543.0,32.0,0,0.5015625,0.000976562,4096.0,6400000.0,0.5273919092465753
1.0,256.0,2.0,1.0,1.0,1.0,39.0,32.0,0,0.5015625,0.015625,4096.0,6400000.0,0.5273919092465753
256.0,256.0,2.0,30.0,1051.0,1021.0,33843.0,130592.0,0,0.95625,0.0078125,0.000976562,6400000.0,0.9651816291585126
1.0,256.0,2.0,1.0,1.0,1.0,39.0,32.0,0,0.5015625,2048.0,1024.0,6400000.0,0.5273919092465753
1.0,256.0,8.0,1.0,1.0,1.0,543.0,32.0,0,0.5015625,0.00195312,512.0,6400000.0,0.5273919092465753
256.0,256.0,8.0,5.0,1378.0,1409.0,48491.0,192672.0,0,0.940625,0.000976562,256.0,6400000.0,0.9409246575342465
256.0,256.0,8.0,8.0,2787.0,2800.0,95449.0,415232.0,0,0.959375,0.0,128.0,6400000.0,0.9409246575342465
1.0,256.0,4.0,1.0,1.0,1.0,63.0,32.0,0,0.5015625,1.0,16384.0,6400000.0,0.5273919092465753
1.0,256.0,8.0,1.0,1.0,1.0,543.0,32.0,0,0.5015625,0.00195312,8192.0,6400000.0,0.5273919092465753
1.0,256.0,2.0,1.0,1.0,1.0,39.0,32.0,0,0.5015625,4096.0,0.0078125,6400000.0,0.5273919092465753
1.0,256.0,2.0,1.0,1.0,1.0,39.0,32.0,0,0.5015625,16.0,1024.0,6400000.0,0.5273919092465753
256.0,256.0,2.0,6.0,950.0,945.0,31033.0,118432.0,0,0.940625,128.0,0.0,6400000.0,0.9409246575342465
256.0,256.0,2.0,28.0,1049.0,1021.0,33821.0,130592.0,0,0.9578125,0.0078125,0.5,6400000.0,0.9636168358610566
256.0,256.0,4.0,5.0,1378.0,1409.0,45371.0,192672.0,0,0.940625,0.015625,256.0,6400000.0,0.9409246575342465
256.0,256.0,2.0,15.0,1030.0,1015.0,33477.0,129632.0,0,0.959375,8.0,0.125,6400000.0,0.964010518590998
256.0,256.0,2.0,30.0,1051.0,1021.0,33843.0,130592.0,0,0.95625,0.00195312,0.015625,6400000.0,0.9643996147260273
256.0,256.0,4.0,8.0,2325.0,2339.0,76573.0,341472.0,0,0.95,0.000976562,64.0,6400000.0,0.9393636863992171
256.0,256.0,2.0,12.0,1025.0,1013.0,33378.0,129312.0,0,0.953125,4.0,16.0,6400000.0,0.9604903069960861
1.0,256.0,2.0,1.0,1.0,1.0,39.0,32.0,0,0.5015625,32.0,8192.0,6400000.0,0.5273919092465753
1.0,256.0,4.0,1.0,1.0,1.0,63.0,32.0,0,0.5015625,0.0625,32768.0,6400000.0,0.5273919092465753
1.0,256.0,2.0,1.0,1.0,1.0,39.0,32.0,0,0.5015625,4096.0,8.0,6400000.0,0.5273919092465753
256.0,256.0,2.0,28.0,1049.0,1021.0,33821.0,130592.0,0,0.9609375,0.125,0.00195312,6400000.0,0.9647910041585126
256.0,256.0,2.0,24.0,1040.0,1016.0,33612.0,129792.0,0,0.9546875,0.125,1.0,6400000.0,0.966356561888454
1.0,256.0,2.0,1.0,1.0,1.0,39.0,32.0,0,0.5015625,4096.0,8192.0,6400000.0,0.5273919092465753
256.0,256.0,2.0,5.0,830.0,840.0,27106.0,101632.0,0,0.940625,0.0,256.0,6400000.0,0.9409246575342465
1.0,256.0,4.0,1.0,1.0,1.0,63.0,32.0,0,0.5015625,0.03125,4096.0,6400000.0,0.5273919092465753
1.0,256.0,2.0,1.0,1.0,1.0,39.0,32.0,0,0.5015625,8192.0,0.0625,6400000.0,0.5273919092465753
1.0,256.0,8.0,1.0,1.0,1.0,543.0,32.0,0,0.5015625,0.00390625,1024.0,6400000.0,0.5273919092465753
1.0,256.0,2.0,1.0,1.0,1.0,39.0,32.0,0,0.5015625,8192.0,64.0,6400000.0,0.5273919092465753
256.0,256.0,2.0,5.0,835.0,841.0,27267.0,101792.0,0,0.940625,8.0,128.0,6400000.0,0.9409246575342465
256.0,256.0,2.0,9.0,1022.0,1013.0,33342.0,129312.0,0,0.9484375,32.0,0.0078125,6400000.0,0.9612715569960862
1.0,256.0,4.0,1.0,1.0,1.0,63.0,32.0,0,0.5015625,4.0,1024.0,6400000.0,0.5273919092465753
256.0,256.0,4.0,19.0,2964.0,2959.0,97440.0,440672.0,0,0.9796875,0.0,8.0,6400000.0,0.9780906005381604
1.0,256.0,2.0,1.0,1.0,1.0,39.0,32.0,0,0.5015625,32768.0,4.0,6400000.0,0.5273919092465753
1.0,256.0,2.0,1.0,1.0,1.0,39.0,32.0,0,0.5015625,16384.0,0.0,6400000.0,0.5273919092465753
1.0,256.0,2.0,1.0,1.0,1.0,39.0,32.0,0,0.5015625,4.0,32768.0,6400000.0,0.5273919092465753
1.0,256.0,4.0,1.0,1.0,1.0,63.0,32.0,0,0.5015625,8.0,8192.0,6400000.0,0.5273919092465753
1.0,256.0,2.0,1.0,1.0,1.0,39.0,32.0,0,0.5015625,16384.0,512.0,6400000.0,0.5273919092465753
1.0,256.0,2.0,1.0,1.0,1.0,39.0,32.0,0,0.5015625,32768.0,0.00390625,6400000.0,0.5273919092465753
256.0,256.0,2.0,12.0,1021.0,1009.0,33246.0,128672.0,0,0.9609375,16.0,1.0,6400000.0,0.9604903069960862
1.0,256.0,2.0,1.0,1.0,1.0,39.0,32.0,0,0.5015625,16384.0,0.5,6400000.0,0.5273919092465753
256.0,256.0,2.0,15.0,1032.0,1017.0,33543.0,129952.0,0,0.959375,0.25,8.0,6400000.0,0.96753073018591
256.0,256.0,4.0,11.0,2727.0,2725.0,89775.0,403232.0,0,0.96875,0.0078125,32.0,6400000.0,0.965575311888454
256.0,256.0,8.0,13.0,5803.0,5905.0,195441.0,912032.0,0,0.9703125,0.00195312,32.0,6400000.0,0.9659667013209393
1.0,256.0,2.0,1.0,1.0,1.0,39.0,32.0,0,0.5015625,32768.0,4096.0,6400000.0,0.5273919092465753
256.0,256.0,2.0,8.0,997.0,990.0,32540.0,125632.0,0,0.94375,0.5,64.0,6400000.0,0.9358427103718199
256.0,256.0,4.0,32.0,3048.0,3036.0,99932.0,452992.0,0,0.9796875,0.015625,0.0,6400000.0,0.9827872737279844
256.0,256.0,2.0,17.0,1031.0,1014.0,33466.0,129472.0,0,0.9609375,0.015625,4.0,6400000.0,0.9663557974559687
256.0,256.0,4.0,32.0,3026.0,3013.0,99205.0,449312.0,0,0.9828125,0.25,0.25,6400000.0,0.982786509295499
256.0,256.0,2.0,21.0,1039.0,1018.0,33645.0,130112.0,0,0.9625,2.0,0.00390625,6400000.0,0.9636168358610566
256.0,256.0,2.0,9.0,1020.0,1011.0,33276.0,128992.0,0,0.9484375,32.0,8.0,6400000.0,0.9585318309686887
1.0,256.0,2.0,1.0,1.0,1.0,39.0,32.0,0,0.5015625,2.0,4096.0,6400000.0,0.5273919092465753
256.0,256.0,2.0,27.0,1048.0,1021.0,33810.0,130592.0,0,0.9578125,0.5,0.0625,6400000.0,0.964008225293542
256.0,256.0,4.0,13.0,2966.0,2963.0,97619.0,441312.0,0,0.9703125,1.0,16.0,6400000.0,0.9659667013209393
1.0,256.0,2.0,1.0,1.0,1.0,39.0,32.0,0,0.5015625,0.125,2048.0,6400000.0,0.5273919092465753
256.0,256.0,4.0,27.0,3048.0,3035.0,100036.0,452832.0,0,0.9859375,0.5,2.0,6400000.0,0.9812224804305284
256.0,256.0,4.0,32.0,3055.0,3043.0,100163.0,454112.0,0,0.98125,0.03125,0.00195312,6400000.0,0.9820052592954991
1.0,256.0,8.0,1.0,1.0,1.0,543.0,32.0,0,0.5015625,0.00390625,16384.0,6400000.0,0.5273919092465753
1.0,256.0,4.0,1.0,1.0,1.0,63.0,32.0,0,0.5015625,64.0,4096.0,6400000.0,0.5273919092465753
1.0,256.0,2.0,1.0,1.0,1.0,39.0,32.0,0,0.5015625,0.25,16384.0,6400000.0,0.5273919092465753
1.0,256.0,2.0,1.0,1.0,1.0,39.0,32.0,0,0.5015625,1.0,512.0,6400000.0,0.5273919092465753
256.0,256.0,8.0,16.0,6509.0,6604.0,218669.0,1023872.0,0,0.9765625,0.000976562,16.0,6400000.0,0.9710524706457926
256.0,256.0,4.0,32.0,3058.0,3047.0,100263.0,454752.0,0,0.9828125,0.0,0.0078125,6400000.0,0.9820052592954991
256.0,256.0,2.0,29.0,1050.0,1021.0,33832.0,130592.0,0,0.9609375,0.015625,0.0078125,6400000.0,0.9643996147260273
256.0,256.0,2.0,28.0,1049.0,1021.0,33821.0,130592.0,0,0.9578125,0.0,0.25,6400000.0,0.9632254464285713
1.0,256.0,2.0,1.0,1.0,1.0,39.0,32.0,0,0.5015625,1024.0,0.25,6400000.0,0.5273919092465753
256.0,256.0,2.0,5.0,830.0,840.0,27106.0,101632.0,0,0.940625,256.0,0.00390625,6400000.0,0.9409246575342465
1.0,256.0,2.0,1.0,1.0,1.0,39.0,32.0,0,0.5015625,512.0,32.0,6400000.0,0.5273919092465753
256.0,256.0,2.0,12.0,1023.0,1011.0,33312.0,128992.0,0,0.953125,0.00195312,16.0,6400000.0,0.9597075281311156
256.0,256.0,4.0,32.0,3026.0,3013.0,99205.0,449312.0,0,0.9828125,0.5,0.00195312,6400000.0,0.982786509295499
256.0,256.0,2.0,25.0,1041.0,1016.0,33623.0,129792.0,0,0.9625,1.0,0.000976562,6400000.0,0.9655737830234834
256.0,256.0,2.0,8.0,1010.0,1002.0,32968.0,127552.0,0,0.9625,64.0,0.0625,6400000.0,0.949531402886497
1.0,256.0,4.0,1.0,1.0,1.0,63.0,32.0,0,0.5015625,128.0,32768.0,6400000.0,0.5273919092465753
256.0,256.0,8.0,23.0,7366.0,7518.0,247115.0,1170112.0,0,0.984375,0.0,8.0,6400000.0,0.9788733794031312
256.0,256.0,2.0,6.0,954.0,949.0,31165.0,119072.0,0,0.940625,128.0,0.5,6400000.0,0.9409246575342465
256.0,256.0,2.0,21.0,1035.0,1014.0,33513.0,129472.0,0,0.959375,0.000976562,2.0,6400000.0,0.9636168358610566
1.0,256.0,4.0,1.0,1.0,1.0,63.0,32.0,0,0.5015625,32.0,512.0,6400000.0,0.5273919092465753
256.0,256.0,2.0,28.0,1049.0,1021.0,33821.0,130592.0,0,0.9609375,0.00390625,0.125,6400000.0,0.9643996147260273
1.0,256.0,2.0,1.0,1.0,1.0,39.0,32.0,0,0.5015625,512.0,32768.0,6400000.0,0.5273919092465753
1.0,256.0,4.0,1.0,1.0,1.0,63.0,32.0,0,0.5015625,0.00195312,1024.0,6400000.0,0.5273919092465753
1.0,256.0,2.0,1.0,1.0,1.0,39.0,32.0,0,0.5015625,512.0,0.03125,6400000.0,0.5273919092465753
256.0,256.0,4.0,16.0,3035.0,3031.0,99832.0,452192.0,0,0.9765625,0.0625,16.0,6400000.0,0.9659674657534246
256.0,256.0,2.0,5.0,830.0,840.0,27106.0,101632.0,0,0.940625,0.0625,256.0,6400000.0,0.9409246575342465
256.0,256.0,2.0,6.0,950.0,945.0,31033.0,118432.0,0,0.940625,0.00390625,128.0,6400000.0,0.9409246575342465
256.0,256.0,8.0,8.0,3261.0,3292.0,111078.0,493952.0,0,0.959375,0.00390625,64.0,6400000.0,0.9499312010763209
1.0,256.0,2.0,1.0,1.0,1.0,39.0,32.0,0,0.5015625,256.0,4096.0,6400000.0,0.5273919092465753
1.0,256.0,4.0,1.0,1.0,1.0,63.0,32.0,0,0.5015625,0.0,32768.0,6400000.0,0.5273919092465753
1.0,256.0,2.0,1.0,1.0,1.0,39.0,32.0,0,0.5015625,0.0078125,1024.0,6400000.0,0.5273919092465753
256.0,256.0,4.0,7.0,2274.0,2289.0,74912.0,333472.0,0,0.946875,2.0,128.0,6400000.0,0.9409246575342465
1.0,256.0,4.0,1.0,1.0,1.0,63.0,32.0,0,0.5015625,2048.0,0.125,6400000.0,0.5273919092465753
1.0,256.0,4.0,1.0,1.0,1.0,63.0,32.0,0,0.5015625,512.0,0.00195312,6400000.0,0.5273919092465753
1.0,256.0,4.0,1.0,1.0,1.0,63.0,32.0,0,0.5015625,1024.0,16.0,6400000.0,0.5273919092465753
1.0,256.0,4.0,1.0,1.0,1.0,63.0,32.0,0,0.5015625,512.0,2048.0,6400000.0,0.5273919092465753
1.0,256.0,4.0,1.0,1.0,1.0,63.0,32.0,0,0.5015625,1024.0,0.015625,6400000.0,0.5273919092465753
1.0,256.0,2.0,1.0,1.0,1.0,39.0,32.0,0,0.5015625,2048.0,0.00195312,6400000.0,0.5273919092465753
256.0,256.0,4.0,23.0,3073.0,3064.0,100949.0,457472.0,0,0.984375,0.00390625,4.0,6400000.0,0.9800475477005872
1.0,256.0,4.0,1.0,1.0,1.0,63.0,32.0,0,0.5015625,512.0,2.0,6400000.0,0.5273919092465753
256.0,256.0,2.0,29.0,1050.0,1021.0,33832.0,130592.0,0,0.9609375,0.03125,0.03125,6400000.0,0.9640089897260274
256.0,256.0,4.0,30.0,2953.0,2943.0,96841.0,438112.0,0,0.9828125,1.0,0.015625,6400000.0,0.9831786631604696
256.0,256.0,4.0,11.0,2821.0,2819.0,92877.0,418272.0,0,0.96875,32.0,0.0,6400000.0,0.9659667013209393
1.0,256.0,4.0,1.0,1.0,1.0,63.0,32.0,0,0.5015625,1024.0,16384.0,6400000.0,0.5273919092465753
256.0,256.0,2.0,6.0,950.0,945.0,31033.0,118432.0,0,0.940625,64.0,64.0,6400000.0,0.9409246575342465
256.0,256.0,2.0,24.0,1038.0,1014.0,33546.0,129472.0,0,0.9625,1.0,0.5,6400000.0,0.9663557974559687
1.0,256.0,4.0,1.0,1.0,1.0,63.0,32.0,0,0.5015625,2048.0,128.0,6400000.0,0.5273919092465753
1.0,256.0,2.0,1.0,1.0,1.0,39.0,32.0,0,0.5015625,1024.0,256.0,6400000.0,0.5273919092465753
256.0,256.0,4.0,32.0,3058.0,3047.0,100263.0,454752.0,0,0.9828125,0.00195312,0.000976562,6400000.0,0.9823951198630138
1.0,256.0,4.0,1.0,1.0,1.0,63.0,32.0,0,0.5015625,0.5,4096.0,6400000.0,0.5273919092465753
1.0,256.0,4.0,1.0,1.0,1.0,63.0,32.0,0,0.5015625,4096.0,0.000976562,6400000.0,0.5273919092465753
1.0,256.0,4.0,1.0,1.0,1.0,63.0,32.0,0,0.5015625,8192.0,0.0078125,6400000.0,0.5273919092465753
1.0,256.0,4.0,1.0,1.0,1.0,63.0,32.0,0,0.5015625,8192.0,8192.0,6400000.0,0.5273919092465753
1.0,256.0,4.0,1.0,1.0,1.0,63.0,32.0,0,0.5015625,8192.0,8.0,6400000.0,0.5273919092465753
1.0,256.0,4.0,1.0,1.0,1.0,63.0,32.0,0,0.5015625,4096.0,1.0,6400000.0,0.5273919092465753
256.0,256.0,4.0,32.0,3041.0,3028.0,99700.0,451712.0,0,0.984375,0.25,0.0,6400000.0,0.9823958842954991
1.0,256.0,4.0,1.0,1.0,1.0,63.0,32.0,0,0.5015625,16384.0,0.0625,6400000.0,0.5273919092465753
1.0,256.0,4.0,1.0,1.0,1.0,63.0,32.0,0,0.5015625,4096.0,1024.0,6400000.0,0.5273919092465753
256.0,256.0,4.0,5.0,1378.0,1409.0,45371.0,192672.0,0,0.940625,128.0,32.0,6400000.0,0.9409246575342465
1.0,256.0,4.0,1.0,1.0,1.0,63.0,32.0,0,0.5015625,32768.0,0.0,6400000.0,0.5273919092465753
256.0,256.0,4.0,6.0,1616.0,1618.0,53190.0,226112.0,0,0.940625,128.0,0.03125,6400000.0,0.9409246575342465
1.0,256.0,4.0,1.0,1.0,1.0,63.0,32.0,0,0.5015625,16384.0,64.0,6400000.0,0.5273919092465753
1.0,256.0,4.0,1.0,1.0,1.0,63.0,32.0,0,0.5015625,0.00390625,16384.0,6400000.0,0.5273919092465753
1.0,256.0,4.0,1.0,1.0,1.0,63.0,32.0,0,0.5015625,32768.0,0.5,6400000.0,0.5273919092465753
1.0,256.0,4.0,1.0,1.0,1.0,63.0,32.0,0,0.5015625,32768.0,512.0,6400000.0,0.5273919092465753
256.0,256.0,2.0,9.0,1017.0,1008.0,33177.0,128512.0,0,0.9484375,0.03125,32.0,6400000.0,0.9589247492661448
1.0,256.0,2.0,1.0,1.0,1.0,39.0,32.0,0,0.5015625,2048.0,2.0,6400000.0,0.5273919092465753
256.0,256.0,4.0,32.0,3053.0,3041.0,100097.0,453792.0,0,0.984375,0.000976562,0.0625,6400000.0,0.9816138698630137
256.0,256.0,2.0,12.0,1023.0,1011.0,33312.0,128992.0,0,0.9609375,16.0,0.00195312,6400000.0,0.9608816964285716
1.0,256.0,8.0,1.0,1.0,1.0,543.0,32.0,0,0.5015625,0.0,4096.0,6400000.0,0.5273919092465753
256.0,256.0,4.0,27.0,3080.0,3067.0,101092.0,457952.0,0,0.9859375,2.0,0.125,6400000.0,0.9816131054305284
256.0,256.0,2.0,30.0,1051.0,1021.0,33843.0,130592.0,0,0.9578125,0.25,0.015625,6400000.0,0.9647910041585128
256.0,256.0,8.0,32.0,7636.0,7726.0,255774.0,1203392.0,0,0.9890625,0.0,0.00195312,6400000.0,0.9820029659980432
256.0,256.0,4.0,5.0,1378.0,1409.0,45371.0,192672.0,0,0.940625,256.0,0.25,6400000.0,0.9409246575342465
256.0,256.0,4.0,32.0,3026.0,3013.0,99205.0,449312.0,0,0.9828125,0.00195312,0.5,6400000.0,0.982786509295499
256.0,256.0,8.0,31.0,7636.0,7733.0,255802.0,1204512.0,0,0.9875,0.0,0.5,6400000.0,0.9827857448630137
1.0,256.0,2.0,1.0,1.0,1.0,39.0,32.0,0,0.5015625,128.0,512.0,6400000.0,0.5273919092465753
256.0,256.0,2.0,29.0,1050.0,1021.0,33832.0,130592.0,0,0.9609375,0.0625,0.0,6400000.0,0.9644003791585127
256.0,256.0,2.0,17.0,1033.0,1016.0,33532.0,129792.0,0,0.9671875,2.0,4.0,6400000.0,0.9659667013209393
1.0,256.0,4.0,1.0,1.0,1.0,63.0,32.0,0,0.5015625,256.0,256.0,6400000.0,0.5273919092465753
1.0,256.0,4.0,1.0,1.0,1.0,63.0,32.0,0,0.5015625,0.25,512.0,6400000.0,0.5273919092465753
1.0,256.0,8.0,1.0,1.0,1.0,543.0,32.0,0,0.5015625,0.000976562,8192.0,6400000.0,0.5273919092465753
1.0,256.0,2.0,1.0,1.0,1.0,39.0,32.0,0,0.5015625,0.015625,8192.0,6400000.0,0.5273919092465753
256.0,256.0,4.0,13.0,2898.0,2895.0,95375.0,430432.0,0,0.9703125,16.0,0.0625,6400000.0,0.9671416340508806
256.0,256.0,8.0,32.0,7628.0,7718.0,255510.0,1202112.0,0,0.9875,0.0,0.03125,6400000.0,0.9827857448630137
256.0,256.0,8.0,30.0,7713.0,7813.0,258367.0,1217312.0,0,0.9890625,0.000976562,1.0,6400000.0,0.9812201871330725
256.0,256.0,4.0,20.0,2903.0,2897.0,95405.0,430752.0,0,0.978125,4.0,0.000976562,6400000.0,0.9800475477005872
256.0,256.0,8.0,32.0,7637.0,7727.0,255807.0,1203552.0,0,0.9890625,0.000976562,0.00390625,6400000.0,0.9820029659980432
256.0,256.0,8.0,32.0,7629.0,7722.0,255546.0,1202752.0,0,0.9890625,0.000976562,0.0625,6400000.0,0.9823943554305284
256.0,256.0,4.0,15.0,3007.0,3002.0,98928.0,447552.0,0,0.971875,8.0,8.0,6400000.0,0.9663588551859099
256.0,256.0,2.0,5.0,830.0,840.0,27106.0,101632.0,0,0.940625,256.0,4.0,6400000.0,0.9409246575342465
256.0,256.0,4.0,11.0,2701.0,2699.0,88917.0,399072.0,0,0.96875,32.0,0.5,6400000.0,0.9659667013209393
256.0,256.0,4.0,32.0,3058.0,3047.0,100263.0,454752.0,0,0.9828125,0.00390625,0.00390625,6400000.0,0.9820052592954991
256.0,256.0,4.0,21.0,2975.0,2968.0,97759.0,442112.0,0,0.9796875,4.0,1.0,6400000.0,0.980047547700587
256.0,256.0,8.0,29.0,7640.0,7768.0,256007.0,1210112.0,0,0.9890625,0.00195312,2.0,6400000.0,0.9796546294031311
1.0,256.0,2.0,1.0,1.0,1.0,39.0,32.0,0,0.5015625,2048.0,2048.0,6400000.0,0.5273919092465753
256.0,256.0,4.0,19.0,2971.0,2966.0,97671.0,441792.0,0,0.9796875,8.0,0.0078125,6400000.0,0.9776992111056751
1.0,256.0,4.0,1.0,1.0,1.0,63.0,32.0,0,0.5015625,1.0,32768.0,6400000.0,0.5273919092465753
1.0,256.0,8.0,1.0,1.0,1.0,543.0,32.0,0,0.5015625,0.00195312,1024.0,6400000.0,0.5273919092465753
256.0,256.0,2.0,17.0,1032.0,1015.0,33499.0,129632.0,0,0.9609375,4.0,0.03125,6400000.0,0.9655730185909981
256.0,256.0,8.0,32.0,7636.0,7726.0,255774.0,1203392.0,0,0.9890625,0.00195312,0.0,6400000.0,0.9820029659980432
256.0,256.0,8.0,32.0,7639.0,7729.0,255873.0,1203872.0,0,0.9875,0.00195312,0.0078125,6400000.0,0.983177134295499
1.0,256.0,8.0,1.0,1.0,1.0,543.0,32.0,0,0.5015625,0.00195312,16384.0,6400000.0,0.5273919092465753
256.0,256.0,4.0,8.0,2394.0,2415.0,78857.0,353632.0,0,0.95,0.125,64.0,6400000.0,0.9393636863992171
1.0,256.0,2.0,1.0,1.0,1.0,39.0,32.0,0,0.5015625,16.0,2048.0,6400000.0,0.5273919092465753
256.0,256.0,4.0,27.0,3024.0,3011.0,99244.0,448992.0,0,0.984375,0.03125,2.0,6400000.0,0.9835692881604696
1.0,256.0,2.0,1.0,1.0,1.0,39.0,32.0,0,0.5015625,4096.0,0.015625,6400000.0,0.5273919092465753
256.0,256.0,8.0,27.0,7649.0,7768.0,256337.0,1210112.0,0,0.9890625,0.00390625,4.0,6400000.0,0.980828797700587
256.0,256.0,8.0,31.0,7654.0,7753.0,256398.0,1207712.0,0,0.9875,0.00195312,0.125,6400000.0,0.9820029659980432
256.0,256.0,2.0,29.0,1050.0,1021.0,33832.0,130592.0,0,0.9578125,0.0625,0.25,6400000.0,0.9640082252935421
1.0,256.0,8.0,1.0,1.0,1.0,543.0,32.0,0,0.5015625,0.000976562,512.0,6400000.0,0.5273919092465753
256.0,256.0,4.0,8.0,2386.0,2419.0,78605.0,354272.0,0,0.95,16.0,64.0,6400000.0,0.9389677103718199
1.0,256.0,2.0,1.0,1.0,1.0,39.0,32.0,0,0.5015625,32.0,16384.0,6400000.0,0.5273919092465753
1.0,256.0,2.0,1.0,1.0,1.0,39.0,32.0,0,0.5015625,4096.0,16.0,6400000.0,0.5273919092465753
256.0,256.0,8.0,32.0,7637.0,7727.0,255807.0,1203552.0,0,0.9890625,0.00390625,0.000976562,6400000.0,0.9820029659980432
256.0,256.0,4.0,32.0,3042.0,3029.0,99733.0,451872.0,0,0.9828125,0.015625,0.25,6400000.0,0.9816131054305284
256.0,256.0,8.0,32.0,7641.0,7732.0,255940.0,1204352.0,0,0.9890625,0.00390625,0.015625,6400000.0,0.9827857448630137
256.0,256.0,4.0,32.0,3031.0,3019.0,99371.0,450272.0,0,0.9796875,0.0078125,0.03125,6400000.0,0.9820052592954991
1.0,256.0,4.0,1.0,1.0,1.0,63.0,32.0,0,0.5015625,0.015625,512.0,6400000.0,0.5273919092465753
1.0,256.0,2.0,1.0,1.0,1.0,39.0,32.0,0,0.5015625,4096.0,16384.0,6400000.0,0.5273919092465753
256.0,256.0,2.0,6.0,950.0,945.0,31033.0,118432.0,0,0.940625,128.0,0.000976562,6400000.0,0.9409246575342465
256.0,256.0,8.0,31.0,7609.0,7708.0,254913.0,1200512.0,0,0.9890625,0.00390625,0.25,6400000.0,0.9823943554305284
1.0,256.0,4.0,1.0,1.0,1.0,63.0,32.0,0,0.5015625,0.03125,8192.0,6400000.0,0.5273919092465753
256.0,256.0,8.0,5.0,1378.0,1409.0,48491.0,192672.0,0,0.940625,0.0,256.0,6400000.0,0.9409246575342465
1.0,256.0,2.0,1.0,1.0,1.0,39.0,32.0,0,0.5015625,8192.0,0.125,6400000.0,0.5273919092465753
256.0,256.0,2.0,16.0,1030.0,1014.0,33455.0,129472.0,0,0.95625,8.0,0.25,6400000.0,0.965575311888454
1.0,256.0,8.0,1.0,1.0,1.0,543.0,32.0,0,0.5015625,0.00390625,2048.0,6400000.0,0.5273919092465753
256.0,256.0,4.0,32.0,3030.0,3018.0,99338.0,450112.0,0,0.98125,0.0625,0.015625,6400000.0,0.9820052592954991
1.0,256.0,2.0,1.0,1.0,1.0,39.0,32.0,0,0.5015625,8192.0,128.0,6400000.0,0.5273919092465753
256.0,256.0,2.0,9.0,1015.0,1006.0,33111.0,128192.0,0,0.9625,4.0,32.0,6400000.0,0.9589247492661448
256.0,256.0,2.0,25.0,1043.0,1018.0,33689.0,130112.0,0,0.9625,0.0078125,1.0,6400000.0,0.9647910041585128
256.0,256.0,4.0,8.0,2574.0,2583.0,84785.0,380512.0,0,0.959375,64.0,4.0,6400000.0,0.9518782106164382
256.0,256.0,2.0,23.0,1038.0,1015.0,33568.0,129632.0,0,0.9609375,0.125,2.0,6400000.0,0.9671385763209394
256.0,256.0,2.0,28.0,1049.0,1021.0,33821.0,130592.0,0,0.9609375,0.125,0.00390625,6400000.0,0.9647910041585126
1.0,256.0,4.0,1.0,1.0,1.0,63.0,32.0,0,0.5015625,4.0,2048.0,6400000.0,0.5273919092465753
1.0,256.0,2.0,1.0,1.0,1.0,39.0,32.0,0,0.5015625,32768.0,0.0078125,6400000.0,0.5273919092465753
1.0,256.0,2.0,1.0,1.0,1.0,39.0,32.0,0,0.5015625,16384.0,0.000976562,6400000.0,0.5273919092465753
1.0,256.0,2.0,1.0,1.0,1.0,39.0,32.0,0,0.5015625,32768.0,8.0,6400000.0,0.5273919092465753
256.0,256.0,2.0,5.0,830.0,839.0,27105.0,101472.0,0,0.940625,8.0,256.0,6400000.0,0.9409246575342465
1.0,256.0,4.0,1.0,1.0,1.0,63.0,32.0,0,0.5015625,8.0,16384.0,6400000.0,0.5273919092465753
256.0,256.0,4.0,8.0,2592.0,2601.0,85379.0,383392.0,0,0.959375,64.0,0.00390625,6400000.0,0.9628371147260273
1.0,256.0,2.0,1.0,1.0,1.0,39.0,32.0,0,0.5015625,16384.0,1024.0,6400000.0,0.5273919092465753
256.0,256.0,8.0,8.0,2787.0,2800.0,95449.0,415232.0,0,0.959375,0.0078125,128.0,6400000.0,0.9409246575342465
1.0,256.0,2.0,1.0,1.0,1.0,39.0,32.0,0,0.5015625,16384.0,1.0,6400000.0,0.5273919092465753
1.0,256.0,2.0,1.0,1.0,1.0,39.0,32.0,0,0.5015625,32768.0,8192.0,6400000.0,0.5273919092465753
256.0,256.0,2.0,9.0,1022.0,1013.0,33342.0,129312.0,0,0.9484375,32.0,0.015625,6400000.0,0.9612715569960862
256.0,256.0,4.0,6.0,1616.0,1618.0,53190.0,226112.0,0,0.940625,0.000976562,128.0,6400000.0,0.9409246575342465
256.0,256.0,2.0,17.0,1031.0,1014.0,33466.0,129472.0,0,0.95625,8.0,0.0,6400000.0,0.9640105185909981
256.0,256.0,4.0,32.0,3043.0,3031.0,99767.0,452192.0,0,0.9828125,0.125,0.0625,6400000.0,0.982786509295499
256.0,256.0,2.0,12.0,1025.0,1013.0,33378.0,129312.0,0,0.953125,0.25,16.0,6400000.0,0.9597075281311156
256.0,256.0,2.0,12.0,1020.0,1008.0,33213.0,128512.0,0,0.953125,16.0,2.0,6400000.0,0.9600989175636009
256.0,256.0,4.0,32.0,3056.0,3044.0,100196.0,454272.0,0,0.9828125,0.125,0.0,6400000.0,0.9812224804305284
256.0,256.0,2.0,6.0,954.0,949.0,31165.0,119072.0,0,0.940625,0.5,128.0,6400000.0,0.9409246575342465
1.0,256.0,2.0,1.0,1.0,1.0,39.0,32.0,0,0.5015625,2.0,8192.0,6400000.0,0.5273919092465753
1.0,256.0,2.0,1.0,1.0,1.0,39.0,32.0,0,0.5015625,0.125,4096.0,6400000.0,0.5273919092465753
256.0,256.0,2.0,9.0,1017.0,1008.0,33177.0,128512.0,0,0.9484375,32.0,16.0,6400000.0,0.9593146098336593
1.0,256.0,2.0,1.0,1.0,1.0,39.0,32.0,0,0.5015625,0.25,32768.0,6400000.0,0.5273919092465753
1.0,256.0,8.0,1.0,1.0,1.0,543.0,32.0,0,0.5015625,0.00390625,32768.0,6400000.0,0.5273919092465753
1.0,256.0,4.0,1.0,1.0,1.0,63.0,32.0,0,0.5015625,64.0,8192.0,6400000.0,0.5273919092465753
256.0,256.0,2.0,15.0,1034.0,1019.0,33609.0,130272.0,0,0.9671875,0.015625,8.0,6400000.0,0.9659651724559687
256.0,256.0,2.0,21.0,1039.0,1018.0,33645.0,130112.0,0,0.9625,2.0,0.0078125,6400000.0,0.9636168358610566
1.0,256.0,2.0,1.0,1.0,1.0,39.0,32.0,0,0.5015625,1.0,1024.0,6400000.0,0.5273919092465753
1.0,256.0,2.0,1.0,1.0,1.0,39.0,32.0,0,0.5015625,1024.0,0.5,6400000.0,0.5273919092465753
1.0,256.0,2.0,1.0,1.0,1.0,39.0,32.0,0,0.5015625,512.0,64.0,6400000.0,0.5273919092465753
1.0,256.0,4.0,1.0,1.0,1.0,63.0,32.0,0,0.5015625,32.0,1024.0,6400000.0,0.5273919092465753
1.0,256.0,2.0,1.0,1.0,1.0,39.0,32.0,0,0.5015625,1024.0,0.0,6400000.0,0.5273919092465753
1.0,256.0,4.0,1.0,1.0,1.0,63.0,32.0,0,0.5015625,0.00195312,2048.0,6400000.0,0.5273919092465753
1.0,256.0,8.0,1.0,1.0,1.0,543.0,32.0,0,0.5015625,0.0078125,32768.0,6400000.0,0.5273919092465753
1.0,256.0,2.0,1.0,1.0,1.0,39.0,32.0,0,0.5015625,512.0,0.0625,6400000.0,0.5273919092465753
1.0,256.0,2.0,1.0,1.0,1.0,39.0,32.0,0,0.5015625,2048.0,0.00390625,6400000.0,0.5273919092465753
1.0,256.0,8.0,1.0,1.0,1.0,543.0,32.0,0,0.5015625,0.0078125,2048.0,6400000.0,0.5273919092465753
1.0,256.0,2.0,1.0,1.0,1.0,39.0,32.0,0,0.5015625,256.0,8192.0,6400000.0,0.5273919092465753
256.0,256.0,2.0,28.0,1049.0,1021.0,33821.0,130592.0,0,0.9578125,0.5,0.125,6400000.0,0.9643996147260274
1.0,256.0,4.0,1.0,1.0,1.0,63.0,32.0,0,0.5015625,1024.0,0.03125,6400000.0,0.5273919092465753
1.0,256.0,4.0,1.0,1.0,1.0,63.0,32.0,0,0.5015625,1024.0,32.0,6400000.0,0.5273919092465753
1.0,256.0,4.0,1.0,1.0,1.0,63.0,32.0,0,0.5015625,1024.0,32768.0,6400000.0,0.5273919092465753
256.0,256.0,2.0,5.0,830.0,840.0,27106.0,101632.0,0,0.940625,256.0,0.0078125,6400000.0,0.9409246575342465
1.0,256.0,2.0,1.0,1.0,1.0,39.0,32.0,0,0.5015625,1024.0,512.0,6400000.0,0.5273919092465753
256.0,256.0,4.0,13.0,2944.0,2943.0,96895.0,438112.0,0,0.9703125,0.0,16.0,6400000.0,0.9659674657534246
256.0,256.0,4.0,5.0,1378.0,1409.0,45371.0,192672.0,0,0.940625,256.0,0.0,6400000.0,0.9409246575342465
1.0,256.0,4.0,1.0,1.0,1.0,63.0,32.0,0,0.5015625,512.0,4096.0,6400000.0,0.5273919092465753
1.0,256.0,2.0,1.0,1.0,1.0,39.0,32.0,0,0.5015625,0.0625,512.0,6400000.0,0.5273919092465753
1.0,256.0,4.0,1.0,1.0,1.0,63.0,32.0,0,0.5015625,512.0,4.0,6400000.0,0.5273919092465753
1.0,256.0,4.0,1.0,1.0,1.0,63.0,32.0,0,0.5015625,2048.0,0.25,6400000.0,0.5273919092465753
1.0,256.0,4.0,1.0,1.0,1.0,63.0,32.0,0,0.5015625,2048.0,256.0,6400000.0,0.5273919092465753
1.0,256.0,4.0,1.0,1.0,1.0,63.0,32.0,0,0.5015625,512.0,0.00390625,6400000.0,0.5273919092465753
1.0,256.0,4.0,1.0,1.0,1.0,63.0,32.0,0,0.5015625,4096.0,0.00195312,6400000.0,0.5273919092465753
256.0,256.0,2.0,6.0,952.0,947.0,31099.0,118752.0,0,0.940625,128.0,1.0,6400000.0,0.9409246575342465
1.0,256.0,4.0,1.0,1.0,1.0,63.0,32.0,0,0.5015625,0.5,8192.0,6400000.0,0.5273919092465753
1.0,256.0,4.0,1.0,1.0,1.0,63.0,32.0,0,0.5015625,8192.0,16.0,6400000.0,0.5273919092465753
1.0,256.0,4.0,1.0,1.0,1.0,63.0,32.0,0,0.5015625,8192.0,0.015625,6400000.0,0.5273919092465753
1.0,256.0,4.0,1.0,1.0,1.0,63.0,32.0,0,0.5015625,8192.0,16384.0,6400000.0,0.5273919092465753
256.0,256.0,2.0,8.0,1010.0,1002.0,32968.0,127552.0,0,0.9625,64.0,0.125,6400000.0,0.949531402886497
256.0,256.0,8.0,32.0,7639.0,7729.0,255873.0,1203872.0,0,0.9875,0.0078125,0.00195312,6400000.0,0.983177134295499
1.0,256.0,4.0,1.0,1.0,1.0,63.0,32.0,0,0.5015625,4096.0,2.0,6400000.0,0.5273919092465753
1.0,256.0,4.0,1.0,1.0,1.0,63.0,32.0,0,0.5015625,16384.0,0.125,6400000.0,0.5273919092465753
1.0,256.0,4.0,1.0,1.0,1.0,63.0,32.0,0,0.5015625,4096.0,2048.0,6400000.0,0.5273919092465753
256.0,256.0,8.0,5.0,1378.0,1409.0,48491.0,192672.0,0,0.940625,0.015625,256.0,6400000.0,0.9409246575342465
1.0,256.0,4.0,1.0,1.0,1.0,63.0,32.0,0,0.5015625,32768.0,0.000976562,6400000.0,0.5273919092465753
256.0,256.0,2.0,25.0,1041.0,1016.0,33623.0,129792.0,0,0.9625,1.0,0.00195312,6400000.0,0.9655737830234834
256.0,256.0,2.0,5.0,828.0,839.0,27041.0,101472.0,0,0.940625,64.0,128.0,6400000.0,0.9409246575342465
1.0,256.0,4.0,1.0,1.0,1.0,63.0,32.0,0,0.5015625,16384.0,128.0,6400000.0,0.5273919092465753
1.0,256.0,4.0,1.0,1.0,1.0,63.0,32.0,0,0.5015625,0.00390625,32768.0,6400000.0,0.5273919092465753
256.0,256.0,4.0,5.0,1378.0,1409.0,45371.0,192672.0,0,0.940625,2.0,256.0,6400000.0,0.9409246575342465
256.0,256.0,4.0,8.0,2325.0,2339.0,76573.0,341472.0,0,0.95,0.0078125,64.0,6400000.0,0.9393636863992171
1.0,256.0,4.0,1.0,1.0,1.0,63.0,32.0,0,0.5015625,32768.0,1024.0,6400000.0,0.5273919092465753
1.0,256.0,4.0,1.0,1.0,1.0,63.0,32.0,0,0.5015625,32768.0,1.0,6400000.0,0.5273919092465753
1.0,256.0,8.0,1.0,1.0,1.0,543.0,32.0,0,0.5015625,0.0,8192.0,6400000.0,0.5273919092465753
1.0,256.0,2.0,1.0,1.0,1.0,39.0,32.0,0,0.5015625,2048.0,4.0,6400000.0,0.5273919092465753
256.0,256.0,2.0,23.0,1036.0,1013.0,33502.0,129312.0,0,0.959375,1.0,1.0,6400000.0,0.9659651724559687
256.0,256.0,2.0,28.0,1049.0,1021.0,33821.0,130592.0,0,0.9609375,0.03125,0.0625,6400000.0,0.9643996147260273
256.0,256.0,4.0,11.0,2757.0,2755.0,90765.0,408032.0,0,0.96875,1.0,32.0,6400000.0,0.9659667013209393
1.0,256.0,2.0,1.0,1.0,1.0,39.0,32.0,0,0.5015625,128.0,1024.0,6400000.0,0.5273919092465753
1.0,256.0,8.0,1.0,1.0,1.0,543.0,32.0,0,0.5015625,0.000976562,16384.0,6400000.0,0.5273919092465753
256.0,256.0,4.0,5.0,1378.0,1409.0,45371.0,192672.0,0,0.940625,128.0,64.0,6400000.0,0.9409246575342465
1.0,256.0,4.0,1.0,1.0,1.0,63.0,32.0,0,0.5015625,0.25,1024.0,6400000.0,0.5273919092465753
256.0,256.0,4.0,6.0,1616.0,1618.0,53190.0,226112.0,0,0.940625,128.0,0.0625,6400000.0,0.9409246575342465
1.0,256.0,4.0,1.0,1.0,1.0,63.0,32.0,0,0.5015625,256.0,512.0,6400000.0,0.5273919092465753
256.0,256.0,8.0,23.0,7366.0,7518.0,247115.0,1170112.0,0,0.984375,0.0078125,8.0,6400000.0,0.9788733794031312
256.0,256.0,8.0,32.0,7636.0,7726.0,255774.0,1203392.0,0,0.9890625,0.000976562,0.0,6400000.0,0.9816115765655578
256.0,256.0,8.0,32.0,7628.0,7718.0,255510.0,1202112.0,0,0.9875,0.0078125,0.03125,6400000.0,0.9823943554305284
1.0,256.0,8.0,1.0,1.0,1.0,543.0,32.0,0,0.5015625,0.015625,4096.0,6400000.0,0.5273919092465753
1.0,256.0,2.0,1.0,1.0,1.0,39.0,32.0,0,0.5015625,2048.0,4096.0,6400000.0,0.5273919092465753
256.0,256.0,4.0,11.0,2727.0,2725.0,89775.0,403232.0,0,0.96875,0.0625,32.0,6400000.0,0.965575311888454
256.0,256.0,2.0,8.0,997.0,990.0,32540.0,125632.0,0,0.94375,0.03125,64.0,6400000.0,0.9358427103718199
256.0,256.0,2.0,12.0,1023.0,1011.0,33312.0,128992.0,0,0.9609375,16.0,0.00390625,6400000.0,0.9608816964285716
1.0,256.0,8.0,1.0,1.0,1.0,543.0,32.0,0,0.5015625,0.00195312,2048.0,6400000.0,0.5273919092465753
256.0,256.0,4.0,5.0,1378.0,1409.0,45371.0,192672.0,0,0.940625,256.0,0.5,6400000.0,0.9409246575342465
1.0,256.0,2.0,1.0,1.0,1.0,39.0,32.0,0,0.5015625,4096.0,0.03125,6400000.0,0.5273919092465753
1.0,256.0,8.0,1.0,1.0,1.0,543.0,32.0,0,0.5015625,0.00195312,32768.0,6400000.0,0.5273919092465753
1.0,256.0,2.0,1.0,1.0,1.0,39.0,32.0,0,0.5015625,16.0,4096.0,6400000.0,0.5273919092465753
256.0,256.0,4.0,31.0,2990.0,2979.0,98040.0,443872.0,0,0.9796875,0.25,0.5,6400000.0,0.9823966487279844
256.0,256.0,4.0,22.0,3021.0,3013.0,99255.0,449312.0,0,0.9828125,0.5,4.0,6400000.0,0.9812209515655578
256.0,256.0,2.0,14.0,1025.0,1011.0,33334.0,128992.0,0,0.95625,2.0,8.0,6400000.0,0.9612723214285716
256.0,256.0,4.0,11.0,2821.0,2819.0,92877.0,418272.0,0,0.96875,32.0,0.000976562,6400000.0,0.9659667013209393
256.0,256.0,2.0,28.0,1049.0,1021.0,33821.0,130592.0,0,0.9578125,0.25,0.03125,6400000.0,0.9643996147260273
256.0,256.0,2.0,5.0,830.0,839.0,27105.0,101472.0,0,0.940625,256.0,8.0,6400000.0,0.9409246575342465
1.0,256.0,2.0,1.0,1.0,1.0,39.0,32.0,0,0.5015625,4096.0,32.0,6400000.0,0.5273919092465753
1.0,256.0,2.0,1.0,1.0,1.0,39.0,32.0,0,0.5015625,32.0,32768.0,6400000.0,0.5273919092465753
256.0,256.0,4.0,32.0,3058.0,3047.0,100263.0,454752.0,0,0.9828125,0.000976562,0.0,6400000.0,0.9823966487279844
256.0,256.0,4.0,32.0,3048.0,3036.0,99932.0,452992.0,0,0.9796875,0.015625,0.000976562,6400000.0,0.9827872737279844
1.0,256.0,8.0,1.0,1.0,1.0,543.0,32.0,0,0.5015625,0.000976562,1024.0,6400000.0,0.5273919092465753
256.0,256.0,8.0,31.0,7636.0,7733.0,255802.0,1204512.0,0,0.9875,0.0078125,0.5,6400000.0,0.9827857448630137
1.0,256.0,4.0,1.0,1.0,1.0,63.0,32.0,0,0.5015625,0.015625,1024.0,6400000.0,0.5273919092465753
256.0,256.0,8.0,8.0,2787.0,2800.0,95449.0,415232.0,0,0.959375,0.00390625,128.0,6400000.0,0.9409246575342465
256.0,256.0,4.0,19.0,2964.0,2959.0,97440.0,440672.0,0,0.9796875,0.00390625,8.0,6400000.0,0.9780906005381604
1.0,256.0,2.0,1.0,1.0,1.0,39.0,32.0,0,0.5015625,4096.0,32768.0,6400000.0,0.5273919092465753
1.0,256.0,4.0,1.0,1.0,1.0,63.0,32.0,0,0.5015625,0.03125,16384.0,6400000.0,0.5273919092465753
256.0,256.0,2.0,17.0,1032.0,1015.0,33499.0,129632.0,0,0.9609375,4.0,0.0625,6400000.0,0.9655730185909981
1.0,256.0,2.0,1.0,1.0,1.0,39.0,32.0,0,0.5015625,8192.0,256.0,6400000.0,0.5273919092465753
1.0,256.0,2.0,1.0,1.0,1.0,39.0,32.0,0,0.5015625,8192.0,0.25,6400000.0,0.5273919092465753
1.0,256.0,8.0,1.0,1.0,1.0,543.0,32.0,0,0.5015625,0.00390625,4096.0,6400000.0,0.5273919092465753
256.0,256.0,4.0,32.0,3031.0,3019.0,99371.0,450272.0,0,0.9796875,0.03125,0.00390625,6400000.0,0.9820052592954991
256.0,256.0,2.0,6.0,950.0,945.0,31033.0,118432.0,0,0.940625,128.0,0.00195312,6400000.0,0.9409246575342465
256.0,256.0,8.0,8.0,3261.0,3292.0,111078.0,493952.0,0,0.959375,0.00195312,64.0,6400000.0,0.9499312010763209
256.0,256.0,4.0,32.0,3026.0,3013.0,99205.0,449312.0,0,0.9828125,0.5,0.00390625,6400000.0,0.982786509295499
256.0,256.0,2.0,27.0,1048.0,1021.0,33810.0,130592.0,0,0.9578125,0.0625,0.5,6400000.0,0.9647902397260273
256.0,256.0,4.0,32.0,3048.0,3036.0,99932.0,452992.0,0,0.9796875,0.0,0.015625,6400000.0,0.9827872737279844
1.0,256.0,8.0,1.0,1.0,1.0,543.0,32.0,0,0.5015625,0.0,512.0,6400000.0,0.5273919092465753
1.0,256.0,4.0,1.0,1.0,1.0,63.0,32.0,0,0.5015625,4.0,4096.0,6400000.0,0.5273919092465753
256.0,256.0,4.0,30.0,3006.0,2996.0,98590.0,446592.0,0,0.98125,1.0,0.03125,6400000.0,0.9835700525929549
256.0,256.0,4.0,12.0,3017.0,3016.0,99325.0,449792.0,0,0.96875,8.0,16.0,6400000.0,0.9694899706457925
1.0,256.0,2.0,1.0,1.0,1.0,39.0,32.0,0,0.5015625,32768.0,16.0,6400000.0,0.5273919092465753
256.0,256.0,4.0,5.0,1378.0,1409.0,45371.0,192672.0,0,0.940625,16.0,128.0,6400000.0,0.9409246575342465
256.0,256.0,4.0,16.0,3058.0,3052.0,100589.0,455552.0,0,0.9765625,16.0,0.125,6400000.0,0.9671416340508806
1.0,256.0,2.0,1.0,1.0,1.0,39.0,32.0,0,0.5015625,16384.0,2048.0,6400000.0,0.5273919092465753
1.0,256.0,2.0,1.0,1.0,1.0,39.0,32.0,0,0.5015625,16384.0,0.00195312,6400000.0,0.5273919092465753
256.0,256.0,4.0,11.0,2822.0,2820.0,92910.0,418432.0,0,0.96875,32.0,1.0,6400000.0,0.9659667013209393
1.0,256.0,4.0,1.0,1.0,1.0,63.0,32.0,0,0.5015625,8.0,32768.0,6400000.0,0.5273919092465753
256.0,256.0,2.0,15.0,1031.0,1016.0,33510.0,129792.0,0,0.95625,8.0,0.5,6400000.0,0.9636191291585128
256.0,256.0,4.0,23.0,3040.0,3031.0,99860.0,452192.0,0,0.9875,2.0,0.0,6400000.0,0.982786509295499
1.0,256.0,2.0,1.0,1.0,1.0,39.0,32.0,0,0.5015625,32768.0,0.015625,6400000.0,0.5273919092465753
256.0,256.0,2.0,8.0,1004.0,997.0,32771.0,126752.0,0,0.94375,4.0,64.0,6400000.0,0.9354513209393345
1.0,256.0,2.0,1.0,1.0,1.0,39.0,32.0,0,0.5015625,16384.0,2.0,6400000.0,0.5273919092465753
1.0,256.0,2.0,1.0,1.0,1.0,39.0,32.0,0,0.5015625,8.0,512.0,6400000.0,0.5273919092465753
256.0,256.0,4.0,6.0,1616.0,1618.0,53190.0,226112.0,0,0.940625,0.125,128.0,6400000.0,0.9409246575342465
256.0,256.0,4.0,32.0,3058.0,3047.0,100263.0,454752.0,0,0.9828125,0.00195312,0.00195312,6400000.0,0.9827872737279844
256.0,256.0,4.0,32.0,3041.0,3028.0,99700.0,451712.0,0,0.984375,0.25,0.000976562,6400000.0,0.9823958842954991
1.0,256.0,2.0,1.0,1.0,1.0,39.0,32.0,0,0.5015625,32768.0,16384.0,6400000.0,0.5273919092465753
256.0,256.0,4.0,26.0,3056.0,3044.0,100322.0,454272.0,0,0.984375,2.0,0.25,6400000.0,0.9831786631604696
256.0,256.0,8.0,13.0,5803.0,5905.0,195441.0,912032.0,0,0.9703125,0.000976562,32.0,6400000.0,0.9659667013209393
256.0,256.0,8.0,16.0,6509.0,6604.0,218669.0,1023872.0,0,0.9765625,0.015625,16.0,6400000.0,0.9710524706457926
256.0,256.0,2.0,17.0,1031.0,1014.0,33466.0,129472.0,0,0.9609375,0.125,4.0,6400000.0,0.9651816291585128
256.0,256.0,4.0,21.0,2985.0,2978.0,98089.0,443712.0,0,0.9796875,4.0,2.0,6400000.0,0.9804389371330725
256.0,256.0,4.0,19.0,2971.0,2966.0,97671.0,441792.0,0,0.9796875,8.0,0.015625,6400000.0,0.9776992111056751
256.0,256.0,4.0,20.0,2903.0,2897.0,95405.0,430752.0,0,0.978125,4.0,0.00195312,6400000.0,0.9800475477005872
256.0,256.0,4.0,30.0,2978.0,2968.0,97666.0,442112.0,0,0.9796875,0.00195312,1.0,6400000.0,0.9827872737279844
256.0,256.0,4.0,32.0,3056.0,3044.0,100196.0,454272.0,0,0.9828125,0.000976562,0.125,6400000.0,0.9812224804305284
1.0,256.0,2.0,1.0,1.0,1.0,39.0,32.0,0,0.5015625,2.0,16384.0,6400000.0,0.5273919092465753
256.0,256.0,8.0,5.0,1378.0,1409.0,48491.0,192672.0,0,0.940625,0.0078125,256.0,6400000.0,0.9409246575342465
256.0,256.0,2.0,9.0,1022.0,1013.0,33342.0,129312.0,0,0.9484375,32.0,0.03125,6400000.0,0.9612715569960862
256.0,256.0,4.0,5.0,1378.0,1409.0,45371.0,192672.0,0,0.940625,0.000976562,256.0,6400000.0,0.9409246575342465
1.0,256.0,4.0,1.0,1.0,1.0,63.0,32.0,0,0.5015625,64.0,16384.0,6400000.0,0.5273919092465753
256.0,256.0,2.0,17.0,1031.0,1014.0,33466.0,129472.0,0,0.95625,8.0,0.000976562,6400000.0,0.9640105185909981
256.0,256.0,4.0,23.0,3073.0,3064.0,100949.0,457472.0,0,0.984375,0.03125,4.0,6400000.0,0.9792647688356165
256.0,256.0,2.0,5.0,830.0,840.0,27106.0,101632.0,0,0.940625,0.5,256.0,6400000.0,0.9409246575342465
256.0,256.0,2.0,12.0,1025.0,1013.0,33378.0,129312.0,0,0.9609375,16.0,4.0,6400000.0,0.9612730858610566
1.0,256.0,2.0,1.0,1.0,1.0,39.0,32.0,0,0.5015625,1.0,2048.0,6400000.0,0.5273919092465753
1.0,256.0,2.0,1.0,1.0,1.0,39.0,32.0,0,0.5015625,1024.0,1.0,6400000.0,0.5273919092465753
256.0,256.0,2.0,9.0,1017.0,1008.0,33177.0,128512.0,0,0.9484375,0.25,32.0,6400000.0,0.9581457925636008
1.0,256.0,2.0,1.0,1.0,1.0,39.0,32.0,0,0.5015625,512.0,128.0,6400000.0,0.5273919092465753
1.0,256.0,4.0,1.0,1.0,1.0,63.0,32.0,0,0.5015625,32.0,2048.0,6400000.0,0.5273919092465753
1.0,256.0,8.0,1.0,1.0,1.0,543.0,32.0,0,0.5015625,0.03125,512.0,6400000.0,0.5273919092465753
256.0,256.0,4.0,33.0,3040.0,3028.0,99647.0,451712.0,0,0.9828125,0.00390625,0.0078125,6400000.0,0.9823958842954991
1.0,256.0,4.0,1.0,1.0,1.0,63.0,32.0,0,0.5015625,0.00195312,4096.0,6400000.0,0.5273919092465753
1.0,256.0,2.0,1.0,1.0,1.0,39.0,32.0,0,0.5015625,1024.0,0.000976562,6400000.0,0.5273919092465753
1.0,256.0,2.0,1.0,1.0,1.0,39.0,32.0,0,0.5015625,512.0,0.125,6400000.0,0.5273919092465753
1.0,256.0,2.0,1.0,1.0,1.0,39.0,32.0,0,0.5015625,256.0,16384.0,6400000.0,0.5273919092465753
256.0,256.0,2.0,8.0,1010.0,1002.0,32968.0,127552.0,0,0.9625,32.0,32.0,6400000.0,0.949531402886497
1.0,256.0,4.0,1.0,1.0,1.0,63.0,32.0,0,0.5015625,1024.0,0.0625,6400000.0,0.5273919092465753
1.0,256.0,8.0,1.0,1.0,1.0,543.0,32.0,0,0.5015625,0.0078125,4096.0,6400000.0,0.5273919092465753
256.0,256.0,4.0,32.0,3026.0,3013.0,99205.0,449312.0,0,0.9828125,0.015625,0.5,6400000.0,0.9827872737279844
1.0,256.0,4.0,1.0,1.0,1.0,63.0,32.0,0,0.5015625,512.0,8192.0,6400000.0,0.5273919092465753
1.0,256.0,4.0,1.0,1.0,1.0,63.0,32.0,0,0.5015625,1024.0,64.0,6400000.0,0.5273919092465753
1.0,256.0,2.0,1.0,1.0,1.0,39.0,32.0,0,0.5015625,2048.0,0.0078125,6400000.0,0.5273919092465753
1.0,256.0,8.0,1.0,1.0,1.0,543.0,32.0,0,0.5015625,0.03125,8192.0,6400000.0,0.5273919092465753
1.0,256.0,4.0,1.0,1.0,1.0,63.0,32.0,0,0.5015625,2048.0,0.0,6400000.0,0.5273919092465753
1.0,256.0,2.0,1.0,1.0,1.0,39.0,32.0,0,0.5015625,1024.0,1024.0,6400000.0,0.5273919092465753
1.0,256.0,4.0,1.0,1.0,1.0,63.0,32.0,0,0.5015625,2048.0,512.0,6400000.0,0.5273919092465753
1.0,256.0,4.0,1.0,1.0,1.0,63.0,32.0,0,0.5015625,2048.0,0.5,6400000.0,0.5273919092465753
1.0,256.0,4.0,1.0,1.0,1.0,63.0,32.0,0,0.5015625,512.0,8.0,6400000.0,0.5273919092465753
1.0,256.0,4.0,1.0,1.0,1.0,63.0,32.0,0,0.5015625,4096.0,4.0,6400000.0,0.5273919092465753
1.0,256.0,4.0,1.0,1.0,1.0,63.0,32.0,0,0.5015625,4096.0,0.00390625,6400000.0,0.5273919092465753
1.0,256.0,4.0,1.0,1.0,1.0,63.0,32.0,0,0.5015625,8192.0,32768.0,6400000.0,0.5273919092465753
256.0,256.0,4.0,8.0,2541.0,2549.0,83695.0,375072.0,0,0.959375,64.0,8.0,6400000.0,0.9518782106164382
1.0,256.0,4.0,1.0,1.0,1.0,63.0,32.0,0,0.5015625,512.0,0.0078125,6400000.0,0.5273919092465753
1.0,256.0,4.0,1.0,1.0,1.0,63.0,32.0,0,0.5015625,8192.0,32.0,6400000.0,0.5273919092465753
1.0,256.0,4.0,1.0,1.0,1.0,63.0,32.0,0,0.5015625,8192.0,0.03125,6400000.0,0.5273919092465753
256.0,256.0,2.0,21.0,1039.0,1018.0,33645.0,130112.0,0,0.9625,2.0,0.015625,6400000.0,0.9636168358610566
1.0,256.0,4.0,1.0,1.0,1.0,63.0,32.0,0,0.5015625,16384.0,0.25,6400000.0,0.5273919092465753
1.0,256.0,4.0,1.0,1.0,1.0,63.0,32.0,0,0.5015625,0.5,16384.0,6400000.0,0.5273919092465753
256.0,256.0,4.0,32.0,3046.0,3034.0,99866.0,452672.0,0,0.9796875,0.0078125,0.0625,6400000.0,0.9820052592954991
1.0,256.0,4.0,1.0,1.0,1.0,63.0,32.0,0,0.5015625,32768.0,0.00195312,6400000.0,0.5273919092465753
256.0,256.0,8.0,32.0,7641.0,7732.0,255940.0,1204352.0,0,0.9890625,0.015625,0.00390625,6400000.0,0.9827857448630137
256.0,256.0,2.0,5.0,830.0,840.0,27106.0,101632.0,0,0.940625,256.0,0.015625,6400000.0,0.9409246575342465
256.0,256.0,8.0,32.0,7629.0,7722.0,255546.0,1202752.0,0,0.9890625,0.015625,0.0625,6400000.0,0.9827857448630137
1.0,256.0,4.0,1.0,1.0,1.0,63.0,32.0,0,0.5015625,4096.0,4096.0,6400000.0,0.5273919092465753
1.0,256.0,4.0,1.0,1.0,1.0,63.0,32.0,0,0.5015625,16384.0,256.0,6400000.0,0.5273919092465753
256.0,256.0,2.0,6.0,949.0,944.0,31000.0,118272.0,0,0.940625,128.0,2.0,6400000.0,0.9409246575342465
256.0,256.0,8.0,30.0,7713.0,7813.0,258367.0,1217312.0,0,0.9890625,0.015625,1.0,6400000.0,0.9812201871330725
1.0,256.0,4.0,1.0,1.0,1.0,63.0,32.0,0,0.5015625,32768.0,2048.0,6400000.0,0.5273919092465753
1.0,256.0,8.0,1.0,1.0,1.0,543.0,32.0,0,0.5015625,0.015625,512.0,6400000.0,0.5273919092465753
1.0,256.0,2.0,1.0,1.0,1.0,39.0,32.0,0,0.5015625,2048.0,8.0,6400000.0,0.5273919092465753
1.0,256.0,8.0,1.0,1.0,1.0,543.0,32.0,0,0.5015625,0.0,16384.0,6400000.0,0.5273919092465753
256.0,256.0,4.0,5.0,1378.0,1409.0,45371.0,192672.0,0,0.940625,256.0,0.000976562,6400000.0,0.9409246575342465
1.0,256.0,4.0,1.0,1.0,1.0,63.0,32.0,0,0.5015625,32768.0,2.0,6400000.0,0.5273919092465753
256.0,256.0,4.0,32.0,3040.0,3028.0,99668.0,451712.0,0,0.9796875,0.0625,0.03125,6400000.0,0.9812224804305283
256.0,256.0,2.0,27.0,1048.0,1021.0,33810.0,130592.0,0,0.959375,0.5,0.25,6400000.0,0.9647902397260275
1.0,256.0,4.0,1.0,1.0,1.0,63.0,32.0,0,0.5015625,2.0,512.0,6400000.0,0.5273919092465753
256.0,256.0,2.0,8.0,1010.0,1002.0,32968.0,127552.0,0,0.9625,64.0,0.25,6400000.0,0.949531402886497
256.0,256.0,2.0,5.0,830.0,840.0,27106.0,101632.0,0,0.940625,64.0,256.0,6400000.0,0.9409246575342465
256.0,256.0,8.0,16.0,6509.0,6604.0,218669.0,1023872.0,0,0.9765625,0.0,16.0,6400000.0,0.9710524706457926
256.0,256.0,4.0,8.0,2592.0,2601.0,85379.0,383392.0,0,0.959375,64.0,0.0078125,6400000.0,0.9628371147260273
1.0,256.0,2.0,1.0,1.0,1.0,39.0,32.0,0,0.5015625,128.0,2048.0,6400000.0,0.5273919092465753
1.0,256.0,4.0,1.0,1.0,1.0,63.0,32.0,0,0.5015625,0.25,2048.0,6400000.0,0.5273919092465753
1.0,256.0,4.0,1.0,1.0,1.0,63.0,32.0,0,0.5015625,256.0,1024.0,6400000.0,0.5273919092465753
1.0,256.0,8.0,1.0,1.0,1.0,543.0,32.0,0,0.5015625,0.000976562,32768.0,6400000.0,0.5273919092465753
1.0,256.0,8.0,1.0,1.0,1.0,543.0,32.0,0,0.5015625,0.015625,8192.0,6400000.0,0.5273919092465753
1.0,256.0,2.0,1.0,1.0,1.0,39.0,32.0,0,0.5015625,2048.0,8192.0,6400000.0,0.5273919092465753
256.0,256.0,8.0,13.0,5803.0,5905.0,195441.0,912032.0,0,0.9703125,0.03125,32.0,6400000.0,0.9659667013209393
1.0,256.0,8.0,1.0,1.0,1.0,543.0,32.0,0,0.5015625,0.00195312,4096.0,6400000.0,0.5273919092465753
1.0,256.0,2.0,1.0,1.0,1.0,39.0,32.0,0,0.5015625,4096.0,0.0625,6400000.0,0.5273919092465753
256.0,256.0,2.0,21.0,1037.0,1016.0,33579.0,129792.0,0,0.9640625,1.0,2.0,6400000.0,0.9671393407534247
256.0,256.0,4.0,5.0,1378.0,1409.0,45371.0,192672.0,0,0.940625,128.0,128.0,6400000.0,0.9409246575342465
1.0,256.0,2.0,1.0,1.0,1.0,39.0,32.0,0,0.5015625,16.0,8192.0,6400000.0,0.5273919092465753
1.0,256.0,2.0,1.0,1.0,1.0,39.0,32.0,0,0.5015625,4096.0,64.0,6400000.0,0.5273919092465753
256.0,256.0,4.0,11.0,2727.0,2725.0,89775.0,403232.0,0,0.96875,0.0,32.0,6400000.0,0.965575311888454
256.0,256.0,4.0,32.0,3041.0,3028.0,99700.0,451712.0,0,0.984375,0.125,0.125,6400000.0,0.9823958842954991
256.0,256.0,4.0,6.0,1616.0,1618.0,53190.0,226112.0,0,0.940625,128.0,0.125,6400000.0,0.9409246575342465
256.0,256.0,2.0,12.0,1023.0,1011.0,33312.0,128992.0,0,0.9609375,16.0,0.0078125,6400000.0,0.9608816964285716
1.0,256.0,8.0,1.0,1.0,1.0,543.0,32.0,0,0.5015625,0.000976562,2048.0,6400000.0,0.5273919092465753
256.0,256.0,4.0,32.0,3056.0,3044.0,100196.0,454272.0,0,0.9828125,0.125,0.000976562,6400000.0,0.9812224804305284
1.0,256.0,4.0,1.0,1.0,1.0,63.0,32.0,0,0.5015625,0.015625,2048.0,6400000.0,0.5273919092465753
256.0,256.0,4.0,5.0,1378.0,1409.0,45371.0,192672.0,0,0.940625,256.0,1.0,6400000.0,0.9409246575342465
256.0,256.0,2.0,8.0,1010.0,1002.0,32968.0,127552.0,0,0.9625,64.0,0.0,6400000.0,0.949531402886497
1.0,256.0,2.0,1.0,1.0,1.0,39.0,32.0,0,0.5015625,8192.0,0.0,6400000.0,0.5273919092465753
1.0,256.0,4.0,1.0,1.0,1.0,63.0,32.0,0,0.5015625,0.03125,32768.0,6400000.0,0.5273919092465753
256.0,256.0,2.0,5.0,830.0,839.0,27105.0,101472.0,0,0.940625,256.0,16.0,6400000.0,0.9409246575342465
256.0,256.0,8.0,32.0,7628.0,7718.0,255510.0,1202112.0,0,0.9875,0.03125,0.0,6400000.0,0.9827857448630137
256.0,256.0,4.0,6.0,1616.0,1618.0,53190.0,226112.0,0,0.940625,0.0078125,128.0,6400000.0,0.9409246575342465
256.0,256.0,2.0,12.0,1019.0,1007.0,33180.0,128352.0,0,0.953125,2.0,16.0,6400000.0,0.9616644752935419
1.0,256.0,2.0,1.0,1.0,1.0,39.0,32.0,0,0.5015625,8192.0,0.5,6400000.0,0.5273919092465753
1.0,256.0,8.0,1.0,1.0,1.0,543.0,32.0,0,0.5015625,0.00390625,8192.0,6400000.0,0.5273919092465753
1.0,256.0,2.0,1.0,1.0,1.0,39.0,32.0,0,0.5015625,8192.0,512.0,6400000.0,0.5273919092465753
256.0,256.0,4.0,32.0,3058.0,3047.0,100263.0,454752.0,0,0.9828125,0.0078125,0.0,6400000.0,0.9820052592954991
1.0,256.0,8.0,1.0,1.0,1.0,543.0,32.0,0,0.5015625,0.0,1024.0,6400000.0,0.5273919092465753
1.0,256.0,2.0,1.0,1.0,1.0,39.0,32.0,0,0.5015625,32768.0,32.0,6400000.0,0.5273919092465753
1.0,256.0,4.0,1.0,1.0,1.0,63.0,32.0,0,0.5015625,4.0,8192.0,6400000.0,0.5273919092465753
1.0,256.0,2.0,1.0,1.0,1.0,39.0,32.0,0,0.5015625,16384.0,4096.0,6400000.0,0.5273919092465753
256.0,256.0,2.0,6.0,950.0,945.0,31033.0,118432.0,0,0.940625,128.0,0.00390625,6400000.0,0.9409246575342465
256.0,256.0,8.0,5.0,1378.0,1409.0,48491.0,192672.0,0,0.940625,0.00390625,256.0,6400000.0,0.9409246575342465
256.0,256.0,2.0,17.0,1032.0,1015.0,33499.0,129632.0,0,0.9609375,4.0,0.125,6400000.0,0.9671385763209394
1.0,256.0,2.0,1.0,1.0,1.0,39.0,32.0,0,0.5015625,16384.0,0.00390625,6400000.0,0.5273919092465753
256.0,256.0,4.0,8.0,2394.0,2415.0,78857.0,353632.0,0,0.95,1.0,64.0,6400000.0,0.9377981286692758
1.0,256.0,2.0,1.0,1.0,1.0,39.0,32.0,0,0.5015625,32768.0,0.03125,6400000.0,0.5273919092465753
1.0,256.0,2.0,1.0,1.0,1.0,39.0,32.0,0,0.5015625,8.0,1024.0,6400000.0,0.5273919092465753
1.0,256.0,2.0,1.0,1.0,1.0,39.0,32.0,0,0.5015625,16384.0,4.0,6400000.0,0.5273919092465753
256.0,256.0,4.0,11.0,2821.0,2819.0,92877.0,418272.0,0,0.96875,32.0,0.00195312,6400000.0,0.9659667013209393
1.0,256.0,2.0,1.0,1.0,1.0,39.0,32.0,0,0.5015625,32768.0,32768.0,6400000.0,0.5273919092465753
256.0,256.0,8.0,32.0,7628.0,7718.0,255510.0,1202112.0,0,0.9875,0.03125,0.0078125,6400000.0,0.9823943554305284
256.0,256.0,2.0,6.0,942.0,937.0,30769.0,117152.0,0,0.940625,4.0,128.0,6400000.0,0.9409246575342465
256.0,256.0,4.0,5.0,1383.0,1408.0,45530.0,192512.0,0,0.940625,16.0,256.0,6400000.0,0.9409246575342465
256.0,256.0,4.0,8.0,2394.0,2415.0,78857.0,353632.0,0,0.95,0.0625,64.0,6400000.0,0.9393636863992171
256.0,256.0,2.0,15.0,1030.0,1015.0,33477.0,129632.0,0,0.959375,8.0,1.0,6400000.0,0.9612723214285716
1.0,256.0,8.0,1.0,1.0,1.0,543.0,32.0,0,0.5015625,0.0625,1024.0,6400000.0,0.5273919092465753
256.0,256.0,8.0,31.0,7634.0,7731.0,255736.0,1204192.0,0,0.9859375,0.03125,0.125,6400000.0,0.9823943554305284
256.0,256.0,8.0,23.0,7366.0,7518.0,247115.0,1170112.0,0,0.984375,0.00390625,8.0,6400000.0,0.9788733794031312
256.0,256.0,4.0,5.0,1378.0,1409.0,45371.0,192672.0,0,0.940625,0.125,256.0,6400000.0,0.9409246575342465
256.0,256.0,4.0,19.0,3024.0,3022.0,99423.0,450752.0,0,0.9796875,0.5,8.0,6400000.0,0.9784819899706457
256.0,256.0,4.0,16.0,3027.0,3021.0,99566.0,450592.0,0,0.9765625,16.0,0.0,6400000.0,0.9671416340508806
1.0,256.0,4.0,1.0,1.0,1.0,63.0,32.0,0,0.5015625,64.0,32768.0,6400000.0,0.5273919092465753
1.0,256.0,8.0,1.0,1.0,1.0,543.0,32.0,0,0.5015625,0.0625,16384.0,6400000.0,0.5273919092465753
256.0,256.0,4.0,13.0,2944.0,2943.0,96895.0,438112.0,0,0.9703125,0.00390625,16.0,6400000.0,0.9659674657534246
1.0,256.0,8.0,1.0,1.0,1.0,543.0,32.0,0,0.5015625,0.0078125,512.0,6400000.0,0.5273919092465753
256.0,256.0,8.0,29.0,7657.0,7777.0,256560.0,1211552.0,0,0.9875,0.03125,2.0,6400000.0,0.9800467832681019
1.0,256.0,2.0,1.0,1.0,1.0,39.0,32.0,0,0.5015625,1024.0,2.0,6400000.0,0.5273919092465753
1.0,256.0,2.0,1.0,1.0,1.0,39.0,32.0,0,0.5015625,512.0,256.0,6400000.0,0.5273919092465753
1.0,256.0,4.0,1.0,1.0,1.0,63.0,32.0,0,0.5015625,0.000976562,512.0,6400000.0,0.5273919092465753
1.0,256.0,4.0,1.0,1.0,1.0,63.0,32.0,0,0.5015625,32.0,4096.0,6400000.0,0.5273919092465753
256.0,256.0,8.0,27.0,7649.0,7768.0,256337.0,1210112.0,0,0.9890625,0.00195312,4.0,6400000.0,0.980828797700587
256.0,256.0,4.0,29.0,2977.0,2963.0,97650.0,441312.0,0,0.984375,0.25,1.0,6400000.0,0.9812209515655578
256.0,256.0,4.0,11.0,2811.0,2809.0,92547.0,416672.0,0,0.96875,32.0,2.0,6400000.0,0.9655760763209393
1.0,256.0,2.0,1.0,1.0,1.0,39.0,32.0,0,0.5015625,1024.0,0.00195312,6400000.0,0.5273919092465753
256.0,256.0,4.0,11.0,2748.0,2746.0,90468.0,406592.0,0,0.96875,8.0,32.0,6400000.0,0.964010518590998
1.0,256.0,8.0,1.0,1.0,1.0,543.0,32.0,0,0.5015625,0.03125,1024.0,6400000.0,0.5273919092465753
256.0,256.0,2.0,9.0,1022.0,1013.0,33342.0,129312.0,0,0.9484375,32.0,0.0625,6400000.0,0.9616629464285715
1.0,256.0,4.0,1.0,1.0,1.0,63.0,32.0,0,0.5015625,0.00195312,8192.0,6400000.0,0.5273919092465753
1.0,256.0,2.0,1.0,1.0,1.0,39.0,32.0,0,0.5015625,256.0,32768.0,6400000.0,0.5273919092465753
1.0,256.0,4.0,1.0,1.0,1.0,63.0,32.0,0,0.5015625,1024.0,0.125,6400000.0,0.5273919092465753
1.0,256.0,8.0,1.0,1.0,1.0,543.0,32.0,0,0.5015625,0.0078125,8192.0,6400000.0,0.5273919092465753
1.0,256.0,4.0,1.0,1.0,1.0,63.0,32.0,0,0.5015625,1024.0,128.0,6400000.0,0.5273919092465753
1.0,256.0,4.0,1.0,1.0,1.0,63.0,32.0,0,0.5015625,2048.0,0.000976562,6400000.0,0.5273919092465753
256.0,256.0,8.0,32.0,7639.0,7729.0,255873.0,1203872.0,0,0.9875,0.0078125,0.0,6400000.0,0.9827857448630137
1.0,256.0,2.0,1.0,1.0,1.0,39.0,32.0,0,0.5015625,512.0,0.25,6400000.0,0.5273919092465753
1.0,256.0,4.0,1.0,1.0,1.0,63.0,32.0,0,0.5015625,512.0,16384.0,6400000.0,0.5273919092465753
256.0,256.0,2.0,10.0,1023.0,1013.0,33356.0,129312.0,0,0.95625,16.0,8.0,6400000.0,0.962445725293542
256.0,256.0,8.0,8.0,2787.0,2800.0,95449.0,415232.0,0,0.959375,0.00195312,128.0,6400000.0,0.9409246575342465
256.0,256.0,8.0,29.0,7640.0,7768.0,256007.0,1210112.0,0,0.9890625,0.000976562,2.0,6400000.0,0.9796546294031311
1.0,256.0,8.0,1.0,1.0,1.0,543.0,32.0,0,0.5015625,0.03125,16384.0,6400000.0,0.5273919092465753
1.0,256.0,4.0,1.0,1.0,1.0,63.0,32.0,0,0.5015625,2048.0,1024.0,6400000.0,0.5273919092465753
1.0,256.0,2.0,1.0,1.0,1.0,39.0,32.0,0,0.5015625,1024.0,2048.0,6400000.0,0.5273919092465753
1.0,256.0,4.0,1.0,1.0,1.0,63.0,32.0,0,0.5015625,512.0,16.0,6400000.0,0.5273919092465753
1.0,256.0,2.0,1.0,1.0,1.0,39.0,32.0,0,0.5015625,2048.0,0.015625,6400000.0,0.5273919092465753
1.0,256.0,4.0,1.0,1.0,1.0,63.0,32.0,0,0.5015625,4096.0,8.0,6400000.0,0.5273919092465753
1.0,256.0,4.0,1.0,1.0,1.0,63.0,32.0,0,0.5015625,8192.0,64.0,6400000.0,0.5273919092465753
256.0,256.0,4.0,16.0,3058.0,3052.0,100589.0,455552.0,0,0.9765625,16.0,0.25,6400000.0,0.9667502446183953
1.0,256.0,4.0,1.0,1.0,1.0,63.0,32.0,0,0.5015625,2048.0,1.0,6400000.0,0.5273919092465753
1.0,256.0,4.0,1.0,1.0,1.0,63.0,32.0,0,0.5015625,0.5,32768.0,6400000.0,0.5273919092465753
256.0,256.0,8.0,30.0,7713.0,7813.0,258367.0,1217312.0,0,0.9890625,0.0,1.0,6400000.0,0.9812201871330725
1.0,256.0,4.0,1.0,1.0,1.0,63.0,32.0,0,0.5015625,4096.0,0.0078125,6400000.0,0.5273919092465753
1.0,256.0,4.0,1.0,1.0,1.0,63.0,32.0,0,0.5015625,16384.0,0.0,6400000.0,0.5273919092465753
1.0,256.0,4.0,1.0,1.0,1.0,63.0,32.0,0,0.5015625,8192.0,0.0625,6400000.0,0.5273919092465753
1.0,256.0,4.0,1.0,1.0,1.0,63.0,32.0,0,0.5015625,16384.0,0.5,6400000.0,0.5273919092465753
1.0,256.0,4.0,1.0,1.0,1.0,63.0,32.0,0,0.5015625,512.0,0.015625,6400000.0,0.5273919092465753
256.0,256.0,8.0,32.0,7636.0,7726.0,255774.0,1203392.0,0,0.9890625,0.0,0.00390625,6400000.0,0.9820029659980432
256.0,256.0,4.0,32.0,3058.0,3047.0,100263.0,454752.0,0,0.9828125,0.000976562,0.000976562,6400000.0,0.982786509295499
1.0,256.0,4.0,1.0,1.0,1.0,63.0,32.0,0,0.5015625,4096.0,8192.0,6400000.0,0.5273919092465753
1.0,256.0,4.0,1.0,1.0,1.0,63.0,32.0,0,0.5015625,32768.0,0.00390625,6400000.0,0.5273919092465753
1.0,256.0,4.0,1.0,1.0,1.0,63.0,32.0,0,0.5015625,16384.0,512.0,6400000.0,0.5273919092465753
256.0,256.0,2.0,6.0,975.0,970.0,31858.0,122432.0,0,0.940625,32.0,64.0,6400000.0,0.9409246575342465
256.0,256.0,8.0,32.0,7647.0,7735.0,256135.0,1204832.0,0,0.9875,0.015625,0.0,6400000.0,0.9827857448630137
1.0,256.0,8.0,1.0,1.0,1.0,543.0,32.0,0,0.5015625,0.015625,1024.0,6400000.0,0.5273919092465753
1.0,256.0,4.0,1.0,1.0,1.0,63.0,32.0,0,0.5015625,32768.0,4096.0,6400000.0,0.5273919092465753
256.0,256.0,8.0,32.0,7629.0,7722.0,255546.0,1202752.0,0,0.9890625,0.0,0.0625,6400000.0,0.9823943554305284
256.0,256.0,4.0,32.0,3048.0,3036.0,99932.0,452992.0,0,0.9796875,0.015625,0.00195312,6400000.0,0.9827872737279844
256.0,256.0,8.0,32.0,7639.0,7729.0,255873.0,1203872.0,0,0.9875,0.000976562,0.0078125,6400000.0,0.983177134295499
256.0,256.0,8.0,31.0,7654.0,7753.0,256398.0,1207712.0,0,0.9875,0.000976562,0.125,6400000.0,0.9820029659980432
1.0,256.0,4.0,1.0,1.0,1.0,63.0,32.0,0,0.5015625,32768.0,4.0,6400000.0,0.5273919092465753
1.0,256.0,2.0,1.0,1.0,1.0,39.0,32.0,0,0.5015625,2048.0,16.0,6400000.0,0.5273919092465753
256.0,256.0,4.0,32.0,3026.0,3013.0,99205.0,449312.0,0,0.9828125,0.5,0.0078125,6400000.0,0.982786509295499
256.0,256.0,2.0,5.0,830.0,840.0,27106.0,101632.0,0,0.940625,256.0,0.03125,6400000.0,0.9409246575342465
1.0,256.0,4.0,1.0,1.0,1.0,63.0,32.0,0,0.5015625,2.0,1024.0,6400000.0,0.5273919092465753
256.0,256.0,2.0,6.0,942.0,937.0,30769.0,117152.0,0,0.940625,128.0,4.0,6400000.0,0.9409246575342465
1.0,256.0,2.0,1.0,1.0,1.0,39.0,32.0,0,0.5015625,128.0,4096.0,6400000.0,0.5273919092465753
256.0,256.0,8.0,32.0,7634.0,7725.0,255709.0,1203232.0,0,0.9875,0.00195312,0.015625,6400000.0,0.9827857448630137
1.0,256.0,4.0,1.0,1.0,1.0,63.0,32.0,0,0.5015625,256.0,2048.0,6400000.0,0.5273919092465753
256.0,256.0,4.0,30.0,2981.0,2965.0,97759.0,441632.0,0,0.98125,1.0,0.0625,6400000.0,0.9827872737279844
256.0,256.0,4.0,23.0,3040.0,3031.0,99860.0,452192.0,0,0.9875,2.0,0.000976562,6400000.0,0.982786509295499
256.0,256.0,4.0,32.0,3031.0,3019.0,99371.0,450272.0,0,0.9796875,0.03125,0.0078125,6400000.0,0.9820052592954991
1.0,256.0,4.0,1.0,1.0,1.0,63.0,32.0,0,0.5015625,0.25,4096.0,6400000.0,0.5273919092465753
1.0,256.0,8.0,1.0,1.0,1.0,543.0,32.0,0,0.5015625,0.125,32768.0,6400000.0,0.5273919092465753
256.0,256.0,4.0,19.0,2971.0,2966.0,97671.0,441792.0,0,0.9796875,8.0,0.03125,6400000.0,0.9780906005381604
1.0,256.0,8.0,1.0,1.0,1.0,543.0,32.0,0,0.5015625,0.125,2048.0,6400000.0,0.5273919092465753
1.0,256.0,2.0,1.0,1.0,1.0,39.0,32.0,0,0.5015625,64.0,512.0,6400000.0,0.5273919092465753
256.0,256.0,4.0,32.0,3055.0,3043.0,100163.0,454112.0,0,0.98125,0.0,0.03125,6400000.0,0.9823966487279844
256.0,256.0,4.0,19.0,2971.0,2966.0,97671.0,441792.0,0,0.9796875,4.0,4.0,6400000.0,0.9776992111056751
256.0,256.0,8.0,32.0,7636.0,7726.0,255774.0,1203392.0,0,0.9890625,0.00195312,0.000976562,6400000.0,0.9820029659980432
256.0,256.0,8.0,31.0,7609.0,7708.0,254913.0,1200512.0,0,0.9890625,0.00195312,0.25,6400000.0,0.9823943554305284
256.0,256.0,4.0,27.0,3048.0,3035.0,100036.0,452832.0,0,0.9859375,2.0,0.5,6400000.0,0.9812224804305284
1.0,256.0,2.0,1.0,1.0,1.0,39.0,32.0,0,0.5015625,2048.0,16384.0,6400000.0,0.5273919092465753
1.0,256.0,8.0,1.0,1.0,1.0,543.0,32.0,0,0.5015625,0.015625,16384.0,6400000.0,0.5273919092465753
256.0,256.0,2.0,8.0,1010.0,1002.0,32968.0,127552.0,0,0.9625,64.0,0.5,6400000.0,0.9546194655088062
256.0,256.0,4.0,20.0,2903.0,2897.0,95405.0,430752.0,0,0.978125,4.0,0.00390625,6400000.0,0.9800475477005872
256.0,256.0,4.0,5.0,1378.0,1409.0,45371.0,192672.0,0,0.940625,256.0,0.00195312,6400000.0,0.9409246575342465
1.0,256.0,2.0,1.0,1.0,1.0,39.0,32.0,0,0.5015625,4096.0,0.125,6400000.0,0.5273919092465753
256.0,256.0,8.0,8.0,2787.0,2800.0,95449.0,415232.0,0,0.959375,0.125,128.0,6400000.0,0.9409246575342465
256.0,256.0,8.0,32.0,7639.0,7729.0,255873.0,1203872.0,0,0.9875,0.00390625,0.00195312,6400000.0,0.9820029659980432
256.0,256.0,8.0,32.0,7629.0,7722.0,255546.0,1202752.0,0,0.9890625,0.0625,0.000976562,6400000.0,0.9823943554305284
256.0,256.0,8.0,31.0,7636.0,7733.0,255802.0,1204512.0,0,0.9875,0.00390625,0.5,6400000.0,0.9827857448630137
256.0,256.0,8.0,32.0,7628.0,7718.0,255510.0,1202112.0,0,0.9875,0.00390625,0.03125,6400000.0,0.9823943554305284
256.0,256.0,4.0,32.0,3041.0,3028.0,99700.0,451712.0,0,0.984375,0.25,0.00195312,6400000.0,0.9823958842954991
1.0,256.0,2.0,1.0,1.0,1.0,39.0,32.0,0,0.5015625,4096.0,128.0,6400000.0,0.5273919092465753
256.0,256.0,4.0,19.0,2964.0,2959.0,97440.0,440672.0,0,0.9796875,0.03125,8.0,6400000.0,0.9780906005381604
256.0,256.0,8.0,8.0,3261.0,3292.0,111078.0,493952.0,0,0.959375,0.0625,64.0,6400000.0,0.9499312010763209
256.0,256.0,4.0,32.0,3058.0,3047.0,100263.0,454752.0,0,0.9828125,0.00195312,0.00390625,6400000.0,0.9812224804305284
256.0,256.0,8.0,32.0,7629.0,7722.0,255546.0,1202752.0,0,0.9890625,0.0625,0.015625,6400000.0,0.9827857448630137
1.0,256.0,4.0,1.0,1.0,1.0,63.0,32.0,0,0.5015625,0.015625,4096.0,6400000.0,0.5273919092465753
1.0,256.0,2.0,1.0,1.0,1.0,39.0,32.0,0,0.5015625,8192.0,0.000976562,6400000.0,0.5273919092465753
256.0,256.0,4.0,27.0,3044.0,3031.0,99904.0,452192.0,0,0.9859375,0.00195312,2.0,6400000.0,0.9835692881604696
256.0,256.0,4.0,32.0,3041.0,3028.0,99700.0,451712.0,0,0.984375,0.000976562,0.25,6400000.0,0.9823958842954991
1.0,256.0,2.0,1.0,1.0,1.0,39.0,32.0,0,0.5015625,8192.0,1024.0,6400000.0,0.5273919092465753
256.0,256.0,4.0,8.0,2524.0,2534.0,83136.0,372672.0,0,0.959375,64.0,16.0,6400000.0,0.9424902152641877
1.0,256.0,2.0,1.0,1.0,1.0,39.0,32.0,0,0.5015625,8192.0,1.0,6400000.0,0.5273919092465753
1.0,256.0,8.0,1.0,1.0,1.0,543.0,32.0,0,0.5015625,0.25,4096.0,6400000.0,0.5273919092465753
256.0,256.0,8.0,32.0,7636.0,7726.0,255774.0,1203392.0,0,0.9890625,0.00390625,0.0,6400000.0,0.9820029659980432
256.0,256.0,8.0,16.0,6509.0,6604.0,218669.0,1023872.0,0,0.9765625,0.0078125,16.0,6400000.0,0.9710524706457926
256.0,256.0,4.0,5.0,981.0,1080.0,32322.0,140032.0,0,0.940625,128.0,256.0,6400000.0,0.9033657962328766
256.0,256.0,8.0,5.0,1378.0,1409.0,48491.0,192672.0,0,0.940625,0.25,256.0,6400000.0,0.9409246575342465
256.0,256.0,4.0,6.0,1623.0,1624.0,53420.0,227072.0,0,0.940625,128.0,0.25,6400000.0,0.9409246575342465
256.0,256.0,8.0,13.0,5803.0,5905.0,195441.0,912032.0,0,0.9703125,0.015625,32.0,6400000.0,0.9659667013209393
256.0,256.0,2.0,5.0,829.0,841.0,27075.0,101792.0,0,0.940625,256.0,32.0,6400000.0,0.9409246575342465
256.0,256.0,8.0,31.0,7611.0,7709.0,254978.0,1200672.0,0,0.9890625,0.0625,0.25,6400000.0,0.9823943554305284
256.0,256.0,4.0,5.0,1378.0,1409.0,45371.0,192672.0,0,0.940625,256.0,2.0,6400000.0,0.9409246575342465
1.0,256.0,2.0,1.0,1.0,1.0,39.0,32.0,0,0.5015625,16384.0,8192.0,6400000.0,0.5273919092465753
1.0,256.0,2.0,1.0,1.0,1.0,39.0,32.0,0,0.5015625,32768.0,64.0,6400000.0,0.5273919092465753
1.0,256.0,4.0,1.0,1.0,1.0,63.0,32.0,0,0.5015625,4.0,16384.0,6400000.0,0.5273919092465753
256.0,256.0,8.0,8.0,3261.0,3292.0,111078.0,493952.0,0,0.959375,0.000976562,64.0,6400000.0,0.9499312010763209
256.0,256.0,4.0,5.0,1378.0,1409.0,45371.0,192672.0,0,0.940625,0.0078125,256.0,6400000.0,0.9409246575342465
1.0,256.0,2.0,1.0,1.0,1.0,39.0,32.0,0,0.5015625,16384.0,0.0078125,6400000.0,0.5273919092465753
256.0,256.0,8.0,27.0,7657.0,7776.0,256601.0,1211392.0,0,0.9890625,0.0625,4.0,6400000.0,0.9812209515655577
1.0,256.0,2.0,1.0,1.0,1.0,39.0,32.0,0,0.5015625,32768.0,0.0625,6400000.0,0.5273919092465753
256.0,256.0,4.0,30.0,2953.0,2943.0,96841.0,438112.0,0,0.9828125,0.015625,1.0,6400000.0,0.9827872737279844
1.0,256.0,2.0,1.0,1.0,1.0,39.0,32.0,0,0.5015625,16384.0,8.0,6400000.0,0.5273919092465753
256.0,256.0,4.0,32.0,3048.0,3036.0,99932.0,452992.0,0,0.9796875,0.00390625,0.015625,6400000.0,0.9827872737279844
1.0,256.0,8.0,1.0,1.0,1.0,543.0,32.0,0,0.5015625,0.00390625,512.0,6400000.0,0.5273919092465753
256.0,256.0,4.0,32.0,3034.0,3022.0,99470.0,450752.0,0,0.9828125,0.0078125,0.125,6400000.0,0.9816138698630137
256.0,256.0,4.0,8.0,2592.0,2601.0,85379.0,383392.0,0,0.959375,64.0,0.015625,6400000.0,0.9628371147260273
1.0,256.0,8.0,1.0,1.0,1.0,543.0,32.0,0,0.5015625,0.5,512.0,6400000.0,0.5273919092465753
1.0,256.0,8.0,1.0,1.0,1.0,543.0,32.0,0,0.5015625,0.0625,2048.0,6400000.0,0.5273919092465753
1.0,256.0,4.0,1.0,1.0,1.0,63.0,32.0,0,0.5015625,16.0,512.0,6400000.0,0.5273919092465753
1.0,256.0,8.0,1.0,1.0,1.0,543.0,32.0,0,0.5015625,0.5,8192.0,6400000.0,0.5273919092465753
256.0,256.0,4.0,32.0,3056.0,3044.0,100196.0,454272.0,0,0.9828125,0.0625,0.0625,6400000.0,0.9812224804305284
256.0,256.0,4.0,8.0,2325.0,2339.0,76573.0,341472.0,0,0.95,0.0,64.0,6400000.0,0.9393636863992171
1.0,256.0,8.0,1.0,1.0,1.0,543.0,32.0,0,0.5015625,0.0625,32768.0,6400000.0,0.5273919092465753
256.0,256.0,4.0,32.0,3053.0,3041.0,100097.0,453792.0,0,0.984375,0.0625,0.0,6400000.0,0.9820052592954991
1.0,256.0,8.0,1.0,1.0,1.0,543.0,32.0,0,0.5015625,0.0078125,1024.0,6400000.0,0.5273919092465753
1.0,256.0,4.0,1.0,1.0,1.0,63.0,32.0,0,0.5015625,0.125,512.0,6400000.0,0.5273919092465753
1.0,256.0,4.0,1.0,1.0,1.0,63.0,32.0,0,0.5015625,0.000976562,1024.0,6400000.0,0.5273919092465753
1.0,256.0,4.0,1.0,1.0,1.0,63.0,32.0,0,0.5015625,32.0,8192.0,6400000.0,0.5273919092465753
1.0,256.0,8.0,1.0,1.0,1.0,543.0,32.0,0,0.5015625,0.03125,2048.0,6400000.0,0.5273919092465753
1.0,256.0,4.0,1.0,1.0,1.0,63.0,32.0,0,0.5015625,1024.0,0.25,6400000.0,0.5273919092465753
256.0,256.0,4.0,6.0,1616.0,1618.0,53190.0,226112.0,0,0.940625,128.0,0.0,6400000.0,0.9409246575342465
1.0,256.0,4.0,1.0,1.0,1.0,63.0,32.0,0,0.5015625,0.00195312,16384.0,6400000.0,0.5273919092465753
1.0,256.0,8.0,1.0,1.0,1.0,543.0,32.0,0,0.5015625,0.0078125,16384.0,6400000.0,0.5273919092465753
1.0,256.0,4.0,1.0,1.0,1.0,63.0,32.0,0,0.5015625,2048.0,0.00195312,6400000.0,0.5273919092465753
256.0,256.0,4.0,6.0,1617.0,1620.0,53224.0,226432.0,0,0.940625,1.0,128.0,6400000.0,0.9409246575342465
1.0,256.0,4.0,1.0,1.0,1.0,63.0,32.0,0,0.5015625,1024.0,256.0,6400000.0,0.5273919092465753
1.0,256.0,8.0,1.0,1.0,1.0,543.0,32.0,0,0.5015625,1.0,1024.0,6400000.0,0.5273919092465753
1.0,256.0,4.0,1.0,1.0,1.0,63.0,32.0,0,0.5015625,512.0,32768.0,6400000.0,0.5273919092465753
256.0,256.0,8.0,23.0,7366.0,7518.0,247115.0,1170112.0,0,0.984375,0.125,8.0,6400000.0,0.9780906005381604
1.0,256.0,4.0,1.0,1.0,1.0,63.0,32.0,0,0.5015625,2048.0,2048.0,6400000.0,0.5273919092465753
1.0,256.0,8.0,1.0,1.0,1.0,543.0,32.0,0,0.5015625,0.03125,32768.0,6400000.0,0.5273919092465753
1.0,256.0,4.0,1.0,1.0,1.0,63.0,32.0,0,0.5015625,8192.0,128.0,6400000.0,0.5273919092465753
1.0,256.0,8.0,1.0,1.0,1.0,543.0,32.0,0,0.5015625,1.0,16384.0,6400000.0,0.5273919092465753
256.0,256.0,8.0,32.0,7639.0,7729.0,255873.0,1203872.0,0,0.9875,0.0078125,0.00390625,6400000.0,0.983177134295499
1.0,256.0,4.0,1.0,1.0,1.0,63.0,32.0,0,0.5015625,4096.0,16.0,6400000.0,0.5273919092465753
1.0,256.0,4.0,1.0,1.0,1.0,63.0,32.0,0,0.5015625,512.0,32.0,6400000.0,0.5273919092465753
1.0,256.0,4.0,1.0,1.0,1.0,63.0,32.0,0,0.5015625,2048.0,2.0,6400000.0,0.5273919092465753
256.0,256.0,8.0,13.0,5803.0,5905.0,195441.0,912032.0,0,0.9703125,0.0,32.0,6400000.0,0.9659667013209393
1.0,256.0,4.0,1.0,1.0,1.0,63.0,32.0,0,0.5015625,4096.0,0.015625,6400000.0,0.5273919092465753
1.0,256.0,4.0,1.0,1.0,1.0,63.0,32.0,0,0.5015625,8192.0,0.125,6400000.0,0.5273919092465753
1.0,256.0,4.0,1.0,1.0,1.0,63.0,32.0,0,0.5015625,16384.0,1.0,6400000.0,0.5273919092465753
1.0,256.0,4.0,1.0,1.0,1.0,63.0,32.0,0,0.5015625,16384.0,0.000976562,6400000.0,0.5273919092465753
256.0,256.0,4.0,11.0,2821.0,2819.0,92877.0,418272.0,0,0.96875,32.0,0.00390625,6400000.0,0.9659667013209393
1.0,256.0,4.0,1.0,1.0,1.0,63.0,32.0,0,0.5015625,512.0,0.03125,6400000.0,0.5273919092465753
256.0,256.0,4.0,32.0,3026.0,3013.0,99205.0,449312.0,0,0.9796875,0.125,0.25,6400000.0,0.9812224804305284
1.0,256.0,4.0,1.0,1.0,1.0,63.0,32.0,0,0.5015625,4096.0,16384.0,6400000.0,0.5273919092465753
1.0,256.0,4.0,1.0,1.0,1.0,63.0,32.0,0,0.5015625,16384.0,1024.0,6400000.0,0.5273919092465753
1.0,256.0,4.0,1.0,1.0,1.0,63.0,32.0,0,0.5015625,32768.0,0.0078125,6400000.0,0.5273919092465753
256.0,256.0,4.0,6.0,1616.0,1618.0,53190.0,226112.0,0,0.940625,0.0625,128.0,6400000.0,0.9409246575342465
256.0,256.0,8.0,31.0,7654.0,7753.0,256398.0,1207712.0,0,0.9875,0.125,0.00195312,6400000.0,0.9820029659980432
256.0,256.0,8.0,13.0,5702.0,5804.0,192108.0,895872.0,0,0.9703125,0.5,32.0,6400000.0,0.9659667013209393
256.0,256.0,8.0,31.0,7634.0,7731.0,255736.0,1204192.0,0,0.9859375,0.125,0.03125,6400000.0,0.9823943554305284
256.0,256.0,8.0,31.0,7726.0,7828.0,258777.0,1219712.0,0,0.9875,0.125,0.5,6400000.0,0.9823943554305284
1.0,256.0,8.0,1.0,1.0,1.0,543.0,32.0,0,0.5015625,0.015625,2048.0,6400000.0,0.5273919092465753
256.0,256.0,4.0,32.0,3056.0,3044.0,100196.0,454272.0,0,0.9828125,0.125,0.00195312,6400000.0,0.9812224804305284
1.0,256.0,4.0,1.0,1.0,1.0,63.0,32.0,0,0.5015625,32768.0,8192.0,6400000.0,0.5273919092465753
1.0,256.0,4.0,1.0,1.0,1.0,63.0,32.0,0,0.5015625,32768.0,8.0,6400000.0,0.5273919092465753
256.0,256.0,4.0,33.0,3060.0,3051.0,100310.0,455392.0,0,0.9828125,0.0,0.0,6400000.0,0.9812224804305284
256.0,256.0,8.0,16.0,6583.0,6678.0,221111.0,1035712.0,0,0.9765625,0.25,16.0,6400000.0,0.9710524706457926
1.0,256.0,4.0,1.0,1.0,1.0,63.0,32.0,0,0.5015625,2.0,2048.0,6400000.0,0.5273919092465753
256.0,256.0,8.0,5.0,1378.0,1409.0,48491.0,192672.0,0,0.940625,0.00195312,256.0,6400000.0,0.9409246575342465
1.0,256.0,4.0,1.0,1.0,1.0,63.0,32.0,0,0.5015625,256.0,4096.0,6400000.0,0.5273919092465753
1.0,256.0,4.0,1.0,1.0,1.0,63.0,32.0,0,0.5015625,0.25,8192.0,6400000.0,0.5273919092465753
256.0,256.0,8.0,8.0,3261.0,3292.0,111078.0,493952.0,0,0.959375,0.03125,64.0,6400000.0,0.9499312010763209
1.0,256.0,8.0,1.0,1.0,1.0,543.0,32.0,0,0.5015625,2.0,2048.0,6400000.0,0.5273919092465753
1.0,256.0,8.0,1.0,1.0,1.0,543.0,32.0,0,0.5015625,2.0,32768.0,6400000.0,0.5273919092465753
1.0,256.0,8.0,1.0,1.0,1.0,543.0,32.0,0,0.5015625,0.125,4096.0,6400000.0,0.5273919092465753
256.0,256.0,8.0,32.0,7629.0,7722.0,255546.0,1202752.0,0,0.9890625,0.0078125,0.0625,6400000.0,0.9823943554305284
256.0,256.0,4.0,11.0,2727.0,2725.0,89775.0,403232.0,0,0.96875,0.00390625,32.0,6400000.0,0.965575311888454
256.0,256.0,8.0,32.0,7636.0,7726.0,255774.0,1203392.0,0,0.9890625,0.000976562,0.000976562,6400000.0,0.9820029659980432
256.0,256.0,4.0,16.0,3027.0,3021.0,99566.0,450592.0,0,0.9765625,16.0,0.000976562,6400000.0,0.9671416340508806
1.0,256.0,8.0,1.0,1.0,1.0,543.0,32.0,0,0.5015625,0.015625,32768.0,6400000.0,0.5273919092465753
256.0,256.0,4.0,32.0,3058.0,3047.0,100263.0,454752.0,0,0.9828125,0.0078125,0.000976562,6400000.0,0.9820052592954991
256.0,256.0,4.0,13.0,2993.0,2990.0,98510.0,445632.0,0,0.9703125,0.5,16.0,6400000.0,0.96674948018591
256.0,256.0,8.0,30.0,7713.0,7813.0,258367.0,1217312.0,0,0.9890625,0.0078125,1.0,6400000.0,0.9812201871330725
256.0,256.0,8.0,8.0,2758.0,2797.0,94518.0,414752.0,0,0.959375,2.0,128.0,6400000.0,0.9409246575342465
256.0,256.0,4.0,11.0,2669.0,2667.0,87861.0,393952.0,0,0.96875,32.0,4.0,6400000.0,0.9640112830234834
256.0,256.0,4.0,8.0,2385.0,2420.0,78574.0,354432.0,0,0.95,8.0,64.0,6400000.0,0.9377981286692758
256.0,256.0,4.0,15.0,2992.0,2986.0,98432.0,444992.0,0,0.971875,16.0,0.5,6400000.0,0.9644019080234832
1.0,256.0,4.0,1.0,1.0,1.0,63.0,32.0,0,0.5015625,0.015625,8192.0,6400000.0,0.5273919092465753
256.0,256.0,4.0,30.0,2978.0,2968.0,97666.0,442112.0,0,0.9796875,1.0,0.0,6400000.0,0.9831786631604696
256.0,256.0,4.0,5.0,1378.0,1409.0,45371.0,192672.0,0,0.940625,256.0,0.00390625,6400000.0,0.9409246575342465
256.0,256.0,8.0,5.0,1378.0,1409.0,48491.0,192672.0,0,0.940625,0.125,256.0,6400000.0,0.9409246575342465
256.0,256.0,8.0,31.0,7609.0,7708.0,254913.0,1200512.0,0,0.9890625,0.25,0.00390625,6400000.0,0.9823943554305284
1.0,256.0,8.0,1.0,1.0,1.0,543.0,32.0,0,0.5015625,0.25,8192.0,6400000.0,0.5273919092465753
1.0,256.0,8.0,1.0,1.0,1.0,543.0,32.0,0,0.5015625,4.0,4096.0,6400000.0,0.5273919092465753
256.0,256.0,8.0,8.0,3227.0,3258.0,109956.0,488512.0,0,0.959375,1.0,64.0,6400000.0,0.9483656433463796
256.0,256.0,8.0,31.0,7611.0,7709.0,254978.0,1200672.0,0,0.9890625,0.25,0.0625,6400000.0,0.9823943554305284
256.0,256.0,8.0,5.0,1378.0,1409.0,48491.0,192672.0,0,0.940625,4.0,256.0,6400000.0,0.9409246575342465
256.0,256.0,8.0,29.0,7698.0,7798.0,257893.0,1214912.0,0,0.9875,0.25,1.0,6400000.0,0.9808287977005872
256.0,256.0,4.0,26.0,3056.0,3044.0,100322.0,454272.0,0,0.984375,0.25,2.0,6400000.0,0.9827872737279844
1.0,256.0,4.0,1.0,1.0,1.0,63.0,32.0,0,0.5015625,4.0,32768.0,6400000.0,0.5273919092465753
1.0,256.0,8.0,1.0,1.0,1.0,543.0,32.0,0,0.5015625,0.25,512.0,6400000.0,0.5273919092465753
1.0,256.0,4.0,1.0,1.0,1.0,63.0,32.0,0,0.5015625,128.0,512.0,6400000.0,0.5273919092465753
1.0,256.0,8.0,1.0,1.0,1.0,543.0,32.0,0,0.5015625,8.0,512.0,6400000.0,0.5273919092465753
1.0,256.0,8.0,1.0,1.0,1.0,543.0,32.0,0,0.5015625,8.0,8192.0,6400000.0,0.5273919092465753
1.0,256.0,4.0,1.0,1.0,1.0,63.0,32.0,0,0.5015625,0.0078125,512.0,6400000.0,0.5273919092465753
256.0,256.0,8.0,31.0,7636.0,7733.0,255802.0,1204512.0,0,0.9875,0.5,0.0078125,6400000.0,0.9827857448630137
256.0,256.0,8.0,31.0,7636.0,7733.0,255802.0,1204512.0,0,0.9875,0.5,0.0,6400000.0,0.9827857448630137
256.0,256.0,4.0,6.0,1623.0,1624.0,53420.0,227072.0,0,0.940625,128.0,0.5,6400000.0,0.9409246575342465
256.0,256.0,4.0,19.0,2971.0,2966.0,97671.0,441792.0,0,0.9796875,8.0,0.0625,6400000.0,0.9792647688356164
256.0,256.0,4.0,5.0,1378.0,1409.0,45371.0,192672.0,0,0.940625,256.0,4.0,6400000.0,0.9409246575342465
256.0,256.0,8.0,29.0,7629.0,7751.0,255638.0,1207392.0,0,0.9890625,0.5,2.0,6400000.0,0.9816115765655578
256.0,256.0,4.0,32.0,3058.0,3047.0,100263.0,454752.0,0,0.9828125,0.000976562,0.00195312,6400000.0,0.9823951198630138
256.0,256.0,4.0,17.0,2979.0,2976.0,97964.0,443392.0,0,0.9765625,4.0,8.0,6400000.0,0.9694869129158512
1.0,256.0,4.0,1.0,1.0,1.0,63.0,32.0,0,0.5015625,16.0,1024.0,6400000.0,0.5273919092465753
1.0,256.0,8.0,1.0,1.0,1.0,543.0,32.0,0,0.5015625,0.5,1024.0,6400000.0,0.5273919092465753
1.0,256.0,8.0,1.0,1.0,1.0,543.0,32.0,0,0.5015625,0.0625,4096.0,6400000.0,0.5273919092465753
256.0,256.0,4.0,23.0,3040.0,3031.0,99860.0,452192.0,0,0.9875,2.0,0.00195312,6400000.0,0.982786509295499
256.0,256.0,4.0,6.0,1624.0,1645.0,53473.0,230432.0,0,0.940625,64.0,32.0,6400000.0,0.9409246575342465
256.0,256.0,8.0,31.0,7726.0,7828.0,258777.0,1219712.0,0,0.9875,0.5,0.125,6400000.0,0.9823943554305284
256.0,256.0,4.0,13.0,2944.0,2943.0,96895.0,438112.0,0,0.9703125,0.03125,16.0,6400000.0,0.9659674657534246
256.0,256.0,4.0,20.0,2903.0,2897.0,95405.0,430752.0,0,0.978125,4.0,0.0078125,6400000.0,0.980047547700587
256.0,256.0,4.0,23.0,3042.0,3033.0,99926.0,452512.0,0,0.98125,2.0,1.0,6400000.0,0.9823966487279844
256.0,256.0,4.0,29.0,3005.0,2989.0,98572.0,445472.0,0,0.9828125,1.0,0.125,6400000.0,0.9812217159980431
1.0,256.0,8.0,1.0,1.0,1.0,543.0,32.0,0,0.5015625,0.5,16384.0,6400000.0,0.5273919092465753
256.0,256.0,4.0,32.0,3026.0,3013.0,99205.0,449312.0,0,0.9828125,0.5,0.015625,6400000.0,0.9827872737279844
256.0,256.0,4.0,32.0,3048.0,3036.0,99932.0,452992.0,0,0.9796875,0.015625,0.00390625,6400000.0,0.9827872737279844
1.0,256.0,4.0,1.0,1.0,1.0,63.0,32.0,0,0.5015625,0.125,1024.0,6400000.0,0.5273919092465753
1.0,256.0,4.0,1.0,1.0,1.0,63.0,32.0,0,0.5015625,0.000976562,2048.0,6400000.0,0.5273919092465753
256.0,256.0,4.0,32.0,3039.0,3027.0,99635.0,451552.0,0,0.984375,0.03125,0.015625,6400000.0,0.9823966487279844
256.0,256.0,8.0,8.0,2787.0,2800.0,95449.0,415232.0,0,0.959375,0.0625,128.0,6400000.0,0.9409246575342465
1.0,256.0,4.0,1.0,1.0,1.0,63.0,32.0,0,0.5015625,1024.0,0.5,6400000.0,0.5273919092465753
256.0,256.0,8.0,25.0,7594.0,7716.0,254567.0,1201792.0,0,0.9859375,1.0,4.0,6400000.0,0.980826504403131
256.0,256.0,4.0,32.0,3053.0,3041.0,100097.0,453792.0,0,0.984375,0.0,0.0625,6400000.0,0.9820052592954991
1.0,256.0,8.0,1.0,1.0,1.0,543.0,32.0,0,0.5015625,0.03125,4096.0,6400000.0,0.5273919092465753
1.0,256.0,4.0,1.0,1.0,1.0,63.0,32.0,0,0.5015625,32.0,16384.0,6400000.0,0.5273919092465753
1.0,256.0,4.0,1.0,1.0,1.0,63.0,32.0,0,0.5015625,0.00195312,32768.0,6400000.0,0.5273919092465753
256.0,256.0,8.0,13.0,5835.0,5933.0,196493.0,916512.0,0,0.9703125,4.0,16.0,6400000.0,0.9663603840508805
1.0,256.0,4.0,1.0,1.0,1.0,63.0,32.0,0,0.5015625,2048.0,0.00390625,6400000.0,0.5273919092465753
1.0,256.0,4.0,1.0,1.0,1.0,63.0,32.0,0,0.5015625,2048.0,4096.0,6400000.0,0.5273919092465753
1.0,256.0,4.0,1.0,1.0,1.0,63.0,32.0,0,0.5015625,1024.0,512.0,6400000.0,0.5273919092465753
1.0,256.0,8.0,1.0,1.0,1.0,543.0,32.0,0,0.5015625,1.0,2048.0,6400000.0,0.5273919092465753
1.0,256.0,4.0,1.0,1.0,1.0,63.0,32.0,0,0.5015625,1024.0,0.0,6400000.0,0.5273919092465753
256.0,256.0,8.0,29.0,7657.0,7777.0,256560.0,1211552.0,0,0.9875,0.015625,2.0,6400000.0,0.9796553938356164
256.0,256.0,4.0,23.0,3073.0,3064.0,100949.0,457472.0,0,0.984375,0.00195312,4.0,6400000.0,0.9800475477005872
1.0,256.0,8.0,1.0,1.0,1.0,543.0,32.0,0,0.5015625,1.0,32768.0,6400000.0,0.5273919092465753
256.0,256.0,8.0,10.0,4483.0,4576.0,151935.0,699392.0,0,0.9640625,8.0,32.0,6400000.0,0.9644011435909979
1.0,256.0,4.0,1.0,1.0,1.0,63.0,32.0,0,0.5015625,8192.0,256.0,6400000.0,0.5273919092465753
1.0,256.0,4.0,1.0,1.0,1.0,63.0,32.0,0,0.5015625,4096.0,32.0,6400000.0,0.5273919092465753
1.0,256.0,4.0,1.0,1.0,1.0,63.0,32.0,0,0.5015625,2048.0,4.0,6400000.0,0.5273919092465753
1.0,256.0,4.0,1.0,1.0,1.0,63.0,32.0,0,0.5015625,4096.0,0.03125,6400000.0,0.5273919092465753
1.0,256.0,4.0,1.0,1.0,1.0,63.0,32.0,0,0.5015625,512.0,64.0,6400000.0,0.5273919092465753
1.0,256.0,4.0,1.0,1.0,1.0,63.0,32.0,0,0.5015625,16384.0,2.0,6400000.0,0.5273919092465753
256.0,256.0,4.0,32.0,3041.0,3028.0,99700.0,451712.0,0,0.984375,0.25,0.00390625,6400000.0,0.9823958842954991
1.0,256.0,4.0,1.0,1.0,1.0,63.0,32.0,0,0.5015625,8192.0,0.25,6400000.0,0.5273919092465753
1.0,256.0,4.0,1.0,1.0,1.0,63.0,32.0,0,0.5015625,16384.0,0.00195312,6400000.0,0.5273919092465753
256.0,256.0,8.0,30.0,7713.0,7813.0,258367.0,1217312.0,0,0.9890625,1.0,0.000976562,6400000.0,0.9812201871330725
256.0,256.0,8.0,21.0,6956.0,7092.0,233611.0,1101952.0,0,0.9796875,2.0,8.0,6400000.0,0.9804389371330725
1.0,256.0,4.0,1.0,1.0,1.0,63.0,32.0,0,0.5015625,16384.0,2048.0,6400000.0,0.5273919092465753
1.0,256.0,4.0,1.0,1.0,1.0,63.0,32.0,0,0.5015625,4096.0,32768.0,6400000.0,0.5273919092465753
1.0,256.0,4.0,1.0,1.0,1.0,63.0,32.0,0,0.5015625,512.0,0.0625,6400000.0,0.5273919092465753
1.0,256.0,4.0,1.0,1.0,1.0,63.0,32.0,0,0.5015625,32768.0,0.015625,6400000.0,0.5273919092465753
256.0,256.0,8.0,31.0,7634.0,7731.0,255736.0,1204192.0,0,0.9859375,0.015625,0.125,6400000.0,0.9827857448630137
256.0,256.0,8.0,32.0,7641.0,7732.0,255940.0,1204352.0,0,0.9890625,0.015625,0.0078125,6400000.0,0.9827857448630137
256.0,256.0,8.0,30.0,7713.0,7813.0,258367.0,1217312.0,0,0.9890625,1.0,0.015625,6400000.0,0.9812201871330725
256.0,256.0,4.0,6.0,1616.0,1618.0,53190.0,226112.0,0,0.940625,128.0,0.000976562,6400000.0,0.9409246575342465
256.0,256.0,4.0,33.0,3040.0,3028.0,99647.0,451712.0,0,0.9828125,0.00195312,0.0078125,6400000.0,0.9827880381604697
1.0,256.0,4.0,1.0,1.0,1.0,63.0,32.0,0,0.5015625,32768.0,16384.0,6400000.0,0.5273919092465753
1.0,256.0,4.0,1.0,1.0,1.0,63.0,32.0,0,0.5015625,32768.0,16.0,6400000.0,0.5273919092465753
256.0,256.0,8.0,29.0,7698.0,7798.0,257893.0,1214912.0,0,0.9875,1.0,0.25,6400000.0,0.9808287977005872
256.0,256.0,8.0,8.0,2787.0,2800.0,95449.0,415232.0,0,0.959375,0.000976562,128.0,6400000.0,0.9409246575342465
256.0,256.0,4.0,5.0,1378.0,1409.0,45371.0,192672.0,0,0.940625,1.0,256.0,6400000.0,0.9409246575342465
256.0,256.0,4.0,32.0,3026.0,3013.0,99205.0,449312.0,0,0.9828125,0.000976562,0.5,6400000.0,0.982786509295499
256.0,256.0,8.0,29.0,7640.0,7768.0,256007.0,1210112.0,0,0.9890625,2.0,0.00195312,6400000.0,0.9796546294031311
256.0,256.0,8.0,16.0,6509.0,6604.0,218669.0,1023872.0,0,0.9765625,0.00390625,16.0,6400000.0,0.9710524706457926
1.0,256.0,4.0,1.0,1.0,1.0,63.0,32.0,0,0.5015625,2.0,4096.0,6400000.0,0.5273919092465753
256.0,256.0,8.0,29.0,7657.0,7777.0,256560.0,1211552.0,0,0.9875,2.0,0.03125,6400000.0,0.9800467832681019
1.0,256.0,4.0,1.0,1.0,1.0,63.0,32.0,0,0.5015625,0.25,16384.0,6400000.0,0.5273919092465753
1.0,256.0,4.0,1.0,1.0,1.0,63.0,32.0,0,0.5015625,256.0,8192.0,6400000.0,0.5273919092465753
1.0,256.0,8.0,1.0,1.0,1.0,543.0,32.0,0,0.5015625,16.0,1024.0,6400000.0,0.5273919092465753
1.0,256.0,8.0,1.0,1.0,1.0,543.0,32.0,0,0.5015625,2.0,4096.0,6400000.0,0.5273919092465753
1.0,256.0,8.0,1.0,1.0,1.0,543.0,32.0,0,0.5015625,16.0,16384.0,6400000.0,0.5273919092465753
256.0,256.0,4.0,5.0,1378.0,1409.0,45371.0,192672.0,0,0.940625,0.0625,256.0,6400000.0,0.9409246575342465
256.0,256.0,4.0,6.0,1616.0,1618.0,53190.0,226112.0,0,0.940625,0.0,128.0,6400000.0,0.9409246575342465
1.0,256.0,8.0,1.0,1.0,1.0,543.0,32.0,0,0.5015625,0.125,8192.0,6400000.0,0.5273919092465753
256.0,256.0,8.0,29.0,7629.0,7751.0,255638.0,1207392.0,0,0.9890625,2.0,0.5,6400000.0,0.9816115765655578
256.0,256.0,8.0,27.0,7649.0,7768.0,256337.0,1210112.0,0,0.9890625,4.0,0.00390625,6400000.0,0.980828797700587
256.0,256.0,4.0,27.0,3044.0,3031.0,99904.0,452192.0,0,0.9859375,0.015625,2.0,6400000.0,0.9823951198630138
256.0,256.0,8.0,25.0,7594.0,7716.0,254567.0,1201792.0,0,0.9859375,4.0,1.0,6400000.0,0.980826504403131
256.0,256.0,8.0,27.0,7657.0,7776.0,256601.0,1211392.0,0,0.9890625,4.0,0.0625,6400000.0,0.9812209515655577
256.0,256.0,8.0,23.0,7366.0,7518.0,247115.0,1170112.0,0,0.984375,8.0,0.0,6400000.0,0.9773078216731896
256.0,256.0,8.0,13.0,5803.0,5905.0,195441.0,912032.0,0,0.9703125,0.0078125,32.0,6400000.0,0.9659667013209393
1.0,256.0,4.0,1.0,1.0,1.0,63.0,32.0,0,0.5015625,0.015625,16384.0,6400000.0,0.5273919092465753
256.0,256.0,4.0,32.0,3031.0,3019.0,99371.0,450272.0,0,0.9796875,0.00390625,0.03125,6400000.0,0.9820052592954991
256.0,256.0,8.0,13.0,5822.0,5921.0,196065.0,914592.0,0,0.9703125,16.0,0.000976562,6400000.0,0.9710524706457926
256.0,256.0,4.0,8.0,2592.0,2601.0,85379.0,383392.0,0,0.959375,64.0,0.03125,6400000.0,0.9628371147260273
256.0,256.0,8.0,31.0,7609.0,7708.0,254913.0,1200512.0,0,0.9890625,0.25,0.0,6400000.0,0.9823943554305284
256.0,256.0,8.0,23.0,7366.0,7518.0,247115.0,1170112.0,0,0.984375,8.0,0.0078125,6400000.0,0.9773078216731896
256.0,256.0,4.0,32.0,3041.0,3028.0,99700.0,451712.0,0,0.984375,0.0078125,0.25,6400000.0,0.9820044948630138
256.0,256.0,4.0,11.0,2821.0,2819.0,92877.0,418272.0,0,0.96875,32.0,0.0078125,6400000.0,0.9659667013209393
256.0,256.0,8.0,21.0,6956.0,7092.0,233611.0,1101952.0,0,0.9796875,8.0,2.0,6400000.0,0.9788733794031312
256.0,256.0,8.0,23.0,7366.0,7518.0,247115.0,1170112.0,0,0.984375,8.0,0.125,6400000.0,0.9769164322407043
1.0,256.0,8.0,1.0,1.0,1.0,543.0,32.0,0,0.5015625,0.25,16384.0,6400000.0,0.5273919092465753
1.0,256.0,8.0,1.0,1.0,1.0,543.0,32.0,0,0.5015625,4.0,8192.0,6400000.0,0.5273919092465753
256.0,256.0,8.0,8.0,3261.0,3292.0,111078.0,493952.0,0,0.959375,0.015625,64.0,6400000.0,0.9499312010763209
256.0,256.0,8.0,32.0,7628.0,7718.0,255510.0,1202112.0,0,0.9875,0.03125,0.000976562,6400000.0,0.9827857448630137
256.0,256.0,8.0,5.0,1378.0,1409.0,48491.0,192672.0,0,0.940625,2.0,256.0,6400000.0,0.9409246575342465
256.0,256.0,8.0,23.0,7366.0,7518.0,247115.0,1170112.0,0,0.984375,0.00195312,8.0,6400000.0,0.9788733794031312
1.0,256.0,8.0,1.0,1.0,1.0,543.0,32.0,0,0.5015625,0.125,512.0,6400000.0,0.5273919092465753
256.0,256.0,4.0,32.0,3043.0,3031.0,99767.0,452192.0,0,0.9828125,0.0625,0.125,6400000.0,0.982786509295499
256.0,256.0,8.0,13.0,5879.0,5978.0,197946.0,923712.0,0,0.9703125,16.0,4.0,6400000.0,0.96557760518591
256.0,256.0,4.0,5.0,1378.0,1409.0,45371.0,192672.0,0,0.940625,256.0,0.0078125,6400000.0,0.9409246575342465
256.0,256.0,8.0,13.0,5822.0,5921.0,196065.0,914592.0,0,0.9703125,16.0,0.015625,6400000.0,0.9710524706457926
256.0,256.0,4.0,32.0,3053.0,3041.0,100097.0,453792.0,0,0.984375,0.0625,0.000976562,6400000.0,0.9816138698630137
1.0,256.0,8.0,1.0,1.0,1.0,543.0,32.0,0,0.5015625,4.0,512.0,6400000.0,0.5273919092465753
1.0,256.0,4.0,1.0,1.0,1.0,63.0,32.0,0,0.5015625,128.0,1024.0,6400000.0,0.5273919092465753
1.0,256.0,8.0,1.0,1.0,1.0,543.0,32.0,0,0.5015625,8.0,1024.0,6400000.0,0.5273919092465753
1.0,256.0,8.0,1.0,1.0,1.0,543.0,32.0,0,0.5015625,0.25,1024.0,6400000.0,0.5273919092465753
1.0,256.0,8.0,1.0,1.0,1.0,543.0,32.0,0,0.5015625,8.0,16384.0,6400000.0,0.5273919092465753
256.0,256.0,8.0,16.0,6462.0,6557.0,217118.0,1016352.0,0,0.9765625,16.0,0.25,6400000.0,0.9710524706457926
256.0,256.0,4.0,16.0,3027.0,3021.0,99566.0,450592.0,0,0.9765625,16.0,0.00195312,6400000.0,0.9671416340508806
256.0,256.0,4.0,11.0,2889.0,2887.0,95121.0,429152.0,0,0.96875,0.5,32.0,6400000.0,0.9659667013209393
1.0,256.0,4.0,1.0,1.0,1.0,63.0,32.0,0,0.5015625,0.0078125,1024.0,6400000.0,0.5273919092465753
256.0,256.0,8.0,27.0,7660.0,7779.0,256700.0,1211872.0,0,0.9890625,0.03125,4.0,6400000.0,0.9812209515655577
256.0,256.0,8.0,13.0,5698.0,5800.0,191976.0,895232.0,0,0.9703125,32.0,0.00195312,6400000.0,0.9671408696183953
256.0,256.0,4.0,8.0,2325.0,2339.0,76573.0,341472.0,0,0.95,0.00390625,64.0,6400000.0,0.9393636863992171
256.0,256.0,8.0,8.0,3231.0,3251.0,110077.0,487392.0,0,0.959375,16.0,64.0,6400000.0,0.9483656433463796
256.0,256.0,4.0,32.0,2980.0,2967.0,97687.0,441952.0,0,0.98125,0.125,0.5,6400000.0,0.9835700525929549
256.0,256.0,8.0,8.0,2787.0,2800.0,95449.0,415232.0,0,0.959375,0.03125,128.0,6400000.0,0.9409246575342465
256.0,256.0,4.0,7.0,2201.0,2199.0,72486.0,319072.0,0,0.946875,8.0,128.0,6400000.0,0.9409246575342465
256.0,256.0,8.0,32.0,7629.0,7722.0,255546.0,1202752.0,0,0.9890625,0.03125,0.015625,6400000.0,0.9823943554305284
1.0,256.0,8.0,1.0,1.0,1.0,543.0,32.0,0,0.5015625,0.5,2048.0,6400000.0,0.5273919092465753
256.0,256.0,4.0,11.0,2937.0,2935.0,96705.0,436832.0,0,0.96875,32.0,8.0,6400000.0,0.964010518590998
1.0,256.0,4.0,1.0,1.0,1.0,63.0,32.0,0,0.5015625,16.0,2048.0,6400000.0,0.5273919092465753
1.0,256.0,8.0,1.0,1.0,1.0,543.0,32.0,0,0.5015625,0.0625,8192.0,6400000.0,0.5273919092465753
256.0,256.0,8.0,31.0,7609.0,7708.0,254913.0,1200512.0,0,0.9890625,0.03125,0.25,6400000.0,0.9827857448630137
256.0,256.0,8.0,27.0,7649.0,7768.0,256337.0,1210112.0,0,0.9890625,0.000976562,4.0,6400000.0,0.980828797700587
256.0,256.0,4.0,32.0,3034.0,3022.0,99470.0,450752.0,0,0.9828125,0.125,0.00390625,6400000.0,0.9812224804305284
256.0,256.0,4.0,13.0,3021.0,3017.0,99433.0,449952.0,0,0.9703125,16.0,1.0,6400000.0,0.965184686888454
256.0,256.0,4.0,6.0,1617.0,1620.0,53224.0,226432.0,0,0.940625,128.0,1.0,6400000.0,0.9409246575342465
1.0,256.0,8.0,1.0,1.0,1.0,543.0,32.0,0,0.5015625,0.5,32768.0,6400000.0,0.5273919092465753
256.0,256.0,4.0,5.0,1378.0,1409.0,45371.0,192672.0,0,0.940625,256.0,8.0,6400000.0,0.9409246575342465
256.0,256.0,8.0,13.0,5698.0,5800.0,191976.0,895232.0,0,0.9703125,32.0,0.03125,6400000.0,0.9671408696183953
1.0,256.0,4.0,1.0,1.0,1.0,63.0,32.0,0,0.5015625,0.125,2048.0,6400000.0,0.5273919092465753
256.0,256.0,4.0,19.0,2971.0,2966.0,97671.0,441792.0,0,0.9796875,8.0,0.0,6400000.0,0.9776992111056751
1.0,256.0,4.0,1.0,1.0,1.0,63.0,32.0,0,0.5015625,0.000976562,4096.0,6400000.0,0.5273919092465753
1.0,256.0,4.0,1.0,1.0,1.0,63.0,32.0,0,0.5015625,1024.0,1.0,6400000.0,0.5273919092465753
1.0,256.0,4.0,1.0,1.0,1.0,63.0,32.0,0,0.5015625,32.0,32768.0,6400000.0,0.5273919092465753
1.0,256.0,4.0,1.0,1.0,1.0,63.0,32.0,0,0.5015625,2048.0,0.0078125,6400000.0,0.5273919092465753
1.0,256.0,4.0,1.0,1.0,1.0,63.0,32.0,0,0.5015625,2048.0,8192.0,6400000.0,0.5273919092465753
1.0,256.0,8.0,1.0,1.0,1.0,543.0,32.0,0,0.5015625,1.0,4096.0,6400000.0,0.5273919092465753
1.0,256.0,4.0,1.0,1.0,1.0,63.0,32.0,0,0.5015625,1024.0,1024.0,6400000.0,0.5273919092465753
256.0,256.0,8.0,8.0,3261.0,3292.0,111078.0,493952.0,0,0.959375,0.0,64.0,6400000.0,0.9499312010763209
256.0,256.0,8.0,29.0,7640.0,7768.0,256007.0,1210112.0,0,0.9890625,0.0,2.0,6400000.0,0.9796546294031311
1.0,256.0,4.0,1.0,1.0,1.0,63.0,32.0,0,0.5015625,1024.0,0.000976562,6400000.0,0.5273919092465753
256.0,256.0,4.0,33.0,3040.0,3028.0,99647.0,451712.0,0,0.9828125,0.0078125,0.00195312,6400000.0,0.9827880381604697
1.0,256.0,4.0,1.0,1.0,1.0,63.0,32.0,0,0.5015625,4096.0,64.0,6400000.0,0.5273919092465753
1.0,256.0,4.0,1.0,1.0,1.0,63.0,32.0,0,0.5015625,2048.0,8.0,6400000.0,0.5273919092465753
1.0,256.0,4.0,1.0,1.0,1.0,63.0,32.0,0,0.5015625,4096.0,0.0625,6400000.0,0.5273919092465753
1.0,256.0,4.0,1.0,1.0,1.0,63.0,32.0,0,0.5015625,512.0,128.0,6400000.0,0.5273919092465753
1.0,256.0,4.0,1.0,1.0,1.0,63.0,32.0,0,0.5015625,8192.0,512.0,6400000.0,0.5273919092465753
1.0,256.0,4.0,1.0,1.0,1.0,63.0,32.0,0,0.5015625,16384.0,4.0,6400000.0,0.5273919092465753
256.0,256.0,4.0,6.0,1616.0,1618.0,53190.0,226112.0,0,0.940625,64.0,64.0,6400000.0,0.9409246575342465
256.0,256.0,8.0,32.0,7639.0,7729.0,255873.0,1203872.0,0,0.9875,0.0078125,0.000976562,6400000.0,0.983177134295499
1.0,256.0,4.0,1.0,1.0,1.0,63.0,32.0,0,0.5015625,8192.0,0.5,6400000.0,0.5273919092465753
256.0,256.0,8.0,8.0,2788.0,2836.0,95517.0,420992.0,0,0.959375,1.0,128.0,6400000.0,0.9409246575342465
1.0,256.0,4.0,1.0,1.0,1.0,63.0,32.0,0,0.5015625,8192.0,0.0,6400000.0,0.5273919092465753
1.0,256.0,4.0,1.0,1.0,1.0,63.0,32.0,0,0.5015625,16384.0,4096.0,6400000.0,0.5273919092465753
256.0,256.0,8.0,8.0,3227.0,3258.0,109956.0,488512.0,0,0.959375,0.5,64.0,6400000.0,0.9499312010763209
1.0,256.0,4.0,1.0,1.0,1.0,63.0,32.0,0,0.5015625,16384.0,0.00390625,6400000.0,0.5273919092465753
1.0,256.0,4.0,1.0,1.0,1.0,63.0,32.0,0,0.5015625,32768.0,0.03125,6400000.0,0.5273919092465753
256.0,256.0,8.0,13.0,5803.0,5905.0,195441.0,912032.0,0,0.9703125,0.25,32.0,6400000.0,0.9659667013209393
256.0,256.0,4.0,30.0,2978.0,2968.0,97666.0,442112.0,0,0.9796875,1.0,0.000976562,6400000.0,0.9831786631604696
256.0,256.0,8.0,5.0,1378.0,1409.0,48491.0,192672.0,0,0.940625,0.0625,256.0,6400000.0,0.9409246575342465
1.0,256.0,4.0,1.0,1.0,1.0,63.0,32.0,0,0.5015625,512.0,0.125,6400000.0,0.5273919092465753
1.0,256.0,4.0,1.0,1.0,1.0,63.0,32.0,0,0.5015625,32768.0,32768.0,6400000.0,0.5273919092465753
256.0,256.0,8.0,31.0,7654.0,7753.0,256398.0,1207712.0,0,0.9875,0.125,0.0,6400000.0,0.9820029659980432
1.0,256.0,4.0,1.0,1.0,1.0,63.0,32.0,0,0.5015625,32768.0,32.0,6400000.0,0.5273919092465753
256.0,256.0,4.0,23.0,3106.0,3097.0,102038.0,462752.0,0,0.9875,0.25,4.0,6400000.0,0.9808318554305284
256.0,256.0,8.0,5.0,1378.0,1409.0,48491.0,192672.0,0,0.940625,32.0,128.0,6400000.0,0.9409246575342465
1.0,256.0,4.0,1.0,1.0,1.0,63.0,32.0,0,0.5015625,2.0,8192.0,6400000.0,0.5273919092465753
256.0,256.0,8.0,32.0,7639.0,7729.0,255873.0,1203872.0,0,0.9875,0.0,0.0078125,6400000.0,0.9827857448630137
256.0,256.0,8.0,32.0,7634.0,7725.0,255709.0,1203232.0,0,0.9875,0.015625,0.000976562,6400000.0,0.9827857448630137
256.0,256.0,8.0,31.0,7654.0,7753.0,256398.0,1207712.0,0,0.9875,0.0,0.125,6400000.0,0.9820029659980432
1.0,256.0,4.0,1.0,1.0,1.0,63.0,32.0,0,0.5015625,1.0,512.0,6400000.0,0.5273919092465753
1.0,256.0,4.0,1.0,1.0,1.0,63.0,32.0,0,0.5015625,0.25,32768.0,6400000.0,0.5273919092465753
256.0,256.0,8.0,23.0,7366.0,7518.0,247115.0,1170112.0,0,0.984375,0.0625,8.0,6400000.0,0.9788733794031312
256.0,256.0,8.0,31.0,7609.0,7708.0,254913.0,1200512.0,0,0.9890625,0.000976562,0.25,6400000.0,0.9823943554305284
1.0,256.0,8.0,1.0,1.0,1.0,543.0,32.0,0,0.5015625,2.0,8192.0,6400000.0,0.5273919092465753
1.0,256.0,8.0,1.0,1.0,1.0,543.0,32.0,0,0.5015625,16.0,32768.0,6400000.0,0.5273919092465753
256.0,256.0,8.0,32.0,7634.0,7725.0,255709.0,1203232.0,0,0.9875,0.000976562,0.015625,6400000.0,0.9827857448630137
256.0,256.0,4.0,11.0,2727.0,2725.0,89775.0,403232.0,0,0.96875,0.03125,32.0,6400000.0,0.965575311888454
1.0,256.0,4.0,1.0,1.0,1.0,63.0,32.0,0,0.5015625,256.0,16384.0,6400000.0,0.5273919092465753
1.0,256.0,8.0,1.0,1.0,1.0,543.0,32.0,0,0.5015625,32.0,2048.0,6400000.0,0.5273919092465753
1.0,256.0,8.0,1.0,1.0,1.0,543.0,32.0,0,0.5015625,16.0,2048.0,6400000.0,0.5273919092465753
256.0,256.0,4.0,13.0,3000.0,2996.0,98740.0,446592.0,0,0.9703125,4.0,16.0,6400000.0,0.9671408696183953
256.0,256.0,4.0,19.0,2971.0,2966.0,97671.0,441792.0,0,0.9796875,8.0,0.125,6400000.0,0.9773078216731899
256.0,256.0,8.0,32.0,7629.0,7722.0,255546.0,1202752.0,0,0.9890625,0.0625,0.0,6400000.0,0.9823943554305284
1.0,256.0,8.0,1.0,1.0,1.0,543.0,32.0,0,0.5015625,0.125,16384.0,6400000.0,0.5273919092465753
256.0,256.0,4.0,6.0,1616.0,1618.0,53190.0,226112.0,0,0.940625,128.0,0.00195312,6400000.0,0.9409246575342465
1.0,256.0,4.0,1.0,1.0,1.0,63.0,32.0,0,0.5015625,0.0625,512.0,6400000.0,0.5273919092465753
256.0,256.0,8.0,31.0,7636.0,7733.0,255802.0,1204512.0,0,0.9875,0.00195312,0.5,6400000.0,0.9827857448630137
256.0,256.0,8.0,32.0,7628.0,7718.0,255510.0,1202112.0,0,0.9875,0.00195312,0.03125,6400000.0,0.9827857448630137
256.0,256.0,8.0,27.0,7649.0,7768.0,256337.0,1210112.0,0,0.9890625,4.0,0.0,6400000.0,0.980828797700587
256.0,256.0,8.0,30.0,7713.0,7813.0,258367.0,1217312.0,0,0.9890625,0.00390625,1.0,6400000.0,0.9812201871330725
256.0,256.0,8.0,16.0,6509.0,6604.0,218669.0,1023872.0,0,0.9765625,0.125,16.0,6400000.0,0.9698783023483365
256.0,256.0,4.0,5.0,1378.0,1409.0,45371.0,192672.0,0,0.940625,0.0,256.0,6400000.0,0.9409246575342465
256.0,256.0,8.0,32.0,7636.0,7726.0,255774.0,1203392.0,0,0.9890625,0.00195312,0.00195312,6400000.0,0.9820029659980432
256.0,256.0,8.0,10.0,4505.0,4598.0,152661.0,702912.0,0,0.9640625,32.0,8.0,6400000.0,0.9644011435909979
256.0,256.0,8.0,13.0,5703.0,5805.0,192141.0,896032.0,0,0.9703125,32.0,0.5,6400000.0,0.9671408696183953
256.0,256.0,8.0,32.0,7629.0,7722.0,255546.0,1202752.0,0,0.9890625,0.0625,0.00195312,6400000.0,0.9823943554305284
1.0,256.0,8.0,1.0,1.0,1.0,543.0,32.0,0,0.5015625,32.0,32768.0,6400000.0,0.5273919092465753
256.0,256.0,4.0,23.0,3040.0,3031.0,99860.0,452192.0,0,0.9875,2.0,0.00390625,6400000.0,0.9812209515655577
256.0,256.0,8.0,32.0,7629.0,7722.0,255546.0,1202752.0,0,0.9890625,0.00390625,0.0625,6400000.0,0.9823943554305284
256.0,256.0,4.0,20.0,2903.0,2897.0,95405.0,430752.0,0,0.978125,4.0,0.015625,6400000.0,0.980047547700587
256.0,256.0,4.0,23.0,3073.0,3064.0,100949.0,457472.0,0,0.984375,2.0,2.0,6400000.0,0.9804389371330723
256.0,256.0,8.0,32.0,7639.0,7729.0,255873.0,1203872.0,0,0.9875,0.00390625,0.00390625,6400000.0,0.9827857448630137
256.0,256.0,8.0,32.0,7629.0,7722.0,255546.0,1202752.0,0,0.9890625,0.0625,0.03125,6400000.0,0.9820029659980432
256.0,256.0,4.0,29.0,2977.0,2963.0,97650.0,441312.0,0,0.984375,1.0,0.25,6400000.0,0.9812209515655578
1.0,256.0,8.0,1.0,1.0,1.0,543.0,32.0,0,0.5015625,4.0,16384.0,6400000.0,0.5273919092465753
1.0,256.0,8.0,1.0,1.0,1.0,543.0,32.0,0,0.5015625,0.25,32768.0,6400000.0,0.5273919092465753
256.0,256.0,4.0,32.0,3058.0,3047.0,100263.0,454752.0,0,0.9828125,0.000976562,0.00390625,6400000.0,0.9823958842954991
256.0,256.0,4.0,19.0,2964.0,2959.0,97440.0,440672.0,0,0.9796875,0.00195312,8.0,6400000.0,0.9780906005381604
256.0,256.0,4.0,31.0,3046.0,3034.0,99887.0,452672.0,0,0.9828125,0.5,0.03125,6400000.0,0.9820037304305285
1.0,256.0,8.0,1.0,1.0,1.0,543.0,32.0,0,0.5015625,0.125,1024.0,6400000.0,0.5273919092465753
1.0,256.0,8.0,1.0,1.0,1.0,543.0,32.0,0,0.5015625,2.0,512.0,6400000.0,0.5273919092465753
256.0,256.0,4.0,32.0,3048.0,3036.0,99932.0,452992.0,0,0.9796875,0.015625,0.0078125,6400000.0,0.9827872737279844
256.0,256.0,8.0,31.0,7621.0,7721.0,255310.0,1202592.0,0,0.9890625,0.0625,0.5,6400000.0,0.9808287977005872
1.0,256.0,4.0,1.0,1.0,1.0,63.0,32.0,0,0.5015625,128.0,2048.0,6400000.0,0.5273919092465753
1.0,256.0,8.0,1.0,1.0,1.0,543.0,32.0,0,0.5015625,8.0,32768.0,6400000.0,0.5273919092465753
1.0,256.0,8.0,1.0,1.0,1.0,543.0,32.0,0,0.5015625,0.25,2048.0,6400000.0,0.5273919092465753
1.0,256.0,8.0,1.0,1.0,1.0,543.0,32.0,0,0.5015625,4.0,1024.0,6400000.0,0.5273919092465753
1.0,256.0,8.0,1.0,1.0,1.0,543.0,32.0,0,0.5015625,8.0,2048.0,6400000.0,0.5273919092465753
256.0,256.0,4.0,32.0,3053.0,3041.0,100097.0,453792.0,0,0.984375,0.03125,0.03125,6400000.0,0.9820052592954991
256.0,256.0,4.0,32.0,3056.0,3044.0,100196.0,454272.0,0,0.9828125,0.0,0.125,6400000.0,0.9812224804305284
1.0,256.0,4.0,1.0,1.0,1.0,63.0,32.0,0,0.5015625,0.0078125,2048.0,6400000.0,0.5273919092465753
256.0,256.0,4.0,5.0,1378.0,1409.0,45371.0,192672.0,0,0.940625,256.0,0.015625,6400000.0,0.9409246575342465
256.0,256.0,8.0,13.0,5924.0,6035.0,199443.0,932832.0,0,0.9703125,4.0,32.0,6400000.0,0.9663580907534246
256.0,256.0,4.0,32.0,3041.0,3028.0,99700.0,451712.0,0,0.984375,0.25,0.0078125,6400000.0,0.9820044948630138
1.0,256.0,8.0,1.0,1.0,1.0,543.0,32.0,0,0.5015625,0.5,4096.0,6400000.0,0.5273919092465753
1.0,256.0,4.0,1.0,1.0,1.0,63.0,32.0,0,0.5015625,16.0,4096.0,6400000.0,0.5273919092465753
256.0,256.0,4.0,11.0,2821.0,2819.0,92877.0,418272.0,0,0.96875,32.0,0.015625,6400000.0,0.9659667013209393
256.0,256.0,4.0,30.0,2978.0,2968.0,97666.0,442112.0,0,0.9796875,0.000976562,1.0,6400000.0,0.9827872737279844
256.0,256.0,4.0,32.0,3048.0,3036.0,99932.0,452992.0,0,0.9796875,0.00195312,0.015625,6400000.0,0.9827872737279844
256.0,256.0,4.0,23.0,3073.0,3064.0,100949.0,457472.0,0,0.984375,0.015625,4.0,6400000.0,0.9800475477005872
1.0,256.0,4.0,1.0,1.0,1.0,63.0,32.0,0,0.5015625,0.125,4096.0,6400000.0,0.5273919092465753
1.0,256.0,4.0,1.0,1.0,1.0,63.0,32.0,0,0.5015625,1024.0,2.0,6400000.0,0.5273919092465753
256.0,256.0,4.0,5.0,1378.0,1409.0,45371.0,192672.0,0,0.940625,8.0,256.0,6400000.0,0.9409246575342465
256.0,256.0,8.0,5.0,1378.0,1409.0,48491.0,192672.0,0,0.940625,0.03125,256.0,6400000.0,0.9409246575342465
1.0,256.0,8.0,1.0,1.0,1.0,543.0,32.0,0,0.5015625,1.0,8192.0,6400000.0,0.5273919092465753
1.0,256.0,4.0,1.0,1.0,1.0,63.0,32.0,0,0.5015625,2048.0,0.015625,6400000.0,0.5273919092465753
256.0,256.0,8.0,8.0,3266.0,3290.0,111236.0,493632.0,0,0.959375,8.0,64.0,6400000.0,0.9483656433463796
1.0,256.0,4.0,1.0,1.0,1.0,63.0,32.0,0,0.5015625,1024.0,2048.0,6400000.0,0.5273919092465753
256.0,256.0,4.0,5.0,1383.0,1408.0,45530.0,192512.0,0,0.940625,256.0,16.0,6400000.0,0.9409246575342465
1.0,256.0,4.0,1.0,1.0,1.0,63.0,32.0,0,0.5015625,2048.0,16384.0,6400000.0,0.5273919092465753
256.0,256.0,4.0,7.0,2274.0,2289.0,74912.0,333472.0,0,0.946875,128.0,2.0,6400000.0,0.9409246575342465
1.0,256.0,4.0,1.0,1.0,1.0,63.0,32.0,0,0.5015625,1024.0,0.00195312,6400000.0,0.5273919092465753
1.0,256.0,4.0,1.0,1.0,1.0,63.0,32.0,0,0.5015625,4096.0,0.125,6400000.0,0.5273919092465753
1.0,256.0,4.0,1.0,1.0,1.0,63.0,32.0,0,0.5015625,4096.0,128.0,6400000.0,0.5273919092465753
1.0,256.0,4.0,1.0,1.0,1.0,63.0,32.0,0,0.5015625,2048.0,16.0,6400000.0,0.5273919092465753
1.0,256.0,4.0,1.0,1.0,1.0,63.0,32.0,0,0.5015625,512.0,256.0,6400000.0,0.5273919092465753
1.0,256.0,4.0,1.0,1.0,1.0,63.0,32.0,0,0.5015625,8192.0,1024.0,6400000.0,0.5273919092465753
1.0,256.0,4.0,1.0,1.0,1.0,63.0,32.0,0,0.5015625,16384.0,8.0,6400000.0,0.5273919092465753
256.0,256.0,8.0,8.0,2787.0,2800.0,95449.0,415232.0,0,0.959375,0.015625,128.0,6400000.0,0.9409246575342465
256.0,256.0,4.0,8.0,2595.0,2604.0,85478.0,383872.0,0,0.959375,64.0,0.0625,6400000.0,0.9628371147260273
1.0,256.0,4.0,1.0,1.0,1.0,63.0,32.0,0,0.5015625,8192.0,0.000976562,6400000.0,0.5273919092465753
1.0,256.0,4.0,1.0,1.0,1.0,63.0,32.0,0,0.5015625,8192.0,1.0,6400000.0,0.5273919092465753
1.0,256.0,4.0,1.0,1.0,1.0,63.0,32.0,0,0.5015625,16384.0,0.0078125,6400000.0,0.5273919092465753
1.0,256.0,4.0,1.0,1.0,1.0,63.0,32.0,0,0.5015625,32768.0,0.0625,6400000.0,0.5273919092465753
1.0,256.0,4.0,1.0,1.0,1.0,63.0,32.0,0,0.5015625,16384.0,8192.0,6400000.0,0.5273919092465753
256.0,256.0,8.0,13.0,5803.0,5905.0,195441.0,912032.0,0,0.9703125,0.00390625,32.0,6400000.0,0.9659667013209393
256.0,256.0,4.0,16.0,3027.0,3021.0,99566.0,450592.0,0,0.9765625,16.0,0.00390625,6400000.0,0.9671416340508806
256.0,256.0,8.0,32.0,7647.0,7735.0,256135.0,1204832.0,0,0.9875,0.0078125,0.0078125,6400000.0,0.9827857448630137
256.0,256.0,8.0,5.0,1378.0,1409.0,48491.0,192672.0,0,0.940625,16.0,128.0,6400000.0,0.9409246575342465
256.0,256.0,4.0,6.0,1616.0,1618.0,53190.0,226112.0,0,0.940625,0.00390625,128.0,6400000.0,0.9409246575342465
1.0,256.0,4.0,1.0,1.0,1.0,63.0,32.0,0,0.5015625,512.0,0.25,6400000.0,0.5273919092465753
1.0,256.0,4.0,1.0,1.0,1.0,63.0,32.0,0,0.5015625,32768.0,64.0,6400000.0,0.5273919092465753
256.0,256.0,8.0,29.0,7737.0,7837.0,259180.0,1221152.0,0,0.9875,0.125,1.0,6400000.0,0.9816115765655578
256.0,256.0,4.0,32.0,3026.0,3013.0,99205.0,449312.0,0,0.9828125,0.0078125,0.5,6400000.0,0.982786509295499
256.0,256.0,4.0,32.0,3053.0,3041.0,100097.0,453792.0,0,0.984375,0.00390625,0.0625,6400000.0,0.9816138698630137
256.0,256.0,8.0,29.0,7640.0,7768.0,256007.0,1210112.0,0,0.9890625,2.0,0.0,6400000.0,0.9796546294031311
256.0,256.0,8.0,31.0,7654.0,7753.0,256398.0,1207712.0,0,0.9875,0.125,0.00390625,6400000.0,0.9823943554305284
1.0,256.0,8.0,1.0,1.0,1.0,543.0,32.0,0,0.5015625,0.0625,512.0,6400000.0,0.5273919092465753
1.0,256.0,4.0,1.0,1.0,1.0,63.0,32.0,0,0.5015625,2.0,16384.0,6400000.0,0.5273919092465753
256.0,256.0,4.0,8.0,2394.0,2415.0,78857.0,353632.0,0,0.95,0.5,64.0,6400000.0,0.9377981286692758
1.0,256.0,4.0,1.0,1.0,1.0,63.0,32.0,0,0.5015625,1.0,1024.0,6400000.0,0.5273919092465753
256.0,256.0,4.0,5.0,1378.0,1409.0,45371.0,192672.0,0,0.940625,64.0,128.0,6400000.0,0.9409246575342465
256.0,256.0,8.0,31.0,7627.0,7724.0,255505.0,1203072.0,0,0.9875,0.125,0.0625,6400000.0,0.9827857448630137
1.0,256.0,8.0,1.0,1.0,1.0,543.0,32.0,0,0.5015625,2.0,16384.0,6400000.0,0.5273919092465753
1.0,256.0,4.0,1.0,1.0,1.0,63.0,32.0,0,0.5015625,256.0,32768.0,6400000.0,0.5273919092465753
256.0,256.0,8.0,8.0,3307.0,3340.0,112598.0,501632.0,0,0.959375,64.0,0.00390625,6400000.0,0.9628371147260273
1.0,256.0,8.0,1.0,1.0,1.0,543.0,32.0,0,0.5015625,32.0,4096.0,6400000.0,0.5273919092465753
256.0,256.0,8.0,5.0,1378.0,1409.0,48491.0,192672.0,0,0.940625,1.0,256.0,6400000.0,0.9409246575342465
1.0,256.0,8.0,1.0,1.0,1.0,543.0,32.0,0,0.5015625,16.0,4096.0,6400000.0,0.5273919092465753
256.0,256.0,4.0,32.0,3038.0,3025.0,99601.0,451232.0,0,0.9828125,0.0625,0.25,6400000.0,0.9823958842954991
256.0,256.0,4.0,13.0,2934.0,2930.0,96562.0,436032.0,0,0.9703125,16.0,2.0,6400000.0,0.965575311888454
256.0,256.0,4.0,8.0,2593.0,2602.0,85412.0,383552.0,0,0.959375,64.0,0.0,6400000.0,0.9628371147260273
256.0,256.0,8.0,13.0,5930.0,6028.0,199628.0,931712.0,0,0.9703125,2.0,16.0,6400000.0,0.9702696917808218
256.0,256.0,8.0,29.0,7657.0,7777.0,256560.0,1211552.0,0,0.9875,0.0078125,2.0,6400000.0,0.9796546294031311
256.0,256.0,4.0,9.0,2859.0,2858.0,94159.0,424512.0,0,0.9625,32.0,16.0,6400000.0,0.9585318309686887
1.0,256.0,4.0,1.0,1.0,1.0,63.0,32.0,0,0.5015625,0.0625,1024.0,6400000.0,0.5273919092465753
256.0,256.0,8.0,5.0,1369.0,1399.0,48193.0,191072.0,0,0.940625,32.0,256.0,6400000.0,0.9409246575342465
1.0,256.0,8.0,1.0,1.0,1.0,543.0,32.0,0,0.5015625,64.0,4096.0,6400000.0,0.5273919092465753
256.0,256.0,8.0,31.0,7654.0,7753.0,256398.0,1207712.0,0,0.9875,0.0078125,0.125,6400000.0,0.9827857448630137
256.0,256.0,8.0,8.0,3261.0,3292.0,111078.0,493952.0,0,0.959375,0.0078125,64.0,6400000.0,0.9499312010763209
256.0,256.0,4.0,29.0,2982.0,2966.0,97813.0,441792.0,0,0.9828125,0.125,1.0,6400000.0,0.9804389371330725
256.0,256.0,8.0,5.0,1489.0,1508.0,52142.0,208512.0,0,0.940625,64.0,256.0,6400000.0,0.9409246575342465
256.0,256.0,8.0,32.0,7636.0,7726.0,255774.0,1203392.0,0,0.9890625,0.000976562,0.00195312,6400000.0,0.9820029659980432
256.0,256.0,4.0,6.0,1616.0,1618.0,53190.0,226112.0,0,0.940625,128.0,0.00390625,6400000.0,0.9409246575342465
1.0,256.0,4.0,1.0,1.0,1.0,63.0,32.0,0,0.5015625,0.0,512.0,6400000.0,0.5273919092465753
256.0,256.0,4.0,19.0,2971.0,2966.0,97671.0,441792.0,0,0.9796875,8.0,0.000976562,6400000.0,0.9776992111056751
256.0,256.0,8.0,23.0,7203.0,7356.0,241737.0,1144192.0,0,0.98125,1.0,8.0,6400000.0,0.9796561582681017
256.0,256.0,8.0,8.0,3307.0,3340.0,112598.0,501632.0,0,0.959375,64.0,0.0625,6400000.0,0.9628371147260273
1.0,256.0,8.0,1.0,1.0,1.0,543.0,32.0,0,0.5015625,4.0,32768.0,6400000.0,0.5273919092465753
256.0,256.0,8.0,13.0,5698.0,5800.0,191976.0,895232.0,0,0.9703125,32.0,0.00390625,6400000.0,0.9671408696183953
256.0,256.0,8.0,29.0,7649.0,7769.0,256296.0,1210272.0,0,0.9890625,0.25,2.0,6400000.0,0.9804374082681019
256.0,256.0,8.0,13.0,5764.0,5865.0,194153.0,905632.0,0,0.9703125,16.0,8.0,6400000.0,0.9651831580234832
256.0,256.0,4.0,32.0,3034.0,3022.0,99470.0,450752.0,0,0.9828125,0.125,0.0078125,6400000.0,0.9816138698630137
256.0,256.0,8.0,8.0,3282.0,3315.0,111773.0,497632.0,0,0.959375,64.0,1.0,6400000.0,0.9569662732387474
256.0,256.0,8.0,13.0,5822.0,5921.0,196065.0,914592.0,0,0.9703125,16.0,0.00195312,6400000.0,0.9710524706457926
256.0,256.0,8.0,31.0,7609.0,7708.0,254913.0,1200512.0,0,0.9890625,0.25,0.0078125,6400000.0,0.9820029659980432
256.0,256.0,8.0,27.0,7660.0,7777.0,256698.0,1211552.0,0,0.9890625,0.5,4.0,6400000.0,0.9808272688356166
1.0,256.0,8.0,1.0,1.0,1.0,543.0,32.0,0,0.5015625,2.0,1024.0,6400000.0,0.5273919092465753
256.0,256.0,4.0,32.0,3026.0,3013.0,99205.0,449312.0,0,0.9828125,0.5,0.0,6400000.0,0.982786509295499
256.0,256.0,8.0,8.0,2787.0,2800.0,95449.0,415232.0,0,0.959375,0.5,128.0,6400000.0,0.9409246575342465
256.0,256.0,8.0,31.0,7613.0,7712.0,255045.0,1201152.0,0,0.9890625,0.25,0.125,6400000.0,0.9823943554305284
1.0,256.0,4.0,1.0,1.0,1.0,63.0,32.0,0,0.5015625,128.0,4096.0,6400000.0,0.5273919092465753
1.0,256.0,8.0,1.0,1.0,1.0,543.0,32.0,0,0.5015625,4.0,2048.0,6400000.0,0.5273919092465753
1.0,256.0,8.0,1.0,1.0,1.0,543.0,32.0,0,0.5015625,8.0,4096.0,6400000.0,0.5273919092465753
256.0,256.0,4.0,11.0,2660.0,2658.0,87564.0,392512.0,0,0.96875,4.0,32.0,6400000.0,0.9640112830234834
256.0,256.0,4.0,19.0,2988.0,2986.0,98235.0,444992.0,0,0.9796875,0.25,8.0,6400000.0,0.978481989970646
256.0,256.0,8.0,8.0,3253.0,3273.0,110803.0,490912.0,0,0.959375,64.0,16.0,6400000.0,0.9569662732387474
256.0,256.0,8.0,13.0,5698.0,5800.0,191976.0,895232.0,0,0.9703125,32.0,0.0,6400000.0,0.9671408696183953
256.0,256.0,8.0,8.0,3438.0,3437.0,116887.0,517152.0,0,0.959375,128.0,0.0,6400000.0,0.9409246575342465
256.0,256.0,8.0,13.0,5698.0,5800.0,191976.0,895232.0,0,0.9703125,32.0,0.0625,6400000.0,0.9671408696183953
256.0,256.0,8.0,8.0,3438.0,3437.0,116887.0,517152.0,0,0.959375,128.0,0.0078125,6400000.0,0.9409246575342465
256.0,256.0,4.0,8.0,2325.0,2339.0,76573.0,341472.0,0,0.95,0.03125,64.0,6400000.0,0.9393636863992171
256.0,256.0,4.0,30.0,2978.0,2968.0,97666.0,442112.0,0,0.9796875,1.0,0.00195312,6400000.0,0.9831786631604696
256.0,256.0,8.0,31.0,7636.0,7733.0,255802.0,1204512.0,0,0.9875,0.5,0.015625,6400000.0,0.9820029659980432
256.0,256.0,4.0,19.0,3007.0,3003.0,98860.0,447712.0,0,0.9796875,8.0,0.25,6400000.0,0.9780906005381604
1.0,256.0,4.0,1.0,1.0,1.0,63.0,32.0,0,0.5015625,16.0,8192.0,6400000.0,0.5273919092465753
256.0,256.0,8.0,13.0,5788.0,5885.0,194941.0,908832.0,0,0.9703125,16.0,0.5,6400000.0,0.9710524706457926
256.0,256.0,8.0,31.0,7636.0,7733.0,255802.0,1204512.0,0,0.9875,0.5,0.000976562,6400000.0,0.9827857448630137
256.0,256.0,8.0,13.0,5822.0,5921.0,196065.0,914592.0,0,0.9703125,16.0,0.03125,6400000.0,0.9710524706457926
256.0,256.0,8.0,8.0,3438.0,3437.0,116887.0,517152.0,0,0.959375,128.0,0.125,6400000.0,0.9409246575342465
1.0,256.0,8.0,1.0,1.0,1.0,543.0,32.0,0,0.5015625,128.0,512.0,6400000.0,0.5273919092465753
256.0,256.0,8.0,5.0,1378.0,1409.0,48491.0,192672.0,0,0.940625,128.0,32.0,6400000.0,0.9409246575342465
256.0,256.0,8.0,8.0,3409.0,3408.0,115930.0,512512.0,0,0.959375,128.0,2.0,6400000.0,0.9409246575342465
256.0,256.0,4.0,5.0,1378.0,1409.0,45371.0,192672.0,0,0.940625,256.0,0.03125,6400000.0,0.9409246575342465
256.0,256.0,8.0,27.0,7649.0,7768.0,256337.0,1210112.0,0,0.9890625,0.015625,4.0,6400000.0,0.980438172700587
256.0,256.0,8.0,31.0,7681.0,7779.0,257288.0,1211872.0,0,0.9890625,0.5,0.25,6400000.0,0.9816115765655578
1.0,256.0,4.0,1.0,1.0,1.0,63.0,32.0,0,0.5015625,1024.0,4.0,6400000.0,0.5273919092465753
1.0,256.0,4.0,1.0,1.0,1.0,63.0,32.0,0,0.5015625,0.125,8192.0,6400000.0,0.5273919092465753
256.0,256.0,8.0,23.0,7366.0,7518.0,247115.0,1170112.0,0,0.984375,8.0,0.000976562,6400000.0,0.9773078216731896
1.0,256.0,8.0,1.0,1.0,1.0,543.0,32.0,0,0.5015625,128.0,8192.0,6400000.0,0.5273919092465753
1.0,256.0,4.0,1.0,1.0,1.0,63.0,32.0,0,0.5015625,2048.0,0.03125,6400000.0,0.5273919092465753
256.0,256.0,8.0,23.0,7366.0,7518.0,247115.0,1170112.0,0,0.984375,8.0,0.015625,6400000.0,0.9773078216731896
256.0,256.0,8.0,16.0,6509.0,6604.0,218669.0,1023872.0,0,0.9765625,0.00195312,16.0,6400000.0,0.9710524706457926
256.0,256.0,4.0,21.0,2985.0,2978.0,98089.0,443712.0,0,0.9796875,2.0,4.0,6400000.0,0.9808295621330725
1.0,256.0,4.0,1.0,1.0,1.0,63.0,32.0,0,0.5015625,1024.0,4096.0,6400000.0,0.5273919092465753
256.0,256.0,8.0,26.0,7596.0,7725.0,254619.0,1203232.0,0,0.9890625,4.0,2.0,6400000.0,0.9792647688356164
1.0,256.0,4.0,1.0,1.0,1.0,63.0,32.0,0,0.5015625,2048.0,32768.0,6400000.0,0.5273919092465753
256.0,256.0,8.0,23.0,7283.0,7434.0,244375.0,1156672.0,0,0.98125,8.0,0.25,6400000.0,0.978873379403131
1.0,256.0,4.0,1.0,1.0,1.0,63.0,32.0,0,0.5015625,1024.0,0.00390625,6400000.0,0.5273919092465753
256.0,256.0,4.0,13.0,2944.0,2943.0,96895.0,438112.0,0,0.9703125,0.00195312,16.0,6400000.0,0.9659674657534246
1.0,256.0,4.0,1.0,1.0,1.0,63.0,32.0,0,0.5015625,8.0,512.0,6400000.0,0.5273919092465753
256.0,256.0,4.0,22.0,3027.0,3019.0,99453.0,450272.0,0,0.98125,4.0,0.03125,6400000.0,0.980047547700587
1.0,256.0,4.0,1.0,1.0,1.0,63.0,32.0,0,0.5015625,2048.0,32.0,6400000.0,0.5273919092465753
1.0,256.0,4.0,1.0,1.0,1.0,63.0,32.0,0,0.5015625,4096.0,0.25,6400000.0,0.5273919092465753
1.0,256.0,4.0,1.0,1.0,1.0,63.0,32.0,0,0.5015625,4096.0,256.0,6400000.0,0.5273919092465753
1.0,256.0,4.0,1.0,1.0,1.0,63.0,32.0,0,0.5015625,512.0,512.0,6400000.0,0.5273919092465753
1.0,256.0,4.0,1.0,1.0,1.0,63.0,32.0,0,0.5015625,8192.0,2048.0,6400000.0,0.5273919092465753
256.0,256.0,4.0,23.0,3040.0,3031.0,99860.0,452192.0,0,0.9875,2.0,0.0078125,6400000.0,0.9812209515655577
256.0,256.0,8.0,5.0,1378.0,1409.0,48491.0,192672.0,0,0.940625,256.0,0.000976562,6400000.0,0.9409246575342465
1.0,256.0,4.0,1.0,1.0,1.0,63.0,32.0,0,0.5015625,16384.0,16.0,6400000.0,0.5273919092465753
1.0,256.0,4.0,1.0,1.0,1.0,63.0,32.0,0,0.5015625,8192.0,0.00195312,6400000.0,0.5273919092465753
256.0,256.0,8.0,8.0,3261.0,3292.0,111078.0,493952.0,0,0.959375,0.25,64.0,6400000.0,0.9499312010763209
1.0,256.0,4.0,1.0,1.0,1.0,63.0,32.0,0,0.5015625,32768.0,0.125,6400000.0,0.5273919092465753
1.0,256.0,4.0,1.0,1.0,1.0,63.0,32.0,0,0.5015625,8192.0,2.0,6400000.0,0.5273919092465753
256.0,256.0,8.0,30.0,7713.0,7813.0,258367.0,1217312.0,0,0.9890625,1.0,0.0,6400000.0,0.9812201871330725
1.0,256.0,4.0,1.0,1.0,1.0,63.0,32.0,0,0.5015625,16384.0,0.015625,6400000.0,0.5273919092465753
256.0,256.0,8.0,27.0,7649.0,7768.0,256337.0,1210112.0,0,0.9890625,4.0,0.0078125,6400000.0,0.980828797700587
256.0,256.0,8.0,21.0,7265.0,7344.0,243751.0,1142272.0,0,0.9828125,8.0,4.0,6400000.0,0.9741805283757337
256.0,256.0,8.0,29.0,7640.0,7768.0,256007.0,1210112.0,0,0.9890625,2.0,0.00390625,6400000.0,0.9796546294031311
256.0,256.0,8.0,30.0,7713.0,7813.0,258367.0,1217312.0,0,0.9890625,1.0,0.00195312,6400000.0,0.9812201871330725
1.0,256.0,4.0,1.0,1.0,1.0,63.0,32.0,0,0.5015625,16384.0,16384.0,6400000.0,0.5273919092465753
256.0,256.0,8.0,26.0,7669.0,7789.0,257019.0,1213472.0,0,0.9890625,4.0,0.125,6400000.0,0.9820037304305285
256.0,256.0,4.0,5.0,1369.0,1399.0,45073.0,191072.0,0,0.940625,256.0,32.0,6400000.0,0.9409246575342465
256.0,256.0,8.0,27.0,7719.0,7820.0,258629.0,1218432.0,0,0.9890625,2.0,1.0,6400000.0,0.9804374082681017
256.0,256.0,8.0,29.0,7657.0,7777.0,256560.0,1211552.0,0,0.9875,2.0,0.0625,6400000.0,0.9800467832681019
256.0,256.0,4.0,29.0,2997.0,2982.0,98309.0,444352.0,0,0.9796875,1.0,0.5,6400000.0,0.9835692881604696
256.0,256.0,4.0,7.0,2274.0,2278.0,74901.0,331712.0,0,0.946875,128.0,4.0,6400000.0,0.9409246575342465
1.0,256.0,4.0,1.0,1.0,1.0,63.0,32.0,0,0.5015625,32768.0,128.0,6400000.0,0.5273919092465753
256.0,256.0,8.0,29.0,7626.0,7758.0,255549.0,1208512.0,0,0.990625,1.0,0.5,6400000.0,0.9804374082681019
256.0,256.0,8.0,8.0,3307.0,3340.0,112598.0,501632.0,0,0.959375,64.0,0.0,6400000.0,0.9628371147260273
1.0,256.0,4.0,1.0,1.0,1.0,63.0,32.0,0,0.5015625,512.0,0.5,6400000.0,0.5273919092465753
256.0,256.0,8.0,30.0,7713.0,7813.0,258367.0,1217312.0,0,0.9890625,1.0,0.03125,6400000.0,0.980828797700587
256.0,256.0,8.0,13.0,5752.0,5856.0,193760.0,904192.0,0,0.9703125,32.0,1.0,6400000.0,0.9671408696183953
1.0,256.0,4.0,1.0,1.0,1.0,63.0,32.0,0,0.5015625,1.0,2048.0,6400000.0,0.5273919092465753
1.0,256.0,4.0,1.0,1.0,1.0,63.0,32.0,0,0.5015625,2.0,32768.0,6400000.0,0.5273919092465753
256.0,256.0,8.0,9.0,3845.0,3937.0,130390.0,597152.0,0,0.959375,32.0,16.0,6400000.0,0.9628371147260273
256.0,256.0,8.0,31.0,7609.0,7708.0,254913.0,1200512.0,0,0.9890625,0.015625,0.25,6400000.0,0.9820029659980429
1.0,256.0,8.0,1.0,1.0,1.0,543.0,32.0,0,0.5015625,256.0,1024.0,6400000.0,0.5273919092465753
256.0,256.0,8.0,5.0,1378.0,1409.0,48491.0,192672.0,0,0.940625,256.0,0.015625,6400000.0,0.9409246575342465
256.0,256.0,4.0,11.0,2821.0,2819.0,92877.0,418272.0,0,0.96875,32.0,0.03125,6400000.0,0.9659667013209393
256.0,256.0,8.0,5.0,1378.0,1409.0,48491.0,192672.0,0,0.940625,256.0,0.25,6400000.0,0.9409246575342465
256.0,256.0,4.0,30.0,3009.0,2998.0,98688.0,446912.0,0,0.9828125,0.5,0.0625,6400000.0,0.9823958842954991
256.0,256.0,8.0,5.0,1378.0,1409.0,48491.0,192672.0,0,0.940625,256.0,4.0,6400000.0,0.9409246575342465
1.0,256.0,4.0,1.0,1.0,1.0,63.0,32.0,0,0.5015625,512.0,0.0,6400000.0,0.5273919092465753
1.0,256.0,8.0,1.0,1.0,1.0,543.0,32.0,0,0.5015625,16.0,8192.0,6400000.0,0.5273919092465753
1.0,256.0,8.0,1.0,1.0,1.0,543.0,32.0,0,0.5015625,32.0,8192.0,6400000.0,0.5273919092465753
256.0,256.0,8.0,32.0,7628.0,7718.0,255510.0,1202112.0,0,0.9875,0.015625,0.015625,6400000.0,0.9827857448630137
256.0,256.0,4.0,5.0,1378.0,1409.0,45371.0,192672.0,0,0.940625,0.00390625,256.0,6400000.0,0.9409246575342465
1.0,256.0,8.0,1.0,1.0,1.0,543.0,32.0,0,0.5015625,256.0,16384.0,6400000.0,0.5273919092465753
256.0,256.0,8.0,5.0,1383.0,1408.0,48650.0,192512.0,0,0.940625,16.0,256.0,6400000.0,0.9409246575342465
256.0,256.0,8.0,5.0,1489.0,1508.0,52142.0,208512.0,0,0.940625,256.0,64.0,6400000.0,0.9409246575342465
1.0,256.0,8.0,1.0,1.0,1.0,543.0,32.0,0,0.5015625,1.0,512.0,6400000.0,0.5273919092465753
256.0,256.0,8.0,13.0,5822.0,5921.0,196065.0,914592.0,0,0.9703125,16.0,0.0,6400000.0,0.9710524706457926
256.0,256.0,4.0,5.0,1489.0,1508.0,49022.0,208512.0,0,0.940625,64.0,256.0,6400000.0,0.9409246575342465
256.0,256.0,8.0,13.0,5803.0,5905.0,195441.0,912032.0,0,0.9703125,0.125,32.0,6400000.0,0.9659667013209393
256.0,256.0,8.0,23.0,7366.0,7518.0,247115.0,1170112.0,0,0.984375,0.03125,8.0,6400000.0,0.9788733794031312
256.0,256.0,4.0,32.0,3055.0,3043.0,100163.0,454112.0,0,0.98125,0.015625,0.015625,6400000.0,0.9823966487279844
1.0,256.0,8.0,1.0,1.0,1.0,543.0,32.0,0,0.5015625,64.0,8192.0,6400000.0,0.5273919092465753
1.0,256.0,8.0,1.0,1.0,1.0,543.0,32.0,0,0.5015625,32.0,512.0,6400000.0,0.5273919092465753
256.0,256.0,4.0,32.0,3040.0,3028.0,99668.0,451712.0,0,0.9796875,0.03125,0.0625,6400000.0,0.9812224804305283
256.0,256.0,4.0,32.0,3041.0,3028.0,99700.0,451712.0,0,0.984375,0.0,0.25,6400000.0,0.9823958842954991
256.0,256.0,8.0,33.0,7647.0,7739.0,256118.0,1205472.0,0,0.9890625,0.0,0.0,6400000.0,0.9823943554305284
256.0,256.0,4.0,19.0,2964.0,2959.0,97440.0,440672.0,0,0.9796875,0.015625,8.0,6400000.0,0.9780906005381604
256.0,256.0,8.0,8.0,2518.0,2540.0,86581.0,373632.0,0,0.959375,8.0,128.0,6400000.0,0.9409246575342465
1.0,256.0,8.0,1.0,1.0,1.0,543.0,32.0,0,0.5015625,512.0,0.00195312,6400000.0,0.5273919092465753
256.0,256.0,8.0,23.0,7366.0,7518.0,247115.0,1170112.0,0,0.984375,0.000976562,8.0,6400000.0,0.9788733794031312
1.0,256.0,8.0,1.0,1.0,1.0,543.0,32.0,0,0.5015625,512.0,0.03125,6400000.0,0.5273919092465753
1.0,256.0,8.0,1.0,1.0,1.0,543.0,32.0,0,0.5015625,64.0,512.0,6400000.0,0.5273919092465753
256.0,256.0,4.0,32.0,3042.0,3029.0,99733.0,451872.0,0,0.9828125,0.25,0.015625,6400000.0,0.9816131054305284
256.0,256.0,4.0,27.0,3044.0,3031.0,99904.0,452192.0,0,0.9859375,0.000976562,2.0,6400000.0,0.9835692881604696
256.0,256.0,8.0,31.0,7609.0,7708.0,254913.0,1200512.0,0,0.9890625,0.25,0.000976562,6400000.0,0.9823943554305284
1.0,256.0,8.0,1.0,1.0,1.0,543.0,32.0,0,0.5015625,512.0,0.5,6400000.0,0.5273919092465753
256.0,256.0,4.0,16.0,3027.0,3021.0,99566.0,450592.0,0,0.9765625,16.0,0.0078125,6400000.0,0.9671416340508806
256.0,256.0,4.0,6.0,1623.0,1624.0,53420.0,227072.0,0,0.940625,0.5,128.0,6400000.0,0.9409246575342465
256.0,256.0,4.0,6.0,1616.0,1618.0,53190.0,226112.0,0,0.940625,128.0,0.0078125,6400000.0,0.9409246575342465
256.0,256.0,8.0,16.0,6509.0,6604.0,218669.0,1023872.0,0,0.9765625,0.0625,16.0,6400000.0,0.9710524706457926
1.0,256.0,4.0,1.0,1.0,1.0,63.0,32.0,0,0.5015625,128.0,8192.0,6400000.0,0.5273919092465753
1.0,256.0,8.0,1.0,1.0,1.0,543.0,32.0,0,0.5015625,512.0,8.0,6400000.0,0.5273919092465753
256.0,256.0,4.0,32.0,3055.0,3043.0,100163.0,454112.0,0,0.98125,0.00195312,0.03125,6400000.0,0.9820052592954991
256.0,256.0,8.0,32.0,7628.0,7718.0,255510.0,1202112.0,0,0.9875,0.03125,0.00195312,6400000.0,0.9827857448630137
1.0,256.0,8.0,1.0,1.0,1.0,543.0,32.0,0,0.5015625,512.0,128.0,6400000.0,0.5273919092465753
256.0,256.0,4.0,8.0,2595.0,2604.0,85478.0,383872.0,0,0.959375,64.0,0.125,6400000.0,0.9628371147260273
256.0,256.0,8.0,8.0,3241.0,3270.0,110416.0,490432.0,0,0.959375,4.0,64.0,6400000.0,0.9483656433463796
256.0,256.0,4.0,13.0,3000.0,2996.0,98740.0,446592.0,0,0.9703125,16.0,4.0,6400000.0,0.9671408696183953
1.0,256.0,8.0,1.0,1.0,1.0,543.0,32.0,0,0.5015625,512.0,2048.0,6400000.0,0.5273919092465753
1.0,256.0,8.0,1.0,1.0,1.0,543.0,32.0,0,0.5015625,512.0,32768.0,6400000.0,0.5273919092465753
1.0,256.0,4.0,1.0,1.0,1.0,63.0,32.0,0,0.5015625,16.0,16384.0,6400000.0,0.5273919092465753
256.0,256.0,8.0,5.0,1378.0,1409.0,48491.0,192672.0,0,0.940625,0.5,256.0,6400000.0,0.9409246575342465
1.0,256.0,8.0,1.0,1.0,1.0,543.0,32.0,0,0.5015625,1024.0,0.00390625,6400000.0,0.5273919092465753
1.0,256.0,8.0,1.0,1.0,1.0,543.0,32.0,0,0.5015625,128.0,1024.0,6400000.0,0.5273919092465753
256.0,256.0,4.0,30.0,2953.0,2943.0,96841.0,438112.0,0,0.9828125,0.0078125,1.0,6400000.0,0.9827872737279844
256.0,256.0,8.0,27.0,7649.0,7768.0,256337.0,1210112.0,0,0.9890625,0.0,4.0,6400000.0,0.980828797700587
256.0,256.0,8.0,31.0,7636.0,7733.0,255802.0,1204512.0,0,0.9875,0.03125,0.5,6400000.0,0.9820029659980432
1.0,256.0,8.0,1.0,1.0,1.0,543.0,32.0,0,0.5015625,1024.0,0.0625,6400000.0,0.5273919092465753
256.0,256.0,4.0,32.0,3034.0,3022.0,99470.0,450752.0,0,0.9828125,0.00390625,0.125,6400000.0,0.9812224804305284
256.0,256.0,4.0,8.0,2592.0,2601.0,85379.0,383392.0,0,0.959375,64.0,0.000976562,6400000.0,0.9628371147260273
256.0,256.0,8.0,32.0,7629.0,7722.0,255546.0,1202752.0,0,0.9890625,0.03125,0.03125,6400000.0,0.9823943554305284
256.0,256.0,4.0,8.0,2592.0,2601.0,85379.0,383392.0,0,0.959375,32.0,32.0,6400000.0,0.9628371147260273
1.0,256.0,8.0,1.0,1.0,1.0,543.0,32.0,0,0.5015625,1024.0,1.0,6400000.0,0.5273919092465753
1.0,256.0,8.0,1.0,1.0,1.0,543.0,32.0,0,0.5015625,1024.0,16.0,6400000.0,0.5273919092465753
1.0,256.0,8.0,1.0,1.0,1.0,543.0,32.0,0,0.5015625,1024.0,256.0,6400000.0,0.5273919092465753
256.0,256.0,4.0,30.0,3009.0,2998.0,98688.0,446912.0,0,0.9828125,0.0625,0.5,6400000.0,0.9823958842954991
1.0,256.0,8.0,1.0,1.0,1.0,543.0,32.0,0,0.5015625,128.0,16384.0,6400000.0,0.5273919092465753
256.0,256.0,4.0,19.0,2971.0,2966.0,97671.0,441792.0,0,0.9796875,8.0,0.00195312,6400000.0,0.9776992111056751
1.0,256.0,8.0,1.0,1.0,1.0,543.0,32.0,0,0.5015625,1024.0,4096.0,6400000.0,0.5273919092465753
256.0,256.0,8.0,8.0,3438.0,3437.0,116887.0,517152.0,0,0.959375,128.0,0.000976562,6400000.0,0.9409246575342465
256.0,256.0,8.0,5.0,1378.0,1409.0,48491.0,192672.0,0,0.940625,128.0,64.0,6400000.0,0.9409246575342465
1.0,256.0,8.0,1.0,1.0,1.0,543.0,32.0,0,0.5015625,2048.0,0.0,6400000.0,0.5273919092465753
1.0,256.0,8.0,1.0,1.0,1.0,543.0,32.0,0,0.5015625,2048.0,0.0078125,6400000.0,0.5273919092465753
1.0,256.0,4.0,1.0,1.0,1.0,63.0,32.0,0,0.5015625,8.0,1024.0,6400000.0,0.5273919092465753
256.0,256.0,4.0,5.0,1378.0,1409.0,45371.0,192672.0,0,0.940625,256.0,0.0625,6400000.0,0.9409246575342465
256.0,256.0,4.0,27.0,3080.0,3067.0,101092.0,457952.0,0,0.9859375,0.125,2.0,6400000.0,0.9823958842954991
1.0,256.0,8.0,1.0,1.0,1.0,543.0,32.0,0,0.5015625,2048.0,2.0,6400000.0,0.5273919092465753
256.0,256.0,8.0,8.0,3438.0,3437.0,116887.0,517152.0,0,0.959375,128.0,0.015625,6400000.0,0.9409246575342465
1.0,256.0,8.0,1.0,1.0,1.0,543.0,32.0,0,0.5015625,4096.0,0.000976562,6400000.0,0.5273919092465753
1.0,256.0,8.0,1.0,1.0,1.0,543.0,32.0,0,0.5015625,2048.0,0.125,6400000.0,0.5273919092465753
1.0,256.0,8.0,1.0,1.0,1.0,543.0,32.0,0,0.5015625,2048.0,32.0,6400000.0,0.5273919092465753
1.0,256.0,8.0,1.0,1.0,1.0,543.0,32.0,0,0.5015625,2048.0,512.0,6400000.0,0.5273919092465753
1.0,256.0,8.0,1.0,1.0,1.0,543.0,32.0,0,0.5015625,2048.0,8192.0,6400000.0,0.5273919092465753
1.0,256.0,8.0,1.0,1.0,1.0,543.0,32.0,0,0.5015625,4096.0,0.25,6400000.0,0.5273919092465753
1.0,256.0,8.0,1.0,1.0,1.0,543.0,32.0,0,0.5015625,4096.0,4.0,6400000.0,0.5273919092465753
1.0,256.0,8.0,1.0,1.0,1.0,543.0,32.0,0,0.5015625,4096.0,0.015625,6400000.0,0.5273919092465753
256.0,256.0,8.0,27.0,7649.0,7768.0,256337.0,1210112.0,0,0.9890625,4.0,0.000976562,6400000.0,0.980828797700587
256.0,256.0,4.0,6.0,1616.0,1618.0,53190.0,226112.0,0,0.940625,0.03125,128.0,6400000.0,0.9409246575342465
256.0,256.0,8.0,13.0,5821.0,5927.0,196039.0,915552.0,0,0.9703125,2.0,32.0,6400000.0,0.9659667013209393
256.0,256.0,8.0,8.0,3438.0,3437.0,116887.0,517152.0,0,0.959375,128.0,0.25,6400000.0,0.9409246575342465
256.0,256.0,4.0,16.0,3016.0,3012.0,99205.0,449152.0,0,0.9765625,0.25,16.0,6400000.0,0.9667502446183953
256.0,256.0,4.0,8.0,2377.0,2387.0,78285.0,349152.0,0,0.95,4.0,64.0,6400000.0,0.9377981286692758
256.0,256.0,8.0,8.0,3309.0,3308.0,112630.0,496512.0,0,0.959375,128.0,4.0,6400000.0,0.9409246575342465
1.0,256.0,8.0,1.0,1.0,1.0,543.0,32.0,0,0.5015625,4096.0,64.0,6400000.0,0.5273919092465753
1.0,256.0,8.0,1.0,1.0,1.0,543.0,32.0,0,0.5015625,4096.0,1024.0,6400000.0,0.5273919092465753
1.0,256.0,8.0,1.0,1.0,1.0,543.0,32.0,0,0.5015625,4096.0,16384.0,6400000.0,0.5273919092465753
1.0,256.0,4.0,1.0,1.0,1.0,63.0,32.0,0,0.5015625,1.0,4096.0,6400000.0,0.5273919092465753
1.0,256.0,8.0,1.0,1.0,1.0,543.0,32.0,0,0.5015625,8192.0,0.00195312,6400000.0,0.5273919092465753
1.0,256.0,8.0,1.0,1.0,1.0,543.0,32.0,0,0.5015625,256.0,2048.0,6400000.0,0.5273919092465753
256.0,256.0,8.0,5.0,1378.0,1409.0,48491.0,192672.0,0,0.940625,256.0,0.00195312,6400000.0,0.9409246575342465
256.0,256.0,8.0,31.0,7654.0,7753.0,256398.0,1207712.0,0,0.9875,0.125,0.000976562,6400000.0,0.9820029659980432
1.0,256.0,8.0,1.0,1.0,1.0,543.0,32.0,0,0.5015625,8192.0,0.03125,6400000.0,0.5273919092465753
1.0,256.0,8.0,1.0,1.0,1.0,543.0,32.0,0,0.5015625,8192.0,0.5,6400000.0,0.5273919092465753
1.0,256.0,8.0,1.0,1.0,1.0,543.0,32.0,0,0.5015625,8192.0,8.0,6400000.0,0.5273919092465753
1.0,256.0,8.0,1.0,1.0,1.0,543.0,32.0,0,0.5015625,8192.0,128.0,6400000.0,0.5273919092465753
1.0,256.0,8.0,1.0,1.0,1.0,543.0,32.0,0,0.5015625,32.0,16384.0,6400000.0,0.5273919092465753
256.0,256.0,8.0,31.0,7609.0,7708.0,254913.0,1200512.0,0,0.9890625,0.0,0.25,6400000.0,0.9823943554305284
256.0,256.0,4.0,5.0,1489.0,1508.0,49022.0,208512.0,0,0.940625,256.0,64.0,6400000.0,0.9409246575342465
1.0,256.0,8.0,1.0,1.0,1.0,543.0,32.0,0,0.5015625,256.0,32768.0,6400000.0,0.5273919092465753
256.0,256.0,4.0,7.0,2201.0,2199.0,72486.0,319072.0,0,0.946875,128.0,8.0,6400000.0,0.9409246575342465
256.0,256.0,8.0,31.0,7636.0,7733.0,255802.0,1204512.0,0,0.9875,0.000976562,0.5,6400000.0,0.9827857448630137
256.0,256.0,4.0,19.0,3002.0,2998.0,98695.0,446912.0,0,0.9796875,8.0,0.5,6400000.0,0.9765258072407045
1.0,256.0,8.0,1.0,1.0,1.0,543.0,32.0,0,0.5015625,8192.0,2048.0,6400000.0,0.5273919092465753
256.0,256.0,8.0,29.0,7640.0,7768.0,256007.0,1210112.0,0,0.9890625,0.00390625,2.0,6400000.0,0.9796546294031311
256.0,256.0,8.0,32.0,7634.0,7725.0,255709.0,1203232.0,0,0.9875,0.015625,0.00195312,6400000.0,0.9827857448630137
256.0,256.0,8.0,32.0,7628.0,7718.0,255510.0,1202112.0,0,0.9875,0.000976562,0.03125,6400000.0,0.9827857448630137
256.0,256.0,8.0,5.0,1378.0,1409.0,48491.0,192672.0,0,0.940625,256.0,0.03125,6400000.0,0.9409246575342465
256.0,256.0,8.0,13.0,5698.0,5800.0,191976.0,895232.0,0,0.9703125,32.0,0.0078125,6400000.0,0.9671408696183953
256.0,256.0,8.0,30.0,7713.0,7813.0,258367.0,1217312.0,0,0.9890625,0.00195312,1.0,6400000.0,0.9812201871330725
256.0,256.0,8.0,32.0,7647.0,7735.0,256135.0,1204832.0,0,0.9875,0.0,0.015625,6400000.0,0.9827857448630137
256.0,256.0,8.0,13.0,5803.0,5905.0,195441.0,912032.0,0,0.9703125,16.0,16.0,6400000.0,0.9659667013209393
1.0,256.0,8.0,1.0,1.0,1.0,543.0,32.0,0,0.5015625,8192.0,32768.0,6400000.0,0.5273919092465753
256.0,256.0,8.0,5.0,1378.0,1409.0,48491.0,192672.0,0,0.940625,256.0,0.5,6400000.0,0.9409246575342465
1.0,256.0,8.0,1.0,1.0,1.0,543.0,32.0,0,0.5015625,32.0,1024.0,6400000.0,0.5273919092465753
1.0,256.0,8.0,1.0,1.0,1.0,543.0,32.0,0,0.5015625,16.0,512.0,6400000.0,0.5273919092465753
1.0,256.0,8.0,1.0,1.0,1.0,543.0,32.0,0,0.5015625,64.0,16384.0,6400000.0,0.5273919092465753
256.0,256.0,8.0,5.0,1378.0,1409.0,48491.0,192672.0,0,0.940625,256.0,8.0,6400000.0,0.9409246575342465
1.0,256.0,8.0,1.0,1.0,1.0,543.0,32.0,0,0.5015625,16384.0,0.00390625,6400000.0,0.5273919092465753
1.0,256.0,4.0,1.0,1.0,1.0,63.0,32.0,0,0.5015625,64.0,512.0,6400000.0,0.5273919092465753
256.0,256.0,4.0,30.0,2978.0,2968.0,97666.0,442112.0,0,0.9796875,1.0,0.00390625,6400000.0,0.9831786631604696
256.0,256.0,4.0,11.0,2727.0,2725.0,89775.0,403232.0,0,0.96875,0.00195312,32.0,6400000.0,0.965575311888454
256.0,256.0,8.0,32.0,7629.0,7722.0,255546.0,1202752.0,0,0.9890625,0.00195312,0.0625,6400000.0,0.9823943554305284
1.0,256.0,8.0,1.0,1.0,1.0,543.0,32.0,0,0.5015625,64.0,1024.0,6400000.0,0.5273919092465753
1.0,256.0,8.0,1.0,1.0,1.0,543.0,32.0,0,0.5015625,512.0,0.00390625,6400000.0,0.5273919092465753
1.0,256.0,8.0,1.0,1.0,1.0,543.0,32.0,0,0.5015625,512.0,0.0625,6400000.0,0.5273919092465753
256.0,256.0,8.0,13.0,5698.0,5800.0,191976.0,895232.0,0,0.9703125,32.0,0.000976562,6400000.0,0.9671408696183953
256.0,256.0,8.0,8.0,3307.0,3340.0,112598.0,501632.0,0,0.959375,64.0,0.0078125,6400000.0,0.9628371147260273
256.0,256.0,4.0,19.0,2962.0,2964.0,97381.0,441472.0,0,0.9796875,2.0,8.0,6400000.0,0.9749633072407045
256.0,256.0,8.0,31.0,7654.0,7753.0,256398.0,1207712.0,0,0.9875,0.00390625,0.125,6400000.0,0.9823943554305284
256.0,256.0,8.0,32.0,7629.0,7722.0,255546.0,1202752.0,0,0.9890625,0.0625,0.00390625,6400000.0,0.9823943554305284
256.0,256.0,8.0,32.0,7639.0,7729.0,255873.0,1203872.0,0,0.9875,0.00195312,0.00390625,6400000.0,0.9820029659980432
256.0,256.0,8.0,5.0,981.0,1080.0,35202.0,140032.0,0,0.940625,256.0,128.0,6400000.0,0.9033657962328766
1.0,256.0,8.0,1.0,1.0,1.0,543.0,32.0,0,0.5015625,512.0,1.0,6400000.0,0.5273919092465753
256.0,256.0,4.0,11.0,2821.0,2819.0,92877.0,418272.0,0,0.96875,32.0,0.0625,6400000.0,0.9659667013209393
256.0,256.0,8.0,13.0,5698.0,5800.0,191976.0,895232.0,0,0.9703125,32.0,0.125,6400000.0,0.9671408696183953
256.0,256.0,4.0,22.0,3027.0,3019.0,99453.0,450272.0,0,0.98125,4.0,0.0625,6400000.0,0.980047547700587
256.0,256.0,8.0,31.0,7654.0,7753.0,256398.0,1207712.0,0,0.9875,0.0625,0.0625,6400000.0,0.9820029659980432
256.0,256.0,8.0,8.0,2787.0,2800.0,95449.0,415232.0,0,0.959375,0.25,128.0,6400000.0,0.9409246575342465
1.0,256.0,8.0,1.0,1.0,1.0,543.0,32.0,0,0.5015625,16384.0,0.0625,6400000.0,0.5273919092465753
256.0,256.0,8.0,5.0,1378.0,1409.0,48491.0,192672.0,0,0.940625,8.0,256.0,6400000.0,0.9409246575342465
256.0,256.0,8.0,32.0,7639.0,7729.0,255873.0,1203872.0,0,0.9875,0.00390625,0.0078125,6400000.0,0.983177134295499
1.0,256.0,8.0,1.0,1.0,1.0,543.0,32.0,0,0.5015625,16384.0,1.0,6400000.0,0.5273919092465753
256.0,256.0,8.0,30.0,7713.0,7813.0,258367.0,1217312.0,0,0.9890625,0.0625,1.0,6400000.0,0.9816115765655578
1.0,256.0,8.0,1.0,1.0,1.0,543.0,32.0,0,0.5015625,512.0,16.0,6400000.0,0.5273919092465753
256.0,256.0,4.0,23.0,3040.0,3031.0,99860.0,452192.0,0,0.9875,2.0,0.015625,6400000.0,0.9816123409980431
1.0,256.0,8.0,1.0,1.0,1.0,543.0,32.0,0,0.5015625,512.0,256.0,6400000.0,0.5273919092465753
1.0,256.0,8.0,1.0,1.0,1.0,543.0,32.0,0,0.5015625,16384.0,16.0,6400000.0,0.5273919092465753
256.0,256.0,8.0,8.0,3390.0,3439.0,115353.0,517472.0,0,0.959375,64.0,32.0,6400000.0,0.9495413405088062
256.0,256.0,8.0,13.0,5795.0,5891.0,195171.0,909792.0,0,0.9703125,1.0,16.0,6400000.0,0.9702696917808218
256.0,256.0,8.0,13.0,5822.0,5921.0,196065.0,914592.0,0,0.9703125,16.0,0.00390625,6400000.0,0.9710524706457926
1.0,256.0,8.0,1.0,1.0,1.0,543.0,32.0,0,0.5015625,512.0,4096.0,6400000.0,0.5273919092465753
256.0,256.0,4.0,5.0,1378.0,1409.0,45371.0,192672.0,0,0.940625,0.5,256.0,6400000.0,0.9409246575342465
256.0,256.0,8.0,8.0,3282.0,3315.0,111773.0,497632.0,0,0.959375,64.0,2.0,6400000.0,0.9569662732387474
1.0,256.0,8.0,1.0,1.0,1.0,543.0,32.0,0,0.5015625,16384.0,256.0,6400000.0,0.5273919092465753
256.0,256.0,4.0,23.0,3040.0,3031.0,99860.0,452192.0,0,0.9875,1.0,1.0,6400000.0,0.9835692881604696
256.0,256.0,8.0,8.0,3307.0,3340.0,112598.0,501632.0,0,0.959375,64.0,0.125,6400000.0,0.9628371147260273
1.0,256.0,8.0,1.0,1.0,1.0,543.0,32.0,0,0.5015625,1024.0,0.0,6400000.0,0.5273919092465753
1.0,256.0,8.0,1.0,1.0,1.0,543.0,32.0,0,0.5015625,16384.0,4096.0,6400000.0,0.5273919092465753
1.0,256.0,8.0,1.0,1.0,1.0,543.0,32.0,0,0.5015625,1024.0,0.0078125,6400000.0,0.5273919092465753
1.0,256.0,8.0,1.0,1.0,1.0,543.0,32.0,0,0.5015625,128.0,2048.0,6400000.0,0.5273919092465753
1.0,256.0,8.0,1.0,1.0,1.0,543.0,32.0,0,0.5015625,32768.0,0.0,6400000.0,0.5273919092465753
256.0,256.0,8.0,13.0,5788.0,5885.0,194941.0,908832.0,0,0.9703125,16.0,1.0,6400000.0,0.9702696917808218
1.0,256.0,8.0,1.0,1.0,1.0,543.0,32.0,0,0.5015625,32768.0,0.0078125,6400000.0,0.5273919092465753
1.0,256.0,8.0,1.0,1.0,1.0,543.0,32.0,0,0.5015625,1024.0,0.125,6400000.0,0.5273919092465753
256.0,256.0,4.0,13.0,2944.0,2943.0,96895.0,438112.0,0,0.9703125,0.015625,16.0,6400000.0,0.9659674657534246
1.0,256.0,8.0,1.0,1.0,1.0,543.0,32.0,0,0.5015625,32768.0,0.125,6400000.0,0.5273919092465753
256.0,256.0,4.0,32.0,2980.0,2967.0,97687.0,441952.0,0,0.98125,0.5,0.125,6400000.0,0.9835700525929549
1.0,256.0,8.0,1.0,1.0,1.0,543.0,32.0,0,0.5015625,1024.0,32.0,6400000.0,0.5273919092465753
1.0,256.0,8.0,1.0,1.0,1.0,543.0,32.0,0,0.5015625,1024.0,2.0,6400000.0,0.5273919092465753
1.0,256.0,8.0,1.0,1.0,1.0,543.0,32.0,0,0.5015625,1024.0,512.0,6400000.0,0.5273919092465753
1.0,256.0,8.0,1.0,1.0,1.0,543.0,32.0,0,0.5015625,128.0,32768.0,6400000.0,0.5273919092465753
256.0,256.0,4.0,16.0,3027.0,3021.0,99566.0,450592.0,0,0.9765625,16.0,0.015625,6400000.0,0.9671416340508806
1.0,256.0,8.0,1.0,1.0,1.0,543.0,32.0,0,0.5015625,1024.0,8192.0,6400000.0,0.5273919092465753
256.0,256.0,8.0,13.0,5857.0,5963.0,197227.0,921312.0,0,0.9703125,32.0,2.0,6400000.0,0.96674948018591
1.0,256.0,8.0,1.0,1.0,1.0,543.0,32.0,0,0.5015625,2048.0,0.000976562,6400000.0,0.5273919092465753
1.0,256.0,4.0,1.0,1.0,1.0,63.0,32.0,0,0.5015625,8.0,2048.0,6400000.0,0.5273919092465753
1.0,256.0,8.0,1.0,1.0,1.0,543.0,32.0,0,0.5015625,2048.0,0.015625,6400000.0,0.5273919092465753
256.0,256.0,8.0,13.0,5822.0,5921.0,196065.0,914592.0,0,0.9703125,16.0,0.0625,6400000.0,0.9710524706457926
1.0,256.0,8.0,1.0,1.0,1.0,543.0,32.0,0,0.5015625,2048.0,4.0,6400000.0,0.5273919092465753
256.0,256.0,4.0,12.0,3042.0,3041.0,100150.0,453792.0,0,0.96875,16.0,8.0,6400000.0,0.9671416340508806
1.0,256.0,8.0,1.0,1.0,1.0,543.0,32.0,0,0.5015625,2048.0,1024.0,6400000.0,0.5273919092465753
1.0,256.0,8.0,1.0,1.0,1.0,543.0,32.0,0,0.5015625,4096.0,0.00195312,6400000.0,0.5273919092465753
1.0,256.0,8.0,1.0,1.0,1.0,543.0,32.0,0,0.5015625,2048.0,64.0,6400000.0,0.5273919092465753
256.0,256.0,4.0,23.0,3073.0,3064.0,100949.0,457472.0,0,0.984375,0.000976562,4.0,6400000.0,0.9800475477005872
1.0,256.0,8.0,1.0,1.0,1.0,543.0,32.0,0,0.5015625,4096.0,8.0,6400000.0,0.5273919092465753
1.0,256.0,8.0,1.0,1.0,1.0,543.0,32.0,0,0.5015625,32768.0,2.0,6400000.0,0.5273919092465753
1.0,256.0,8.0,1.0,1.0,1.0,543.0,32.0,0,0.5015625,2048.0,0.25,6400000.0,0.5273919092465753
1.0,256.0,8.0,1.0,1.0,1.0,543.0,32.0,0,0.5015625,4096.0,0.5,6400000.0,0.5273919092465753
1.0,256.0,8.0,1.0,1.0,1.0,543.0,32.0,0,0.5015625,4096.0,0.03125,6400000.0,0.5273919092465753
256.0,256.0,4.0,32.0,3026.0,3013.0,99205.0,449312.0,0,0.9828125,0.0,0.5,6400000.0,0.982786509295499
256.0,256.0,4.0,32.0,3005.0,2993.0,98513.0,446112.0,0,0.98125,0.03125,0.125,6400000.0,0.9827872737279844
1.0,256.0,8.0,1.0,1.0,1.0,543.0,32.0,0,0.5015625,2048.0,16384.0,6400000.0,0.5273919092465753
256.0,256.0,8.0,5.0,1378.0,1409.0,48491.0,192672.0,0,0.940625,128.0,128.0,6400000.0,0.9409246575342465
256.0,256.0,8.0,29.0,7640.0,7768.0,256007.0,1210112.0,0,0.9890625,2.0,0.000976562,6400000.0,0.9796546294031311
256.0,256.0,8.0,27.0,7649.0,7768.0,256337.0,1210112.0,0,0.9890625,0.0078125,4.0,6400000.0,0.980828797700587
256.0,256.0,8.0,29.0,7645.0,7765.0,256164.0,1209632.0,0,0.9875,0.125,2.0,6400000.0,0.9812201871330725
256.0,256.0,8.0,22.0,7224.0,7377.0,242451.0,1147552.0,0,0.98125,0.5,8.0,6400000.0,0.9808303265655578
256.0,256.0,8.0,8.0,2748.0,2799.0,94200.0,415072.0,0,0.959375,4.0,128.0,6400000.0,0.9409246575342465
1.0,256.0,8.0,1.0,1.0,1.0,543.0,32.0,0,0.5015625,32768.0,32.0,6400000.0,0.5273919092465753
1.0,256.0,8.0,1.0,1.0,1.0,543.0,32.0,0,0.5015625,4096.0,2048.0,6400000.0,0.5273919092465753
1.0,256.0,8.0,1.0,1.0,1.0,543.0,32.0,0,0.5015625,4096.0,128.0,6400000.0,0.5273919092465753
1.0,256.0,8.0,1.0,1.0,1.0,543.0,32.0,0,0.5015625,4096.0,32768.0,6400000.0,0.5273919092465753
256.0,256.0,4.0,32.0,3075.0,3062.0,100822.0,457152.0,0,0.9828125,0.25,0.03125,6400000.0,0.9812224804305284
1.0,256.0,8.0,1.0,1.0,1.0,543.0,32.0,0,0.5015625,32768.0,8192.0,6400000.0,0.5273919092465753
1.0,256.0,8.0,1.0,1.0,1.0,543.0,32.0,0,0.5015625,32768.0,512.0,6400000.0,0.5273919092465753
1.0,256.0,8.0,1.0,1.0,1.0,543.0,32.0,0,0.5015625,8192.0,0.00390625,6400000.0,0.5273919092465753
1.0,256.0,8.0,1.0,1.0,1.0,543.0,32.0,0,0.5015625,256.0,4096.0,6400000.0,0.5273919092465753
256.0,256.0,8.0,31.0,7654.0,7753.0,256398.0,1207712.0,0,0.9875,0.125,0.0078125,6400000.0,0.9827857448630137
256.0,256.0,8.0,32.0,7641.0,7732.0,255940.0,1204352.0,0,0.9890625,0.0078125,0.015625,6400000.0,0.9827857448630137
256.0,256.0,8.0,31.0,7609.0,7708.0,254913.0,1200512.0,0,0.9890625,0.125,0.125,6400000.0,0.9823943554305284
1.0,256.0,8.0,1.0,1.0,1.0,543.0,32.0,0,0.5015625,8192.0,1.0,6400000.0,0.5273919092465753
256.0,256.0,4.0,8.0,2595.0,2604.0,85478.0,383872.0,0,0.959375,64.0,0.25,6400000.0,0.9569662732387474
1.0,256.0,8.0,1.0,1.0,1.0,543.0,32.0,0,0.5015625,8192.0,0.0625,6400000.0,0.5273919092465753
1.0,256.0,8.0,1.0,1.0,1.0,543.0,32.0,0,0.5015625,8192.0,16.0,6400000.0,0.5273919092465753
1.0,256.0,8.0,1.0,1.0,1.0,543.0,32.0,0,0.5015625,8192.0,256.0,6400000.0,0.5273919092465753
256.0,256.0,8.0,8.0,3438.0,3437.0,116887.0,517152.0,0,0.959375,128.0,0.00195312,6400000.0,0.9409246575342465
512.0,512.0,1.0,7.0,1030.0,1024.0,33369.0,98304.0,0,0.940625,0.0,64.0,6400000.0,0.9409246575342465
256.0,256.0,4.0,6.0,1624.0,1645.0,53473.0,230432.0,0,0.940625,32.0,64.0,6400000.0,0.9409246575342465
256.0,256.0,8.0,8.0,3261.0,3292.0,111078.0,493952.0,0,0.959375,0.125,64.0,6400000.0,0.9499312010763209
1.0,256.0,8.0,1.0,1.0,1.0,543.0,32.0,0,0.5015625,8192.0,4096.0,6400000.0,0.5273919092465753
512.0,512.0,1.0,22.0,1046.0,1024.0,33568.0,98304.0,0,0.946875,0.0,0.0625,6400000.0,0.9483564701565559
256.0,256.0,8.0,8.0,3438.0,3437.0,116887.0,517152.0,0,0.959375,128.0,0.03125,6400000.0,0.9409246575342465
256.0,256.0,8.0,27.0,7683.0,7800.0,257457.0,1215232.0,0,0.9890625,0.25,4.0,6400000.0,0.9808287977005872
1.0,256.0,8.0,1.0,1.0,1.0,543.0,32.0,0,0.5015625,512.0,0.0,6400000.0,0.5273919092465753
256.0,256.0,8.0,5.0,1378.0,1409.0,48491.0,192672.0,0,0.940625,256.0,0.00390625,6400000.0,0.9409246575342465
1.0,256.0,8.0,1.0,1.0,1.0,543.0,32.0,0,0.5015625,16384.0,0.0,6400000.0,0.5273919092465753
256.0,256.0,8.0,8.0,3294.0,3326.0,112168.0,499392.0,0,0.959375,32.0,32.0,6400000.0,0.9628371147260273
256.0,256.0,8.0,8.0,3080.0,3077.0,105071.0,459552.0,0,0.959375,128.0,8.0,6400000.0,0.9409246575342465
1.0,512.0,1.0,1.0,1.0,1.0,35.0,32.0,0,0.5015625,0.000976562,512.0,6400000.0,0.5273919092465753
1.0,256.0,8.0,1.0,1.0,1.0,543.0,32.0,0,0.5015625,64.0,32768.0,6400000.0,0.5273919092465753
1.0,256.0,8.0,1.0,1.0,1.0,543.0,32.0,0,0.5015625,16384.0,0.0078125,6400000.0,0.5273919092465753
512.0,512.0,1.0,22.0,1046.0,1024.0,33568.0,98304.0,0,0.946875,0.000976562,0.0,6400000.0,0.9483557057240706
1.0,256.0,4.0,1.0,1.0,1.0,63.0,32.0,0,0.5015625,64.0,1024.0,6400000.0,0.5273919092465753
256.0,256.0,8.0,8.0,3307.0,3340.0,112598.0,501632.0,0,0.959375,64.0,0.000976562,6400000.0,0.9628371147260273
256.0,256.0,8.0,8.0,3438.0,3437.0,116887.0,517152.0,0,0.959375,128.0,0.5,6400000.0,0.9409246575342465
256.0,256.0,8.0,22.0,7224.0,7377.0,242451.0,1147552.0,0,0.98125,8.0,0.5,6400000.0,0.978873379403131
256.0,256.0,8.0,23.0,7366.0,7518.0,247115.0,1170112.0,0,0.984375,8.0,0.00195312,6400000.0,0.9773078216731896
256.0,256.0,8.0,13.0,5822.0,5921.0,196065.0,914592.0,0,0.9703125,8.0,8.0,6400000.0,0.9710524706457926
256.0,256.0,8.0,31.0,7609.0,7708.0,254913.0,1200512.0,0,0.9890625,0.0078125,0.25,6400000.0,0.9820029659980432
256.0,256.0,8.0,23.0,7366.0,7518.0,247115.0,1170112.0,0,0.984375,8.0,0.03125,6400000.0,0.9773078216731896
256.0,256.0,8.0,23.0,7366.0,7518.0,247115.0,1170112.0,0,0.984375,0.015625,8.0,6400000.0,0.9788733794031312
256.0,256.0,4.0,27.0,3044.0,3031.0,99904.0,452192.0,0,0.9859375,0.0078125,2.0,6400000.0,0.9823951198630138
256.0,256.0,4.0,7.0,2274.0,2278.0,74901.0,331712.0,0,0.946875,4.0,128.0,6400000.0,0.9409246575342465
1.0,256.0,8.0,1.0,1.0,1.0,543.0,32.0,0,0.5015625,64.0,2048.0,6400000.0,0.5273919092465753
1.0,256.0,8.0,1.0,1.0,1.0,543.0,32.0,0,0.5015625,512.0,0.0078125,6400000.0,0.5273919092465753
256.0,256.0,8.0,13.0,5803.0,5905.0,195441.0,912032.0,0,0.9703125,0.0625,32.0,6400000.0,0.9659667013209393
512.0,512.0,1.0,15.0,1039.0,1024.0,33490.0,98304.0,0,0.9484375,0.00195312,4.0,6400000.0,0.9491392490215265
256.0,256.0,8.0,5.0,1378.0,1409.0,48491.0,192672.0,0,0.940625,256.0,0.0625,6400000.0,0.9409246575342465
1.0,256.0,8.0,1.0,1.0,1.0,543.0,32.0,0,0.5015625,512.0,0.125,6400000.0,0.5273919092465753
256.0,256.0,8.0,5.0,1378.0,1409.0,48491.0,192672.0,0,0.940625,256.0,1.0,6400000.0,0.9409246575342465
512.0,512.0,1.0,22.0,1046.0,1024.0,33568.0,98304.0,0,0.946875,0.00195312,0.00390625,6400000.0,0.9483557057240706
256.0,256.0,8.0,23.0,7366.0,7518.0,247115.0,1170112.0,0,0.984375,4.0,4.0,6400000.0,0.9773078216731896
512.0,512.0,1.0,20.0,1044.0,1024.0,33546.0,98304.0,0,0.946875,0.000976562,0.5,6400000.0,0.9495298740215266
256.0,256.0,8.0,5.0,1383.0,1408.0,48650.0,192512.0,0,0.940625,256.0,16.0,6400000.0,0.9409246575342465
256.0,256.0,4.0,11.0,2657.0,2655.0,87465.0,392032.0,0,0.96875,0.25,32.0,6400000.0,0.965184686888454
1.0,512.0,1.0,1.0,1.0,1.0,35.0,32.0,0,0.5015625,0.00195312,4096.0,6400000.0,0.5273919092465753
1.0,256.0,8.0,1.0,1.0,1.0,543.0,32.0,0,0.5015625,512.0,2.0,6400000.0,0.5273919092465753
256.0,256.0,4.0,32.0,3041.0,3028.0,99700.0,451712.0,0,0.984375,0.00390625,0.25,6400000.0,0.9823958842954991
256.0,256.0,4.0,29.0,2987.0,2972.0,97979.0,442752.0,0,0.978125,0.0625,1.0,6400000.0,0.9827872737279844
1.0,256.0,8.0,1.0,1.0,1.0,543.0,32.0,0,0.5015625,16384.0,0.125,6400000.0,0.5273919092465753
256.0,256.0,4.0,23.0,3077.0,3068.0,101081.0,458112.0,0,0.984375,0.125,4.0,6400000.0,0.9800475477005872
256.0,256.0,8.0,31.0,7609.0,7708.0,254913.0,1200512.0,0,0.9890625,0.25,0.015625,6400000.0,0.9820029659980429
256.0,256.0,8.0,31.0,7636.0,7733.0,255802.0,1204512.0,0,0.9875,0.25,0.25,6400000.0,0.9827857448630137
1.0,256.0,8.0,1.0,1.0,1.0,543.0,32.0,0,0.5015625,16384.0,2.0,6400000.0,0.5273919092465753
1.0,512.0,1.0,1.0,1.0,1.0,35.0,32.0,0,0.5015625,0.00390625,32768.0,6400000.0,0.5273919092465753
1.0,256.0,8.0,1.0,1.0,1.0,543.0,32.0,0,0.5015625,256.0,256.0,6400000.0,0.5273919092465753
1.0,256.0,8.0,1.0,1.0,1.0,543.0,32.0,0,0.5015625,512.0,512.0,6400000.0,0.5273919092465753
1.0,256.0,8.0,1.0,1.0,1.0,543.0,32.0,0,0.5015625,16384.0,32.0,6400000.0,0.5273919092465753
1.0,256.0,8.0,1.0,1.0,1.0,543.0,32.0,0,0.5015625,512.0,32.0,6400000.0,0.5273919092465753
256.0,256.0,8.0,16.0,6509.0,6604.0,218669.0,1023872.0,0,0.9765625,0.03125,16.0,6400000.0,0.9710524706457926
1.0,256.0,8.0,1.0,1.0,1.0,543.0,32.0,0,0.5015625,512.0,8192.0,6400000.0,0.5273919092465753
1.0,256.0,8.0,1.0,1.0,1.0,543.0,32.0,0,0.5015625,16384.0,512.0,6400000.0,0.5273919092465753
256.0,256.0,8.0,31.0,7636.0,7733.0,255802.0,1204512.0,0,0.9875,0.5,0.03125,6400000.0,0.9820029659980432
512.0,512.0,1.0,9.0,1032.0,1024.0,33422.0,98304.0,0,0.9453125,0.00390625,32.0,6400000.0,0.9401434075342465
1.0,256.0,8.0,1.0,1.0,1.0,543.0,32.0,0,0.5015625,1024.0,0.000976562,6400000.0,0.5273919092465753
512.0,512.0,1.0,22.0,1046.0,1024.0,33568.0,98304.0,0,0.946875,0.00390625,0.03125,6400000.0,0.9479650807240706
256.0,256.0,8.0,27.0,7649.0,7768.0,256337.0,1210112.0,0,0.9890625,4.0,0.015625,6400000.0,0.980438172700587
1.0,256.0,4.0,1.0,1.0,1.0,63.0,32.0,0,0.5015625,0.5,512.0,6400000.0,0.5273919092465753
256.0,256.0,4.0,19.0,2939.0,2938.0,96619.0,437312.0,0,0.9796875,8.0,1.0,6400000.0,0.9769164322407045
1.0,256.0,8.0,1.0,1.0,1.0,543.0,32.0,0,0.5015625,16384.0,8192.0,6400000.0,0.5273919092465753
1.0,256.0,8.0,1.0,1.0,1.0,543.0,32.0,0,0.5015625,32768.0,0.000976562,6400000.0,0.5273919092465753
1.0,256.0,8.0,1.0,1.0,1.0,543.0,32.0,0,0.5015625,128.0,4096.0,6400000.0,0.5273919092465753
256.0,256.0,8.0,27.0,7683.0,7800.0,257457.0,1215232.0,0,0.9890625,4.0,0.25,6400000.0,0.9808287977005872
1.0,256.0,8.0,1.0,1.0,1.0,543.0,32.0,0,0.5015625,1024.0,0.015625,6400000.0,0.5273919092465753
256.0,256.0,8.0,31.0,7636.0,7733.0,255802.0,1204512.0,0,0.9875,0.5,0.00195312,6400000.0,0.9827857448630137
1.0,256.0,8.0,1.0,1.0,1.0,543.0,32.0,0,0.5015625,32768.0,0.015625,6400000.0,0.5273919092465753
256.0,256.0,8.0,30.0,7713.0,7813.0,258367.0,1217312.0,0,0.9890625,0.5,0.5,6400000.0,0.9812201871330725
1.0,256.0,8.0,1.0,1.0,1.0,543.0,32.0,0,0.5015625,1024.0,0.25,6400000.0,0.5273919092465753
1.0,256.0,8.0,1.0,1.0,1.0,543.0,32.0,0,0.5015625,32768.0,0.25,6400000.0,0.5273919092465753
1.0,256.0,8.0,1.0,1.0,1.0,543.0,32.0,0,0.5015625,1024.0,64.0,6400000.0,0.5273919092465753
256.0,256.0,4.0,11.0,2821.0,2819.0,92877.0,418272.0,0,0.96875,32.0,0.125,6400000.0,0.9659667013209393
1.0,256.0,8.0,1.0,1.0,1.0,543.0,32.0,0,0.5015625,1024.0,4.0,6400000.0,0.5273919092465753
1.0,256.0,8.0,1.0,1.0,1.0,543.0,32.0,0,0.5015625,1024.0,1024.0,6400000.0,0.5273919092465753
256.0,256.0,8.0,27.0,7649.0,7768.0,256337.0,1210112.0,0,0.9890625,2.0,2.0,6400000.0,0.980828797700587
256.0,256.0,4.0,15.0,3046.0,3040.0,100214.0,453632.0,0,0.971875,2.0,16.0,6400000.0,0.9651846868884538
256.0,256.0,8.0,29.0,7657.0,7777.0,256560.0,1211552.0,0,0.9875,2.0,0.0078125,6400000.0,0.9796546294031311
512.0,512.0,1.0,22.0,1046.0,1024.0,33568.0,98304.0,0,0.946875,0.0078125,0.25,6400000.0,0.9495298740215266
1.0,256.0,8.0,1.0,1.0,1.0,543.0,32.0,0,0.5015625,1024.0,16384.0,6400000.0,0.5273919092465753
1.0,256.0,8.0,1.0,1.0,1.0,543.0,32.0,0,0.5015625,2048.0,0.00195312,6400000.0,0.5273919092465753
256.0,256.0,8.0,29.0,7645.0,7765.0,256164.0,1209632.0,0,0.9875,2.0,0.125,6400000.0,0.9812201871330725
1.0,256.0,8.0,1.0,1.0,1.0,543.0,32.0,0,0.5015625,2048.0,8.0,6400000.0,0.5273919092465753
1.0,256.0,8.0,1.0,1.0,1.0,543.0,32.0,0,0.5015625,2048.0,0.03125,6400000.0,0.5273919092465753
256.0,256.0,8.0,5.0,1378.0,1409.0,48491.0,192672.0,0,0.940625,256.0,0.0,6400000.0,0.9409246575342465
256.0,256.0,8.0,8.0,3227.0,3258.0,109956.0,488512.0,0,0.959375,2.0,64.0,6400000.0,0.9483656433463796
1.0,256.0,8.0,1.0,1.0,1.0,543.0,32.0,0,0.5015625,4096.0,0.00390625,6400000.0,0.5273919092465753
1.0,256.0,8.0,1.0,1.0,1.0,543.0,32.0,0,0.5015625,4096.0,16.0,6400000.0,0.5273919092465753
1.0,256.0,8.0,1.0,1.0,1.0,543.0,32.0,0,0.5015625,2048.0,2048.0,6400000.0,0.5273919092465753
1.0,256.0,8.0,1.0,1.0,1.0,543.0,32.0,0,0.5015625,32768.0,4.0,6400000.0,0.5273919092465753
1.0,256.0,8.0,1.0,1.0,1.0,543.0,32.0,0,0.5015625,2048.0,128.0,6400000.0,0.5273919092465753
1.0,256.0,8.0,1.0,1.0,1.0,543.0,32.0,0,0.5015625,2048.0,0.5,6400000.0,0.5273919092465753
256.0,256.0,8.0,29.0,7640.0,7768.0,256007.0,1210112.0,0,0.9890625,1.0,1.0,6400000.0,0.9796546294031311
1.0,256.0,8.0,1.0,1.0,1.0,543.0,32.0,0,0.5015625,2048.0,32768.0,6400000.0,0.5273919092465753
1.0,512.0,1.0,1.0,1.0,1.0,35.0,32.0,0,0.5015625,0.015625,2048.0,6400000.0,0.5273919092465753
1.0,256.0,8.0,1.0,1.0,1.0,543.0,32.0,0,0.5015625,4096.0,1.0,6400000.0,0.5273919092465753
1.0,256.0,8.0,1.0,1.0,1.0,543.0,32.0,0,0.5015625,4096.0,0.0625,6400000.0,0.5273919092465753
256.0,256.0,8.0,30.0,7713.0,7813.0,258367.0,1217312.0,0,0.9890625,1.0,0.00390625,6400000.0,0.9812201871330725
256.0,256.0,8.0,9.0,3845.0,3937.0,130390.0,597152.0,0,0.959375,16.0,32.0,6400000.0,0.9628371147260273
256.0,256.0,8.0,30.0,7713.0,7813.0,258367.0,1217312.0,0,0.9890625,1.0,0.0625,6400000.0,0.9816115765655578
256.0,256.0,4.0,23.0,3065.0,3056.0,100685.0,456192.0,0,0.984375,4.0,0.125,6400000.0,0.9812217159980431
512.0,512.0,1.0,5.0,1028.0,1024.0,33346.0,98304.0,0,0.940625,0.0078125,256.0,6400000.0,0.9409246575342465
256.0,256.0,8.0,13.0,5698.0,5800.0,191976.0,895232.0,0,0.9703125,32.0,0.015625,6400000.0,0.9671408696183953
1.0,512.0,1.0,1.0,1.0,1.0,35.0,32.0,0,0.5015625,0.03125,16384.0,6400000.0,0.5273919092465753
1.0,256.0,8.0,1.0,1.0,1.0,543.0,32.0,0,0.5015625,32768.0,64.0,6400000.0,0.5273919092465753
1.0,256.0,8.0,1.0,1.0,1.0,543.0,32.0,0,0.5015625,8192.0,0.0,6400000.0,0.5273919092465753
1.0,256.0,8.0,1.0,1.0,1.0,543.0,32.0,0,0.5015625,4096.0,4096.0,6400000.0,0.5273919092465753
1.0,256.0,8.0,1.0,1.0,1.0,543.0,32.0,0,0.5015625,4096.0,256.0,6400000.0,0.5273919092465753
1.0,256.0,8.0,1.0,1.0,1.0,543.0,32.0,0,0.5015625,32768.0,1024.0,6400000.0,0.5273919092465753
256.0,256.0,8.0,8.0,3293.0,3292.0,112102.0,493952.0,0,0.959375,64.0,64.0,6400000.0,0.9409246575342465
1.0,256.0,8.0,1.0,1.0,1.0,543.0,32.0,0,0.5015625,32768.0,16384.0,6400000.0,0.5273919092465753
512.0,512.0,1.0,17.0,1041.0,1024.0,33512.0,98304.0,0,0.9453125,0.015625,2.0,6400000.0,0.9507017490215265
512.0,512.0,1.0,22.0,1046.0,1024.0,33568.0,98304.0,0,0.946875,0.015625,0.00195312,6400000.0,0.9483557057240706
1.0,256.0,8.0,1.0,1.0,1.0,543.0,32.0,0,0.5015625,8192.0,0.0078125,6400000.0,0.5273919092465753
1.0,256.0,8.0,1.0,1.0,1.0,543.0,32.0,0,0.5015625,256.0,8192.0,6400000.0,0.5273919092465753
512.0,512.0,1.0,22.0,1046.0,1024.0,33568.0,98304.0,0,0.946875,0.03125,0.015625,6400000.0,0.9479650807240706
256.0,256.0,8.0,31.0,7636.0,7733.0,255802.0,1204512.0,0,0.9875,0.015625,0.5,6400000.0,0.9820029659980432
1.0,512.0,1.0,1.0,1.0,1.0,35.0,32.0,0,0.5015625,0.125,1024.0,6400000.0,0.5273919092465753
256.0,256.0,4.0,27.0,3024.0,3011.0,99244.0,448992.0,0,0.984375,2.0,0.03125,6400000.0,0.982786509295499
512.0,512.0,1.0,10.0,1034.0,1024.0,33435.0,98304.0,0,0.94375,0.03125,16.0,6400000.0,0.946401816291585
1.0,256.0,8.0,1.0,1.0,1.0,543.0,32.0,0,0.5015625,8192.0,2.0,6400000.0,0.5273919092465753
512.0,512.0,1.0,5.0,1028.0,1024.0,33346.0,98304.0,0,0.940625,0.0625,128.0,6400000.0,0.9409246575342465
1.0,256.0,8.0,1.0,1.0,1.0,543.0,32.0,0,0.5015625,8192.0,32.0,6400000.0,0.5273919092465753
1.0,256.0,8.0,1.0,1.0,1.0,543.0,32.0,0,0.5015625,8192.0,512.0,6400000.0,0.5273919092465753
256.0,256.0,8.0,32.0,7629.0,7722.0,255546.0,1202752.0,0,0.9890625,0.015625,0.03125,6400000.0,0.9823943554305284
1.0,256.0,8.0,1.0,1.0,1.0,543.0,32.0,0,0.5015625,8192.0,0.125,6400000.0,0.5273919092465753
256.0,256.0,8.0,5.0,981.0,1080.0,35202.0,140032.0,0,0.940625,128.0,256.0,6400000.0,0.9033657962328766
512.0,512.0,1.0,22.0,1046.0,1024.0,33568.0,98304.0,0,0.946875,0.0625,0.125,6400000.0,0.9491392490215265
256.0,256.0,8.0,13.0,5698.0,5800.0,191976.0,895232.0,0,0.9703125,32.0,0.25,6400000.0,0.9671408696183953
512.0,512.0,1.0,20.0,1044.0,1024.0,33546.0,98304.0,0,0.9484375,0.125,1.0,6400000.0,0.9495306384540119
512.0,512.0,1.0,22.0,1046.0,1024.0,33568.0,98304.0,0,0.946875,0.125,0.000976562,6400000.0,0.9491392490215265
1.0,256.0,8.0,1.0,1.0,1.0,543.0,32.0,0,0.5015625,8192.0,8192.0,6400000.0,0.5273919092465753
1.0,256.0,8.0,1.0,1.0,1.0,543.0,32.0,0,0.5015625,16384.0,0.000976562,6400000.0,0.5273919092465753
256.0,256.0,4.0,23.0,3042.0,3033.0,99926.0,452512.0,0,0.98125,1.0,2.0,6400000.0,0.9823966487279844
1.0,512.0,1.0,1.0,1.0,1.0,35.0,32.0,0,0.5015625,0.25,8192.0,6400000.0,0.5273919092465753
1.0,256.0,8.0,1.0,1.0,1.0,543.0,32.0,0,0.5015625,512.0,0.000976562,6400000.0,0.5273919092465753
512.0,512.0,1.0,22.0,1046.0,1024.0,33568.0,98304.0,0,0.946875,0.25,0.0078125,6400000.0,0.9495298740215266
1.0,512.0,1.0,1.0,1.0,1.0,35.0,32.0,0,0.5015625,0.000976562,1024.0,6400000.0,0.5273919092465753
512.0,512.0,1.0,13.0,1037.0,1024.0,33468.0,98304.0,0,0.946875,0.25,8.0,6400000.0,0.9460096624266144
1.0,256.0,8.0,1.0,1.0,1.0,543.0,32.0,0,0.5015625,16384.0,0.015625,6400000.0,0.5273919092465753
256.0,256.0,4.0,11.0,2821.0,2819.0,92877.0,418272.0,0,0.96875,16.0,16.0,6400000.0,0.9659667013209393
512.0,512.0,1.0,5.0,1028.0,1024.0,33346.0,98304.0,0,0.940625,0.0,128.0,6400000.0,0.9409246575342465
512.0,512.0,1.0,7.0,1030.0,1024.0,33369.0,98304.0,0,0.940625,0.5,64.0,6400000.0,0.9409246575342465
256.0,256.0,8.0,32.0,7636.0,7726.0,255774.0,1203392.0,0,0.9890625,0.0,0.000976562,6400000.0,0.9816115765655578
1.0,512.0,1.0,1.0,1.0,1.0,35.0,32.0,0,0.5015625,1.0,512.0,6400000.0,0.5273919092465753
256.0,256.0,8.0,5.0,1378.0,1409.0,48491.0,192672.0,0,0.940625,256.0,0.0078125,6400000.0,0.9409246575342465
512.0,512.0,1.0,20.0,1044.0,1024.0,33546.0,98304.0,0,0.946875,0.5,0.0625,6400000.0,0.9503126528864971
256.0,256.0,8.0,13.0,5743.0,5847.0,193463.0,902752.0,0,0.9703125,1.0,32.0,6400000.0,0.9671408696183953
256.0,256.0,4.0,5.0,1378.0,1409.0,45371.0,192672.0,0,0.940625,32.0,128.0,6400000.0,0.9409246575342465
1.0,256.0,8.0,1.0,1.0,1.0,543.0,32.0,0,0.5015625,512.0,0.015625,6400000.0,0.5273919092465753
256.0,256.0,8.0,5.0,1378.0,1409.0,48491.0,192672.0,0,0.940625,128.0,16.0,6400000.0,0.9409246575342465
256.0,256.0,8.0,31.0,7609.0,7708.0,254913.0,1200512.0,0,0.9890625,0.25,0.00195312,6400000.0,0.9823943554305284
1.0,256.0,8.0,1.0,1.0,1.0,543.0,32.0,0,0.5015625,512.0,0.25,6400000.0,0.5273919092465753
512.0,512.0,1.0,20.0,1044.0,1024.0,33546.0,98304.0,0,0.9484375,1.0,0.0,6400000.0,0.9491400134540118
512.0,512.0,1.0,22.0,1046.0,1024.0,33568.0,98304.0,0,0.946875,0.0,0.125,6400000.0,0.9491392490215265
512.0,512.0,1.0,18.0,1042.0,1024.0,33524.0,98304.0,0,0.946875,1.0,0.5,6400000.0,0.9503111240215265
256.0,256.0,4.0,31.0,2990.0,2979.0,98040.0,443872.0,0,0.9796875,0.5,0.25,6400000.0,0.9823966487279844
1.0,256.0,8.0,1.0,1.0,1.0,543.0,32.0,0,0.5015625,512.0,4.0,6400000.0,0.5273919092465753
1.0,512.0,1.0,1.0,1.0,1.0,35.0,32.0,0,0.5015625,0.00195312,8192.0,6400000.0,0.5273919092465753
256.0,256.0,8.0,8.0,3438.0,3437.0,116887.0,517152.0,0,0.959375,128.0,0.00390625,6400000.0,0.9409246575342465
256.0,256.0,8.0,8.0,3438.0,3437.0,116887.0,517152.0,0,0.959375,128.0,0.0625,6400000.0,0.9409246575342465
1.0,256.0,8.0,1.0,1.0,1.0,543.0,32.0,0,0.5015625,16384.0,0.25,6400000.0,0.5273919092465753
256.0,256.0,4.0,5.0,1378.0,1409.0,45371.0,192672.0,0,0.940625,4.0,256.0,6400000.0,0.9409246575342465
512.0,512.0,1.0,17.0,1041.0,1024.0,33512.0,98304.0,0,0.9453125,2.0,0.00390625,6400000.0,0.9510931384540118
1.0,256.0,8.0,1.0,1.0,1.0,543.0,32.0,0,0.5015625,512.0,1024.0,6400000.0,0.5273919092465753
256.0,256.0,8.0,32.0,7628.0,7718.0,255510.0,1202112.0,0,0.9875,0.03125,0.00390625,6400000.0,0.9823943554305284
512.0,512.0,1.0,22.0,1046.0,1024.0,33568.0,98304.0,0,0.946875,0.000976562,0.000976562,6400000.0,0.9483557057240706
256.0,256.0,8.0,5.0,1378.0,1409.0,48491.0,192672.0,0,0.940625,256.0,0.125,6400000.0,0.9409246575342465
1.0,256.0,8.0,1.0,1.0,1.0,543.0,32.0,0,0.5015625,16384.0,4.0,6400000.0,0.5273919092465753
256.0,256.0,8.0,5.0,1378.0,1409.0,48491.0,192672.0,0,0.940625,256.0,2.0,6400000.0,0.9409246575342465
1.0,256.0,8.0,1.0,1.0,1.0,543.0,32.0,0,0.5015625,512.0,64.0,6400000.0,0.5273919092465753
512.0,512.0,1.0,13.0,1037.0,1024.0,33468.0,98304.0,0,0.946875,0.00195312,8.0,6400000.0,0.9475752201565559
1.0,256.0,8.0,1.0,1.0,1.0,543.0,32.0,0,0.5015625,256.0,512.0,6400000.0,0.5273919092465753
1.0,256.0,8.0,1.0,1.0,1.0,543.0,32.0,0,0.5015625,16384.0,64.0,6400000.0,0.5273919092465753
256.0,256.0,8.0,5.0,1369.0,1399.0,48193.0,191072.0,0,0.940625,256.0,32.0,6400000.0,0.9409246575342465
1.0,256.0,8.0,1.0,1.0,1.0,543.0,32.0,0,0.5015625,512.0,16384.0,6400000.0,0.5273919092465753
256.0,256.0,8.0,8.0,3319.0,3318.0,112960.0,498112.0,0,0.959375,128.0,1.0,6400000.0,0.9409246575342465
256.0,256.0,8.0,8.0,3307.0,3340.0,112598.0,501632.0,0,0.959375,64.0,0.015625,6400000.0,0.9628371147260273
1.0,512.0,1.0,1.0,1.0,1.0,35.0,32.0,0,0.5015625,2.0,4096.0,6400000.0,0.5273919092465753
512.0,512.0,1.0,20.0,1044.0,1024.0,33546.0,98304.0,0,0.9484375,0.000976562,1.0,6400000.0,0.9495314028864972
1.0,256.0,8.0,1.0,1.0,1.0,543.0,32.0,0,0.5015625,16384.0,1024.0,6400000.0,0.5273919092465753
256.0,256.0,8.0,13.0,5991.0,6102.0,201654.0,943552.0,0,0.9703125,32.0,4.0,6400000.0,0.9659667013209393
512.0,512.0,1.0,22.0,1046.0,1024.0,33568.0,98304.0,0,0.946875,0.00195312,0.0078125,6400000.0,0.9483557057240706
1.0,256.0,8.0,1.0,1.0,1.0,543.0,32.0,0,0.5015625,1024.0,0.00195312,6400000.0,0.5273919092465753
256.0,256.0,8.0,27.0,7649.0,7768.0,256337.0,1210112.0,0,0.9890625,4.0,0.00195312,6400000.0,0.980828797700587
1.0,256.0,8.0,1.0,1.0,1.0,543.0,32.0,0,0.5015625,16384.0,16384.0,6400000.0,0.5273919092465753
512.0,512.0,1.0,15.0,1039.0,1024.0,33490.0,98304.0,0,0.9484375,2.0,4.0,6400000.0,0.9483564701565559
256.0,256.0,8.0,13.0,5822.0,5921.0,196065.0,914592.0,0,0.9703125,16.0,0.0078125,6400000.0,0.9710524706457926
512.0,512.0,1.0,22.0,1046.0,1024.0,33568.0,98304.0,0,0.946875,0.0078125,0.0,6400000.0,0.9483557057240706
256.0,256.0,8.0,30.0,7713.0,7813.0,258367.0,1217312.0,0,0.9890625,0.03125,1.0,6400000.0,0.980828797700587
1.0,512.0,1.0,1.0,1.0,1.0,35.0,32.0,0,0.5015625,4.0,32768.0,6400000.0,0.5273919092465753
256.0,256.0,4.0,32.0,3038.0,3025.0,99601.0,451232.0,0,0.9828125,0.25,0.0625,6400000.0,0.9823958842954991
256.0,256.0,8.0,13.0,5856.0,5955.0,197187.0,920032.0,0,0.9703125,16.0,2.0,6400000.0,0.9702696917808218
1.0,256.0,8.0,1.0,1.0,1.0,543.0,32.0,0,0.5015625,32768.0,0.00195312,6400000.0,0.5273919092465753
1.0,256.0,8.0,1.0,1.0,1.0,543.0,32.0,0,0.5015625,1024.0,0.03125,6400000.0,0.5273919092465753
256.0,256.0,4.0,8.0,2595.0,2604.0,85478.0,383872.0,0,0.959375,64.0,0.5,6400000.0,0.9569662732387474
1.0,256.0,8.0,1.0,1.0,1.0,543.0,32.0,0,0.5015625,32768.0,0.03125,6400000.0,0.5273919092465753
256.0,256.0,8.0,8.0,3277.0,3306.0,111604.0,496192.0,0,0.959375,64.0,4.0,6400000.0,0.9569662732387474
1.0,256.0,8.0,1.0,1.0,1.0,543.0,32.0,0,0.5015625,32768.0,0.5,6400000.0,0.5273919092465753
256.0,256.0,8.0,32.0,7629.0,7722.0,255546.0,1202752.0,0,0.9890625,0.03125,0.0625,6400000.0,0.9820029659980432
1.0,256.0,8.0,1.0,1.0,1.0,543.0,32.0,0,0.5015625,1024.0,0.5,6400000.0,0.5273919092465753
512.0,512.0,1.0,15.0,1039.0,1024.0,33490.0,98304.0,0,0.9484375,4.0,0.03125,6400000.0,0.9503103595890412
1.0,256.0,8.0,1.0,1.0,1.0,543.0,32.0,0,0.5015625,1024.0,2048.0,6400000.0,0.5273919092465753
1.0,256.0,8.0,1.0,1.0,1.0,543.0,32.0,0,0.5015625,1024.0,8.0,6400000.0,0.5273919092465753
1.0,256.0,8.0,1.0,1.0,1.0,543.0,32.0,0,0.5015625,1024.0,128.0,6400000.0,0.5273919092465753
512.0,512.0,1.0,5.0,1028.0,1024.0,33346.0,98304.0,0,0.940625,8.0,256.0,6400000.0,0.9409246575342465
512.0,512.0,1.0,13.0,1037.0,1024.0,33468.0,98304.0,0,0.946875,8.0,0.25,6400000.0,0.9464010518590997
512.0,512.0,1.0,7.0,1030.0,1024.0,33369.0,98304.0,0,0.940625,0.00390625,64.0,6400000.0,0.9409246575342465
512.0,512.0,1.0,8.0,1031.0,1024.0,33380.0,98304.0,0,0.940625,4.0,32.0,6400000.0,0.9401434075342465
256.0,256.0,4.0,8.0,2394.0,2415.0,78857.0,353632.0,0,0.95,0.25,64.0,6400000.0,0.9377981286692758
1.0,256.0,8.0,1.0,1.0,1.0,543.0,32.0,0,0.5015625,1024.0,32768.0,6400000.0,0.5273919092465753
512.0,512.0,1.0,10.0,1034.0,1024.0,33435.0,98304.0,0,0.94375,16.0,0.00195312,6400000.0,0.9452276479941292
256.0,256.0,8.0,8.0,3307.0,3340.0,112598.0,501632.0,0,0.959375,64.0,0.25,6400000.0,0.9628371147260273
1.0,256.0,8.0,1.0,1.0,1.0,543.0,32.0,0,0.5015625,2048.0,16.0,6400000.0,0.5273919092465753
1.0,256.0,8.0,1.0,1.0,1.0,543.0,32.0,0,0.5015625,2048.0,0.00390625,6400000.0,0.5273919092465753
512.0,512.0,1.0,22.0,1046.0,1024.0,33568.0,98304.0,0,0.946875,0.00390625,0.0625,6400000.0,0.9483564701565559
1.0,256.0,8.0,1.0,1.0,1.0,543.0,32.0,0,0.5015625,2048.0,4096.0,6400000.0,0.5273919092465753
1.0,256.0,8.0,1.0,1.0,1.0,543.0,32.0,0,0.5015625,4096.0,0.0078125,6400000.0,0.5273919092465753
1.0,256.0,8.0,1.0,1.0,1.0,543.0,32.0,0,0.5015625,4096.0,32.0,6400000.0,0.5273919092465753
1.0,256.0,8.0,1.0,1.0,1.0,543.0,32.0,0,0.5015625,2048.0,0.0625,6400000.0,0.5273919092465753
1.0,512.0,1.0,1.0,1.0,1.0,35.0,32.0,0,0.5015625,16.0,2048.0,6400000.0,0.5273919092465753
1.0,256.0,8.0,1.0,1.0,1.0,543.0,32.0,0,0.5015625,2048.0,1.0,6400000.0,0.5273919092465753
1.0,256.0,8.0,1.0,1.0,1.0,543.0,32.0,0,0.5015625,2048.0,256.0,6400000.0,0.5273919092465753
1.0,256.0,8.0,1.0,1.0,1.0,543.0,32.0,0,0.5015625,32768.0,8.0,6400000.0,0.5273919092465753
1.0,256.0,8.0,1.0,1.0,1.0,543.0,32.0,0,0.5015625,4096.0,0.125,6400000.0,0.5273919092465753
1.0,256.0,8.0,1.0,1.0,1.0,543.0,32.0,0,0.5015625,4096.0,2.0,6400000.0,0.5273919092465753
256.0,256.0,4.0,21.0,3031.0,3024.0,99607.0,451072.0,0,0.9765625,0.125,8.0,6400000.0,0.9784819899706457
1.0,512.0,1.0,1.0,1.0,1.0,35.0,32.0,0,0.5015625,0.015625,4096.0,6400000.0,0.5273919092465753
1.0,256.0,8.0,1.0,1.0,1.0,543.0,32.0,0,0.5015625,4096.0,0.0,6400000.0,0.5273919092465753
256.0,256.0,8.0,13.0,5822.0,5921.0,196065.0,914592.0,0,0.9703125,16.0,0.125,6400000.0,0.9698783023483365
1.0,512.0,1.0,1.0,1.0,1.0,35.0,32.0,0,0.5015625,32.0,16384.0,6400000.0,0.5273919092465753
1.0,256.0,8.0,1.0,1.0,1.0,543.0,32.0,0,0.5015625,8192.0,0.000976562,6400000.0,0.5273919092465753
1.0,256.0,8.0,1.0,1.0,1.0,543.0,32.0,0,0.5015625,4096.0,8192.0,6400000.0,0.5273919092465753
512.0,512.0,1.0,10.0,1034.0,1024.0,33435.0,98304.0,0,0.94375,16.0,2.0,6400000.0,0.947575984589041
1.0,256.0,8.0,1.0,1.0,1.0,543.0,32.0,0,0.5015625,32768.0,2048.0,6400000.0,0.5273919092465753
1.0,512.0,1.0,1.0,1.0,1.0,35.0,32.0,0,0.5015625,0.03125,32768.0,6400000.0,0.5273919092465753
1.0,256.0,8.0,1.0,1.0,1.0,543.0,32.0,0,0.5015625,32768.0,128.0,6400000.0,0.5273919092465753
1.0,256.0,8.0,1.0,1.0,1.0,543.0,32.0,0,0.5015625,4096.0,512.0,6400000.0,0.5273919092465753
512.0,512.0,1.0,8.0,1031.0,1024.0,33380.0,98304.0,0,0.940625,32.0,16.0,6400000.0,0.9409246575342465
1.0,256.0,8.0,1.0,1.0,1.0,543.0,32.0,0,0.5015625,32768.0,32768.0,6400000.0,0.5273919092465753
512.0,512.0,1.0,9.0,1033.0,1024.0,33423.0,98304.0,0,0.94375,32.0,0.015625,6400000.0,0.9401434075342465
1.0,512.0,1.0,1.0,1.0,1.0,35.0,32.0,0,0.5015625,0.0078125,512.0,6400000.0,0.5273919092465753
1.0,256.0,8.0,1.0,1.0,1.0,543.0,32.0,0,0.5015625,8192.0,0.015625,6400000.0,0.5273919092465753
512.0,512.0,1.0,20.0,1044.0,1024.0,33546.0,98304.0,0,0.946875,0.0078125,0.5,6400000.0,0.9495298740215266
1.0,512.0,1.0,1.0,1.0,1.0,35.0,32.0,0,0.5015625,0.125,2048.0,6400000.0,0.5273919092465753
1.0,256.0,8.0,1.0,1.0,1.0,543.0,32.0,0,0.5015625,8192.0,4.0,6400000.0,0.5273919092465753
256.0,256.0,8.0,13.0,5795.0,5891.0,195171.0,909792.0,0,0.9703125,0.5,16.0,6400000.0,0.9702696917808218
1.0,256.0,8.0,1.0,1.0,1.0,543.0,32.0,0,0.5015625,8192.0,64.0,6400000.0,0.5273919092465753
1.0,256.0,8.0,1.0,1.0,1.0,543.0,32.0,0,0.5015625,8192.0,1024.0,6400000.0,0.5273919092465753
256.0,256.0,4.0,19.0,2942.0,2943.0,96720.0,438112.0,0,0.9796875,8.0,2.0,6400000.0,0.9741805283757339
512.0,512.0,1.0,7.0,1030.0,1024.0,33369.0,98304.0,0,0.940625,64.0,0.125,6400000.0,0.9409246575342465
1.0,256.0,8.0,1.0,1.0,1.0,543.0,32.0,0,0.5015625,8192.0,0.25,6400000.0,0.5273919092465753
256.0,256.0,4.0,11.0,2637.0,2635.0,86805.0,388832.0,0,0.96875,2.0,32.0,6400000.0,0.9655760763209393
256.0,256.0,8.0,5.0,1378.0,1409.0,48491.0,192672.0,0,0.940625,64.0,128.0,6400000.0,0.9409246575342465
1.0,512.0,1.0,1.0,1.0,1.0,35.0,32.0,0,0.5015625,0.25,16384.0,6400000.0,0.5273919092465753
1.0,256.0,8.0,1.0,1.0,1.0,543.0,32.0,0,0.5015625,8192.0,16384.0,6400000.0,0.5273919092465753
1.0,256.0,8.0,1.0,1.0,1.0,543.0,32.0,0,0.5015625,16384.0,0.00195312,6400000.0,0.5273919092465753
1.0,512.0,1.0,1.0,1.0,1.0,35.0,32.0,0,0.5015625,0.000976562,2048.0,6400000.0,0.5273919092465753
1.0,512.0,1.0,1.0,1.0,1.0,35.0,32.0,0,0.5015625,128.0,1024.0,6400000.0,0.5273919092465753
256.0,256.0,8.0,8.0,3360.0,3409.0,114363.0,512672.0,0,0.959375,32.0,64.0,6400000.0,0.9495413405088062
512.0,512.0,1.0,5.0,1028.0,1024.0,33346.0,98304.0,0,0.940625,64.0,128.0,6400000.0,0.9409246575342465
512.0,512.0,1.0,15.0,1039.0,1024.0,33490.0,98304.0,0,0.9484375,0.015625,4.0,6400000.0,0.9503103595890412
256.0,256.0,8.0,13.0,5696.0,5797.0,191909.0,894752.0,0,0.9703125,8.0,16.0,6400000.0,0.9663573263209392
512.0,512.0,1.0,5.0,1028.0,1024.0,33346.0,98304.0,0,0.940625,0.0625,256.0,6400000.0,0.9409246575342465
512.0,512.0,1.0,5.0,1028.0,1024.0,33346.0,98304.0,0,0.940625,128.0,0.000976562,6400000.0,0.9409246575342465
1.0,256.0,8.0,1.0,1.0,1.0,543.0,32.0,0,0.5015625,16384.0,0.03125,6400000.0,0.5273919092465753
512.0,512.0,1.0,22.0,1046.0,1024.0,33568.0,98304.0,0,0.946875,0.015625,0.00390625,6400000.0,0.9483557057240706
512.0,512.0,1.0,9.0,1032.0,1024.0,33422.0,98304.0,0,0.9453125,0.03125,32.0,6400000.0,0.9401434075342465
512.0,512.0,1.0,5.0,1028.0,1024.0,33346.0,98304.0,0,0.940625,128.0,1.0,6400000.0,0.9409246575342465
512.0,512.0,1.0,22.0,1046.0,1024.0,33568.0,98304.0,0,0.946875,0.03125,0.03125,6400000.0,0.9483564701565559
1.0,512.0,1.0,1.0,1.0,1.0,35.0,32.0,0,0.5015625,256.0,8192.0,6400000.0,0.5273919092465753
512.0,512.0,1.0,5.0,1028.0,1024.0,33346.0,98304.0,0,0.940625,256.0,0.0078125,6400000.0,0.9409246575342465
1.0,512.0,1.0,1.0,1.0,1.0,35.0,32.0,0,0.5015625,1.0,1024.0,6400000.0,0.5273919092465753
256.0,256.0,8.0,29.0,7657.0,7777.0,256560.0,1211552.0,0,0.9875,0.0625,2.0,6400000.0,0.9800467832681019
256.0,256.0,8.0,32.0,7629.0,7722.0,255546.0,1202752.0,0,0.9890625,0.0625,0.0078125,6400000.0,0.9823943554305284
256.0,256.0,8.0,31.0,7627.0,7724.0,255505.0,1203072.0,0,0.9875,0.0625,0.125,6400000.0,0.9827857448630137
512.0,512.0,1.0,20.0,1044.0,1024.0,33546.0,98304.0,0,0.9484375,0.0625,0.25,6400000.0,0.9495298740215266
512.0,512.0,1.0,17.0,1041.0,1024.0,33512.0,98304.0,0,0.9453125,0.125,2.0,6400000.0,0.9507017490215265
1.0,512.0,1.0,1.0,1.0,1.0,35.0,32.0,0,0.5015625,1024.0,0.5,6400000.0,0.5273919092465753
1.0,512.0,1.0,1.0,1.0,1.0,35.0,32.0,0,0.5015625,512.0,64.0,6400000.0,0.5273919092465753
512.0,512.0,1.0,22.0,1046.0,1024.0,33568.0,98304.0,0,0.946875,0.125,0.00195312,6400000.0,0.9491392490215265
1.0,512.0,1.0,1.0,1.0,1.0,35.0,32.0,0,0.5015625,1024.0,0.0,6400000.0,0.5273919092465753
1.0,512.0,1.0,1.0,1.0,1.0,35.0,32.0,0,0.5015625,512.0,0.0625,6400000.0,0.5273919092465753
512.0,512.0,1.0,5.0,1028.0,1024.0,33346.0,98304.0,0,0.940625,256.0,8.0,6400000.0,0.9409246575342465
1.0,512.0,1.0,1.0,1.0,1.0,35.0,32.0,0,0.5015625,0.00195312,16384.0,6400000.0,0.5273919092465753
1.0,512.0,1.0,1.0,1.0,1.0,35.0,32.0,0,0.5015625,1024.0,512.0,6400000.0,0.5273919092465753
512.0,512.0,1.0,10.0,1034.0,1024.0,33435.0,98304.0,0,0.94375,0.25,16.0,6400000.0,0.9456190374266145
512.0,512.0,1.0,22.0,1046.0,1024.0,33568.0,98304.0,0,0.946875,0.25,0.015625,6400000.0,0.9495298740215266
1.0,512.0,1.0,1.0,1.0,1.0,35.0,32.0,0,0.5015625,2048.0,4.0,6400000.0,0.5273919092465753
1.0,512.0,1.0,1.0,1.0,1.0,35.0,32.0,0,0.5015625,2048.0,0.00390625,6400000.0,0.5273919092465753
512.0,512.0,1.0,5.0,1028.0,1024.0,33346.0,98304.0,0,0.940625,0.5,128.0,6400000.0,0.9409246575342465
512.0,512.0,1.0,5.0,1028.0,1024.0,33346.0,98304.0,0,0.940625,0.0,256.0,6400000.0,0.9409246575342465
1.0,256.0,8.0,1.0,1.0,1.0,543.0,32.0,0,0.5015625,16384.0,0.5,6400000.0,0.5273919092465753
256.0,256.0,8.0,8.0,3307.0,3340.0,112598.0,501632.0,0,0.959375,64.0,0.00195312,6400000.0,0.9628371147260273
256.0,256.0,4.0,22.0,2999.0,2991.0,98529.0,445792.0,0,0.98125,4.0,0.25,6400000.0,0.9792662977005872
1.0,512.0,1.0,1.0,1.0,1.0,35.0,32.0,0,0.5015625,4096.0,0.03125,6400000.0,0.5273919092465753
1.0,512.0,1.0,1.0,1.0,1.0,35.0,32.0,0,0.5015625,2048.0,4096.0,6400000.0,0.5273919092465753
1.0,256.0,8.0,1.0,1.0,1.0,543.0,32.0,0,0.5015625,16384.0,8.0,6400000.0,0.5273919092465753
1.0,512.0,1.0,1.0,1.0,1.0,35.0,32.0,0,0.5015625,4096.0,32.0,6400000.0,0.5273919092465753
1.0,256.0,8.0,1.0,1.0,1.0,543.0,32.0,0,0.5015625,16384.0,128.0,6400000.0,0.5273919092465753
1.0,512.0,1.0,1.0,1.0,1.0,35.0,32.0,0,0.5015625,4096.0,32768.0,6400000.0,0.5273919092465753
1.0,512.0,1.0,1.0,1.0,1.0,35.0,32.0,0,0.5015625,8192.0,256.0,6400000.0,0.5273919092465753
512.0,512.0,1.0,20.0,1044.0,1024.0,33546.0,98304.0,0,0.9484375,0.5,0.125,6400000.0,0.9503126528864971
1.0,512.0,1.0,1.0,1.0,1.0,35.0,32.0,0,0.5015625,8192.0,0.25,6400000.0,0.5273919092465753
1.0,512.0,1.0,1.0,1.0,1.0,35.0,32.0,0,0.5015625,16384.0,0.00195312,6400000.0,0.5273919092465753
1.0,512.0,1.0,1.0,1.0,1.0,35.0,32.0,0,0.5015625,2.0,8192.0,6400000.0,0.5273919092465753
1.0,512.0,1.0,1.0,1.0,1.0,35.0,32.0,0,0.5015625,16384.0,2.0,6400000.0,0.5273919092465753
1.0,256.0,8.0,1.0,1.0,1.0,543.0,32.0,0,0.5015625,16384.0,2048.0,6400000.0,0.5273919092465753
1.0,512.0,1.0,1.0,1.0,1.0,35.0,32.0,0,0.5015625,16384.0,2048.0,6400000.0,0.5273919092465753
512.0,512.0,1.0,20.0,1044.0,1024.0,33546.0,98304.0,0,0.9484375,1.0,0.000976562,6400000.0,0.9491400134540118
512.0,512.0,1.0,22.0,1046.0,1024.0,33568.0,98304.0,0,0.946875,0.0,0.25,6400000.0,0.9495298740215266
512.0,512.0,1.0,17.0,1041.0,1024.0,33512.0,98304.0,0,0.9453125,1.0,1.0,6400000.0,0.9510931384540118
1.0,256.0,8.0,1.0,1.0,1.0,543.0,32.0,0,0.5015625,16384.0,32768.0,6400000.0,0.5273919092465753
256.0,256.0,8.0,23.0,7203.0,7356.0,241737.0,1144192.0,0,0.98125,8.0,1.0,6400000.0,0.9796561582681018
256.0,256.0,8.0,23.0,7283.0,7434.0,244375.0,1156672.0,0,0.98125,0.25,8.0,6400000.0,0.9796561582681018
1.0,512.0,1.0,1.0,1.0,1.0,35.0,32.0,0,0.5015625,32768.0,0.015625,6400000.0,0.5273919092465753
256.0,256.0,8.0,26.0,7669.0,7789.0,257019.0,1213472.0,0,0.9890625,0.125,4.0,6400000.0,0.9820037304305285
1.0,512.0,1.0,1.0,1.0,1.0,35.0,32.0,0,0.5015625,32768.0,16.0,6400000.0,0.5273919092465753
512.0,512.0,1.0,17.0,1041.0,1024.0,33512.0,98304.0,0,0.9453125,2.0,0.0078125,6400000.0,0.9510931384540118
1.0,256.0,8.0,1.0,1.0,1.0,543.0,32.0,0,0.5015625,32768.0,0.00390625,6400000.0,0.5273919092465753
256.0,256.0,8.0,23.0,7366.0,7518.0,247115.0,1170112.0,0,0.984375,8.0,0.0625,6400000.0,0.9776992111056749
1.0,512.0,1.0,1.0,1.0,1.0,35.0,32.0,0,0.5015625,32768.0,16384.0,6400000.0,0.5273919092465753
256.0,256.0,8.0,23.0,7366.0,7518.0,247115.0,1170112.0,0,0.984375,8.0,0.00390625,6400000.0,0.9773078216731896
512.0,512.0,1.0,10.0,1034.0,1024.0,33435.0,98304.0,0,0.94375,0.00195312,16.0,6400000.0,0.946401816291585
256.0,256.0,4.0,21.0,2975.0,2968.0,97759.0,442112.0,0,0.9796875,1.0,4.0,6400000.0,0.980438172700587
1.0,256.0,8.0,1.0,1.0,1.0,543.0,32.0,0,0.5015625,32768.0,0.0625,6400000.0,0.5273919092465753
512.0,512.0,1.0,22.0,1046.0,1024.0,33568.0,98304.0,0,0.946875,0.000976562,0.00195312,6400000.0,0.9483557057240706
1.0,256.0,8.0,1.0,1.0,1.0,543.0,32.0,0,0.5015625,32768.0,1.0,6400000.0,0.5273919092465753
512.0,512.0,1.0,13.0,1037.0,1024.0,33468.0,98304.0,0,0.946875,8.0,0.0,6400000.0,0.9475752201565559
512.0,512.0,1.0,17.0,1041.0,1024.0,33512.0,98304.0,0,0.9453125,0.000976562,2.0,6400000.0,0.9507017490215265
512.0,512.0,1.0,12.0,1036.0,1024.0,33457.0,98304.0,0,0.9453125,2.0,8.0,6400000.0,0.9452276479941292
512.0,512.0,1.0,22.0,1046.0,1024.0,33568.0,98304.0,0,0.946875,0.00195312,0.015625,6400000.0,0.9483557057240706
1.0,512.0,2.0,1.0,1.0,1.0,39.0,32.0,0,0.5015625,0.000976562,1024.0,6400000.0,0.5273919092465753
1.0,512.0,2.0,1.0,1.0,1.0,39.0,32.0,0,0.5015625,0.00195312,8192.0,6400000.0,0.5273919092465753
1.0,512.0,1.0,1.0,1.0,1.0,35.0,32.0,0,0.5015625,8.0,512.0,6400000.0,0.5273919092465753
256.0,256.0,8.0,21.0,7265.0,7344.0,243751.0,1142272.0,0,0.9828125,4.0,8.0,6400000.0,0.9741805283757337
512.0,512.0,2.0,6.0,1842.0,1837.0,60217.0,228384.0,0,0.940625,0.0,128.0,6400000.0,0.9409246575342465
1.0,512.0,1.0,1.0,1.0,1.0,35.0,32.0,0,0.5015625,16.0,4096.0,6400000.0,0.5273919092465753
512.0,512.0,1.0,22.0,1046.0,1024.0,33568.0,98304.0,0,0.946875,0.0078125,0.000976562,6400000.0,0.9483557057240706
1.0,512.0,1.0,1.0,1.0,1.0,35.0,32.0,0,0.5015625,0.015625,8192.0,6400000.0,0.5273919092465753
1.0,512.0,2.0,1.0,1.0,1.0,39.0,32.0,0,0.5015625,0.0078125,512.0,6400000.0,0.5273919092465753
1.0,256.0,8.0,1.0,1.0,1.0,543.0,32.0,0,0.5015625,32768.0,16.0,6400000.0,0.5273919092465753
1.0,512.0,2.0,1.0,1.0,1.0,39.0,32.0,0,0.5015625,0.015625,4096.0,6400000.0,0.5273919092465753
512.0,512.0,1.0,6.0,1029.0,1024.0,33358.0,98304.0,0,0.940625,4.0,64.0,6400000.0,0.9409246575342465
1.0,512.0,2.0,1.0,1.0,1.0,39.0,32.0,0,0.5015625,0.03125,32768.0,6400000.0,0.5273919092465753
512.0,512.0,1.0,5.0,1028.0,1024.0,33346.0,98304.0,0,0.940625,0.00390625,128.0,6400000.0,0.9409246575342465
512.0,512.0,1.0,15.0,1039.0,1024.0,33490.0,98304.0,0,0.9484375,4.0,0.0625,6400000.0,0.9503103595890412
512.0,512.0,1.0,13.0,1037.0,1024.0,33468.0,98304.0,0,0.946875,8.0,0.5,6400000.0,0.9460096624266144
1.0,512.0,1.0,1.0,1.0,1.0,35.0,32.0,0,0.5015625,32.0,32768.0,6400000.0,0.5273919092465753
256.0,256.0,4.0,30.0,2978.0,2968.0,97666.0,442112.0,0,0.9796875,0.5,0.5,6400000.0,0.9827872737279844
256.0,256.0,8.0,31.0,7613.0,7712.0,255045.0,1201152.0,0,0.9890625,0.125,0.25,6400000.0,0.9823943554305284
512.0,512.0,1.0,10.0,1034.0,1024.0,33435.0,98304.0,0,0.94375,16.0,0.00390625,6400000.0,0.9452276479941292
1.0,256.0,8.0,1.0,1.0,1.0,543.0,32.0,0,0.5015625,32768.0,4096.0,6400000.0,0.5273919092465753
1.0,256.0,8.0,1.0,1.0,1.0,543.0,32.0,0,0.5015625,32768.0,256.0,6400000.0,0.5273919092465753
1.0,512.0,2.0,1.0,1.0,1.0,39.0,32.0,0,0.5015625,0.125,2048.0,6400000.0,0.5273919092465753
256.0,256.0,8.0,31.0,7634.0,7731.0,255736.0,1204192.0,0,0.9859375,0.125,0.015625,6400000.0,0.9827857448630137
1.0,512.0,1.0,1.0,1.0,1.0,35.0,32.0,0,0.5015625,0.0078125,1024.0,6400000.0,0.5273919092465753
512.0,512.0,1.0,22.0,1046.0,1024.0,33568.0,98304.0,0,0.946875,0.00390625,0.125,6400000.0,0.9491392490215265
1.0,512.0,1.0,1.0,1.0,1.0,35.0,32.0,0,0.5015625,0.125,4096.0,6400000.0,0.5273919092465753
512.0,512.0,2.0,8.0,1998.0,1991.0,65321.0,253024.0,0,0.94375,0.00390625,64.0,6400000.0,0.9377981286692758
512.0,512.0,2.0,32.0,2062.0,2030.0,66910.0,259264.0,0,0.978125,0.0,0.125,6400000.0,0.9761359466731898
1.0,512.0,2.0,1.0,1.0,1.0,39.0,32.0,0,0.5015625,0.25,16384.0,6400000.0,0.5273919092465753
512.0,512.0,2.0,30.0,2053.0,2023.0,66657.0,258144.0,0,0.9765625,0.000976562,1.0,6400000.0,0.9773093505381605
512.0,512.0,2.0,18.0,2058.0,2040.0,67086.0,260864.0,0,0.971875,0.00195312,8.0,6400000.0,0.9722258745107633
512.0,512.0,2.0,5.0,1345.0,1608.0,44102.0,191744.0,0,0.940625,0.0625,256.0,6400000.0,0.9409246575342465
512.0,512.0,2.0,9.0,2041.0,2032.0,66717.0,259584.0,0,0.9625,0.03125,32.0,6400000.0,0.9620543358610567
512.0,512.0,1.0,22.0,1046.0,1024.0,33568.0,98304.0,0,0.946875,0.0625,0.0,6400000.0,0.9483564701565559
1.0,512.0,2.0,1.0,1.0,1.0,39.0,32.0,0,0.5015625,1.0,1024.0,6400000.0,0.5273919092465753
512.0,512.0,1.0,7.0,1030.0,1024.0,33369.0,98304.0,0,0.940625,32.0,32.0,6400000.0,0.9409246575342465
1.0,512.0,1.0,1.0,1.0,1.0,35.0,32.0,0,0.5015625,0.25,32768.0,6400000.0,0.5273919092465753
1.0,512.0,1.0,1.0,1.0,1.0,35.0,32.0,0,0.5015625,128.0,2048.0,6400000.0,0.5273919092465753
512.0,512.0,2.0,32.0,2058.0,2026.0,66778.0,258624.0,0,0.978125,0.000976562,0.000976562,6400000.0,0.9765273361056753
512.0,512.0,1.0,22.0,1046.0,1024.0,33568.0,98304.0,0,0.946875,0.0,0.0,6400000.0,0.9483557057240706
512.0,512.0,1.0,9.0,1033.0,1024.0,33423.0,98304.0,0,0.94375,16.0,4.0,6400000.0,0.947575984589041
1.0,512.0,1.0,1.0,1.0,1.0,35.0,32.0,0,0.5015625,0.000976562,4096.0,6400000.0,0.5273919092465753
1.0,512.0,2.0,1.0,1.0,1.0,39.0,32.0,0,0.5015625,2.0,8192.0,6400000.0,0.5273919092465753
512.0,512.0,1.0,9.0,1033.0,1024.0,33423.0,98304.0,0,0.94375,32.0,0.03125,6400000.0,0.9401434075342465
512.0,512.0,2.0,19.0,2057.0,2038.0,67031.0,260544.0,0,0.9734375,0.015625,4.0,6400000.0,0.9745688600782778
512.0,512.0,2.0,32.0,2065.0,2033.0,67009.0,259744.0,0,0.978125,0.00195312,0.0078125,6400000.0,0.97613594667319
256.0,256.0,4.0,8.0,2595.0,2604.0,85478.0,383872.0,0,0.959375,64.0,1.0,6400000.0,0.9569662732387474
256.0,256.0,8.0,27.0,7660.0,7779.0,256700.0,1211872.0,0,0.9890625,4.0,0.03125,6400000.0,0.9812209515655577
512.0,512.0,2.0,6.0,1819.0,1815.0,59459.0,224864.0,0,0.940625,0.5,128.0,6400000.0,0.9409246575342465
256.0,256.0,8.0,27.0,7660.0,7777.0,256698.0,1211552.0,0,0.9890625,4.0,0.5,6400000.0,0.9808272688356166
512.0,512.0,1.0,20.0,1044.0,1024.0,33546.0,98304.0,0,0.9484375,0.0078125,1.0,6400000.0,0.9495314028864972
512.0,512.0,2.0,32.0,2063.0,2031.0,66943.0,259424.0,0,0.9796875,0.00390625,0.0625,6400000.0,0.9773101149706459
512.0,512.0,2.0,31.0,2057.0,2026.0,66767.0,258624.0,0,0.978125,0.0078125,0.5,6400000.0,0.9757445572407045
512.0,512.0,2.0,32.0,2065.0,2033.0,67009.0,259744.0,0,0.978125,0.0078125,0.0,6400000.0,0.9765273361056753
1.0,512.0,1.0,1.0,1.0,1.0,35.0,32.0,0,0.5015625,256.0,16384.0,6400000.0,0.5273919092465753
512.0,512.0,1.0,7.0,1030.0,1024.0,33369.0,98304.0,0,0.940625,64.0,0.25,6400000.0,0.9409246575342465
512.0,512.0,2.0,13.0,2050.0,2037.0,66929.0,260384.0,0,0.9609375,0.25,16.0,6400000.0,0.9632285041585126
1.0,512.0,1.0,1.0,1.0,1.0,35.0,32.0,0,0.5015625,0.0625,512.0,6400000.0,0.5273919092465753
1.0,512.0,1.0,1.0,1.0,1.0,35.0,32.0,0,0.5015625,1.0,2048.0,6400000.0,0.5273919092465753
512.0,512.0,2.0,32.0,2059.0,2027.0,66811.0,258784.0,0,0.978125,0.03125,0.03125,6400000.0,0.9765273361056753
256.0,256.0,8.0,26.0,7596.0,7725.0,254619.0,1203232.0,0,0.9890625,2.0,4.0,6400000.0,0.9792647688356164
256.0,256.0,8.0,31.0,7681.0,7779.0,257288.0,1211872.0,0,0.9890625,0.25,0.5,6400000.0,0.9816115765655578
512.0,512.0,2.0,31.0,2062.0,2031.0,66932.0,259424.0,0,0.9765625,0.0625,0.25,6400000.0,0.9761359466731898
1.0,512.0,2.0,1.0,1.0,1.0,39.0,32.0,0,0.5015625,8.0,512.0,6400000.0,0.5273919092465753
512.0,512.0,1.0,5.0,1028.0,1024.0,33346.0,98304.0,0,0.940625,64.0,256.0,6400000.0,0.9303571428571427
256.0,256.0,8.0,31.0,7609.0,7708.0,254913.0,1200512.0,0,0.9890625,0.25,0.03125,6400000.0,0.9827857448630137
512.0,512.0,2.0,32.0,2065.0,2033.0,67009.0,259744.0,0,0.978125,0.015625,0.00390625,6400000.0,0.9749617783757337
1.0,512.0,1.0,1.0,1.0,1.0,35.0,32.0,0,0.5015625,512.0,128.0,6400000.0,0.5273919092465753
1.0,512.0,1.0,1.0,1.0,1.0,35.0,32.0,0,0.5015625,1024.0,1.0,6400000.0,0.5273919092465753
1.0,512.0,2.0,1.0,1.0,1.0,39.0,32.0,0,0.5015625,16.0,4096.0,6400000.0,0.5273919092465753
1.0,512.0,1.0,1.0,1.0,1.0,35.0,32.0,0,0.5015625,1024.0,0.000976562,6400000.0,0.5273919092465753
1.0,512.0,1.0,1.0,1.0,1.0,35.0,32.0,0,0.5015625,0.00195312,32768.0,6400000.0,0.5273919092465753
512.0,512.0,2.0,25.0,2064.0,2039.0,67130.0,260704.0,0,0.9703125,0.125,2.0,6400000.0,0.9769179611056751
1.0,512.0,1.0,1.0,1.0,1.0,35.0,32.0,0,0.5015625,1024.0,1024.0,6400000.0,0.5273919092465753
512.0,512.0,1.0,5.0,1028.0,1024.0,33346.0,98304.0,0,0.940625,128.0,0.00195312,6400000.0,0.9409246575342465
512.0,512.0,2.0,32.0,2062.0,2030.0,66910.0,259264.0,0,0.978125,0.125,0.00195312,6400000.0,0.9765281005381606
512.0,512.0,1.0,13.0,1037.0,1024.0,33468.0,98304.0,0,0.946875,0.015625,8.0,6400000.0,0.9475752201565559
1.0,512.0,1.0,1.0,1.0,1.0,35.0,32.0,0,0.5015625,512.0,0.125,6400000.0,0.5273919092465753
512.0,512.0,1.0,5.0,1028.0,1024.0,33346.0,98304.0,0,0.940625,128.0,2.0,6400000.0,0.9409246575342465
1.0,512.0,1.0,1.0,1.0,1.0,35.0,32.0,0,0.5015625,2048.0,8.0,6400000.0,0.5273919092465753
512.0,512.0,2.0,25.0,2054.0,2029.0,66800.0,259104.0,0,0.9734375,1.0,1.0,6400000.0,0.978482754403131
512.0,512.0,2.0,8.0,1980.0,1973.0,64727.0,250144.0,0,0.94375,4.0,64.0,6400000.0,0.9358427103718199
512.0,512.0,1.0,7.0,1030.0,1024.0,33369.0,98304.0,0,0.940625,0.03125,64.0,6400000.0,0.9409246575342465
512.0,512.0,2.0,31.0,2063.0,2032.0,66965.0,259584.0,0,0.9765625,0.25,0.015625,6400000.0,0.9761367111056753
1.0,512.0,1.0,1.0,1.0,1.0,35.0,32.0,0,0.5015625,2048.0,0.0078125,6400000.0,0.5273919092465753
512.0,512.0,2.0,17.0,2052.0,2035.0,66907.0,260064.0,0,0.9734375,2.0,8.0,6400000.0,0.9698790667808218
512.0,512.0,1.0,5.0,1028.0,1024.0,33346.0,98304.0,0,0.940625,256.0,0.015625,6400000.0,0.9409246575342465
512.0,512.0,2.0,31.0,2062.0,2031.0,66932.0,259424.0,0,0.978125,0.5,0.125,6400000.0,0.9761374755381607
512.0,512.0,2.0,29.0,2060.0,2031.0,66910.0,259424.0,0,0.9765625,1.0,0.000976562,6400000.0,0.9757460861056753
256.0,256.0,8.0,31.0,7621.0,7721.0,255310.0,1202592.0,0,0.9890625,0.5,0.0625,6400000.0,0.9808287977005872
1.0,512.0,1.0,1.0,1.0,1.0,35.0,32.0,0,0.5015625,4096.0,0.0625,6400000.0,0.5273919092465753
1.0,512.0,2.0,1.0,1.0,1.0,39.0,32.0,0,0.5015625,32.0,32768.0,6400000.0,0.5273919092465753
512.0,512.0,2.0,24.0,2066.0,2042.0,67218.0,261184.0,0,0.9734375,2.0,0.0078125,6400000.0,0.9769171966731898
512.0,512.0,1.0,22.0,1046.0,1024.0,33568.0,98304.0,0,0.946875,0.015625,0.0078125,6400000.0,0.9483557057240706
1.0,512.0,1.0,1.0,1.0,1.0,35.0,32.0,0,0.5015625,2048.0,8192.0,6400000.0,0.5273919092465753
512.0,512.0,1.0,22.0,1046.0,1024.0,33568.0,98304.0,0,0.946875,0.03125,0.0625,6400000.0,0.9491392490215265
1.0,512.0,1.0,1.0,1.0,1.0,35.0,32.0,0,0.5015625,4096.0,64.0,6400000.0,0.5273919092465753
1.0,512.0,1.0,1.0,1.0,1.0,35.0,32.0,0,0.5015625,8192.0,512.0,6400000.0,0.5273919092465753
1.0,512.0,1.0,1.0,1.0,1.0,35.0,32.0,0,0.5015625,0.0,512.0,6400000.0,0.5273919092465753
1.0,512.0,1.0,1.0,1.0,1.0,35.0,32.0,0,0.5015625,8192.0,0.0,6400000.0,0.5273919092465753
256.0,256.0,8.0,29.0,7626.0,7758.0,255549.0,1208512.0,0,0.990625,0.5,1.0,6400000.0,0.9804374082681019
1.0,512.0,1.0,1.0,1.0,1.0,35.0,32.0,0,0.5015625,8192.0,0.5,6400000.0,0.5273919092465753
512.0,512.0,1.0,5.0,1028.0,1024.0,33346.0,98304.0,0,0.940625,256.0,16.0,6400000.0,0.9409246575342465
512.0,512.0,2.0,17.0,2055.0,2038.0,67006.0,260544.0,0,0.965625,8.0,0.0,6400000.0,0.9698775379158512
256.0,256.0,8.0,29.0,7657.0,7777.0,256560.0,1211552.0,0,0.9875,2.0,0.015625,6400000.0,0.9796553938356164
1.0,512.0,1.0,1.0,1.0,1.0,35.0,32.0,0,0.5015625,16384.0,0.00390625,6400000.0,0.5273919092465753
1.0,512.0,1.0,1.0,1.0,1.0,35.0,32.0,0,0.5015625,2.0,16384.0,6400000.0,0.5273919092465753
512.0,512.0,2.0,14.0,2049.0,2035.0,66874.0,260064.0,0,0.965625,16.0,0.00390625,6400000.0,0.9636198935909981
512.0,512.0,1.0,15.0,1039.0,1024.0,33490.0,98304.0,0,0.9484375,0.125,4.0,6400000.0,0.9499189701565559
512.0,512.0,1.0,5.0,1028.0,1024.0,33346.0,98304.0,0,0.940625,0.5,256.0,6400000.0,0.9409246575342465
512.0,512.0,1.0,9.0,1032.0,1024.0,33422.0,98304.0,0,0.9453125,0.25,32.0,6400000.0,0.9401434075342465
256.0,256.0,8.0,31.0,7636.0,7733.0,255802.0,1204512.0,0,0.9875,0.5,0.00390625,6400000.0,0.9827857448630137
1.0,512.0,1.0,1.0,1.0,1.0,35.0,32.0,0,0.5015625,16384.0,4096.0,6400000.0,0.5273919092465753
512.0,512.0,1.0,20.0,1044.0,1024.0,33546.0,98304.0,0,0.946875,0.0625,0.5,6400000.0,0.9495298740215266
512.0,512.0,2.0,20.0,2059.0,2039.0,67075.0,260704.0,0,0.975,4.0,0.0625,6400000.0,0.9741774706457926
256.0,256.0,8.0,29.0,7649.0,7769.0,256296.0,1210272.0,0,0.9890625,2.0,0.25,6400000.0,0.9804374082681019
512.0,512.0,2.0,17.0,2057.0,2040.0,67072.0,260864.0,0,0.965625,8.0,0.5,6400000.0,0.9687056629158513
512.0,512.0,2.0,12.0,2049.0,2037.0,66918.0,260384.0,0,0.9625,16.0,4.0,6400000.0,0.9628371147260275
1.0,512.0,1.0,1.0,1.0,1.0,35.0,32.0,0,0.5015625,16384.0,4.0,6400000.0,0.5273919092465753
256.0,256.0,8.0,27.0,7719.0,7820.0,258629.0,1218432.0,0,0.9890625,1.0,2.0,6400000.0,0.9804374082681017
512.0,512.0,1.0,22.0,1046.0,1024.0,33568.0,98304.0,0,0.946875,0.125,0.00390625,6400000.0,0.9491392490215265
1.0,512.0,1.0,1.0,1.0,1.0,35.0,32.0,0,0.5015625,32768.0,0.03125,6400000.0,0.5273919092465753
512.0,512.0,1.0,21.0,1045.0,1024.0,33557.0,98304.0,0,0.9484375,0.25,0.03125,6400000.0,0.9495298740215266
1.0,512.0,2.0,1.0,1.0,1.0,39.0,32.0,0,0.5015625,128.0,2048.0,6400000.0,0.5273919092465753
512.0,512.0,2.0,9.0,2046.0,2037.0,66882.0,260384.0,0,0.9625,32.0,0.03125,6400000.0,0.9640112830234834
1.0,512.0,1.0,1.0,1.0,1.0,35.0,32.0,0,0.5015625,32768.0,32.0,6400000.0,0.5273919092465753
512.0,512.0,2.0,8.0,2034.0,2026.0,66508.0,258624.0,0,0.959375,32.0,32.0,6400000.0,0.9518782106164382
512.0,512.0,2.0,5.0,1338.0,1608.0,43878.0,191744.0,0,0.940625,64.0,256.0,6400000.0,0.9409246575342465
1.0,512.0,1.0,1.0,1.0,1.0,35.0,32.0,0,0.5015625,32768.0,32768.0,6400000.0,0.5273919092465753
1.0,512.0,2.0,1.0,1.0,1.0,39.0,32.0,0,0.5015625,256.0,16384.0,6400000.0,0.5273919092465753
512.0,512.0,2.0,8.0,2034.0,2026.0,66508.0,258624.0,0,0.959375,64.0,0.25,6400000.0,0.9518782106164382
256.0,256.0,8.0,8.0,3307.0,3340.0,112598.0,501632.0,0,0.959375,64.0,0.03125,6400000.0,0.9628371147260273
512.0,512.0,2.0,6.0,1842.0,1837.0,60217.0,228384.0,0,0.940625,128.0,0.00195312,6400000.0,0.9409246575342465
512.0,512.0,2.0,6.0,1872.0,1868.0,61208.0,233344.0,0,0.940625,128.0,2.0,6400000.0,0.9409246575342465
512.0,512.0,1.0,20.0,1044.0,1024.0,33546.0,98304.0,0,0.946875,0.5,0.25,6400000.0,0.9503126528864971
256.0,256.0,8.0,30.0,7713.0,7813.0,258367.0,1217312.0,0,0.9890625,1.0,0.0078125,6400000.0,0.9812201871330725
256.0,256.0,8.0,29.0,7737.0,7837.0,259180.0,1221152.0,0,0.9875,1.0,0.125,6400000.0,0.9816115765655578
512.0,512.0,2.0,5.0,1345.0,1608.0,44102.0,191744.0,0,0.940625,256.0,0.015625,6400000.0,0.9409246575342465
512.0,512.0,1.0,20.0,1044.0,1024.0,33546.0,98304.0,0,0.9484375,1.0,0.00195312,6400000.0,0.9491400134540118
512.0,512.0,1.0,16.0,1040.0,1024.0,33501.0,98304.0,0,0.946875,1.0,2.0,6400000.0,0.9518759173189825
512.0,512.0,2.0,5.0,1342.0,1607.0,44005.0,191584.0,0,0.940625,256.0,16.0,6400000.0,0.9409246575342465
1.0,512.0,2.0,1.0,1.0,1.0,39.0,32.0,0,0.5015625,0.000976562,2048.0,6400000.0,0.5273919092465753
512.0,512.0,1.0,20.0,1044.0,1024.0,33546.0,98304.0,0,0.946875,0.0,0.5,6400000.0,0.9495298740215266
256.0,256.0,8.0,8.0,3257.0,3280.0,110938.0,492032.0,0,0.959375,64.0,8.0,6400000.0,0.9569662732387474
1.0,512.0,2.0,1.0,1.0,1.0,39.0,32.0,0,0.5015625,0.00195312,16384.0,6400000.0,0.5273919092465753
1.0,512.0,1.0,1.0,1.0,1.0,35.0,32.0,0,0.5015625,8.0,1024.0,6400000.0,0.5273919092465753
1.0,512.0,2.0,1.0,1.0,1.0,39.0,32.0,0,0.5015625,512.0,0.125,6400000.0,0.5273919092465753
512.0,512.0,1.0,9.0,1032.0,1024.0,33422.0,98304.0,0,0.9453125,0.00195312,32.0,6400000.0,0.9401434075342465
512.0,512.0,1.0,17.0,1041.0,1024.0,33512.0,98304.0,0,0.9453125,2.0,0.015625,6400000.0,0.9510931384540118
1.0,512.0,2.0,1.0,1.0,1.0,39.0,32.0,0,0.5015625,512.0,128.0,6400000.0,0.5273919092465753
1.0,512.0,1.0,1.0,1.0,1.0,35.0,32.0,0,0.5015625,16.0,8192.0,6400000.0,0.5273919092465753
1.0,512.0,1.0,1.0,1.0,1.0,35.0,32.0,0,0.5015625,0.015625,16384.0,6400000.0,0.5273919092465753
1.0,512.0,2.0,1.0,1.0,1.0,39.0,32.0,0,0.5015625,0.0078125,1024.0,6400000.0,0.5273919092465753
1.0,512.0,2.0,1.0,1.0,1.0,39.0,32.0,0,0.5015625,1024.0,0.000976562,6400000.0,0.5273919092465753
512.0,512.0,1.0,13.0,1037.0,1024.0,33468.0,98304.0,0,0.946875,8.0,0.000976562,6400000.0,0.9475752201565559
1.0,512.0,2.0,1.0,1.0,1.0,39.0,32.0,0,0.5015625,0.015625,8192.0,6400000.0,0.5273919092465753
512.0,512.0,1.0,22.0,1046.0,1024.0,33568.0,98304.0,0,0.946875,0.000976562,0.00390625,6400000.0,0.9483557057240706
1.0,512.0,2.0,1.0,1.0,1.0,39.0,32.0,0,0.5015625,1024.0,1.0,6400000.0,0.5273919092465753
256.0,256.0,8.0,8.0,3282.0,3315.0,111773.0,497632.0,0,0.959375,64.0,0.5,6400000.0,0.9628371147260273
512.0,512.0,1.0,15.0,1039.0,1024.0,33490.0,98304.0,0,0.9484375,0.000976562,4.0,6400000.0,0.9491392490215265
512.0,512.0,1.0,10.0,1034.0,1024.0,33435.0,98304.0,0,0.94375,2.0,16.0,6400000.0,0.9479673740215263
1.0,512.0,2.0,1.0,1.0,1.0,39.0,32.0,0,0.5015625,2048.0,0.0078125,6400000.0,0.5273919092465753
1.0,512.0,2.0,1.0,1.0,1.0,39.0,32.0,0,0.5015625,1024.0,1024.0,6400000.0,0.5273919092465753
1.0,512.0,1.0,1.0,1.0,1.0,35.0,32.0,0,0.5015625,0.0078125,2048.0,6400000.0,0.5273919092465753
512.0,512.0,1.0,22.0,1046.0,1024.0,33568.0,98304.0,0,0.946875,0.00195312,0.03125,6400000.0,0.9479650807240706
512.0,512.0,1.0,7.0,1030.0,1024.0,33369.0,98304.0,0,0.940625,64.0,0.0,6400000.0,0.9409246575342465
1.0,512.0,2.0,1.0,1.0,1.0,39.0,32.0,0,0.5015625,0.125,4096.0,6400000.0,0.5273919092465753
1.0,512.0,2.0,1.0,1.0,1.0,39.0,32.0,0,0.5015625,2048.0,8.0,6400000.0,0.5273919092465753
512.0,512.0,1.0,5.0,1028.0,1024.0,33346.0,98304.0,0,0.940625,4.0,128.0,6400000.0,0.9409246575342465
1.0,512.0,1.0,1.0,1.0,1.0,35.0,32.0,0,0.5015625,0.125,8192.0,6400000.0,0.5273919092465753
512.0,512.0,1.0,5.0,1028.0,1024.0,33346.0,98304.0,0,0.940625,0.00390625,256.0,6400000.0,0.9409246575342465
1.0,512.0,2.0,1.0,1.0,1.0,39.0,32.0,0,0.5015625,0.25,32768.0,6400000.0,0.5273919092465753
512.0,512.0,2.0,5.0,1345.0,1608.0,44102.0,191744.0,0,0.940625,0.0,256.0,6400000.0,0.9409246575342465
1.0,512.0,2.0,1.0,1.0,1.0,39.0,32.0,0,0.5015625,2048.0,8192.0,6400000.0,0.5273919092465753
1.0,512.0,2.0,1.0,1.0,1.0,39.0,32.0,0,0.5015625,4096.0,0.0625,6400000.0,0.5273919092465753
1.0,512.0,2.0,1.0,1.0,1.0,39.0,32.0,0,0.5015625,4096.0,64.0,6400000.0,0.5273919092465753
512.0,512.0,1.0,15.0,1039.0,1024.0,33490.0,98304.0,0,0.9484375,4.0,0.125,6400000.0,0.9503103595890412
512.0,512.0,1.0,13.0,1037.0,1024.0,33468.0,98304.0,0,0.946875,8.0,1.0,6400000.0,0.9464010518590997
512.0,512.0,1.0,22.0,1046.0,1024.0,33568.0,98304.0,0,0.946875,0.0078125,0.00195312,6400000.0,0.9483557057240706
512.0,512.0,1.0,10.0,1034.0,1024.0,33435.0,98304.0,0,0.94375,16.0,0.0078125,6400000.0,0.9452276479941292
1.0,512.0,2.0,1.0,1.0,1.0,39.0,32.0,0,0.5015625,1.0,2048.0,6400000.0,0.5273919092465753
1.0,512.0,1.0,1.0,1.0,1.0,35.0,32.0,0,0.5015625,128.0,4096.0,6400000.0,0.5273919092465753
1.0,512.0,2.0,1.0,1.0,1.0,39.0,32.0,0,0.5015625,8192.0,0.0,6400000.0,0.5273919092465753
1.0,512.0,2.0,1.0,1.0,1.0,39.0,32.0,0,0.5015625,2.0,16384.0,6400000.0,0.5273919092465753
1.0,512.0,2.0,1.0,1.0,1.0,39.0,32.0,0,0.5015625,8192.0,512.0,6400000.0,0.5273919092465753
1.0,512.0,1.0,1.0,1.0,1.0,35.0,32.0,0,0.5015625,0.000976562,8192.0,6400000.0,0.5273919092465753
1.0,512.0,2.0,1.0,1.0,1.0,39.0,32.0,0,0.5015625,8192.0,0.5,6400000.0,0.5273919092465753
1.0,512.0,2.0,1.0,1.0,1.0,39.0,32.0,0,0.5015625,16384.0,0.00390625,6400000.0,0.5273919092465753
1.0,512.0,2.0,1.0,1.0,1.0,39.0,32.0,0,0.5015625,0.0625,512.0,6400000.0,0.5273919092465753
512.0,512.0,1.0,20.0,1044.0,1024.0,33546.0,98304.0,0,0.946875,0.5,0.0,6400000.0,0.9495298740215266
512.0,512.0,1.0,22.0,1046.0,1024.0,33568.0,98304.0,0,0.946875,0.00390625,0.25,6400000.0,0.9495298740215266
1.0,512.0,2.0,1.0,1.0,1.0,39.0,32.0,0,0.5015625,16384.0,4.0,6400000.0,0.5273919092465753
1.0,512.0,1.0,1.0,1.0,1.0,35.0,32.0,0,0.5015625,256.0,32768.0,6400000.0,0.5273919092465753
512.0,512.0,1.0,6.0,1029.0,1024.0,33358.0,98304.0,0,0.940625,32.0,64.0,6400000.0,0.9409246575342465
512.0,512.0,2.0,32.0,2059.0,2027.0,66811.0,258784.0,0,0.978125,0.0625,0.0,6400000.0,0.9765273361056753
1.0,512.0,1.0,1.0,1.0,1.0,35.0,32.0,0,0.5015625,0.0625,1024.0,6400000.0,0.5273919092465753
1.0,512.0,1.0,1.0,1.0,1.0,35.0,32.0,0,0.5015625,1.0,4096.0,6400000.0,0.5273919092465753
1.0,512.0,2.0,1.0,1.0,1.0,39.0,32.0,0,0.5015625,8.0,1024.0,6400000.0,0.5273919092465753
512.0,512.0,1.0,22.0,1046.0,1024.0,33568.0,98304.0,0,0.946875,0.0625,0.000976562,6400000.0,0.9483564701565559
512.0,512.0,1.0,9.0,1033.0,1024.0,33423.0,98304.0,0,0.94375,16.0,8.0,6400000.0,0.9467932057240704
512.0,512.0,2.0,6.0,1842.0,1837.0,60217.0,228384.0,0,0.940625,0.00390625,128.0,6400000.0,0.9409246575342465
512.0,512.0,1.0,9.0,1033.0,1024.0,33423.0,98304.0,0,0.94375,32.0,0.0625,6400000.0,0.9401434075342465
1.0,512.0,1.0,1.0,1.0,1.0,35.0,32.0,0,0.5015625,1024.0,2.0,6400000.0,0.5273919092465753
1.0,512.0,1.0,1.0,1.0,1.0,35.0,32.0,0,0.5015625,512.0,256.0,6400000.0,0.5273919092465753
1.0,512.0,1.0,1.0,1.0,1.0,35.0,32.0,0,0.5015625,1024.0,0.00195312,6400000.0,0.5273919092465753
1.0,512.0,2.0,1.0,1.0,1.0,39.0,32.0,0,0.5015625,16.0,8192.0,6400000.0,0.5273919092465753
1.0,512.0,1.0,1.0,1.0,1.0,35.0,32.0,0,0.5015625,1024.0,2048.0,6400000.0,0.5273919092465753
1.0,512.0,1.0,1.0,1.0,1.0,35.0,32.0,0,0.5015625,64.0,512.0,6400000.0,0.5273919092465753
512.0,512.0,1.0,22.0,1046.0,1024.0,33568.0,98304.0,0,0.946875,0.0,0.000976562,6400000.0,0.9483557057240706
1.0,512.0,1.0,1.0,1.0,1.0,35.0,32.0,0,0.5015625,512.0,0.25,6400000.0,0.5273919092465753
1.0,512.0,1.0,1.0,1.0,1.0,35.0,32.0,0,0.5015625,2048.0,16.0,6400000.0,0.5273919092465753
1.0,512.0,1.0,1.0,1.0,1.0,35.0,32.0,0,0.5015625,2048.0,0.015625,6400000.0,0.5273919092465753
512.0,512.0,2.0,8.0,1998.0,1991.0,65321.0,253024.0,0,0.94375,0.03125,64.0,6400000.0,0.9377981286692758
512.0,512.0,2.0,5.0,1345.0,1608.0,44102.0,191744.0,0,0.940625,0.5,256.0,6400000.0,0.9409246575342465
1.0,512.0,2.0,1.0,1.0,1.0,39.0,32.0,0,0.5015625,16384.0,4096.0,6400000.0,0.5273919092465753
1.0,512.0,2.0,1.0,1.0,1.0,39.0,32.0,0,0.5015625,32768.0,0.03125,6400000.0,0.5273919092465753
512.0,512.0,1.0,7.0,1030.0,1024.0,33369.0,98304.0,0,0.940625,64.0,0.5,6400000.0,0.9409246575342465
1.0,512.0,1.0,1.0,1.0,1.0,35.0,32.0,0,0.5015625,4096.0,128.0,6400000.0,0.5273919092465753
512.0,512.0,1.0,17.0,1041.0,1024.0,33512.0,98304.0,0,0.9453125,0.0078125,2.0,6400000.0,0.9507017490215265
1.0,512.0,2.0,1.0,1.0,1.0,39.0,32.0,0,0.5015625,32768.0,32.0,6400000.0,0.5273919092465753
1.0,512.0,1.0,1.0,1.0,1.0,35.0,32.0,0,0.5015625,2048.0,16384.0,6400000.0,0.5273919092465753
1.0,512.0,1.0,1.0,1.0,1.0,35.0,32.0,0,0.5015625,4096.0,0.125,6400000.0,0.5273919092465753
1.0,512.0,1.0,1.0,1.0,1.0,35.0,32.0,0,0.5015625,8192.0,0.000976562,6400000.0,0.5273919092465753
1.0,512.0,1.0,1.0,1.0,1.0,35.0,32.0,0,0.5015625,8192.0,1024.0,6400000.0,0.5273919092465753
1.0,512.0,1.0,1.0,1.0,1.0,35.0,32.0,0,0.5015625,0.0,1024.0,6400000.0,0.5273919092465753
512.0,512.0,2.0,13.0,2048.0,2035.0,66863.0,260064.0,0,0.9625,0.00195312,16.0,6400000.0,0.9636198935909981
512.0,512.0,1.0,22.0,1046.0,1024.0,33568.0,98304.0,0,0.946875,0.00390625,0.0,6400000.0,0.9483557057240706
1.0,512.0,1.0,1.0,1.0,1.0,35.0,32.0,0,0.5015625,8192.0,1.0,6400000.0,0.5273919092465753
1.0,512.0,1.0,1.0,1.0,1.0,35.0,32.0,0,0.5015625,2.0,32768.0,6400000.0,0.5273919092465753
512.0,512.0,1.0,5.0,1028.0,1024.0,33346.0,98304.0,0,0.940625,128.0,0.00390625,6400000.0,0.9409246575342465
512.0,512.0,1.0,10.0,1034.0,1024.0,33435.0,98304.0,0,0.94375,0.015625,16.0,6400000.0,0.946401816291585
1.0,512.0,1.0,1.0,1.0,1.0,35.0,32.0,0,0.5015625,16384.0,0.0078125,6400000.0,0.5273919092465753
512.0,512.0,1.0,5.0,1028.0,1024.0,33346.0,98304.0,0,0.940625,128.0,4.0,6400000.0,0.9409246575342465
512.0,512.0,1.0,5.0,1028.0,1024.0,33346.0,98304.0,0,0.940625,0.03125,128.0,6400000.0,0.9409246575342465
1.0,512.0,1.0,1.0,1.0,1.0,35.0,32.0,0,0.5015625,16384.0,8192.0,6400000.0,0.5273919092465753
512.0,512.0,1.0,5.0,1028.0,1024.0,33346.0,98304.0,0,0.940625,256.0,0.03125,6400000.0,0.9409246575342465
1.0,512.0,1.0,1.0,1.0,1.0,35.0,32.0,0,0.5015625,16384.0,8.0,6400000.0,0.5273919092465753
1.0,512.0,1.0,1.0,1.0,1.0,35.0,32.0,0,0.5015625,32768.0,0.0625,6400000.0,0.5273919092465753
1.0,512.0,1.0,1.0,1.0,1.0,35.0,32.0,0,0.5015625,0.5,512.0,6400000.0,0.5273919092465753
1.0,512.0,2.0,1.0,1.0,1.0,39.0,32.0,0,0.5015625,128.0,4096.0,6400000.0,0.5273919092465753
512.0,512.0,2.0,9.0,2041.0,2032.0,66717.0,259584.0,0,0.9625,0.25,32.0,6400000.0,0.9620543358610567
1.0,512.0,1.0,1.0,1.0,1.0,35.0,32.0,0,0.5015625,32768.0,64.0,6400000.0,0.5273919092465753
512.0,512.0,2.0,8.0,2034.0,2026.0,66508.0,258624.0,0,0.959375,64.0,0.0,6400000.0,0.9518782106164382
512.0,512.0,1.0,5.0,1028.0,1024.0,33346.0,98304.0,0,0.940625,256.0,32.0,6400000.0,0.9409246575342465
1.0,512.0,2.0,1.0,1.0,1.0,39.0,32.0,0,0.5015625,256.0,32768.0,6400000.0,0.5273919092465753
512.0,512.0,2.0,18.0,2061.0,2043.0,67185.0,261344.0,0,0.971875,0.015625,8.0,6400000.0,0.9714430956457925
512.0,512.0,1.0,22.0,1046.0,1024.0,33568.0,98304.0,0,0.946875,0.03125,0.125,6400000.0,0.9491392490215265
512.0,512.0,1.0,22.0,1046.0,1024.0,33568.0,98304.0,0,0.946875,0.015625,0.015625,6400000.0,0.9479650807240706
512.0,512.0,2.0,25.0,2060.0,2035.0,66998.0,260064.0,0,0.9734375,0.000976562,2.0,6400000.0,0.9788741438356163
512.0,512.0,2.0,31.0,2057.0,2026.0,66767.0,258624.0,0,0.98125,0.0,0.25,6400000.0,0.9769187255381604
512.0,512.0,1.0,7.0,1030.0,1024.0,33369.0,98304.0,0,0.940625,0.25,64.0,6400000.0,0.9409246575342465
1.0,512.0,2.0,1.0,1.0,1.0,39.0,32.0,0,0.5015625,32768.0,32768.0,6400000.0,0.5273919092465753
512.0,512.0,2.0,6.0,1868.0,1863.0,61075.0,232544.0,0,0.940625,4.0,128.0,6400000.0,0.9409246575342465
512.0,512.0,1.0,13.0,1037.0,1024.0,33468.0,98304.0,0,0.946875,0.125,8.0,6400000.0,0.9464010518590997
512.0,512.0,1.0,20.0,1044.0,1024.0,33546.0,98304.0,0,0.9484375,0.0625,1.0,6400000.0,0.9495314028864972
1.0,512.0,2.0,1.0,1.0,1.0,39.0,32.0,0,0.5015625,64.0,512.0,6400000.0,0.5273919092465753
1.0,512.0,2.0,1.0,1.0,1.0,39.0,32.0,0,0.5015625,0.000976562,4096.0,6400000.0,0.5273919092465753
512.0,512.0,2.0,13.0,2044.0,2031.0,66731.0,259424.0,0,0.9671875,2.0,16.0,6400000.0,0.9632285041585128
512.0,512.0,1.0,22.0,1046.0,1024.0,33568.0,98304.0,0,0.946875,0.125,0.0078125,6400000.0,0.9491392490215265
512.0,512.0,2.0,32.0,2058.0,2026.0,66778.0,258624.0,0,0.978125,0.000976562,0.00195312,6400000.0,0.9765273361056753
512.0,512.0,1.0,20.0,1044.0,1024.0,33546.0,98304.0,0,0.9484375,0.25,0.0625,6400000.0,0.9495298740215266
1.0,512.0,1.0,1.0,1.0,1.0,35.0,32.0,0,0.5015625,8.0,2048.0,6400000.0,0.5273919092465753
1.0,512.0,2.0,1.0,1.0,1.0,39.0,32.0,0,0.5015625,0.00195312,32768.0,6400000.0,0.5273919092465753
1.0,512.0,2.0,1.0,1.0,1.0,39.0,32.0,0,0.5015625,512.0,0.25,6400000.0,0.5273919092465753
512.0,512.0,2.0,30.0,2054.0,2024.0,66690.0,258304.0,0,0.9765625,0.0078125,1.0,6400000.0,0.9753554611056752
1.0,512.0,1.0,1.0,1.0,1.0,35.0,32.0,0,0.5015625,0.015625,32768.0,6400000.0,0.5273919092465753
1.0,512.0,1.0,1.0,1.0,1.0,35.0,32.0,0,0.5015625,16.0,16384.0,6400000.0,0.5273919092465753
512.0,512.0,2.0,32.0,2065.0,2033.0,67009.0,259744.0,0,0.978125,0.00195312,0.015625,6400000.0,0.9753531678082192
1.0,512.0,2.0,1.0,1.0,1.0,39.0,32.0,0,0.5015625,512.0,256.0,6400000.0,0.5273919092465753
512.0,512.0,2.0,32.0,2062.0,2030.0,66910.0,259264.0,0,0.978125,0.00390625,0.125,6400000.0,0.9757453216731898
1.0,512.0,2.0,1.0,1.0,1.0,39.0,32.0,0,0.5015625,1024.0,0.00195312,6400000.0,0.5273919092465753
512.0,512.0,2.0,19.0,2057.0,2038.0,67031.0,260544.0,0,0.9765625,0.125,4.0,6400000.0,0.9745688600782779
1.0,512.0,2.0,1.0,1.0,1.0,39.0,32.0,0,0.5015625,0.015625,16384.0,6400000.0,0.5273919092465753
1.0,512.0,2.0,1.0,1.0,1.0,39.0,32.0,0,0.5015625,0.0078125,2048.0,6400000.0,0.5273919092465753
512.0,512.0,2.0,32.0,2065.0,2033.0,67009.0,259744.0,0,0.978125,0.0078125,0.000976562,6400000.0,0.97613594667319
512.0,512.0,1.0,20.0,1044.0,1024.0,33546.0,98304.0,0,0.9484375,0.5,0.5,6400000.0,0.9495314028864972
512.0,512.0,2.0,6.0,1842.0,1837.0,60217.0,228384.0,0,0.940625,128.0,0.00390625,6400000.0,0.9409246575342465
512.0,512.0,2.0,14.0,2049.0,2035.0,66874.0,260064.0,0,0.965625,16.0,0.0078125,6400000.0,0.9636198935909981
512.0,512.0,2.0,6.0,1868.0,1863.0,61075.0,232544.0,0,0.940625,128.0,4.0,6400000.0,0.9409246575342465
512.0,512.0,2.0,6.0,1829.0,1825.0,59789.0,226464.0,0,0.940625,32.0,64.0,6400000.0,0.9409246575342465
512.0,512.0,2.0,31.0,2054.0,2023.0,66668.0,258144.0,0,0.978125,0.0625,0.5,6400000.0,0.9761367111056753
512.0,512.0,2.0,12.0,2042.0,2030.0,66687.0,259264.0,0,0.9625,16.0,8.0,6400000.0,0.9636198935909981
1.0,512.0,2.0,1.0,1.0,1.0,39.0,32.0,0,0.5015625,1024.0,2.0,6400000.0,0.5273919092465753
512.0,512.0,2.0,23.0,2063.0,2040.0,67141.0,260864.0,0,0.971875,1.0,2.0,6400000.0,0.9757430283757337
512.0,512.0,2.0,32.0,2060.0,2028.0,66844.0,258944.0,0,0.978125,0.03125,0.0625,6400000.0,0.9773093505381606
1.0,512.0,2.0,1.0,1.0,1.0,39.0,32.0,0,0.5015625,2048.0,0.015625,6400000.0,0.5273919092465753
512.0,512.0,2.0,24.0,2066.0,2042.0,67218.0,261184.0,0,0.9734375,2.0,0.015625,6400000.0,0.9769171966731898
512.0,512.0,2.0,5.0,1345.0,1608.0,44102.0,191744.0,0,0.940625,256.0,0.03125,6400000.0,0.9409246575342465
512.0,512.0,2.0,32.0,2065.0,2033.0,67009.0,259744.0,0,0.978125,0.015625,0.0078125,6400000.0,0.9769187255381604
1.0,512.0,2.0,1.0,1.0,1.0,39.0,32.0,0,0.5015625,1024.0,2048.0,6400000.0,0.5273919092465753
512.0,512.0,2.0,17.0,2056.0,2039.0,67039.0,260704.0,0,0.971875,8.0,1.0,6400000.0,0.9698775379158512
512.0,512.0,1.0,15.0,1039.0,1024.0,33490.0,98304.0,0,0.9484375,1.0,4.0,6400000.0,0.9503103595890412
512.0,512.0,1.0,20.0,1044.0,1024.0,33546.0,98304.0,0,0.9484375,1.0,0.00390625,6400000.0,0.9491400134540118
512.0,512.0,2.0,9.0,2046.0,2037.0,66882.0,260384.0,0,0.9625,32.0,0.0625,6400000.0,0.9640112830234834
512.0,512.0,2.0,5.0,1340.0,1609.0,43943.0,191904.0,0,0.940625,256.0,32.0,6400000.0,0.9409246575342465
512.0,512.0,1.0,7.0,1030.0,1024.0,33369.0,98304.0,0,0.940625,0.00195312,64.0,6400000.0,0.9409246575342465
512.0,512.0,2.0,17.0,2055.0,2038.0,67006.0,260544.0,0,0.965625,8.0,0.000976562,6400000.0,0.9698775379158512
512.0,512.0,1.0,20.0,1044.0,1024.0,33546.0,98304.0,0,0.9484375,0.0,1.0,6400000.0,0.9495314028864972
1.0,512.0,2.0,1.0,1.0,1.0,39.0,32.0,0,0.5015625,0.125,8192.0,6400000.0,0.5273919092465753
1.0,512.0,2.0,1.0,1.0,1.0,39.0,32.0,0,0.5015625,2048.0,16.0,6400000.0,0.5273919092465753
512.0,512.0,4.0,5.0,2467.0,2632.0,81202.0,355584.0,0,0.940625,0.0,256.0,6400000.0,0.9409246575342465
1.0,512.0,1.0,1.0,1.0,1.0,35.0,32.0,0,0.5015625,0.0078125,4096.0,6400000.0,0.5273919092465753
512.0,512.0,2.0,32.0,2062.0,2030.0,66910.0,259264.0,0,0.978125,0.125,0.00390625,6400000.0,0.9765281005381606
512.0,512.0,2.0,20.0,2059.0,2039.0,67075.0,260704.0,0,0.9734375,4.0,0.125,6400000.0,0.9741789995107633
512.0,512.0,2.0,31.0,2066.0,2035.0,67064.0,260064.0,0,0.9796875,0.5,0.25,6400000.0,0.9753546966731899
512.0,512.0,2.0,29.0,2060.0,2031.0,66910.0,259424.0,0,0.9765625,1.0,0.00195312,6400000.0,0.9757460861056753
512.0,512.0,2.0,32.0,2059.0,2029.0,66813.0,259104.0,0,0.98125,0.0,0.0,6400000.0,0.9769179611056753
512.0,512.0,2.0,8.0,2034.0,2026.0,66508.0,258624.0,0,0.959375,64.0,0.5,6400000.0,0.9569662732387474
512.0,512.0,1.0,17.0,1041.0,1024.0,33512.0,98304.0,0,0.9453125,2.0,0.03125,6400000.0,0.9510931384540118
1.0,512.0,1.0,1.0,1.0,1.0,35.0,32.0,0,0.5015625,0.125,16384.0,6400000.0,0.5273919092465753
512.0,512.0,2.0,31.0,2056.0,2025.0,66734.0,258464.0,0,0.978125,0.25,0.03125,6400000.0,0.9765273361056753
1.0,512.0,4.0,1.0,1.0,1.0,63.0,32.0,0,0.5015625,0.000976562,2048.0,6400000.0,0.5273919092465753
1.0,512.0,2.0,1.0,1.0,1.0,39.0,32.0,0,0.5015625,2048.0,16384.0,6400000.0,0.5273919092465753
1.0,512.0,2.0,1.0,1.0,1.0,39.0,32.0,0,0.5015625,4096.0,128.0,6400000.0,0.5273919092465753
512.0,512.0,1.0,13.0,1037.0,1024.0,33468.0,98304.0,0,0.946875,8.0,0.00195312,6400000.0,0.9475752201565559
1.0,512.0,2.0,1.0,1.0,1.0,39.0,32.0,0,0.5015625,4096.0,0.125,6400000.0,0.5273919092465753
512.0,512.0,1.0,13.0,1037.0,1024.0,33468.0,98304.0,0,0.946875,0.000976562,8.0,6400000.0,0.9475752201565559
512.0,512.0,1.0,8.0,1031.0,1024.0,33380.0,98304.0,0,0.940625,2.0,32.0,6400000.0,0.9401434075342465
1.0,512.0,1.0,1.0,1.0,1.0,35.0,32.0,0,0.5015625,0.00390625,512.0,6400000.0,0.5273919092465753
1.0,512.0,2.0,1.0,1.0,1.0,39.0,32.0,0,0.5015625,1.0,4096.0,6400000.0,0.5273919092465753
1.0,512.0,2.0,1.0,1.0,1.0,39.0,32.0,0,0.5015625,2.0,32768.0,6400000.0,0.5273919092465753
512.0,512.0,1.0,22.0,1046.0,1024.0,33568.0,98304.0,0,0.946875,0.000976562,0.0078125,6400000.0,0.9483557057240706
512.0,512.0,1.0,7.0,1030.0,1024.0,33369.0,98304.0,0,0.940625,64.0,0.000976562,6400000.0,0.9409246575342465
1.0,512.0,1.0,1.0,1.0,1.0,35.0,32.0,0,0.5015625,128.0,8192.0,6400000.0,0.5273919092465753
1.0,512.0,1.0,1.0,1.0,1.0,35.0,32.0,0,0.5015625,0.000976562,16384.0,6400000.0,0.5273919092465753
1.0,512.0,4.0,1.0,1.0,1.0,63.0,32.0,0,0.5015625,0.00195312,16384.0,6400000.0,0.5273919092465753
1.0,512.0,2.0,1.0,1.0,1.0,39.0,32.0,0,0.5015625,0.0,512.0,6400000.0,0.5273919092465753
1.0,512.0,2.0,1.0,1.0,1.0,39.0,32.0,0,0.5015625,8192.0,0.000976562,6400000.0,0.5273919092465753
1.0,512.0,2.0,1.0,1.0,1.0,39.0,32.0,0,0.5015625,8192.0,1024.0,6400000.0,0.5273919092465753
1.0,512.0,2.0,1.0,1.0,1.0,39.0,32.0,0,0.5015625,8192.0,1.0,6400000.0,0.5273919092465753
512.0,512.0,1.0,5.0,1028.0,1024.0,33346.0,98304.0,0,0.940625,4.0,256.0,6400000.0,0.9409246575342465
512.0,512.0,1.0,22.0,1046.0,1024.0,33568.0,98304.0,0,0.946875,0.00195312,0.0625,6400000.0,0.9483564701565559
1.0,512.0,2.0,1.0,1.0,1.0,39.0,32.0,0,0.5015625,16384.0,0.0078125,6400000.0,0.5273919092465753
1.0,512.0,2.0,1.0,1.0,1.0,39.0,32.0,0,0.5015625,0.0625,1024.0,6400000.0,0.5273919092465753
1.0,512.0,2.0,1.0,1.0,1.0,39.0,32.0,0,0.5015625,16384.0,8.0,6400000.0,0.5273919092465753
1.0,512.0,1.0,1.0,1.0,1.0,35.0,32.0,0,0.5015625,0.0625,2048.0,6400000.0,0.5273919092465753
512.0,512.0,1.0,15.0,1039.0,1024.0,33490.0,98304.0,0,0.9484375,4.0,0.25,6400000.0,0.9503103595890412
512.0,512.0,1.0,12.0,1036.0,1024.0,33457.0,98304.0,0,0.9453125,8.0,2.0,6400000.0,0.9440534796966732
512.0,512.0,1.0,10.0,1034.0,1024.0,33435.0,98304.0,0,0.94375,16.0,0.015625,6400000.0,0.9452276479941292
1.0,512.0,1.0,1.0,1.0,1.0,35.0,32.0,0,0.5015625,1.0,8192.0,6400000.0,0.5273919092465753
1.0,512.0,1.0,1.0,1.0,1.0,35.0,32.0,0,0.5015625,512.0,0.0,6400000.0,0.5273919092465753
1.0,512.0,2.0,1.0,1.0,1.0,39.0,32.0,0,0.5015625,8.0,2048.0,6400000.0,0.5273919092465753
512.0,512.0,1.0,22.0,1046.0,1024.0,33568.0,98304.0,0,0.946875,0.0078125,0.00390625,6400000.0,0.9483557057240706
1.0,512.0,4.0,1.0,1.0,1.0,63.0,32.0,0,0.5015625,0.0078125,1024.0,6400000.0,0.5273919092465753
1.0,512.0,1.0,1.0,1.0,1.0,35.0,32.0,0,0.5015625,1024.0,4096.0,6400000.0,0.5273919092465753
1.0,512.0,1.0,1.0,1.0,1.0,35.0,32.0,0,0.5015625,512.0,512.0,6400000.0,0.5273919092465753
1.0,512.0,1.0,1.0,1.0,1.0,35.0,32.0,0,0.5015625,1024.0,4.0,6400000.0,0.5273919092465753
1.0,512.0,2.0,1.0,1.0,1.0,39.0,32.0,0,0.5015625,16.0,16384.0,6400000.0,0.5273919092465753
1.0,512.0,1.0,1.0,1.0,1.0,35.0,32.0,0,0.5015625,64.0,1024.0,6400000.0,0.5273919092465753
1.0,512.0,1.0,1.0,1.0,1.0,35.0,32.0,0,0.5015625,1024.0,0.00390625,6400000.0,0.5273919092465753
512.0,512.0,4.0,6.0,2784.0,2794.0,91502.0,381504.0,0,0.940625,0.00390625,128.0,6400000.0,0.9409246575342465
512.0,512.0,1.0,5.0,1028.0,1024.0,33346.0,98304.0,0,0.940625,32.0,128.0,6400000.0,0.9409246575342465
1.0,512.0,1.0,1.0,1.0,1.0,35.0,32.0,0,0.5015625,2048.0,32.0,6400000.0,0.5273919092465753
1.0,512.0,1.0,1.0,1.0,1.0,35.0,32.0,0,0.5015625,2048.0,0.03125,6400000.0,0.5273919092465753
512.0,512.0,2.0,31.0,2057.0,2026.0,66767.0,258624.0,0,0.978125,0.5,0.0,6400000.0,0.9765273361056751
1.0,512.0,4.0,1.0,1.0,1.0,63.0,32.0,0,0.5015625,0.015625,8192.0,6400000.0,0.5273919092465753
1.0,512.0,2.0,1.0,1.0,1.0,39.0,32.0,0,0.5015625,16384.0,8192.0,6400000.0,0.5273919092465753
1.0,512.0,1.0,1.0,1.0,1.0,35.0,32.0,0,0.5015625,512.0,0.5,6400000.0,0.5273919092465753
1.0,512.0,1.0,1.0,1.0,1.0,35.0,32.0,0,0.5015625,4096.0,256.0,6400000.0,0.5273919092465753
512.0,512.0,1.0,20.0,1044.0,1024.0,33546.0,98304.0,0,0.946875,0.00390625,0.5,6400000.0,0.9495298740215266
1.0,512.0,2.0,1.0,1.0,1.0,39.0,32.0,0,0.5015625,32768.0,0.0625,6400000.0,0.5273919092465753
512.0,512.0,1.0,20.0,1044.0,1024.0,33546.0,98304.0,0,0.946875,0.5,0.000976562,6400000.0,0.9495298740215266
1.0,512.0,1.0,1.0,1.0,1.0,35.0,32.0,0,0.5015625,2048.0,32768.0,6400000.0,0.5273919092465753
1.0,512.0,2.0,1.0,1.0,1.0,39.0,32.0,0,0.5015625,32768.0,64.0,6400000.0,0.5273919092465753
1.0,512.0,1.0,1.0,1.0,1.0,35.0,32.0,0,0.5015625,8192.0,2.0,6400000.0,0.5273919092465753
1.0,512.0,1.0,1.0,1.0,1.0,35.0,32.0,0,0.5015625,4096.0,0.25,6400000.0,0.5273919092465753
1.0,512.0,1.0,1.0,1.0,1.0,35.0,32.0,0,0.5015625,0.0,2048.0,6400000.0,0.5273919092465753
1.0,512.0,1.0,1.0,1.0,1.0,35.0,32.0,0,0.5015625,8192.0,2048.0,6400000.0,0.5273919092465753
1.0,512.0,1.0,1.0,1.0,1.0,35.0,32.0,0,0.5015625,8192.0,0.00195312,6400000.0,0.5273919092465753
512.0,512.0,1.0,9.0,1033.0,1024.0,33423.0,98304.0,0,0.94375,16.0,16.0,6400000.0,0.9401434075342465
1.0,512.0,2.0,1.0,1.0,1.0,39.0,32.0,0,0.5015625,0.5,512.0,6400000.0,0.5273919092465753
512.0,512.0,1.0,9.0,1033.0,1024.0,33423.0,98304.0,0,0.94375,32.0,0.125,6400000.0,0.9401434075342465
512.0,512.0,2.0,5.0,1345.0,1608.0,44102.0,191744.0,0,0.940625,0.00390625,256.0,6400000.0,0.9409246575342465
1.0,512.0,1.0,1.0,1.0,1.0,35.0,32.0,0,0.5015625,16384.0,0.015625,6400000.0,0.5273919092465753
512.0,512.0,1.0,22.0,1046.0,1024.0,33568.0,98304.0,0,0.946875,0.0625,0.00195312,6400000.0,0.9483564701565559
512.0,512.0,1.0,7.0,1030.0,1024.0,33369.0,98304.0,0,0.940625,64.0,1.0,6400000.0,0.9409246575342465
1.0,512.0,1.0,1.0,1.0,1.0,35.0,32.0,0,0.5015625,16384.0,16384.0,6400000.0,0.5273919092465753
1.0,512.0,1.0,1.0,1.0,1.0,35.0,32.0,0,0.5015625,16384.0,16.0,6400000.0,0.5273919092465753
512.0,512.0,1.0,22.0,1046.0,1024.0,33568.0,98304.0,0,0.946875,0.0,0.00195312,6400000.0,0.9483557057240706
1.0,512.0,1.0,1.0,1.0,1.0,35.0,32.0,0,0.5015625,32768.0,0.125,6400000.0,0.5273919092465753
1.0,512.0,1.0,1.0,1.0,1.0,35.0,32.0,0,0.5015625,0.5,1024.0,6400000.0,0.5273919092465753
1.0,512.0,2.0,1.0,1.0,1.0,39.0,32.0,0,0.5015625,128.0,8192.0,6400000.0,0.5273919092465753
512.0,512.0,1.0,15.0,1039.0,1024.0,33490.0,98304.0,0,0.9484375,4.0,0.0,6400000.0,0.9510931384540118
1.0,512.0,1.0,1.0,1.0,1.0,35.0,32.0,0,0.5015625,32768.0,128.0,6400000.0,0.5273919092465753
512.0,512.0,1.0,15.0,1039.0,1024.0,33490.0,98304.0,0,0.9484375,0.0078125,4.0,6400000.0,0.9507017490215265
512.0,512.0,1.0,5.0,1028.0,1024.0,33346.0,98304.0,0,0.940625,128.0,0.0078125,6400000.0,0.9409246575342465
1.0,512.0,2.0,1.0,1.0,1.0,39.0,32.0,0,0.5015625,512.0,0.0,6400000.0,0.5273919092465753
512.0,512.0,1.0,5.0,1028.0,1024.0,33346.0,98304.0,0,0.940625,128.0,8.0,6400000.0,0.9409246575342465
512.0,512.0,2.0,6.0,1842.0,1837.0,60217.0,228384.0,0,0.940625,0.03125,128.0,6400000.0,0.9409246575342465
512.0,512.0,1.0,9.0,1032.0,1024.0,33422.0,98304.0,0,0.9453125,0.015625,32.0,6400000.0,0.9401434075342465
512.0,512.0,1.0,5.0,1028.0,1024.0,33346.0,98304.0,0,0.940625,0.03125,256.0,6400000.0,0.9409246575342465
512.0,512.0,1.0,5.0,1028.0,1024.0,33346.0,98304.0,0,0.940625,256.0,0.0625,6400000.0,0.9409246575342465
512.0,512.0,1.0,22.0,1046.0,1024.0,33568.0,98304.0,0,0.946875,0.00390625,0.000976562,6400000.0,0.9483557057240706
1.0,512.0,2.0,1.0,1.0,1.0,39.0,32.0,0,0.5015625,64.0,1024.0,6400000.0,0.5273919092465753
1.0,512.0,2.0,1.0,1.0,1.0,39.0,32.0,0,0.5015625,0.000976562,8192.0,6400000.0,0.5273919092465753
512.0,512.0,1.0,5.0,1028.0,1024.0,33346.0,98304.0,0,0.940625,256.0,64.0,6400000.0,0.9303571428571427
1.0,512.0,1.0,1.0,1.0,1.0,35.0,32.0,0,0.5015625,8.0,4096.0,6400000.0,0.5273919092465753
512.0,512.0,1.0,5.0,1028.0,1024.0,33346.0,98304.0,0,0.940625,0.25,128.0,6400000.0,0.9409246575342465
512.0,512.0,2.0,9.0,2041.0,2032.0,66717.0,259584.0,0,0.9625,0.00195312,32.0,6400000.0,0.9620543358610567
512.0,512.0,1.0,10.0,1034.0,1024.0,33435.0,98304.0,0,0.94375,0.125,16.0,6400000.0,0.9456190374266145
512.0,512.0,1.0,21.0,1045.0,1024.0,33557.0,98304.0,0,0.9484375,0.03125,0.25,6400000.0,0.9495298740215266
1.0,512.0,2.0,1.0,1.0,1.0,39.0,32.0,0,0.5015625,1024.0,0.00390625,6400000.0,0.5273919092465753
1.0,512.0,2.0,1.0,1.0,1.0,39.0,32.0,0,0.5015625,512.0,512.0,6400000.0,0.5273919092465753
512.0,512.0,1.0,22.0,1046.0,1024.0,33568.0,98304.0,0,0.946875,0.015625,0.03125,6400000.0,0.9479650807240706
1.0,512.0,1.0,1.0,1.0,1.0,35.0,32.0,0,0.5015625,16.0,32768.0,6400000.0,0.5273919092465753
1.0,512.0,2.0,1.0,1.0,1.0,39.0,32.0,0,0.5015625,0.0078125,4096.0,6400000.0,0.5273919092465753
1.0,512.0,2.0,1.0,1.0,1.0,39.0,32.0,0,0.5015625,512.0,0.5,6400000.0,0.5273919092465753
1.0,512.0,2.0,1.0,1.0,1.0,39.0,32.0,0,0.5015625,0.015625,32768.0,6400000.0,0.5273919092465753
512.0,512.0,2.0,32.0,2065.0,2033.0,67009.0,259744.0,0,0.978125,0.0625,0.000976562,6400000.0,0.9765273361056753
512.0,512.0,2.0,8.0,1998.0,1991.0,65321.0,253024.0,0,0.94375,0.25,64.0,6400000.0,0.9377981286692758
512.0,512.0,2.0,5.0,1345.0,1608.0,44102.0,191744.0,0,0.940625,4.0,256.0,6400000.0,0.9409246575342465
1.0,512.0,2.0,1.0,1.0,1.0,39.0,32.0,0,0.5015625,1024.0,4.0,6400000.0,0.5273919092465753
512.0,512.0,4.0,13.0,5365.0,5364.0,176548.0,792704.0,0,0.9703125,0.00195312,16.0,6400000.0,0.9690985812133072
512.0,512.0,1.0,22.0,1046.0,1024.0,33568.0,98304.0,0,0.946875,0.03125,0.0,6400000.0,0.9479650807240706
512.0,512.0,1.0,17.0,1041.0,1024.0,33512.0,98304.0,0,0.9453125,0.0625,2.0,6400000.0,0.9507017490215265
1.0,512.0,2.0,1.0,1.0,1.0,39.0,32.0,0,0.5015625,1024.0,4096.0,6400000.0,0.5273919092465753
512.0,512.0,2.0,8.0,2034.0,2026.0,66508.0,258624.0,0,0.959375,64.0,0.000976562,6400000.0,0.9518782106164382
1.0,512.0,2.0,1.0,1.0,1.0,39.0,32.0,0,0.5015625,0.125,16384.0,6400000.0,0.5273919092465753
1.0,512.0,2.0,1.0,1.0,1.0,39.0,32.0,0,0.5015625,2048.0,0.03125,6400000.0,0.5273919092465753
512.0,512.0,1.0,22.0,1046.0,1024.0,33568.0,98304.0,0,0.946875,0.125,0.015625,6400000.0,0.9491392490215265
1.0,512.0,1.0,1.0,1.0,1.0,35.0,32.0,0,0.5015625,0.0078125,8192.0,6400000.0,0.5273919092465753
1.0,512.0,2.0,1.0,1.0,1.0,39.0,32.0,0,0.5015625,2048.0,32.0,6400000.0,0.5273919092465753
512.0,512.0,1.0,20.0,1044.0,1024.0,33546.0,98304.0,0,0.9484375,0.25,0.125,6400000.0,0.9495298740215266
1.0,512.0,1.0,1.0,1.0,1.0,35.0,32.0,0,0.5015625,0.125,32768.0,6400000.0,0.5273919092465753
1.0,512.0,4.0,1.0,1.0,1.0,63.0,32.0,0,0.5015625,0.000976562,4096.0,6400000.0,0.5273919092465753
512.0,512.0,2.0,13.0,2048.0,2035.0,66863.0,260064.0,0,0.9625,0.015625,16.0,6400000.0,0.9636198935909981
1.0,512.0,2.0,1.0,1.0,1.0,39.0,32.0,0,0.5015625,4096.0,256.0,6400000.0,0.5273919092465753
1.0,512.0,2.0,1.0,1.0,1.0,39.0,32.0,0,0.5015625,2048.0,32768.0,6400000.0,0.5273919092465753
1.0,512.0,2.0,1.0,1.0,1.0,39.0,32.0,0,0.5015625,4096.0,0.25,6400000.0,0.5273919092465753
512.0,512.0,1.0,18.0,1042.0,1024.0,33524.0,98304.0,0,0.946875,0.5,1.0,6400000.0,0.9503111240215265
1.0,512.0,1.0,1.0,1.0,1.0,35.0,32.0,0,0.5015625,0.000976562,32768.0,6400000.0,0.5273919092465753
512.0,512.0,2.0,6.0,1842.0,1837.0,60217.0,228384.0,0,0.940625,128.0,0.0078125,6400000.0,0.9409246575342465
512.0,512.0,1.0,5.0,1028.0,1024.0,33346.0,98304.0,0,0.940625,0.00195312,128.0,6400000.0,0.9409246575342465
512.0,512.0,2.0,5.0,1350.0,1609.0,44263.0,191904.0,0,0.940625,128.0,8.0,6400000.0,0.9409246575342465
1.0,512.0,2.0,1.0,1.0,1.0,39.0,32.0,0,0.5015625,1.0,8192.0,6400000.0,0.5273919092465753
512.0,512.0,2.0,5.0,1350.0,1608.0,44262.0,191744.0,0,0.940625,32.0,128.0,6400000.0,0.9409246575342465
1.0,512.0,1.0,1.0,1.0,1.0,35.0,32.0,0,0.5015625,0.00390625,1024.0,6400000.0,0.5273919092465753
512.0,512.0,2.0,9.0,2040.0,2031.0,66684.0,259424.0,0,0.9625,2.0,32.0,6400000.0,0.9620543358610567
512.0,512.0,2.0,19.0,2057.0,2038.0,67031.0,260544.0,0,0.9734375,0.000976562,4.0,6400000.0,0.9737860812133071
1.0,512.0,1.0,1.0,1.0,1.0,35.0,32.0,0,0.5015625,128.0,16384.0,6400000.0,0.5273919092465753
512.0,512.0,1.0,13.0,1037.0,1024.0,33468.0,98304.0,0,0.946875,1.0,8.0,6400000.0,0.9464010518590997
1.0,512.0,4.0,1.0,1.0,1.0,63.0,32.0,0,0.5015625,0.00195312,32768.0,6400000.0,0.5273919092465753
512.0,512.0,2.0,5.0,1345.0,1608.0,44102.0,191744.0,0,0.940625,256.0,0.0625,6400000.0,0.9409246575342465
1.0,512.0,4.0,1.0,1.0,1.0,63.0,32.0,0,0.5015625,0.0,512.0,6400000.0,0.5273919092465753
1.0,512.0,2.0,1.0,1.0,1.0,39.0,32.0,0,0.5015625,8192.0,0.00195312,6400000.0,0.5273919092465753
1.0,512.0,2.0,1.0,1.0,1.0,39.0,32.0,0,0.5015625,8192.0,2048.0,6400000.0,0.5273919092465753
512.0,512.0,1.0,20.0,1044.0,1024.0,33546.0,98304.0,0,0.9484375,1.0,0.0078125,6400000.0,0.9491400134540118
512.0,512.0,2.0,32.0,2058.0,2026.0,66778.0,258624.0,0,0.978125,0.00390625,0.0,6400000.0,0.9765273361056753
1.0,512.0,2.0,1.0,1.0,1.0,39.0,32.0,0,0.5015625,16384.0,0.015625,6400000.0,0.5273919092465753
512.0,512.0,1.0,17.0,1041.0,1024.0,33512.0,98304.0,0,0.9453125,0.0,2.0,6400000.0,0.9507017490215265
1.0,512.0,2.0,1.0,1.0,1.0,39.0,32.0,0,0.5015625,8192.0,2.0,6400000.0,0.5273919092465753
1.0,512.0,2.0,1.0,1.0,1.0,39.0,32.0,0,0.5015625,0.0,1024.0,6400000.0,0.5273919092465753
1.0,512.0,2.0,1.0,1.0,1.0,39.0,32.0,0,0.5015625,0.0625,2048.0,6400000.0,0.5273919092465753
512.0,512.0,2.0,5.0,1338.0,1608.0,43878.0,191744.0,0,0.940625,256.0,64.0,6400000.0,0.9409246575342465
512.0,512.0,4.0,32.0,6258.0,6245.0,205621.0,933664.0,0,0.990625,0.0,0.25,6400000.0,0.9796561582681018
512.0,512.0,1.0,13.0,1037.0,1024.0,33468.0,98304.0,0,0.946875,8.0,0.00390625,6400000.0,0.9475752201565559
512.0,512.0,1.0,17.0,1041.0,1024.0,33512.0,98304.0,0,0.9453125,2.0,0.0625,6400000.0,0.9507017490215265
1.0,512.0,1.0,1.0,1.0,1.0,35.0,32.0,0,0.5015625,4.0,512.0,6400000.0,0.5273919092465753
512.0,512.0,2.0,9.0,2041.0,2032.0,66717.0,259584.0,0,0.9625,16.0,16.0,6400000.0,0.9655768407534246
512.0,512.0,1.0,7.0,1030.0,1024.0,33369.0,98304.0,0,0.940625,2.0,64.0,6400000.0,0.9409246575342465
1.0,512.0,2.0,1.0,1.0,1.0,39.0,32.0,0,0.5015625,16384.0,16.0,6400000.0,0.5273919092465753
512.0,512.0,1.0,10.0,1034.0,1024.0,33435.0,98304.0,0,0.94375,0.000976562,16.0,6400000.0,0.946401816291585
512.0,512.0,2.0,31.0,2057.0,2026.0,66767.0,258624.0,0,0.978125,0.0,0.5,6400000.0,0.9753539322407045
1.0,512.0,1.0,1.0,1.0,1.0,35.0,32.0,0,0.5015625,0.0625,4096.0,6400000.0,0.5273919092465753
512.0,512.0,2.0,14.0,2049.0,2035.0,66874.0,260064.0,0,0.965625,16.0,0.015625,6400000.0,0.9636198935909981
512.0,512.0,4.0,27.0,6218.0,6205.0,204406.0,927264.0,0,0.990625,0.000976562,2.0,6400000.0,0.9780906005381604
1.0,512.0,1.0,1.0,1.0,1.0,35.0,32.0,0,0.5015625,1.0,16384.0,6400000.0,0.5273919092465753
1.0,512.0,4.0,1.0,1.0,1.0,63.0,32.0,0,0.5015625,0.0078125,2048.0,6400000.0,0.5273919092465753
1.0,512.0,2.0,1.0,1.0,1.0,39.0,32.0,0,0.5015625,8.0,4096.0,6400000.0,0.5273919092465753
1.0,512.0,1.0,1.0,1.0,1.0,35.0,32.0,0,0.5015625,512.0,0.000976562,6400000.0,0.5273919092465753
512.0,512.0,4.0,33.0,6289.0,6277.0,206624.0,938784.0,0,0.990625,0.000976562,0.00195312,6400000.0,0.9800483121330725
512.0,512.0,2.0,18.0,2060.0,2042.0,67152.0,261184.0,0,0.971875,0.125,8.0,6400000.0,0.9722235812133071
512.0,512.0,1.0,7.0,1030.0,1024.0,33369.0,98304.0,0,0.940625,64.0,0.00195312,6400000.0,0.9409246575342465
512.0,512.0,1.0,22.0,1046.0,1024.0,33568.0,98304.0,0,0.946875,0.000976562,0.015625,6400000.0,0.9483557057240706
512.0,512.0,2.0,9.0,2046.0,2037.0,66882.0,260384.0,0,0.9625,32.0,0.125,6400000.0,0.9640112830234834
1.0,512.0,1.0,1.0,1.0,1.0,35.0,32.0,0,0.5015625,1024.0,8192.0,6400000.0,0.5273919092465753
1.0,512.0,1.0,1.0,1.0,1.0,35.0,32.0,0,0.5015625,512.0,1024.0,6400000.0,0.5273919092465753
1.0,512.0,1.0,1.0,1.0,1.0,35.0,32.0,0,0.5015625,1024.0,8.0,6400000.0,0.5273919092465753
512.0,512.0,2.0,8.0,2035.0,2027.0,66541.0,258784.0,0,0.959375,64.0,1.0,6400000.0,0.9569662732387474
512.0,512.0,2.0,17.0,2052.0,2035.0,66907.0,260064.0,0,0.9734375,8.0,2.0,6400000.0,0.9683142734833659
1.0,512.0,2.0,1.0,1.0,1.0,39.0,32.0,0,0.5015625,16.0,32768.0,6400000.0,0.5273919092465753
1.0,512.0,1.0,1.0,1.0,1.0,35.0,32.0,0,0.5015625,1024.0,0.0078125,6400000.0,0.5273919092465753
1.0,512.0,1.0,1.0,1.0,1.0,35.0,32.0,0,0.5015625,64.0,2048.0,6400000.0,0.5273919092465753
512.0,512.0,2.0,25.0,2060.0,2035.0,66998.0,260064.0,0,0.9734375,0.0078125,2.0,6400000.0,0.9776999755381605
512.0,512.0,4.0,21.0,5916.0,5909.0,194572.0,879904.0,0,0.9828125,0.015625,8.0,6400000.0,0.9812217159980431
512.0,512.0,2.0,20.0,2058.0,2038.0,67042.0,260544.0,0,0.975,1.0,4.0,6400000.0,0.9737876100782777
1.0,512.0,1.0,1.0,1.0,1.0,35.0,32.0,0,0.5015625,2048.0,0.0625,6400000.0,0.5273919092465753
512.0,512.0,1.0,22.0,1046.0,1024.0,33568.0,98304.0,0,0.946875,0.00195312,0.125,6400000.0,0.9491392490215265
1.0,512.0,2.0,1.0,1.0,1.0,39.0,32.0,0,0.5015625,16384.0,16384.0,6400000.0,0.5273919092465753
1.0,512.0,1.0,1.0,1.0,1.0,35.0,32.0,0,0.5015625,2048.0,64.0,6400000.0,0.5273919092465753
1.0,512.0,4.0,1.0,1.0,1.0,63.0,32.0,0,0.5015625,0.015625,16384.0,6400000.0,0.5273919092465753
512.0,512.0,2.0,17.0,2055.0,2038.0,67006.0,260544.0,0,0.965625,8.0,0.00195312,6400000.0,0.9698775379158512
1.0,512.0,1.0,1.0,1.0,1.0,35.0,32.0,0,0.5015625,4096.0,512.0,6400000.0,0.5273919092465753
1.0,512.0,1.0,1.0,1.0,1.0,35.0,32.0,0,0.5015625,4096.0,0.0,6400000.0,0.5273919092465753
512.0,512.0,2.0,32.0,2065.0,2033.0,67009.0,259744.0,0,0.978125,0.000976562,0.00390625,6400000.0,0.9765273361056753
512.0,512.0,2.0,31.0,2057.0,2026.0,66767.0,258624.0,0,0.98125,0.00390625,0.25,6400000.0,0.9769187255381604
1.0,512.0,1.0,1.0,1.0,1.0,35.0,32.0,0,0.5015625,512.0,1.0,6400000.0,0.5273919092465753
512.0,512.0,2.0,20.0,2059.0,2039.0,67075.0,260704.0,0,0.9765625,4.0,0.0,6400000.0,0.9741774706457924
512.0,512.0,1.0,10.0,1034.0,1024.0,33435.0,98304.0,0,0.94375,8.0,4.0,6400000.0,0.9456190374266145
512.0,512.0,1.0,10.0,1034.0,1024.0,33435.0,98304.0,0,0.94375,16.0,0.03125,6400000.0,0.9452276479941292
1.0,512.0,2.0,1.0,1.0,1.0,39.0,32.0,0,0.5015625,32768.0,0.125,6400000.0,0.5273919092465753
512.0,512.0,1.0,15.0,1039.0,1024.0,33490.0,98304.0,0,0.9484375,4.0,0.5,6400000.0,0.9503103595890412
1.0,512.0,2.0,1.0,1.0,1.0,39.0,32.0,0,0.5015625,32768.0,128.0,6400000.0,0.5273919092465753
1.0,512.0,1.0,1.0,1.0,1.0,35.0,32.0,0,0.5015625,8192.0,4.0,6400000.0,0.5273919092465753
1.0,512.0,1.0,1.0,1.0,1.0,35.0,32.0,0,0.5015625,4096.0,0.5,6400000.0,0.5273919092465753
512.0,512.0,2.0,24.0,2066.0,2042.0,67218.0,261184.0,0,0.9796875,2.0,0.03125,6400000.0,0.9769171966731898
1.0,512.0,1.0,1.0,1.0,1.0,35.0,32.0,0,0.5015625,8192.0,4096.0,6400000.0,0.5273919092465753
512.0,512.0,2.0,32.0,2060.0,2028.0,66844.0,258944.0,0,0.978125,0.00195312,0.03125,6400000.0,0.9773093505381605
1.0,512.0,1.0,1.0,1.0,1.0,35.0,32.0,0,0.5015625,0.0,4096.0,6400000.0,0.5273919092465753
1.0,512.0,1.0,1.0,1.0,1.0,35.0,32.0,0,0.5015625,8192.0,0.00390625,6400000.0,0.5273919092465753
512.0,512.0,1.0,22.0,1046.0,1024.0,33568.0,98304.0,0,0.946875,0.0078125,0.0078125,6400000.0,0.9483557057240706
512.0,512.0,2.0,29.0,2059.0,2030.0,66877.0,259264.0,0,0.9734375,0.0625,1.0,6400000.0,0.9749640716731898
512.0,512.0,2.0,20.0,2059.0,2039.0,67075.0,260704.0,0,0.975,4.0,0.25,6400000.0,0.9745680956457925
1.0,512.0,2.0,1.0,1.0,1.0,39.0,32.0,0,0.5015625,0.5,1024.0,6400000.0,0.5273919092465753
512.0,512.0,2.0,32.0,2065.0,2033.0,67009.0,259744.0,0,0.978125,0.0078125,0.00195312,6400000.0,0.97613594667319
512.0,512.0,1.0,5.0,1028.0,1024.0,33346.0,98304.0,0,0.940625,32.0,256.0,6400000.0,0.9409246575342465
1.0,512.0,1.0,1.0,1.0,1.0,35.0,32.0,0,0.5015625,16384.0,0.03125,6400000.0,0.5273919092465753
1.0,512.0,1.0,1.0,1.0,1.0,35.0,32.0,0,0.5015625,16384.0,32768.0,6400000.0,0.5273919092465753
1.0,512.0,1.0,1.0,1.0,1.0,35.0,32.0,0,0.5015625,16384.0,32.0,6400000.0,0.5273919092465753
512.0,512.0,2.0,32.0,2062.0,2030.0,66910.0,259264.0,0,0.978125,0.03125,0.125,6400000.0,0.9757445572407045
1.0,512.0,1.0,1.0,1.0,1.0,35.0,32.0,0,0.5015625,32768.0,0.25,6400000.0,0.5273919092465753
1.0,512.0,1.0,1.0,1.0,1.0,35.0,32.0,0,0.5015625,0.5,2048.0,6400000.0,0.5273919092465753
1.0,512.0,2.0,1.0,1.0,1.0,39.0,32.0,0,0.5015625,128.0,16384.0,6400000.0,0.5273919092465753
512.0,512.0,2.0,32.0,2060.0,2028.0,66844.0,258944.0,0,0.978125,0.015625,0.015625,6400000.0,0.9773093505381605
512.0,512.0,4.0,30.0,6186.0,6176.0,203290.0,922624.0,0,0.990625,0.0078125,1.0,6400000.0,0.9792647688356165
512.0,512.0,2.0,32.0,2062.0,2030.0,66910.0,259264.0,0,0.978125,0.125,0.0078125,6400000.0,0.9765281005381606
1.0,512.0,1.0,1.0,1.0,1.0,35.0,32.0,0,0.5015625,32768.0,256.0,6400000.0,0.5273919092465753
512.0,512.0,1.0,20.0,1044.0,1024.0,33546.0,98304.0,0,0.9484375,0.00390625,1.0,6400000.0,0.9495314028864972
512.0,512.0,2.0,29.0,2060.0,2031.0,66910.0,259424.0,0,0.9765625,1.0,0.00390625,6400000.0,0.9757460861056753
512.0,512.0,2.0,31.0,2062.0,2031.0,66932.0,259424.0,0,0.9765625,0.25,0.0625,6400000.0,0.9765273361056753
512.0,512.0,2.0,29.0,2060.0,2031.0,66910.0,259424.0,0,0.9765625,0.5,0.5,6400000.0,0.9761351822407045
1.0,512.0,2.0,1.0,1.0,1.0,39.0,32.0,0,0.5015625,0.00390625,512.0,6400000.0,0.5273919092465753
512.0,512.0,4.0,33.0,6329.0,6316.0,207943.0,945024.0,0,0.990625,0.00195312,0.015625,6400000.0,0.980047547700587
512.0,512.0,4.0,32.0,6282.0,6270.0,206414.0,937664.0,0,0.9875,0.00390625,0.125,6400000.0,0.9788741438356163
512.0,512.0,1.0,20.0,1044.0,1024.0,33546.0,98304.0,0,0.946875,0.5,0.00195312,6400000.0,0.9495298740215266
512.0,512.0,1.0,8.0,1031.0,1024.0,33380.0,98304.0,0,0.940625,16.0,32.0,6400000.0,0.9409246575342465
512.0,512.0,2.0,32.0,2058.0,2026.0,66778.0,258624.0,0,0.978125,0.0,0.000976562,6400000.0,0.9765273361056753
512.0,512.0,1.0,7.0,1030.0,1024.0,33369.0,98304.0,0,0.940625,64.0,2.0,6400000.0,0.9409246575342465
512.0,512.0,1.0,9.0,1033.0,1024.0,33423.0,98304.0,0,0.94375,32.0,0.25,6400000.0,0.9401434075342465
512.0,512.0,4.0,33.0,6286.0,6274.0,206525.0,938304.0,0,0.990625,0.0078125,0.000976562,6400000.0,0.980438172700587
1.0,512.0,2.0,1.0,1.0,1.0,39.0,32.0,0,0.5015625,512.0,0.000976562,6400000.0,0.5273919092465753
512.0,512.0,4.0,5.0,2467.0,2632.0,81202.0,355584.0,0,0.940625,0.00390625,256.0,6400000.0,0.9409246575342465
512.0,512.0,1.0,22.0,1046.0,1024.0,33568.0,98304.0,0,0.946875,0.0625,0.00390625,6400000.0,0.9483564701565559
1.0,512.0,2.0,1.0,1.0,1.0,39.0,32.0,0,0.5015625,64.0,2048.0,6400000.0,0.5273919092465753
1.0,512.0,2.0,1.0,1.0,1.0,39.0,32.0,0,0.5015625,0.000976562,16384.0,6400000.0,0.5273919092465753
1.0,512.0,1.0,1.0,1.0,1.0,35.0,32.0,0,0.5015625,0.03125,512.0,6400000.0,0.5273919092465753
512.0,512.0,1.0,5.0,1028.0,1024.0,33346.0,98304.0,0,0.940625,128.0,0.015625,6400000.0,0.9409246575342465
512.0,512.0,1.0,22.0,1046.0,1024.0,33568.0,98304.0,0,0.946875,0.0,0.00390625,6400000.0,0.9483557057240706
512.0,512.0,1.0,13.0,1037.0,1024.0,33468.0,98304.0,0,0.946875,0.0078125,8.0,6400000.0,0.9475752201565559
512.0,512.0,1.0,5.0,1028.0,1024.0,33346.0,98304.0,0,0.940625,128.0,16.0,6400000.0,0.9409246575342465
512.0,512.0,1.0,15.0,1039.0,1024.0,33490.0,98304.0,0,0.9484375,4.0,0.000976562,6400000.0,0.9510931384540118
1.0,512.0,1.0,1.0,1.0,1.0,35.0,32.0,0,0.5015625,8.0,8192.0,6400000.0,0.5273919092465753
512.0,512.0,1.0,5.0,1028.0,1024.0,33346.0,98304.0,0,0.940625,256.0,0.125,6400000.0,0.9409246575342465
512.0,512.0,1.0,7.0,1030.0,1024.0,33369.0,98304.0,0,0.940625,0.015625,64.0,6400000.0,0.9409246575342465
1.0,512.0,2.0,1.0,1.0,1.0,39.0,32.0,0,0.5015625,1024.0,0.0078125,6400000.0,0.5273919092465753
1.0,512.0,2.0,1.0,1.0,1.0,39.0,32.0,0,0.5015625,512.0,1024.0,6400000.0,0.5273919092465753
512.0,512.0,4.0,33.0,6283.0,6270.0,206425.0,937664.0,0,0.990625,0.015625,0.0078125,6400000.0,0.980047547700587
1.0,512.0,2.0,1.0,1.0,1.0,39.0,32.0,0,0.5015625,0.0078125,8192.0,6400000.0,0.5273919092465753
1.0,512.0,2.0,1.0,1.0,1.0,39.0,32.0,0,0.5015625,1024.0,8.0,6400000.0,0.5273919092465753
1.0,512.0,2.0,1.0,1.0,1.0,39.0,32.0,0,0.5015625,512.0,1.0,6400000.0,0.5273919092465753
512.0,512.0,2.0,5.0,1345.0,1608.0,44102.0,191744.0,0,0.940625,0.03125,256.0,6400000.0,0.9409246575342465
512.0,512.0,1.0,5.0,1028.0,1024.0,33346.0,98304.0,0,0.940625,256.0,128.0,6400000.0,0.9033657962328766
512.0,512.0,1.0,22.0,1046.0,1024.0,33568.0,98304.0,0,0.946875,0.00390625,0.00195312,6400000.0,0.9483557057240706
512.0,512.0,1.0,5.0,1028.0,1024.0,33346.0,98304.0,0,0.940625,0.25,256.0,6400000.0,0.9409246575342465
512.0,512.0,1.0,9.0,1033.0,1024.0,33423.0,98304.0,0,0.94375,32.0,0.0,6400000.0,0.9401434075342465
1.0,512.0,2.0,1.0,1.0,1.0,39.0,32.0,0,0.5015625,0.125,32768.0,6400000.0,0.5273919092465753
1.0,512.0,2.0,1.0,1.0,1.0,39.0,32.0,0,0.5015625,2048.0,0.0625,6400000.0,0.5273919092465753
1.0,512.0,2.0,1.0,1.0,1.0,39.0,32.0,0,0.5015625,1024.0,8192.0,6400000.0,0.5273919092465753
1.0,512.0,1.0,1.0,1.0,1.0,35.0,32.0,0,0.5015625,0.0078125,16384.0,6400000.0,0.5273919092465753
512.0,512.0,1.0,9.0,1032.0,1024.0,33422.0,98304.0,0,0.9453125,0.125,32.0,6400000.0,0.9401434075342465
1.0,512.0,2.0,1.0,1.0,1.0,39.0,32.0,0,0.5015625,2048.0,64.0,6400000.0,0.5273919092465753
512.0,512.0,2.0,31.0,2057.0,2026.0,66767.0,258624.0,0,0.978125,0.5,0.000976562,6400000.0,0.9765273361056751
1.0,512.0,2.0,1.0,1.0,1.0,39.0,32.0,0,0.5015625,4.0,512.0,6400000.0,0.5273919092465753
1.0,512.0,4.0,1.0,1.0,1.0,63.0,32.0,0,0.5015625,0.000976562,8192.0,6400000.0,0.5273919092465753
512.0,512.0,1.0,20.0,1044.0,1024.0,33546.0,98304.0,0,0.946875,0.03125,0.5,6400000.0,0.9495298740215266
1.0,512.0,2.0,1.0,1.0,1.0,39.0,32.0,0,0.5015625,4096.0,0.0,6400000.0,0.5273919092465753
512.0,512.0,1.0,22.0,1046.0,1024.0,33568.0,98304.0,0,0.946875,0.015625,0.0625,6400000.0,0.9483564701565559
1.0,512.0,2.0,1.0,1.0,1.0,39.0,32.0,0,0.5015625,4096.0,512.0,6400000.0,0.5273919092465753
1.0,512.0,2.0,1.0,1.0,1.0,39.0,32.0,0,0.5015625,4096.0,0.5,6400000.0,0.5273919092465753
512.0,512.0,1.0,15.0,1039.0,1024.0,33490.0,98304.0,0,0.9484375,0.0625,4.0,6400000.0,0.9499189701565559
1.0,512.0,2.0,1.0,1.0,1.0,39.0,32.0,0,0.5015625,1.0,16384.0,6400000.0,0.5273919092465753
512.0,512.0,2.0,8.0,1998.0,1991.0,65321.0,253024.0,0,0.94375,0.00195312,64.0,6400000.0,0.9377981286692758
1.0,512.0,1.0,1.0,1.0,1.0,35.0,32.0,0,0.5015625,0.00390625,2048.0,6400000.0,0.5273919092465753
512.0,512.0,1.0,22.0,1046.0,1024.0,33568.0,98304.0,0,0.946875,0.25,0.0,6400000.0,0.9495298740215266
1.0,512.0,1.0,1.0,1.0,1.0,35.0,32.0,0,0.5015625,128.0,32768.0,6400000.0,0.5273919092465753
512.0,512.0,1.0,22.0,1046.0,1024.0,33568.0,98304.0,0,0.946875,0.03125,0.000976562,6400000.0,0.9479650807240706
1.0,512.0,2.0,1.0,1.0,1.0,39.0,32.0,0,0.5015625,0.0,2048.0,6400000.0,0.5273919092465753
1.0,512.0,2.0,1.0,1.0,1.0,39.0,32.0,0,0.5015625,8192.0,0.00390625,6400000.0,0.5273919092465753
1.0,512.0,4.0,1.0,1.0,1.0,63.0,32.0,0,0.5015625,0.0,1024.0,6400000.0,0.5273919092465753
512.0,512.0,2.0,6.0,1842.0,1837.0,60217.0,228384.0,0,0.940625,0.25,128.0,6400000.0,0.9409246575342465
512.0,512.0,1.0,22.0,1046.0,1024.0,33568.0,98304.0,0,0.946875,0.125,0.03125,6400000.0,0.9491392490215265
1.0,512.0,2.0,1.0,1.0,1.0,39.0,32.0,0,0.5015625,8192.0,4.0,6400000.0,0.5273919092465753
1.0,512.0,2.0,1.0,1.0,1.0,39.0,32.0,0,0.5015625,16384.0,0.03125,6400000.0,0.5273919092465753
1.0,512.0,2.0,1.0,1.0,1.0,39.0,32.0,0,0.5015625,8192.0,4096.0,6400000.0,0.5273919092465753
512.0,512.0,1.0,20.0,1044.0,1024.0,33546.0,98304.0,0,0.946875,0.25,0.25,6400000.0,0.9495298740215266
512.0,512.0,4.0,33.0,6347.0,6338.0,208541.0,948544.0,0,0.9921875,0.0,0.0,6400000.0,0.9792655332681018
1.0,512.0,2.0,1.0,1.0,1.0,39.0,32.0,0,0.5015625,0.0625,4096.0,6400000.0,0.5273919092465753
1.0,512.0,1.0,1.0,1.0,1.0,35.0,32.0,0,0.5015625,0.0625,8192.0,6400000.0,0.5273919092465753
512.0,512.0,1.0,22.0,1046.0,1024.0,33568.0,98304.0,0,0.946875,0.00195312,0.0,6400000.0,0.9483557057240706
1.0,512.0,2.0,1.0,1.0,1.0,39.0,32.0,0,0.5015625,16384.0,32.0,6400000.0,0.5273919092465753
1.0,512.0,1.0,1.0,1.0,1.0,35.0,32.0,0,0.5015625,4.0,1024.0,6400000.0,0.5273919092465753
512.0,512.0,2.0,32.0,2060.0,2028.0,66844.0,258944.0,0,0.978125,0.03125,0.0,6400000.0,0.9773093505381605
512.0,512.0,1.0,5.0,1028.0,1024.0,33346.0,98304.0,0,0.940625,0.00195312,256.0,6400000.0,0.9409246575342465
1.0,512.0,2.0,1.0,1.0,1.0,39.0,32.0,0,0.5015625,8.0,8192.0,6400000.0,0.5273919092465753
512.0,512.0,1.0,17.0,1041.0,1024.0,33512.0,98304.0,0,0.9453125,0.5,2.0,6400000.0,0.9514845278864972
1.0,512.0,4.0,1.0,1.0,1.0,63.0,32.0,0,0.5015625,0.0078125,4096.0,6400000.0,0.5273919092465753
1.0,512.0,1.0,1.0,1.0,1.0,35.0,32.0,0,0.5015625,1.0,32768.0,6400000.0,0.5273919092465753
512.0,512.0,2.0,6.0,1842.0,1837.0,60217.0,228384.0,0,0.940625,128.0,0.015625,6400000.0,0.9409246575342465
512.0,512.0,2.0,8.0,2034.0,2026.0,66508.0,258624.0,0,0.959375,64.0,0.00195312,6400000.0,0.9518782106164382
512.0,512.0,1.0,10.0,1034.0,1024.0,33435.0,98304.0,0,0.94375,1.0,16.0,6400000.0,0.9452276479941292
1.0,512.0,1.0,1.0,1.0,1.0,35.0,32.0,0,0.5015625,512.0,0.00195312,6400000.0,0.5273919092465753
1.0,512.0,1.0,1.0,1.0,1.0,35.0,32.0,0,0.5015625,1024.0,16384.0,6400000.0,0.5273919092465753
1.0,512.0,1.0,1.0,1.0,1.0,35.0,32.0,0,0.5015625,512.0,2048.0,6400000.0,0.5273919092465753
512.0,512.0,2.0,5.0,1350.0,1609.0,44263.0,191904.0,0,0.940625,128.0,16.0,6400000.0,0.9409246575342465
512.0,512.0,2.0,5.0,1340.0,1609.0,43943.0,191904.0,0,0.940625,32.0,256.0,6400000.0,0.9409246575342465
1.0,512.0,1.0,1.0,1.0,1.0,35.0,32.0,0,0.5015625,1024.0,16.0,6400000.0,0.5273919092465753
512.0,512.0,2.0,5.0,1345.0,1608.0,44102.0,191744.0,0,0.940625,256.0,0.125,6400000.0,0.9409246575342465
512.0,512.0,1.0,15.0,1039.0,1024.0,33490.0,98304.0,0,0.9484375,0.0,4.0,6400000.0,0.9491392490215265
1.0,512.0,1.0,1.0,1.0,1.0,35.0,32.0,0,0.5015625,1024.0,0.015625,6400000.0,0.5273919092465753
512.0,512.0,1.0,20.0,1044.0,1024.0,33546.0,98304.0,0,0.9484375,1.0,0.015625,6400000.0,0.9491400134540118
512.0,512.0,1.0,5.0,1028.0,1024.0,33346.0,98304.0,0,0.940625,2.0,128.0,6400000.0,0.9409246575342465
1.0,512.0,2.0,1.0,1.0,1.0,39.0,32.0,0,0.5015625,16384.0,32768.0,6400000.0,0.5273919092465753
1.0,512.0,4.0,1.0,1.0,1.0,63.0,32.0,0,0.5015625,0.015625,32768.0,6400000.0,0.5273919092465753
1.0,512.0,1.0,1.0,1.0,1.0,35.0,32.0,0,0.5015625,64.0,4096.0,6400000.0,0.5273919092465753
512.0,512.0,2.0,9.0,2041.0,2032.0,66717.0,259584.0,0,0.9625,0.015625,32.0,6400000.0,0.9620543358610567
512.0,512.0,1.0,13.0,1037.0,1024.0,33468.0,98304.0,0,0.946875,8.0,0.0078125,6400000.0,0.9475752201565559
512.0,512.0,1.0,9.0,1032.0,1024.0,33422.0,98304.0,0,0.9453125,0.000976562,32.0,6400000.0,0.9401434075342465
1.0,512.0,1.0,1.0,1.0,1.0,35.0,32.0,0,0.5015625,2048.0,0.125,6400000.0,0.5273919092465753
512.0,512.0,1.0,17.0,1041.0,1024.0,33512.0,98304.0,0,0.9453125,2.0,0.125,6400000.0,0.9507017490215265
1.0,512.0,1.0,1.0,1.0,1.0,35.0,32.0,0,0.5015625,4096.0,1024.0,6400000.0,0.5273919092465753
1.0,512.0,1.0,1.0,1.0,1.0,35.0,32.0,0,0.5015625,2048.0,128.0,6400000.0,0.5273919092465753
1.0,512.0,2.0,1.0,1.0,1.0,39.0,32.0,0,0.5015625,32768.0,0.25,6400000.0,0.5273919092465753
1.0,512.0,1.0,1.0,1.0,1.0,35.0,32.0,0,0.5015625,4096.0,0.000976562,6400000.0,0.5273919092465753
1.0,512.0,1.0,1.0,1.0,1.0,35.0,32.0,0,0.5015625,512.0,2.0,6400000.0,0.5273919092465753
512.0,512.0,1.0,7.0,1030.0,1024.0,33369.0,98304.0,0,0.940625,64.0,0.00390625,6400000.0,0.9409246575342465
1.0,512.0,1.0,1.0,1.0,1.0,35.0,32.0,0,0.5015625,8192.0,8192.0,6400000.0,0.5273919092465753
1.0,512.0,1.0,1.0,1.0,1.0,35.0,32.0,0,0.5015625,4096.0,1.0,6400000.0,0.5273919092465753
1.0,512.0,1.0,1.0,1.0,1.0,35.0,32.0,0,0.5015625,8192.0,8.0,6400000.0,0.5273919092465753
1.0,512.0,2.0,1.0,1.0,1.0,39.0,32.0,0,0.5015625,32768.0,256.0,6400000.0,0.5273919092465753
512.0,512.0,2.0,8.0,1976.0,1969.0,64595.0,249504.0,0,0.94375,2.0,64.0,6400000.0,0.9366239603718199
512.0,512.0,2.0,5.0,1338.0,1612.0,43882.0,192384.0,0,0.940625,256.0,128.0,6400000.0,0.9033657962328766
1.0,512.0,1.0,1.0,1.0,1.0,35.0,32.0,0,0.5015625,0.0,8192.0,6400000.0,0.5273919092465753
1.0,512.0,1.0,1.0,1.0,1.0,35.0,32.0,0,0.5015625,8192.0,0.0078125,6400000.0,0.5273919092465753
1.0,512.0,1.0,1.0,1.0,1.0,35.0,32.0,0,0.5015625,16384.0,0.0625,6400000.0,0.5273919092465753
1.0,512.0,2.0,1.0,1.0,1.0,39.0,32.0,0,0.5015625,0.5,2048.0,6400000.0,0.5273919092465753
512.0,512.0,2.0,32.0,2063.0,2031.0,66943.0,259424.0,0,0.9796875,0.0625,0.00195312,6400000.0,0.9769187255381606
1.0,512.0,1.0,1.0,1.0,1.0,35.0,32.0,0,0.5015625,16384.0,64.0,6400000.0,0.5273919092465753
512.0,512.0,1.0,22.0,1046.0,1024.0,33568.0,98304.0,0,0.946875,0.000976562,0.03125,6400000.0,0.9479650807240706
1.0,512.0,1.0,1.0,1.0,1.0,35.0,32.0,0,0.5015625,32768.0,0.0,6400000.0,0.5273919092465753
512.0,512.0,2.0,9.0,2046.0,2037.0,66882.0,260384.0,0,0.9625,32.0,0.0,6400000.0,0.9640112830234834
1.0,512.0,1.0,1.0,1.0,1.0,35.0,32.0,0,0.5015625,32.0,512.0,6400000.0,0.5273919092465753
1.0,512.0,1.0,1.0,1.0,1.0,35.0,32.0,0,0.5015625,32768.0,0.5,6400000.0,0.5273919092465753
1.0,512.0,1.0,1.0,1.0,1.0,35.0,32.0,0,0.5015625,0.5,4096.0,6400000.0,0.5273919092465753
512.0,512.0,2.0,18.0,2058.0,2040.0,67086.0,260864.0,0,0.971875,0.000976562,8.0,6400000.0,0.9722258745107633
512.0,512.0,2.0,14.0,2049.0,2035.0,66874.0,260064.0,0,0.965625,16.0,0.03125,6400000.0,0.9636198935909981
1.0,512.0,2.0,1.0,1.0,1.0,39.0,32.0,0,0.5015625,128.0,32768.0,6400000.0,0.5273919092465753
512.0,512.0,1.0,22.0,1046.0,1024.0,33568.0,98304.0,0,0.946875,0.00195312,0.25,6400000.0,0.9491392490215265
512.0,512.0,1.0,10.0,1034.0,1024.0,33435.0,98304.0,0,0.94375,16.0,0.0625,6400000.0,0.9452276479941292
1.0,512.0,1.0,1.0,1.0,1.0,35.0,32.0,0,0.5015625,32768.0,512.0,6400000.0,0.5273919092465753
512.0,512.0,1.0,15.0,1039.0,1024.0,33490.0,98304.0,0,0.9484375,4.0,1.0,6400000.0,0.9499189701565559
512.0,512.0,2.0,9.0,2041.0,2032.0,66717.0,259584.0,0,0.9625,16.0,32.0,6400000.0,0.9593146098336593
512.0,512.0,1.0,10.0,1034.0,1024.0,33435.0,98304.0,0,0.94375,8.0,8.0,6400000.0,0.9452276479941292
1.0,512.0,2.0,1.0,1.0,1.0,39.0,32.0,0,0.5015625,0.00390625,1024.0,6400000.0,0.5273919092465753
512.0,512.0,2.0,9.0,2046.0,2037.0,66882.0,260384.0,0,0.9625,32.0,0.25,6400000.0,0.9640112830234834
512.0,512.0,2.0,8.0,2034.0,2026.0,66508.0,258624.0,0,0.959375,64.0,2.0,6400000.0,0.9569662732387474
512.0,512.0,2.0,13.0,2050.0,2037.0,66929.0,260384.0,0,0.9609375,0.125,16.0,6400000.0,0.9636198935909981
512.0,512.0,1.0,22.0,1046.0,1024.0,33568.0,98304.0,0,0.946875,0.0078125,0.015625,6400000.0,0.9483557057240706
1.0,512.0,2.0,1.0,1.0,1.0,39.0,32.0,0,0.5015625,512.0,0.00195312,6400000.0,0.5273919092465753
512.0,512.0,2.0,16.0,2051.0,2035.0,66896.0,260064.0,0,0.975,8.0,4.0,6400000.0,0.9663588551859099
1.0,512.0,2.0,1.0,1.0,1.0,39.0,32.0,0,0.5015625,0.000976562,32768.0,6400000.0,0.5273919092465753
1.0,512.0,2.0,1.0,1.0,1.0,39.0,32.0,0,0.5015625,64.0,4096.0,6400000.0,0.5273919092465753
1.0,512.0,1.0,1.0,1.0,1.0,35.0,32.0,0,0.5015625,0.03125,1024.0,6400000.0,0.5273919092465753
512.0,512.0,1.0,6.0,1029.0,1024.0,33358.0,98304.0,0,0.940625,16.0,64.0,6400000.0,0.9409246575342465
512.0,512.0,1.0,6.0,1029.0,1024.0,33358.0,98304.0,0,0.940625,64.0,4.0,6400000.0,0.9409246575342465
1.0,512.0,1.0,1.0,1.0,1.0,35.0,32.0,0,0.5015625,8.0,16384.0,6400000.0,0.5273919092465753
512.0,512.0,2.0,29.0,2056.0,2027.0,66778.0,258784.0,0,0.971875,0.0,1.0,6400000.0,0.9773093505381605
512.0,512.0,2.0,32.0,2065.0,2033.0,67009.0,259744.0,0,0.978125,0.00390625,0.000976562,6400000.0,0.9765273361056753
512.0,512.0,2.0,17.0,2052.0,2035.0,66907.0,260064.0,0,0.965625,1.0,8.0,6400000.0,0.9687048984833659
512.0,512.0,1.0,17.0,1041.0,1024.0,33512.0,98304.0,0,0.9453125,0.00390625,2.0,6400000.0,0.9507017490215265
1.0,512.0,2.0,1.0,1.0,1.0,39.0,32.0,0,0.5015625,512.0,2048.0,6400000.0,0.5273919092465753
512.0,512.0,1.0,9.0,1033.0,1024.0,33423.0,98304.0,0,0.94375,32.0,0.5,6400000.0,0.9401434075342465
512.0,512.0,2.0,17.0,2055.0,2038.0,67006.0,260544.0,0,0.965625,8.0,0.00390625,6400000.0,0.9698775379158512
512.0,512.0,1.0,20.0,1044.0,1024.0,33546.0,98304.0,0,0.946875,0.5,0.00390625,6400000.0,0.9495298740215266
1.0,512.0,4.0,1.0,1.0,1.0,63.0,32.0,0,0.5015625,0.00390625,512.0,6400000.0,0.5273919092465753
1.0,512.0,2.0,1.0,1.0,1.0,39.0,32.0,0,0.5015625,0.0078125,16384.0,6400000.0,0.5273919092465753
1.0,512.0,2.0,1.0,1.0,1.0,39.0,32.0,0,0.5015625,1024.0,0.015625,6400000.0,0.5273919092465753
512.0,512.0,2.0,19.0,2057.0,2038.0,67031.0,260544.0,0,0.9734375,0.0078125,4.0,6400000.0,0.9737860812133071
1.0,512.0,2.0,1.0,1.0,1.0,39.0,32.0,0,0.5015625,1024.0,16.0,6400000.0,0.5273919092465753
1.0,512.0,2.0,1.0,1.0,1.0,39.0,32.0,0,0.5015625,512.0,2.0,6400000.0,0.5273919092465753
512.0,512.0,1.0,5.0,1028.0,1024.0,33346.0,98304.0,0,0.940625,128.0,0.03125,6400000.0,0.9409246575342465
512.0,512.0,1.0,5.0,1028.0,1024.0,33346.0,98304.0,0,0.940625,128.0,32.0,6400000.0,0.9409246575342465
512.0,512.0,2.0,20.0,2059.0,2039.0,67075.0,260704.0,0,0.9765625,4.0,0.000976562,6400000.0,0.9741774706457924
512.0,512.0,1.0,10.0,1034.0,1024.0,33435.0,98304.0,0,0.94375,0.0078125,16.0,6400000.0,0.946401816291585
1.0,512.0,2.0,1.0,1.0,1.0,39.0,32.0,0,0.5015625,2048.0,0.125,6400000.0,0.5273919092465753
512.0,512.0,1.0,22.0,1046.0,1024.0,33568.0,98304.0,0,0.946875,0.0625,0.0078125,6400000.0,0.9483564701565559
1.0,512.0,1.0,1.0,1.0,1.0,35.0,32.0,0,0.5015625,0.0078125,32768.0,6400000.0,0.5273919092465753
512.0,512.0,1.0,15.0,1039.0,1024.0,33490.0,98304.0,0,0.9484375,4.0,0.00195312,6400000.0,0.9510931384540118
512.0,512.0,1.0,5.0,1028.0,1024.0,33346.0,98304.0,0,0.940625,256.0,0.25,6400000.0,0.9409246575342465
512.0,512.0,2.0,20.0,2058.0,2038.0,67042.0,260544.0,0,0.9765625,4.0,0.5,6400000.0,0.9749594850782779
512.0,512.0,1.0,22.0,1046.0,1024.0,33568.0,98304.0,0,0.946875,0.0,0.0078125,6400000.0,0.9483557057240706
1.0,512.0,2.0,1.0,1.0,1.0,39.0,32.0,0,0.5015625,2048.0,128.0,6400000.0,0.5273919092465753
1.0,512.0,1.0,1.0,1.0,1.0,35.0,32.0,0,0.5015625,256.0,256.0,6400000.0,0.5273919092465753
1.0,512.0,2.0,1.0,1.0,1.0,39.0,32.0,0,0.5015625,0.03125,512.0,6400000.0,0.5273919092465753
512.0,512.0,1.0,5.0,1028.0,1024.0,33346.0,98304.0,0,0.940625,0.015625,128.0,6400000.0,0.9409246575342465
1.0,512.0,2.0,1.0,1.0,1.0,39.0,32.0,0,0.5015625,1024.0,16384.0,6400000.0,0.5273919092465753
1.0,512.0,2.0,1.0,1.0,1.0,39.0,32.0,0,0.5015625,4.0,1024.0,6400000.0,0.5273919092465753
512.0,512.0,2.0,24.0,2064.0,2040.0,67152.0,260864.0,0,0.975,2.0,0.0625,6400000.0,0.9773070572407045
1.0,512.0,4.0,1.0,1.0,1.0,63.0,32.0,0,0.5015625,0.000976562,16384.0,6400000.0,0.5273919092465753
1.0,512.0,2.0,1.0,1.0,1.0,39.0,32.0,0,0.5015625,4096.0,0.000976562,6400000.0,0.5273919092465753
1.0,512.0,1.0,1.0,1.0,1.0,35.0,32.0,0,0.5015625,0.25,512.0,6400000.0,0.5273919092465753
1.0,512.0,2.0,1.0,1.0,1.0,39.0,32.0,0,0.5015625,4096.0,1024.0,6400000.0,0.5273919092465753
512.0,512.0,2.0,31.0,2057.0,2026.0,66767.0,258624.0,0,0.978125,0.00390625,0.5,6400000.0,0.9753539322407045
512.0,512.0,2.0,25.0,2062.0,2037.0,67064.0,260384.0,0,0.9765625,0.0625,2.0,6400000.0,0.9788726149706457
512.0,512.0,2.0,32.0,2065.0,2033.0,67009.0,259744.0,0,0.978125,0.000976562,0.0078125,6400000.0,0.97613594667319
1.0,512.0,2.0,1.0,1.0,1.0,39.0,32.0,0,0.5015625,4096.0,1.0,6400000.0,0.5273919092465753
512.0,512.0,2.0,32.0,2063.0,2031.0,66943.0,259424.0,0,0.9796875,0.00195312,0.0625,6400000.0,0.9773101149706459
1.0,512.0,2.0,1.0,1.0,1.0,39.0,32.0,0,0.5015625,1.0,32768.0,6400000.0,0.5273919092465753
512.0,512.0,1.0,9.0,1033.0,1024.0,33423.0,98304.0,0,0.94375,32.0,0.000976562,6400000.0,0.9401434075342465
1.0,512.0,1.0,1.0,1.0,1.0,35.0,32.0,0,0.5015625,0.00390625,4096.0,6400000.0,0.5273919092465753
512.0,512.0,1.0,7.0,1030.0,1024.0,33369.0,98304.0,0,0.940625,0.125,64.0,6400000.0,0.9409246575342465
512.0,512.0,1.0,22.0,1046.0,1024.0,33568.0,98304.0,0,0.946875,0.00390625,0.00390625,6400000.0,0.9483557057240706
512.0,512.0,4.0,11.0,4931.0,4929.0,162267.0,723104.0,0,0.96875,0.00195312,32.0,6400000.0,0.965575311888454
512.0,512.0,2.0,32.0,2065.0,2033.0,67009.0,259744.0,0,0.978125,0.0078125,0.00390625,6400000.0,0.9753531678082192
1.0,512.0,2.0,1.0,1.0,1.0,39.0,32.0,0,0.5015625,8192.0,0.0078125,6400000.0,0.5273919092465753
1.0,512.0,2.0,1.0,1.0,1.0,39.0,32.0,0,0.5015625,0.0,4096.0,6400000.0,0.5273919092465753
1.0,512.0,2.0,1.0,1.0,1.0,39.0,32.0,0,0.5015625,16384.0,0.0625,6400000.0,0.5273919092465753
512.0,512.0,2.0,31.0,2056.0,2025.0,66734.0,258464.0,0,0.978125,0.03125,0.25,6400000.0,0.9769187255381606
1.0,512.0,2.0,1.0,1.0,1.0,39.0,32.0,0,0.5015625,8192.0,8.0,6400000.0,0.5273919092465753
512.0,512.0,2.0,26.0,2065.0,2039.0,67141.0,260704.0,0,0.971875,0.5,1.0,6400000.0,0.9769187255381606
1.0,512.0,2.0,1.0,1.0,1.0,39.0,32.0,0,0.5015625,8192.0,8192.0,6400000.0,0.5273919092465753
512.0,512.0,2.0,29.0,2060.0,2031.0,66910.0,259424.0,0,0.9765625,1.0,0.0078125,6400000.0,0.9753546966731899
1.0,512.0,4.0,1.0,1.0,1.0,63.0,32.0,0,0.5015625,0.0,2048.0,6400000.0,0.5273919092465753
512.0,512.0,2.0,32.0,2059.0,2027.0,66811.0,258784.0,0,0.978125,0.015625,0.03125,6400000.0,0.9769187255381606
512.0,512.0,1.0,5.0,1028.0,1024.0,33346.0,98304.0,0,0.940625,256.0,0.0,6400000.0,0.9409246575342465
1.0,512.0,2.0,1.0,1.0,1.0,39.0,32.0,0,0.5015625,0.0625,8192.0,6400000.0,0.5273919092465753
512.0,512.0,1.0,20.0,1044.0,1024.0,33546.0,98304.0,0,0.9484375,0.03125,1.0,6400000.0,0.9503118884540118
512.0,512.0,2.0,32.0,2062.0,2030.0,66910.0,259264.0,0,0.978125,0.125,0.015625,6400000.0,0.97613594667319
1.0,512.0,1.0,1.0,1.0,1.0,35.0,32.0,0,0.5015625,0.0625,16384.0,6400000.0,0.5273919092465753
1.0,512.0,2.0,1.0,1.0,1.0,39.0,32.0,0,0.5015625,16384.0,64.0,6400000.0,0.5273919092465753
512.0,512.0,2.0,31.0,2057.0,2026.0,66767.0,258624.0,0,0.9796875,0.25,0.125,6400000.0,0.9765281005381606
1.0,512.0,1.0,1.0,1.0,1.0,35.0,32.0,0,0.5015625,4.0,2048.0,6400000.0,0.5273919092465753
512.0,512.0,1.0,22.0,1046.0,1024.0,33568.0,98304.0,0,0.946875,0.015625,0.125,6400000.0,0.9491392490215265
1.0,512.0,4.0,1.0,1.0,1.0,63.0,32.0,0,0.5015625,0.0078125,8192.0,6400000.0,0.5273919092465753
512.0,512.0,1.0,13.0,1037.0,1024.0,33468.0,98304.0,0,0.946875,0.0625,8.0,6400000.0,0.9464010518590997
1.0,512.0,2.0,1.0,1.0,1.0,39.0,32.0,0,0.5015625,8.0,16384.0,6400000.0,0.5273919092465753
512.0,512.0,2.0,32.0,2058.0,2026.0,66778.0,258624.0,0,0.978125,0.0,0.00195312,6400000.0,0.9765273361056753
1.0,512.0,1.0,1.0,1.0,1.0,35.0,32.0,0,0.5015625,1024.0,32768.0,6400000.0,0.5273919092465753
512.0,512.0,1.0,22.0,1046.0,1024.0,33568.0,98304.0,0,0.946875,0.25,0.000976562,6400000.0,0.9491392490215265
1.0,512.0,1.0,1.0,1.0,1.0,35.0,32.0,0,0.5015625,512.0,4096.0,6400000.0,0.5273919092465753
512.0,512.0,2.0,31.0,2057.0,2026.0,66767.0,258624.0,0,0.98125,0.25,0.0,6400000.0,0.9757445572407043
1.0,512.0,1.0,1.0,1.0,1.0,35.0,32.0,0,0.5015625,0.00195312,512.0,6400000.0,0.5273919092465753
1.0,512.0,1.0,1.0,1.0,1.0,35.0,32.0,0,0.5015625,1024.0,32.0,6400000.0,0.5273919092465753
1.0,512.0,1.0,1.0,1.0,1.0,35.0,32.0,0,0.5015625,1024.0,0.03125,6400000.0,0.5273919092465753
512.0,512.0,1.0,22.0,1046.0,1024.0,33568.0,98304.0,0,0.946875,0.03125,0.00195312,6400000.0,0.9479650807240706
1.0,512.0,1.0,1.0,1.0,1.0,35.0,32.0,0,0.5015625,512.0,0.00390625,6400000.0,0.5273919092465753
1.0,512.0,2.0,1.0,1.0,1.0,39.0,32.0,0,0.5015625,32768.0,0.0,6400000.0,0.5273919092465753
512.0,512.0,1.0,20.0,1044.0,1024.0,33546.0,98304.0,0,0.946875,0.25,0.5,6400000.0,0.9503126528864971
1.0,512.0,1.0,1.0,1.0,1.0,35.0,32.0,0,0.5015625,64.0,8192.0,6400000.0,0.5273919092465753
512.0,512.0,2.0,6.0,1842.0,1837.0,60217.0,228384.0,0,0.940625,0.00195312,128.0,6400000.0,0.9409246575342465
1.0,512.0,1.0,1.0,1.0,1.0,35.0,32.0,0,0.5015625,4096.0,2048.0,6400000.0,0.5273919092465753
512.0,512.0,1.0,22.0,1046.0,1024.0,33568.0,98304.0,0,0.946875,0.125,0.0625,6400000.0,0.9491392490215265
1.0,512.0,1.0,1.0,1.0,1.0,35.0,32.0,0,0.5015625,4096.0,0.00195312,6400000.0,0.5273919092465753
1.0,512.0,1.0,1.0,1.0,1.0,35.0,32.0,0,0.5015625,2048.0,0.25,6400000.0,0.5273919092465753
512.0,512.0,2.0,5.0,1345.0,1608.0,44102.0,191744.0,0,0.940625,0.25,256.0,6400000.0,0.9409246575342465
512.0,512.0,1.0,17.0,1041.0,1024.0,33512.0,98304.0,0,0.9453125,2.0,0.0,6400000.0,0.9510931384540118
1.0,512.0,1.0,1.0,1.0,1.0,35.0,32.0,0,0.5015625,2048.0,256.0,6400000.0,0.5273919092465753
1.0,512.0,2.0,1.0,1.0,1.0,39.0,32.0,0,0.5015625,32768.0,0.5,6400000.0,0.5273919092465753
1.0,512.0,2.0,1.0,1.0,1.0,39.0,32.0,0,0.5015625,32.0,512.0,6400000.0,0.5273919092465753
1.0,512.0,2.0,1.0,1.0,1.0,39.0,32.0,0,0.5015625,32768.0,512.0,6400000.0,0.5273919092465753
512.0,512.0,1.0,22.0,1046.0,1024.0,33568.0,98304.0,0,0.946875,0.00195312,0.000976562,6400000.0,0.9483557057240706
1.0,512.0,1.0,1.0,1.0,1.0,35.0,32.0,0,0.5015625,8192.0,16.0,6400000.0,0.5273919092465753
1.0,512.0,1.0,1.0,1.0,1.0,35.0,32.0,0,0.5015625,4096.0,2.0,6400000.0,0.5273919092465753
1.0,512.0,1.0,1.0,1.0,1.0,35.0,32.0,0,0.5015625,8192.0,16384.0,6400000.0,0.5273919092465753
1.0,512.0,1.0,1.0,1.0,1.0,35.0,32.0,0,0.5015625,512.0,4.0,6400000.0,0.5273919092465753
512.0,512.0,1.0,15.0,1039.0,1024.0,33490.0,98304.0,0,0.9484375,0.5,4.0,6400000.0,0.9503103595890412
1.0,512.0,1.0,1.0,1.0,1.0,35.0,32.0,0,0.5015625,0.0,16384.0,6400000.0,0.5273919092465753
1.0,512.0,1.0,1.0,1.0,1.0,35.0,32.0,0,0.5015625,8192.0,0.015625,6400000.0,0.5273919092465753
512.0,512.0,1.0,9.0,1032.0,1024.0,33422.0,98304.0,0,0.9453125,1.0,32.0,6400000.0,0.9401434075342465
1.0,512.0,1.0,1.0,1.0,1.0,35.0,32.0,0,0.5015625,16384.0,0.125,6400000.0,0.5273919092465753
1.0,512.0,2.0,1.0,1.0,1.0,39.0,32.0,0,0.5015625,0.5,4096.0,6400000.0,0.5273919092465753
1.0,512.0,1.0,1.0,1.0,1.0,35.0,32.0,0,0.5015625,32768.0,0.000976562,6400000.0,0.5273919092465753
512.0,512.0,2.0,6.0,1842.0,1837.0,60217.0,228384.0,0,0.940625,128.0,0.03125,6400000.0,0.9409246575342465
512.0,512.0,1.0,5.0,1028.0,1024.0,33346.0,98304.0,0,0.940625,2.0,256.0,6400000.0,0.9409246575342465
512.0,512.0,1.0,13.0,1037.0,1024.0,33468.0,98304.0,0,0.946875,0.0,8.0,6400000.0,0.9475752201565559
1.0,512.0,1.0,1.0,1.0,1.0,35.0,32.0,0,0.5015625,16384.0,128.0,6400000.0,0.5273919092465753
512.0,512.0,4.0,32.0,6211.0,6199.0,204071.0,926304.0,0,0.9921875,0.03125,0.0625,6400000.0,0.9804389371330725
512.0,512.0,2.0,5.0,1350.0,1608.0,44262.0,191744.0,0,0.940625,128.0,32.0,6400000.0,0.9409246575342465
512.0,512.0,1.0,20.0,1044.0,1024.0,33546.0,98304.0,0,0.9484375,1.0,0.03125,6400000.0,0.9491400134540118
1.0,512.0,1.0,1.0,1.0,1.0,35.0,32.0,0,0.5015625,32.0,1024.0,6400000.0,0.5273919092465753
512.0,512.0,1.0,7.0,1030.0,1024.0,33369.0,98304.0,0,0.940625,0.000976562,64.0,6400000.0,0.9409246575342465
1.0,512.0,1.0,1.0,1.0,1.0,35.0,32.0,0,0.5015625,32768.0,1.0,6400000.0,0.5273919092465753
1.0,512.0,1.0,1.0,1.0,1.0,35.0,32.0,0,0.5015625,0.5,8192.0,6400000.0,0.5273919092465753
512.0,512.0,1.0,13.0,1037.0,1024.0,33468.0,98304.0,0,0.946875,8.0,0.015625,6400000.0,0.9475752201565559
1.0,512.0,2.0,1.0,1.0,1.0,39.0,32.0,0,0.5015625,256.0,256.0,6400000.0,0.5273919092465753
512.0,512.0,2.0,5.0,1345.0,1608.0,44102.0,191744.0,0,0.940625,256.0,0.25,6400000.0,0.9409246575342465
512.0,512.0,1.0,7.0,1030.0,1024.0,33369.0,98304.0,0,0.940625,64.0,0.0078125,6400000.0,0.9409246575342465
1.0,512.0,1.0,1.0,1.0,1.0,35.0,32.0,0,0.5015625,32768.0,1024.0,6400000.0,0.5273919092465753
512.0,512.0,1.0,17.0,1041.0,1024.0,33512.0,98304.0,0,0.9453125,2.0,0.25,6400000.0,0.9507017490215265
512.0,512.0,2.0,31.0,2057.0,2026.0,66767.0,258624.0,0,0.978125,0.5,0.00195312,6400000.0,0.9765273361056751
1.0,512.0,2.0,1.0,1.0,1.0,39.0,32.0,0,0.5015625,0.00390625,2048.0,6400000.0,0.5273919092465753
512.0,512.0,4.0,33.0,6289.0,6277.0,206624.0,938784.0,0,0.990625,0.00390625,0.0,6400000.0,0.9800475477005872
512.0,512.0,2.0,8.0,2034.0,2026.0,66508.0,258624.0,0,0.959375,64.0,0.00390625,6400000.0,0.9518782106164382
512.0,512.0,2.0,6.0,1872.0,1868.0,61208.0,233344.0,0,0.940625,2.0,128.0,6400000.0,0.9409246575342465
512.0,512.0,2.0,5.0,1345.0,1608.0,44102.0,191744.0,0,0.940625,256.0,0.0,6400000.0,0.9409246575342465
512.0,512.0,2.0,8.0,1998.0,1991.0,65321.0,253024.0,0,0.94375,0.015625,64.0,6400000.0,0.9377981286692758
512.0,512.0,1.0,22.0,1046.0,1024.0,33568.0,98304.0,0,0.946875,0.000976562,0.0625,6400000.0,0.9483564701565559
1.0,512.0,2.0,1.0,1.0,1.0,39.0,32.0,0,0.5015625,64.0,8192.0,6400000.0,0.5273919092465753
1.0,512.0,2.0,1.0,1.0,1.0,39.0,32.0,0,0.5015625,512.0,0.00390625,6400000.0,0.5273919092465753
512.0,512.0,1.0,10.0,1034.0,1024.0,33435.0,98304.0,0,0.94375,16.0,0.125,6400000.0,0.9452276479941292
1.0,512.0,1.0,1.0,1.0,1.0,35.0,32.0,0,0.5015625,0.03125,2048.0,6400000.0,0.5273919092465753
512.0,512.0,1.0,15.0,1039.0,1024.0,33490.0,98304.0,0,0.946875,4.0,2.0,6400000.0,0.9495283451565559
512.0,512.0,1.0,9.0,1033.0,1024.0,33423.0,98304.0,0,0.94375,8.0,16.0,6400000.0,0.9471845951565557
1.0,512.0,1.0,1.0,1.0,1.0,35.0,32.0,0,0.5015625,8.0,32768.0,6400000.0,0.5273919092465753
1.0,512.0,2.0,1.0,1.0,1.0,39.0,32.0,0,0.5015625,512.0,4096.0,6400000.0,0.5273919092465753
512.0,512.0,4.0,8.0,3850.0,4097.0,126875.0,589984.0,0,0.95,0.03125,64.0,6400000.0,0.9393636863992171
512.0,512.0,1.0,20.0,1044.0,1024.0,33546.0,98304.0,0,0.946875,0.00195312,0.5,6400000.0,0.9495298740215266
1.0,512.0,4.0,1.0,1.0,1.0,63.0,32.0,0,0.5015625,0.0625,512.0,6400000.0,0.5273919092465753
1.0,512.0,2.0,1.0,1.0,1.0,39.0,32.0,0,0.5015625,0.0078125,32768.0,6400000.0,0.5273919092465753
512.0,512.0,4.0,13.0,5365.0,5364.0,176548.0,792704.0,0,0.9703125,0.015625,16.0,6400000.0,0.9690985812133072
1.0,512.0,4.0,1.0,1.0,1.0,63.0,32.0,0,0.5015625,0.00390625,1024.0,6400000.0,0.5273919092465753
1.0,512.0,2.0,1.0,1.0,1.0,39.0,32.0,0,0.5015625,1024.0,0.03125,6400000.0,0.5273919092465753
1.0,512.0,2.0,1.0,1.0,1.0,39.0,32.0,0,0.5015625,1024.0,32.0,6400000.0,0.5273919092465753
512.0,512.0,2.0,9.0,2046.0,2037.0,66882.0,260384.0,0,0.9625,32.0,0.000976562,6400000.0,0.9640112830234834
512.0,512.0,2.0,32.0,2060.0,2028.0,66844.0,258944.0,0,0.978125,0.03125,0.000976562,6400000.0,0.9773093505381605
512.0,512.0,1.0,5.0,1028.0,1024.0,33346.0,98304.0,0,0.940625,16.0,128.0,6400000.0,0.9409246575342465
1.0,512.0,2.0,1.0,1.0,1.0,39.0,32.0,0,0.5015625,512.0,4.0,6400000.0,0.5273919092465753
512.0,512.0,1.0,22.0,1046.0,1024.0,33568.0,98304.0,0,0.946875,0.0078125,0.03125,6400000.0,0.9479650807240706
512.0,512.0,1.0,6.0,1029.0,1024.0,33358.0,98304.0,0,0.940625,64.0,8.0,6400000.0,0.9409246575342465
512.0,512.0,2.0,8.0,1978.0,1971.0,64661.0,249824.0,0,0.94375,16.0,64.0,6400000.0,0.9385763209393344
1.0,512.0,2.0,1.0,1.0,1.0,39.0,32.0,0,0.5015625,2048.0,0.25,6400000.0,0.5273919092465753
512.0,512.0,2.0,14.0,2049.0,2035.0,66874.0,260064.0,0,0.965625,16.0,0.0625,6400000.0,0.9636198935909981
512.0,512.0,2.0,14.0,2046.0,2032.0,66775.0,259584.0,0,0.965625,0.000976562,16.0,6400000.0,0.9636198935909981
1.0,512.0,2.0,1.0,1.0,1.0,39.0,32.0,0,0.5015625,2048.0,256.0,6400000.0,0.5273919092465753
1.0,512.0,1.0,1.0,1.0,1.0,35.0,32.0,0,0.5015625,256.0,512.0,6400000.0,0.5273919092465753
1.0,512.0,2.0,1.0,1.0,1.0,39.0,32.0,0,0.5015625,1024.0,32768.0,6400000.0,0.5273919092465753
512.0,512.0,1.0,15.0,1039.0,1024.0,33490.0,98304.0,0,0.9484375,0.00390625,4.0,6400000.0,0.9507017490215265
512.0,512.0,1.0,9.0,1033.0,1024.0,33423.0,98304.0,0,0.94375,32.0,1.0,6400000.0,0.9401434075342465
1.0,512.0,2.0,1.0,1.0,1.0,39.0,32.0,0,0.5015625,4.0,2048.0,6400000.0,0.5273919092465753
512.0,512.0,2.0,9.0,2046.0,2037.0,66882.0,260384.0,0,0.9625,32.0,0.5,6400000.0,0.9640112830234834
1.0,512.0,2.0,1.0,1.0,1.0,39.0,32.0,0,0.5015625,0.03125,1024.0,6400000.0,0.5273919092465753
1.0,512.0,2.0,1.0,1.0,1.0,39.0,32.0,0,0.5015625,4096.0,2048.0,6400000.0,0.5273919092465753
1.0,512.0,4.0,1.0,1.0,1.0,63.0,32.0,0,0.5015625,0.000976562,32768.0,6400000.0,0.5273919092465753
512.0,512.0,1.0,5.0,1028.0,1024.0,33346.0,98304.0,0,0.940625,128.0,0.0625,6400000.0,0.9409246575342465
1.0,512.0,2.0,1.0,1.0,1.0,39.0,32.0,0,0.5015625,4096.0,0.00195312,6400000.0,0.5273919092465753
1.0,512.0,1.0,1.0,1.0,1.0,35.0,32.0,0,0.5015625,0.25,1024.0,6400000.0,0.5273919092465753
512.0,512.0,2.0,9.0,2041.0,2032.0,66717.0,259584.0,0,0.9625,0.125,32.0,6400000.0,0.9620543358610567
512.0,512.0,1.0,20.0,1044.0,1024.0,33546.0,98304.0,0,0.946875,0.5,0.0078125,6400000.0,0.9495298740215266
512.0,512.0,1.0,5.0,1028.0,1024.0,33346.0,98304.0,0,0.940625,128.0,64.0,6400000.0,0.9409246575342465
512.0,512.0,2.0,8.0,2032.0,2024.0,66442.0,258304.0,0,0.959375,64.0,4.0,6400000.0,0.9444532778864969
1.0,512.0,2.0,1.0,1.0,1.0,39.0,32.0,0,0.5015625,4096.0,2.0,6400000.0,0.5273919092465753
512.0,512.0,1.0,22.0,1046.0,1024.0,33568.0,98304.0,0,0.946875,0.015625,0.0,6400000.0,0.9483557057240706
512.0,512.0,1.0,9.0,1032.0,1024.0,33422.0,98304.0,0,0.9453125,0.0078125,32.0,6400000.0,0.9401434075342465
1.0,512.0,1.0,1.0,1.0,1.0,35.0,32.0,0,0.5015625,0.00390625,8192.0,6400000.0,0.5273919092465753
512.0,512.0,2.0,13.0,2045.0,2032.0,66764.0,259584.0,0,0.9609375,8.0,8.0,6400000.0,0.9640112830234834
512.0,512.0,1.0,5.0,1028.0,1024.0,33346.0,98304.0,0,0.940625,256.0,0.5,6400000.0,0.9409246575342465
512.0,512.0,1.0,5.0,1028.0,1024.0,33346.0,98304.0,0,0.940625,0.015625,256.0,6400000.0,0.9409246575342465
1.0,512.0,2.0,1.0,1.0,1.0,39.0,32.0,0,0.5015625,0.0,8192.0,6400000.0,0.5273919092465753
512.0,512.0,1.0,22.0,1046.0,1024.0,33568.0,98304.0,0,0.946875,0.0625,0.015625,6400000.0,0.9483564701565559
1.0,512.0,2.0,1.0,1.0,1.0,39.0,32.0,0,0.5015625,8192.0,0.015625,6400000.0,0.5273919092465753
512.0,512.0,2.0,32.0,2058.0,2026.0,66778.0,258624.0,0,0.978125,0.00195312,0.0,6400000.0,0.9765273361056753
512.0,512.0,1.0,22.0,1046.0,1024.0,33568.0,98304.0,0,0.946875,0.0,0.015625,6400000.0,0.9483557057240706
1.0,512.0,2.0,1.0,1.0,1.0,39.0,32.0,0,0.5015625,16384.0,0.125,6400000.0,0.5273919092465753
512.0,512.0,2.0,32.0,2063.0,2031.0,66943.0,259424.0,0,0.9796875,0.0625,0.00390625,6400000.0,0.9769187255381606
512.0,512.0,1.0,15.0,1039.0,1024.0,33490.0,98304.0,0,0.9484375,4.0,0.00390625,6400000.0,0.9510931384540118
1.0,512.0,4.0,1.0,1.0,1.0,63.0,32.0,0,0.5015625,0.0,4096.0,6400000.0,0.5273919092465753
1.0,512.0,2.0,1.0,1.0,1.0,39.0,32.0,0,0.5015625,8192.0,16.0,6400000.0,0.5273919092465753
512.0,512.0,2.0,13.0,2045.0,2032.0,66764.0,259584.0,0,0.9625,1.0,16.0,6400000.0,0.964401143590998
1.0,512.0,2.0,1.0,1.0,1.0,39.0,32.0,0,0.5015625,8192.0,16384.0,6400000.0,0.5273919092465753
1.0,512.0,1.0,1.0,1.0,1.0,35.0,32.0,0,0.5015625,0.0625,32768.0,6400000.0,0.5273919092465753
1.0,512.0,2.0,1.0,1.0,1.0,39.0,32.0,0,0.5015625,0.0625,16384.0,6400000.0,0.5273919092465753
1.0,512.0,2.0,1.0,1.0,1.0,39.0,32.0,0,0.5015625,16384.0,128.0,6400000.0,0.5273919092465753
512.0,512.0,1.0,5.0,1028.0,1024.0,33346.0,98304.0,0,0.940625,0.125,128.0,6400000.0,0.9409246575342465
1.0,512.0,4.0,1.0,1.0,1.0,63.0,32.0,0,0.5015625,0.0078125,16384.0,6400000.0,0.5273919092465753
1.0,512.0,1.0,1.0,1.0,1.0,35.0,32.0,0,0.5015625,4.0,4096.0,6400000.0,0.5273919092465753
1.0,512.0,2.0,1.0,1.0,1.0,39.0,32.0,0,0.5015625,8.0,32768.0,6400000.0,0.5273919092465753
1.0,512.0,1.0,1.0,1.0,1.0,35.0,32.0,0,0.5015625,2048.0,0.0,6400000.0,0.5273919092465753
512.0,512.0,1.0,9.0,1033.0,1024.0,33423.0,98304.0,0,0.94375,32.0,0.00195312,6400000.0,0.9401434075342465
512.0,512.0,2.0,17.0,2055.0,2038.0,67006.0,260544.0,0,0.965625,8.0,0.0078125,6400000.0,0.9698775379158512
1.0,512.0,1.0,1.0,1.0,1.0,35.0,32.0,0,0.5015625,512.0,8192.0,6400000.0,0.5273919092465753
1.0,512.0,1.0,1.0,1.0,1.0,35.0,32.0,0,0.5015625,0.00195312,1024.0,6400000.0,0.5273919092465753
512.0,512.0,1.0,22.0,1046.0,1024.0,33568.0,98304.0,0,0.946875,0.00390625,0.0078125,6400000.0,0.9483557057240706
1.0,512.0,1.0,1.0,1.0,1.0,35.0,32.0,0,0.5015625,1024.0,0.0625,6400000.0,0.5273919092465753
1.0,512.0,1.0,1.0,1.0,1.0,35.0,32.0,0,0.5015625,512.0,0.0078125,6400000.0,0.5273919092465753
1.0,512.0,1.0,1.0,1.0,1.0,35.0,32.0,0,0.5015625,1024.0,64.0,6400000.0,0.5273919092465753
512.0,512.0,1.0,5.0,1028.0,1024.0,33346.0,98304.0,0,0.940625,256.0,0.000976562,6400000.0,0.9409246575342465
512.0,512.0,4.0,26.0,6279.0,6267.0,206441.0,937184.0,0,0.990625,0.000976562,4.0,6400000.0,0.9776984466731898
1.0,512.0,1.0,1.0,1.0,1.0,35.0,32.0,0,0.5015625,64.0,16384.0,6400000.0,0.5273919092465753
512.0,512.0,2.0,18.0,2058.0,2040.0,67086.0,260864.0,0,0.971875,0.0078125,8.0,6400000.0,0.9714430956457925
512.0,512.0,2.0,25.0,2060.0,2035.0,66998.0,260064.0,0,0.9734375,0.0,2.0,6400000.0,0.9788741438356163
1.0,512.0,2.0,1.0,1.0,1.0,39.0,32.0,0,0.5015625,32768.0,0.000976562,6400000.0,0.5273919092465753
1.0,512.0,1.0,1.0,1.0,1.0,35.0,32.0,0,0.5015625,4096.0,0.00390625,6400000.0,0.5273919092465753
1.0,512.0,1.0,1.0,1.0,1.0,35.0,32.0,0,0.5015625,4096.0,4096.0,6400000.0,0.5273919092465753
1.0,512.0,1.0,1.0,1.0,1.0,35.0,32.0,0,0.5015625,2048.0,0.5,6400000.0,0.5273919092465753
1.0,512.0,1.0,1.0,1.0,1.0,35.0,32.0,0,0.5015625,2048.0,512.0,6400000.0,0.5273919092465753
512.0,512.0,2.0,20.0,2059.0,2039.0,67075.0,260704.0,0,0.9765625,4.0,0.00195312,6400000.0,0.9745688600782779
512.0,512.0,1.0,17.0,1041.0,1024.0,33512.0,98304.0,0,0.9453125,0.03125,2.0,6400000.0,0.9507017490215265
1.0,512.0,2.0,1.0,1.0,1.0,39.0,32.0,0,0.5015625,32768.0,1.0,6400000.0,0.5273919092465753
512.0,512.0,2.0,20.0,2059.0,2039.0,67075.0,260704.0,0,0.9765625,4.0,1.0,6400000.0,0.9741782350782777
1.0,512.0,2.0,1.0,1.0,1.0,39.0,32.0,0,0.5015625,32.0,1024.0,6400000.0,0.5273919092465753
1.0,512.0,1.0,1.0,1.0,1.0,35.0,32.0,0,0.5015625,8192.0,32768.0,6400000.0,0.5273919092465753
512.0,512.0,2.0,24.0,2066.0,2042.0,67218.0,261184.0,0,0.9734375,2.0,0.0,6400000.0,0.97691719667319
1.0,512.0,1.0,1.0,1.0,1.0,35.0,32.0,0,0.5015625,4096.0,4.0,6400000.0,0.5273919092465753
1.0,512.0,2.0,1.0,1.0,1.0,39.0,32.0,0,0.5015625,32768.0,1024.0,6400000.0,0.5273919092465753
512.0,512.0,1.0,22.0,1046.0,1024.0,33568.0,98304.0,0,0.946875,0.015625,0.25,6400000.0,0.9495298740215266
512.0,512.0,1.0,10.0,1034.0,1024.0,33435.0,98304.0,0,0.94375,0.0625,16.0,6400000.0,0.946401816291585
1.0,512.0,1.0,1.0,1.0,1.0,35.0,32.0,0,0.5015625,8192.0,32.0,6400000.0,0.5273919092465753
1.0,512.0,1.0,1.0,1.0,1.0,35.0,32.0,0,0.5015625,512.0,8.0,6400000.0,0.5273919092465753
1.0,512.0,1.0,1.0,1.0,1.0,35.0,32.0,0,0.5015625,0.0,32768.0,6400000.0,0.5273919092465753
1.0,512.0,1.0,1.0,1.0,1.0,35.0,32.0,0,0.5015625,8192.0,0.03125,6400000.0,0.5273919092465753
512.0,512.0,2.0,32.0,2065.0,2033.0,67009.0,259744.0,0,0.978125,0.00390625,0.00195312,6400000.0,0.9765273361056753
1.0,512.0,1.0,1.0,1.0,1.0,35.0,32.0,0,0.5015625,16384.0,0.25,6400000.0,0.5273919092465753
1.0,512.0,2.0,1.0,1.0,1.0,39.0,32.0,0,0.5015625,0.5,8192.0,6400000.0,0.5273919092465753
1.0,512.0,1.0,1.0,1.0,1.0,35.0,32.0,0,0.5015625,32768.0,0.00195312,6400000.0,0.5273919092465753
512.0,512.0,1.0,22.0,1046.0,1024.0,33568.0,98304.0,0,0.946875,0.25,0.00195312,6400000.0,0.9491392490215265
1.0,512.0,2.0,1.0,1.0,1.0,39.0,32.0,0,0.5015625,0.25,512.0,6400000.0,0.5273919092465753
512.0,512.0,1.0,22.0,1046.0,1024.0,33568.0,98304.0,0,0.946875,0.03125,0.00390625,6400000.0,0.9479650807240706
1.0,512.0,1.0,1.0,1.0,1.0,35.0,32.0,0,0.5015625,32.0,2048.0,6400000.0,0.5273919092465753
1.0,512.0,1.0,1.0,1.0,1.0,35.0,32.0,0,0.5015625,16384.0,256.0,6400000.0,0.5273919092465753
512.0,512.0,2.0,19.0,2057.0,2038.0,67031.0,260544.0,0,0.971875,0.0625,4.0,6400000.0,0.9741774706457926
512.0,512.0,2.0,24.0,2063.0,2039.0,67119.0,260704.0,0,0.9734375,2.0,0.125,6400000.0,0.9765265716731898
1.0,512.0,1.0,1.0,1.0,1.0,35.0,32.0,0,0.5015625,32768.0,2.0,6400000.0,0.5273919092465753
1.0,512.0,1.0,1.0,1.0,1.0,35.0,32.0,0,0.5015625,0.5,16384.0,6400000.0,0.5273919092465753
512.0,512.0,1.0,20.0,1044.0,1024.0,33546.0,98304.0,0,0.9484375,0.25,1.0,6400000.0,0.9510939028864971
1.0,512.0,2.0,1.0,1.0,1.0,39.0,32.0,0,0.5015625,256.0,512.0,6400000.0,0.5273919092465753
512.0,512.0,1.0,17.0,1041.0,1024.0,33512.0,98304.0,0,0.9453125,2.0,0.000976562,6400000.0,0.9510931384540118
1.0,512.0,1.0,1.0,1.0,1.0,35.0,32.0,0,0.5015625,2.0,512.0,6400000.0,0.5273919092465753
512.0,512.0,1.0,22.0,1046.0,1024.0,33568.0,98304.0,0,0.946875,0.125,0.125,6400000.0,0.9495298740215266
512.0,512.0,2.0,5.0,1345.0,1608.0,44102.0,191744.0,0,0.940625,0.00195312,256.0,6400000.0,0.9409246575342465
1.0,512.0,1.0,1.0,1.0,1.0,35.0,32.0,0,0.5015625,32768.0,2048.0,6400000.0,0.5273919092465753
512.0,512.0,1.0,7.0,1030.0,1024.0,33369.0,98304.0,0,0.940625,1.0,64.0,6400000.0,0.9409246575342465
512.0,512.0,4.0,32.0,6292.0,6279.0,206743.0,939104.0,0,0.990625,0.0,0.5,6400000.0,0.9808303265655578
512.0,512.0,2.0,30.0,2054.0,2024.0,66690.0,258304.0,0,0.9765625,0.00390625,1.0,6400000.0,0.9757468505381605
512.0,512.0,1.0,13.0,1037.0,1024.0,33468.0,98304.0,0,0.946875,0.5,8.0,6400000.0,0.9464010518590997
1.0,512.0,2.0,1.0,1.0,1.0,39.0,32.0,0,0.5015625,0.00390625,4096.0,6400000.0,0.5273919092465753
512.0,512.0,1.0,5.0,1028.0,1024.0,33346.0,98304.0,0,0.940625,0.000976562,128.0,6400000.0,0.9409246575342465
512.0,512.0,1.0,22.0,1046.0,1024.0,33568.0,98304.0,0,0.946875,0.00195312,0.00195312,6400000.0,0.9483557057240706
512.0,512.0,2.0,32.0,2065.0,2033.0,67009.0,259744.0,0,0.978125,0.000976562,0.015625,6400000.0,0.9753531678082192
512.0,512.0,2.0,6.0,1842.0,1837.0,60217.0,228384.0,0,0.940625,128.0,0.0625,6400000.0,0.9409246575342465
512.0,512.0,1.0,10.0,1034.0,1024.0,33435.0,98304.0,0,0.94375,0.0,16.0,6400000.0,0.946401816291585
512.0,512.0,2.0,32.0,2062.0,2030.0,66910.0,259264.0,0,0.978125,0.00195312,0.125,6400000.0,0.9757453216731898
512.0,512.0,2.0,5.0,1338.0,1607.0,43877.0,191584.0,0,0.940625,128.0,64.0,6400000.0,0.9409246575342465
1.0,512.0,2.0,1.0,1.0,1.0,39.0,32.0,0,0.5015625,512.0,0.0078125,6400000.0,0.5273919092465753
1.0,512.0,2.0,1.0,1.0,1.0,39.0,32.0,0,0.5015625,64.0,16384.0,6400000.0,0.5273919092465753
512.0,512.0,2.0,23.0,2061.0,2038.0,67075.0,260544.0,0,0.975,0.5,2.0,6400000.0,0.9769171966731898
512.0,512.0,1.0,13.0,1037.0,1024.0,33468.0,98304.0,0,0.946875,8.0,0.03125,6400000.0,0.9467924412915852
1.0,512.0,1.0,1.0,1.0,1.0,35.0,32.0,0,0.5015625,0.03125,4096.0,6400000.0,0.5273919092465753
512.0,512.0,1.0,20.0,1044.0,1024.0,33546.0,98304.0,0,0.9484375,1.0,0.0625,6400000.0,0.9491400134540118
512.0,512.0,1.0,7.0,1030.0,1024.0,33369.0,98304.0,0,0.940625,64.0,0.015625,6400000.0,0.9409246575342465
1.0,512.0,2.0,1.0,1.0,1.0,39.0,32.0,0,0.5015625,512.0,8192.0,6400000.0,0.5273919092465753
512.0,512.0,2.0,29.0,2065.0,2036.0,67075.0,260224.0,0,0.9734375,1.0,0.015625,6400000.0,0.9757453216731898
512.0,512.0,2.0,32.0,2065.0,2033.0,67009.0,259744.0,0,0.978125,0.0078125,0.0078125,6400000.0,0.9757445572407045
512.0,512.0,1.0,17.0,1041.0,1024.0,33512.0,98304.0,0,0.9453125,2.0,0.5,6400000.0,0.9514845278864972
512.0,512.0,2.0,31.0,2063.0,2032.0,66965.0,259584.0,0,0.978125,0.03125,0.5,6400000.0,0.9773085861056753
512.0,512.0,2.0,5.0,1345.0,1608.0,44102.0,191744.0,0,0.940625,256.0,0.5,6400000.0,0.9409246575342465
1.0,512.0,4.0,1.0,1.0,1.0,63.0,32.0,0,0.5015625,0.0625,1024.0,6400000.0,0.5273919092465753
1.0,512.0,4.0,1.0,1.0,1.0,63.0,32.0,0,0.5015625,0.00390625,2048.0,6400000.0,0.5273919092465753
512.0,512.0,2.0,32.0,2064.0,2032.0,66976.0,259584.0,0,0.975,0.015625,0.0625,6400000.0,0.9773093505381606
512.0,512.0,4.0,27.0,6218.0,6205.0,204406.0,927264.0,0,0.990625,0.0078125,2.0,6400000.0,0.9784819899706457
1.0,512.0,2.0,1.0,1.0,1.0,39.0,32.0,0,0.5015625,1024.0,0.0625,6400000.0,0.5273919092465753
512.0,512.0,2.0,32.0,2062.0,2030.0,66910.0,259264.0,0,0.978125,0.125,0.03125,6400000.0,0.97613594667319
512.0,512.0,2.0,31.0,2057.0,2026.0,66767.0,258624.0,0,0.978125,0.25,0.25,6400000.0,0.9757445572407045
512.0,512.0,1.0,10.0,1034.0,1024.0,33435.0,98304.0,0,0.94375,16.0,0.0,6400000.0,0.9452276479941292
512.0,512.0,4.0,33.0,6289.0,6277.0,206624.0,938784.0,0,0.990625,0.000976562,0.00390625,6400000.0,0.9800475477005872
512.0,512.0,4.0,32.0,6241.0,6229.0,205061.0,931104.0,0,0.990625,0.0625,0.0,6400000.0,0.9804389371330725
1.0,512.0,2.0,1.0,1.0,1.0,39.0,32.0,0,0.5015625,1024.0,64.0,6400000.0,0.5273919092465753
512.0,512.0,4.0,33.0,6331.0,6318.0,208009.0,945344.0,0,0.9890625,0.03125,0.0,6400000.0,0.9792647688356164
512.0,512.0,1.0,10.0,1034.0,1024.0,33435.0,98304.0,0,0.94375,16.0,0.25,6400000.0,0.9452276479941292
512.0,512.0,1.0,13.0,1037.0,1024.0,33468.0,98304.0,0,0.946875,4.0,4.0,6400000.0,0.9475752201565559
512.0,512.0,2.0,5.0,1345.0,1608.0,44102.0,191744.0,0,0.940625,256.0,0.000976562,6400000.0,0.9409246575342465
512.0,512.0,1.0,8.0,1031.0,1024.0,33380.0,98304.0,0,0.940625,8.0,32.0,6400000.0,0.9401434075342465
512.0,512.0,1.0,22.0,1046.0,1024.0,33568.0,98304.0,0,0.946875,0.000976562,0.125,6400000.0,0.9491392490215265
1.0,512.0,2.0,1.0,1.0,1.0,39.0,32.0,0,0.5015625,512.0,8.0,6400000.0,0.5273919092465753
512.0,512.0,2.0,5.0,1345.0,1608.0,44102.0,191744.0,0,0.940625,2.0,256.0,6400000.0,0.9409246575342465
1.0,512.0,2.0,1.0,1.0,1.0,39.0,32.0,0,0.5015625,2048.0,0.5,6400000.0,0.5273919092465753
512.0,512.0,2.0,31.0,2057.0,2026.0,66767.0,258624.0,0,0.98125,0.25,0.000976562,6400000.0,0.9757445572407043
1.0,512.0,1.0,1.0,1.0,1.0,35.0,32.0,0,0.5015625,256.0,1024.0,6400000.0,0.5273919092465753
1.0,512.0,2.0,1.0,1.0,1.0,39.0,32.0,0,0.5015625,4.0,4096.0,6400000.0,0.5273919092465753
512.0,512.0,2.0,32.0,2058.0,2026.0,66778.0,258624.0,0,0.978125,0.0,0.00390625,6400000.0,0.9765273361056753
1.0,512.0,2.0,1.0,1.0,1.0,39.0,32.0,0,0.5015625,2048.0,512.0,6400000.0,0.5273919092465753
1.0,512.0,2.0,1.0,1.0,1.0,39.0,32.0,0,0.5015625,2048.0,0.0,6400000.0,0.5273919092465753
512.0,512.0,1.0,20.0,1044.0,1024.0,33546.0,98304.0,0,0.9484375,0.00195312,1.0,6400000.0,0.9495314028864972
1.0,512.0,2.0,1.0,1.0,1.0,39.0,32.0,0,0.5015625,4096.0,4096.0,6400000.0,0.5273919092465753
1.0,512.0,2.0,1.0,1.0,1.0,39.0,32.0,0,0.5015625,0.03125,2048.0,6400000.0,0.5273919092465753
512.0,512.0,2.0,6.0,1842.0,1837.0,60217.0,228384.0,0,0.940625,0.015625,128.0,6400000.0,0.9409246575342465
1.0,512.0,1.0,1.0,1.0,1.0,35.0,32.0,0,0.5015625,0.25,2048.0,6400000.0,0.5273919092465753
512.0,512.0,2.0,8.0,2034.0,2026.0,66508.0,258624.0,0,0.959375,64.0,0.0078125,6400000.0,0.9518782106164382
1.0,512.0,2.0,1.0,1.0,1.0,39.0,32.0,0,0.5015625,4096.0,0.00390625,6400000.0,0.5273919092465753
512.0,512.0,1.0,5.0,1028.0,1024.0,33346.0,98304.0,0,0.940625,16.0,256.0,6400000.0,0.9409246575342465
1.0,512.0,2.0,1.0,1.0,1.0,39.0,32.0,0,0.5015625,4096.0,4.0,6400000.0,0.5273919092465753
512.0,512.0,1.0,6.0,1029.0,1024.0,33358.0,98304.0,0,0.940625,64.0,16.0,6400000.0,0.9409246575342465
1.0,512.0,1.0,1.0,1.0,1.0,35.0,32.0,0,0.5015625,0.00390625,16384.0,6400000.0,0.5273919092465753
1.0,512.0,2.0,1.0,1.0,1.0,39.0,32.0,0,0.5015625,0.0,16384.0,6400000.0,0.5273919092465753
512.0,512.0,4.0,32.0,6258.0,6245.0,205621.0,933664.0,0,0.990625,0.00390625,0.25,6400000.0,0.9796561582681018
1.0,512.0,2.0,1.0,1.0,1.0,39.0,32.0,0,0.5015625,8192.0,0.03125,6400000.0,0.5273919092465753
512.0,512.0,1.0,8.0,1031.0,1024.0,33380.0,98304.0,0,0.940625,32.0,2.0,6400000.0,0.9401434075342465
512.0,512.0,1.0,22.0,1046.0,1024.0,33568.0,98304.0,0,0.946875,0.0078125,0.0625,6400000.0,0.9483564701565559
1.0,512.0,2.0,1.0,1.0,1.0,39.0,32.0,0,0.5015625,16384.0,0.25,6400000.0,0.5273919092465753
512.0,512.0,1.0,5.0,1028.0,1024.0,33346.0,98304.0,0,0.940625,128.0,0.125,6400000.0,0.9409246575342465
512.0,512.0,4.0,33.0,6331.0,6318.0,208009.0,945344.0,0,0.9890625,0.00195312,0.03125,6400000.0,0.9792647688356164
512.0,512.0,1.0,13.0,1037.0,1024.0,33468.0,98304.0,0,0.946875,0.00390625,8.0,6400000.0,0.9475752201565559
1.0,512.0,4.0,1.0,1.0,1.0,63.0,32.0,0,0.5015625,0.0,8192.0,6400000.0,0.5273919092465753
1.0,512.0,1.0,1.0,1.0,1.0,35.0,32.0,0,0.5015625,0.015625,512.0,6400000.0,0.5273919092465753
1.0,512.0,2.0,1.0,1.0,1.0,39.0,32.0,0,0.5015625,8192.0,32.0,6400000.0,0.5273919092465753
512.0,512.0,2.0,5.0,1350.0,1609.0,44263.0,191904.0,0,0.940625,16.0,128.0,6400000.0,0.9409246575342465
512.0,512.0,1.0,5.0,1028.0,1024.0,33346.0,98304.0,0,0.940625,128.0,128.0,6400000.0,0.9409246575342465
1.0,512.0,2.0,1.0,1.0,1.0,39.0,32.0,0,0.5015625,0.0625,32768.0,6400000.0,0.5273919092465753
1.0,512.0,2.0,1.0,1.0,1.0,39.0,32.0,0,0.5015625,8192.0,32768.0,6400000.0,0.5273919092465753
512.0,512.0,2.0,32.0,2065.0,2033.0,67009.0,259744.0,0,0.978125,0.015625,0.0,6400000.0,0.9757445572407045
512.0,512.0,4.0,33.0,6282.0,6270.0,206393.0,937664.0,0,0.990625,0.0078125,0.00195312,6400000.0,0.9808295621330723
512.0,512.0,2.0,9.0,2046.0,2037.0,66882.0,260384.0,0,0.9625,32.0,0.00195312,6400000.0,0.9640112830234834
512.0,512.0,4.0,30.0,6226.0,6215.0,204609.0,928864.0,0,0.990625,0.0625,0.5,6400000.0,0.9792655332681018
512.0,512.0,2.0,31.0,2057.0,2026.0,66767.0,258624.0,0,0.978125,0.5,0.00390625,6400000.0,0.9765273361056751
512.0,512.0,1.0,7.0,1030.0,1024.0,33369.0,98304.0,0,0.940625,0.0078125,64.0,6400000.0,0.9409246575342465
1.0,512.0,2.0,1.0,1.0,1.0,39.0,32.0,0,0.5015625,16384.0,256.0,6400000.0,0.5273919092465753
1.0,512.0,1.0,1.0,1.0,1.0,35.0,32.0,0,0.5015625,2048.0,0.000976562,6400000.0,0.5273919092465753
1.0,512.0,4.0,1.0,1.0,1.0,63.0,32.0,0,0.5015625,0.0078125,32768.0,6400000.0,0.5273919092465753
512.0,512.0,1.0,20.0,1044.0,1024.0,33546.0,98304.0,0,0.946875,0.5,0.015625,6400000.0,0.9495298740215266
1.0,512.0,1.0,1.0,1.0,1.0,35.0,32.0,0,0.5015625,4.0,8192.0,6400000.0,0.5273919092465753
512.0,512.0,1.0,22.0,1046.0,1024.0,33568.0,98304.0,0,0.946875,0.015625,0.000976562,6400000.0,0.9483557057240706
512.0,512.0,1.0,5.0,1028.0,1024.0,33346.0,98304.0,0,0.940625,256.0,1.0,6400000.0,0.9409246575342465
1.0,512.0,1.0,1.0,1.0,1.0,35.0,32.0,0,0.5015625,512.0,16384.0,6400000.0,0.5273919092465753
1.0,512.0,1.0,1.0,1.0,1.0,35.0,32.0,0,0.5015625,1024.0,0.125,6400000.0,0.5273919092465753
1.0,512.0,1.0,1.0,1.0,1.0,35.0,32.0,0,0.5015625,0.00195312,2048.0,6400000.0,0.5273919092465753
1.0,512.0,1.0,1.0,1.0,1.0,35.0,32.0,0,0.5015625,512.0,0.015625,6400000.0,0.5273919092465753
512.0,512.0,2.0,9.0,2041.0,2032.0,66717.0,259584.0,0,0.9625,0.000976562,32.0,6400000.0,0.9620543358610567
1.0,512.0,1.0,1.0,1.0,1.0,35.0,32.0,0,0.5015625,1024.0,128.0,6400000.0,0.5273919092465753
512.0,512.0,2.0,14.0,2048.0,2034.0,66841.0,259904.0,0,0.965625,16.0,0.125,6400000.0,0.9636198935909981
512.0,512.0,2.0,9.0,2046.0,2037.0,66882.0,260384.0,0,0.9625,32.0,1.0,6400000.0,0.9640112830234834
512.0,512.0,1.0,22.0,1046.0,1024.0,33568.0,98304.0,0,0.946875,0.125,0.0,6400000.0,0.9491392490215265
1.0,512.0,2.0,1.0,1.0,1.0,39.0,32.0,0,0.5015625,32768.0,0.00195312,6400000.0,0.5273919092465753
1.0,512.0,1.0,1.0,1.0,1.0,35.0,32.0,0,0.5015625,64.0,32768.0,6400000.0,0.5273919092465753
512.0,512.0,1.0,22.0,1046.0,1024.0,33568.0,98304.0,0,0.946875,0.0625,0.03125,6400000.0,0.9491392490215265
1.0,512.0,1.0,1.0,1.0,1.0,35.0,32.0,0,0.5015625,4096.0,8192.0,6400000.0,0.5273919092465753
512.0,512.0,1.0,15.0,1039.0,1024.0,33490.0,98304.0,0,0.9484375,4.0,0.0078125,6400000.0,0.9495306384540119
1.0,512.0,4.0,1.0,1.0,1.0,63.0,32.0,0,0.5015625,0.125,4096.0,6400000.0,0.5273919092465753
512.0,512.0,2.0,8.0,2032.0,2024.0,66442.0,258304.0,0,0.959375,64.0,8.0,6400000.0,0.9405393835616437
512.0,512.0,1.0,22.0,1046.0,1024.0,33568.0,98304.0,0,0.946875,0.0,0.03125,6400000.0,0.9479650807240706
512.0,512.0,2.0,8.0,1998.0,1991.0,65321.0,253024.0,0,0.94375,0.125,64.0,6400000.0,0.9377981286692758
1.0,512.0,1.0,1.0,1.0,1.0,35.0,32.0,0,0.5015625,2048.0,1.0,6400000.0,0.5273919092465753
1.0,512.0,1.0,1.0,1.0,1.0,35.0,32.0,0,0.5015625,2048.0,1024.0,6400000.0,0.5273919092465753
1.0,512.0,1.0,1.0,1.0,1.0,35.0,32.0,0,0.5015625,4096.0,0.0078125,6400000.0,0.5273919092465753
512.0,512.0,1.0,5.0,1028.0,1024.0,33346.0,98304.0,0,0.940625,0.125,256.0,6400000.0,0.9409246575342465
512.0,512.0,4.0,33.0,6331.0,6318.0,208009.0,945344.0,0,0.9890625,0.015625,0.015625,6400000.0,0.9792647688356164
1.0,512.0,2.0,1.0,1.0,1.0,39.0,32.0,0,0.5015625,32.0,2048.0,6400000.0,0.5273919092465753
1.0,512.0,1.0,1.0,1.0,1.0,35.0,32.0,0,0.5015625,16384.0,0.0,6400000.0,0.5273919092465753
512.0,512.0,1.0,9.0,1033.0,1024.0,33423.0,98304.0,0,0.94375,32.0,0.00390625,6400000.0,0.9401434075342465
1.0,512.0,1.0,1.0,1.0,1.0,35.0,32.0,0,0.5015625,8192.0,64.0,6400000.0,0.5273919092465753
1.0,512.0,2.0,1.0,1.0,1.0,39.0,32.0,0,0.5015625,32768.0,2.0,6400000.0,0.5273919092465753
1.0,512.0,2.0,1.0,1.0,1.0,39.0,32.0,0,0.5015625,32768.0,2048.0,6400000.0,0.5273919092465753
1.0,512.0,1.0,1.0,1.0,1.0,35.0,32.0,0,0.5015625,512.0,16.0,6400000.0,0.5273919092465753
1.0,512.0,1.0,1.0,1.0,1.0,35.0,32.0,0,0.5015625,4096.0,8.0,6400000.0,0.5273919092465753
1.0,512.0,1.0,1.0,1.0,1.0,35.0,32.0,0,0.5015625,16384.0,0.5,6400000.0,0.5273919092465753
1.0,512.0,1.0,1.0,1.0,1.0,35.0,32.0,0,0.5015625,8192.0,0.0625,6400000.0,0.5273919092465753
512.0,512.0,1.0,5.0,1028.0,1024.0,33346.0,98304.0,0,0.940625,256.0,0.00195312,6400000.0,0.9409246575342465
512.0,512.0,2.0,12.0,2040.0,2028.0,66621.0,258944.0,0,0.9640625,8.0,16.0,6400000.0,0.9636198935909981
512.0,512.0,2.0,14.0,2048.0,2034.0,66841.0,259904.0,0,0.965625,16.0,0.0,6400000.0,0.9636198935909981
1.0,512.0,2.0,1.0,1.0,1.0,39.0,32.0,0,0.5015625,0.5,16384.0,6400000.0,0.5273919092465753
1.0,512.0,1.0,1.0,1.0,1.0,35.0,32.0,0,0.5015625,32768.0,0.00390625,6400000.0,0.5273919092465753
512.0,512.0,2.0,9.0,2041.0,2032.0,66717.0,259584.0,0,0.9625,1.0,32.0,6400000.0,0.9620543358610567
512.0,512.0,2.0,32.0,2060.0,2028.0,66844.0,258944.0,0,0.978125,0.03125,0.00195312,6400000.0,0.9773093505381605
1.0,512.0,1.0,1.0,1.0,1.0,35.0,32.0,0,0.5015625,16384.0,512.0,6400000.0,0.5273919092465753
1.0,512.0,1.0,1.0,1.0,1.0,35.0,32.0,0,0.5015625,32.0,4096.0,6400000.0,0.5273919092465753
512.0,512.0,1.0,22.0,1046.0,1024.0,33568.0,98304.0,0,0.946875,0.00390625,0.015625,6400000.0,0.9483557057240706
1.0,512.0,1.0,1.0,1.0,1.0,35.0,32.0,0,0.5015625,32768.0,4.0,6400000.0,0.5273919092465753
1.0,512.0,2.0,1.0,1.0,1.0,39.0,32.0,0,0.5015625,0.25,1024.0,6400000.0,0.5273919092465753
1.0,512.0,2.0,1.0,1.0,1.0,39.0,32.0,0,0.5015625,256.0,1024.0,6400000.0,0.5273919092465753
512.0,512.0,1.0,15.0,1039.0,1024.0,33490.0,98304.0,0,0.9484375,0.03125,4.0,6400000.0,0.9503103595890412
1.0,512.0,1.0,1.0,1.0,1.0,35.0,32.0,0,0.5015625,0.5,32768.0,6400000.0,0.5273919092465753
1.0,512.0,1.0,1.0,1.0,1.0,35.0,32.0,0,0.5015625,2.0,1024.0,6400000.0,0.5273919092465753
1.0,512.0,1.0,1.0,1.0,1.0,35.0,32.0,0,0.5015625,32768.0,4096.0,6400000.0,0.5273919092465753
512.0,512.0,1.0,9.0,1032.0,1024.0,33422.0,98304.0,0,0.9453125,0.0625,32.0,6400000.0,0.9401434075342465
512.0,512.0,4.0,8.0,3850.0,4097.0,126875.0,589984.0,0,0.95,0.00195312,64.0,6400000.0,0.9393636863992171
1.0,512.0,2.0,1.0,1.0,1.0,39.0,32.0,0,0.5015625,0.00390625,8192.0,6400000.0,0.5273919092465753
512.0,512.0,1.0,20.0,1044.0,1024.0,33546.0,98304.0,0,0.946875,0.015625,0.5,6400000.0,0.9495298740215266
1.0,512.0,2.0,1.0,1.0,1.0,39.0,32.0,0,0.5015625,0.00195312,512.0,6400000.0,0.5273919092465753
512.0,512.0,2.0,17.0,2055.0,2038.0,67006.0,260544.0,0,0.965625,8.0,0.015625,6400000.0,0.9698775379158512
512.0,512.0,4.0,32.0,6282.0,6270.0,206414.0,937664.0,0,0.9875,0.125,0.00390625,6400000.0,0.9788741438356163
512.0,512.0,1.0,22.0,1046.0,1024.0,33568.0,98304.0,0,0.946875,0.25,0.00390625,6400000.0,0.9495298740215266
512.0,512.0,1.0,5.0,1028.0,1024.0,33346.0,98304.0,0,0.940625,1.0,128.0,6400000.0,0.9409246575342465
512.0,512.0,2.0,13.0,2048.0,2035.0,66863.0,260064.0,0,0.9625,0.0078125,16.0,6400000.0,0.9636198935909981
512.0,512.0,1.0,22.0,1046.0,1024.0,33568.0,98304.0,0,0.946875,0.03125,0.0078125,6400000.0,0.9479650807240706
1.0,512.0,2.0,1.0,1.0,1.0,39.0,32.0,0,0.5015625,64.0,32768.0,6400000.0,0.5273919092465753
1.0,512.0,1.0,1.0,1.0,1.0,35.0,32.0,0,0.5015625,0.03125,8192.0,6400000.0,0.5273919092465753
1.0,512.0,2.0,1.0,1.0,1.0,39.0,32.0,0,0.5015625,512.0,16384.0,6400000.0,0.5273919092465753
512.0,512.0,1.0,17.0,1041.0,1024.0,33512.0,98304.0,0,0.9453125,2.0,0.00195312,6400000.0,0.9510931384540118
512.0,512.0,4.0,33.0,6346.0,6334.0,208505.0,947904.0,0,0.9921875,0.0,0.000976562,6400000.0,0.9800483121330725
512.0,512.0,1.0,17.0,1041.0,1024.0,33512.0,98304.0,0,0.9453125,0.25,2.0,6400000.0,0.9507017490215265
512.0,512.0,1.0,5.0,1028.0,1024.0,33346.0,98304.0,0,0.940625,0.000976562,256.0,6400000.0,0.9409246575342465
512.0,512.0,2.0,32.0,2058.0,2026.0,66778.0,258624.0,0,0.978125,0.00195312,0.000976562,6400000.0,0.9765273361056753
512.0,512.0,1.0,10.0,1034.0,1024.0,33435.0,98304.0,0,0.94375,0.5,16.0,6400000.0,0.9452276479941292
512.0,512.0,1.0,20.0,1044.0,1024.0,33546.0,98304.0,0,0.9484375,0.125,0.25,6400000.0,0.9495298740215266
1.0,512.0,2.0,1.0,1.0,1.0,39.0,32.0,0,0.5015625,512.0,0.015625,6400000.0,0.5273919092465753
512.0,512.0,2.0,32.0,2064.0,2032.0,66976.0,259584.0,0,0.975,0.0625,0.0078125,6400000.0,0.9773093505381606
1.0,512.0,4.0,1.0,1.0,1.0,63.0,32.0,0,0.5015625,0.0625,2048.0,6400000.0,0.5273919092465753
512.0,512.0,2.0,19.0,2057.0,2038.0,67031.0,260544.0,0,0.9734375,0.0,4.0,6400000.0,0.9737860812133071
1.0,512.0,4.0,1.0,1.0,1.0,63.0,32.0,0,0.5015625,0.00390625,4096.0,6400000.0,0.5273919092465753
1.0,512.0,2.0,1.0,1.0,1.0,39.0,32.0,0,0.5015625,1024.0,0.125,6400000.0,0.5273919092465753
512.0,512.0,1.0,9.0,1032.0,1024.0,33422.0,98304.0,0,0.9453125,0.0,32.0,6400000.0,0.9401434075342465
1.0,512.0,2.0,1.0,1.0,1.0,39.0,32.0,0,0.5015625,1024.0,128.0,6400000.0,0.5273919092465753
512.0,512.0,4.0,6.0,2784.0,2794.0,91502.0,381504.0,0,0.940625,0.03125,128.0,6400000.0,0.9409246575342465
512.0,512.0,2.0,19.0,2058.0,2039.0,67064.0,260704.0,0,0.9734375,4.0,2.0,6400000.0,0.9722228167808218
1.0,512.0,4.0,1.0,1.0,1.0,63.0,32.0,0,0.5015625,0.25,32768.0,6400000.0,0.5273919092465753
512.0,512.0,1.0,7.0,1030.0,1024.0,33369.0,98304.0,0,0.940625,64.0,0.03125,6400000.0,0.9409246575342465
512.0,512.0,1.0,13.0,1037.0,1024.0,33468.0,98304.0,0,0.946875,8.0,0.0625,6400000.0,0.9464010518590997
512.0,512.0,2.0,6.0,1842.0,1837.0,60217.0,228384.0,0,0.940625,128.0,0.125,6400000.0,0.9409246575342465
512.0,512.0,2.0,20.0,2059.0,2039.0,67075.0,260704.0,0,0.9765625,4.0,0.00390625,6400000.0,0.9745688600782779
1.0,512.0,2.0,1.0,1.0,1.0,39.0,32.0,0,0.5015625,512.0,16.0,6400000.0,0.5273919092465753
1.0,512.0,1.0,1.0,1.0,1.0,35.0,32.0,0,0.5015625,256.0,2048.0,6400000.0,0.5273919092465753
1.0,512.0,2.0,1.0,1.0,1.0,39.0,32.0,0,0.5015625,2048.0,1.0,6400000.0,0.5273919092465753
512.0,512.0,1.0,20.0,1044.0,1024.0,33546.0,98304.0,0,0.9484375,1.0,0.125,6400000.0,0.9495306384540119
1.0,512.0,2.0,1.0,1.0,1.0,39.0,32.0,0,0.5015625,2048.0,0.000976562,6400000.0,0.5273919092465753
512.0,512.0,2.0,5.0,1345.0,1608.0,44102.0,191744.0,0,0.940625,128.0,128.0,6400000.0,0.9409246575342465
1.0,512.0,2.0,1.0,1.0,1.0,39.0,32.0,0,0.5015625,4.0,8192.0,6400000.0,0.5273919092465753
1.0,512.0,2.0,1.0,1.0,1.0,39.0,32.0,0,0.5015625,2048.0,1024.0,6400000.0,0.5273919092465753
512.0,512.0,2.0,24.0,2066.0,2042.0,67218.0,261184.0,0,0.9734375,2.0,0.000976562,6400000.0,0.97691719667319
512.0,512.0,2.0,18.0,2061.0,2043.0,67185.0,261344.0,0,0.971875,0.0625,8.0,6400000.0,0.9706603167808219
1.0,512.0,2.0,1.0,1.0,1.0,39.0,32.0,0,0.5015625,0.03125,4096.0,6400000.0,0.5273919092465753
512.0,512.0,1.0,16.0,1040.0,1024.0,33501.0,98304.0,0,0.946875,2.0,1.0,6400000.0,0.9514845278864972
1.0,512.0,2.0,1.0,1.0,1.0,39.0,32.0,0,0.5015625,4096.0,8192.0,6400000.0,0.5273919092465753
1.0,512.0,2.0,1.0,1.0,1.0,39.0,32.0,0,0.5015625,4096.0,0.0078125,6400000.0,0.5273919092465753
1.0,512.0,2.0,1.0,1.0,1.0,39.0,32.0,0,0.5015625,2.0,512.0,6400000.0,0.5273919092465753
1.0,512.0,1.0,1.0,1.0,1.0,35.0,32.0,0,0.5015625,0.25,4096.0,6400000.0,0.5273919092465753
512.0,512.0,1.0,10.0,1034.0,1024.0,33435.0,98304.0,0,0.94375,16.0,0.000976562,6400000.0,0.9452276479941292
512.0,512.0,2.0,5.0,1345.0,1608.0,44102.0,191744.0,0,0.940625,256.0,1.0,6400000.0,0.9409246575342465
1.0,512.0,2.0,1.0,1.0,1.0,39.0,32.0,0,0.5015625,4096.0,8.0,6400000.0,0.5273919092465753
512.0,512.0,4.0,26.0,6240.0,6228.0,205154.0,930944.0,0,0.990625,0.125,4.0,6400000.0,0.9753508745107631
512.0,512.0,1.0,6.0,1029.0,1024.0,33358.0,98304.0,0,0.940625,8.0,64.0,6400000.0,0.9409246575342465
512.0,512.0,1.0,10.0,1034.0,1024.0,33435.0,98304.0,0,0.94375,4.0,8.0,6400000.0,0.9460104268590998
1.0,512.0,1.0,1.0,1.0,1.0,35.0,32.0,0,0.5015625,16.0,512.0,6400000.0,0.5273919092465753
512.0,512.0,4.0,11.0,4931.0,4929.0,162267.0,723104.0,0,0.96875,0.015625,32.0,6400000.0,0.965575311888454
1.0,512.0,2.0,1.0,1.0,1.0,39.0,32.0,0,0.5015625,0.0,32768.0,6400000.0,0.5273919092465753
512.0,512.0,1.0,10.0,1034.0,1024.0,33435.0,98304.0,0,0.94375,16.0,0.5,6400000.0,0.9448362585616439
512.0,512.0,2.0,24.0,2069.0,2045.0,67317.0,261664.0,0,0.9796875,2.0,0.25,6400000.0,0.9769179611056751
1.0,512.0,2.0,1.0,1.0,1.0,39.0,32.0,0,0.5015625,8192.0,0.0625,6400000.0,0.5273919092465753
512.0,512.0,2.0,32.0,2065.0,2033.0,67009.0,259744.0,0,0.978125,0.00390625,0.00390625,6400000.0,0.9765273361056753
1.0,512.0,2.0,1.0,1.0,1.0,39.0,32.0,0,0.5015625,16384.0,0.5,6400000.0,0.5273919092465753
512.0,512.0,2.0,5.0,1345.0,1608.0,44102.0,191744.0,0,0.940625,256.0,0.00195312,6400000.0,0.9409246575342465
1.0,512.0,2.0,1.0,1.0,1.0,39.0,32.0,0,0.5015625,8192.0,64.0,6400000.0,0.5273919092465753
512.0,512.0,1.0,22.0,1046.0,1024.0,33568.0,98304.0,0,0.946875,0.000976562,0.25,6400000.0,0.9491392490215265
512.0,512.0,1.0,17.0,1041.0,1024.0,33512.0,98304.0,0,0.9453125,0.00195312,2.0,6400000.0,0.9507017490215265
1.0,512.0,1.0,1.0,1.0,1.0,35.0,32.0,0,0.5015625,0.015625,1024.0,6400000.0,0.5273919092465753
1.0,512.0,4.0,1.0,1.0,1.0,63.0,32.0,0,0.5015625,0.0,16384.0,6400000.0,0.5273919092465753
512.0,512.0,2.0,25.0,2060.0,2035.0,66998.0,260064.0,0,0.9734375,0.00390625,2.0,6400000.0,0.9780913649706457
1.0,512.0,2.0,1.0,1.0,1.0,39.0,32.0,0,0.5015625,16384.0,0.0,6400000.0,0.5273919092465753
512.0,512.0,1.0,6.0,1029.0,1024.0,33358.0,98304.0,0,0.940625,64.0,32.0,6400000.0,0.9409246575342465
512.0,512.0,2.0,5.0,1345.0,1608.0,44102.0,191744.0,0,0.940625,0.015625,256.0,6400000.0,0.9409246575342465
1.0,512.0,2.0,1.0,1.0,1.0,39.0,32.0,0,0.5015625,16384.0,512.0,6400000.0,0.5273919092465753
1.0,512.0,1.0,1.0,1.0,1.0,35.0,32.0,0,0.5015625,4.0,16384.0,6400000.0,0.5273919092465753
1.0,512.0,1.0,1.0,1.0,1.0,35.0,32.0,0,0.5015625,2048.0,0.00195312,6400000.0,0.5273919092465753
512.0,512.0,2.0,20.0,2058.0,2038.0,67042.0,260544.0,0,0.975,0.5,4.0,6400000.0,0.9741774706457926
512.0,512.0,4.0,5.0,2467.0,2632.0,81202.0,355584.0,0,0.940625,0.5,256.0,6400000.0,0.9409246575342465
512.0,512.0,1.0,5.0,1028.0,1024.0,33346.0,98304.0,0,0.940625,128.0,0.25,6400000.0,0.9409246575342465
1.0,512.0,1.0,1.0,1.0,1.0,35.0,32.0,0,0.5015625,1024.0,0.25,6400000.0,0.5273919092465753
1.0,512.0,1.0,1.0,1.0,1.0,35.0,32.0,0,0.5015625,512.0,32768.0,6400000.0,0.5273919092465753
512.0,512.0,1.0,8.0,1031.0,1024.0,33380.0,98304.0,0,0.940625,32.0,4.0,6400000.0,0.9401434075342465
1.0,512.0,1.0,1.0,1.0,1.0,35.0,32.0,0,0.5015625,512.0,0.03125,6400000.0,0.5273919092465753
512.0,512.0,1.0,5.0,1028.0,1024.0,33346.0,98304.0,0,0.940625,128.0,256.0,6400000.0,0.9033657962328766
1.0,512.0,1.0,1.0,1.0,1.0,35.0,32.0,0,0.5015625,1024.0,256.0,6400000.0,0.5273919092465753
1.0,512.0,4.0,1.0,1.0,1.0,63.0,32.0,0,0.5015625,0.125,8192.0,6400000.0,0.5273919092465753
1.0,512.0,2.0,1.0,1.0,1.0,39.0,32.0,0,0.5015625,32768.0,0.00390625,6400000.0,0.5273919092465753
512.0,512.0,1.0,22.0,1046.0,1024.0,33568.0,98304.0,0,0.946875,0.0078125,0.125,6400000.0,0.9491392490215265
512.0,512.0,1.0,10.0,1034.0,1024.0,33435.0,98304.0,0,0.94375,0.00390625,16.0,6400000.0,0.946401816291585
1.0,512.0,1.0,1.0,1.0,1.0,35.0,32.0,0,0.5015625,2048.0,2.0,6400000.0,0.5273919092465753
1.0,512.0,1.0,1.0,1.0,1.0,35.0,32.0,0,0.5015625,4096.0,16384.0,6400000.0,0.5273919092465753
512.0,512.0,2.0,32.0,2060.0,2028.0,66844.0,258944.0,0,0.978125,0.000976562,0.03125,6400000.0,0.9773093505381605
512.0,512.0,2.0,31.0,2057.0,2026.0,66767.0,258624.0,0,0.98125,0.00195312,0.25,6400000.0,0.9769187255381604
1.0,512.0,1.0,1.0,1.0,1.0,35.0,32.0,0,0.5015625,2048.0,2048.0,6400000.0,0.5273919092465753
512.0,512.0,1.0,5.0,1028.0,1024.0,33346.0,98304.0,0,0.940625,0.0078125,128.0,6400000.0,0.9409246575342465
1.0,512.0,1.0,1.0,1.0,1.0,35.0,32.0,0,0.5015625,8192.0,128.0,6400000.0,0.5273919092465753
512.0,512.0,2.0,8.0,2034.0,2026.0,66508.0,258624.0,0,0.959375,64.0,0.015625,6400000.0,0.9518782106164382
512.0,512.0,2.0,29.0,2063.0,2034.0,67009.0,259904.0,0,0.971875,1.0,0.03125,6400000.0,0.9737906678082192
1.0,512.0,1.0,1.0,1.0,1.0,35.0,32.0,0,0.5015625,16384.0,0.000976562,6400000.0,0.5273919092465753
512.0,512.0,1.0,5.0,1028.0,1024.0,33346.0,98304.0,0,0.940625,256.0,2.0,6400000.0,0.9409246575342465
1.0,512.0,2.0,1.0,1.0,1.0,39.0,32.0,0,0.5015625,32768.0,4.0,6400000.0,0.5273919092465753
1.0,512.0,1.0,1.0,1.0,1.0,35.0,32.0,0,0.5015625,512.0,32.0,6400000.0,0.5273919092465753
1.0,512.0,2.0,1.0,1.0,1.0,39.0,32.0,0,0.5015625,32.0,4096.0,6400000.0,0.5273919092465753
1.0,512.0,1.0,1.0,1.0,1.0,35.0,32.0,0,0.5015625,4096.0,16.0,6400000.0,0.5273919092465753
512.0,512.0,2.0,29.0,2059.0,2030.0,66877.0,259264.0,0,0.9765625,0.03125,1.0,6400000.0,0.9757453216731898
512.0,512.0,2.0,5.0,1342.0,1607.0,44005.0,191584.0,0,0.940625,16.0,256.0,6400000.0,0.9409246575342465
1.0,512.0,1.0,1.0,1.0,1.0,35.0,32.0,0,0.5015625,4096.0,0.015625,6400000.0,0.5273919092465753
1.0,512.0,2.0,1.0,1.0,1.0,39.0,32.0,0,0.5015625,32768.0,4096.0,6400000.0,0.5273919092465753
1.0,512.0,1.0,1.0,1.0,1.0,35.0,32.0,0,0.5015625,8192.0,0.125,6400000.0,0.5273919092465753
512.0,512.0,1.0,5.0,1028.0,1024.0,33346.0,98304.0,0,0.940625,128.0,0.0,6400000.0,0.9409246575342465
512.0,512.0,4.0,11.0,4884.0,4882.0,160716.0,715584.0,0,0.96875,0.25,32.0,6400000.0,0.965184686888454
1.0,512.0,1.0,1.0,1.0,1.0,35.0,32.0,0,0.5015625,0.125,512.0,6400000.0,0.5273919092465753
1.0,512.0,1.0,1.0,1.0,1.0,35.0,32.0,0,0.5015625,16384.0,1.0,6400000.0,0.5273919092465753
512.0,512.0,1.0,20.0,1044.0,1024.0,33546.0,98304.0,0,0.946875,0.5,0.03125,6400000.0,0.9495298740215266
1.0,512.0,4.0,1.0,1.0,1.0,63.0,32.0,0,0.5015625,1.0,2048.0,6400000.0,0.5273919092465753
1.0,512.0,2.0,1.0,1.0,1.0,39.0,32.0,0,0.5015625,0.5,32768.0,6400000.0,0.5273919092465753
512.0,512.0,2.0,32.0,2065.0,2033.0,67009.0,259744.0,0,0.978125,0.0078125,0.015625,6400000.0,0.9765273361056751
1.0,512.0,1.0,1.0,1.0,1.0,35.0,32.0,0,0.5015625,32768.0,0.0078125,6400000.0,0.5273919092465753
512.0,512.0,2.0,31.0,2066.0,2035.0,67064.0,260064.0,0,0.9796875,0.25,0.5,6400000.0,0.9745719178082192
512.0,512.0,2.0,32.0,2062.0,2030.0,66910.0,259264.0,0,0.978125,0.015625,0.125,6400000.0,0.9757445572407045
512.0,512.0,2.0,31.0,2057.0,2026.0,66767.0,258624.0,0,0.978125,0.125,0.0625,6400000.0,0.97613594667319
1.0,512.0,1.0,1.0,1.0,1.0,35.0,32.0,0,0.5015625,32768.0,8.0,6400000.0,0.5273919092465753
1.0,512.0,1.0,1.0,1.0,1.0,35.0,32.0,0,0.5015625,16384.0,1024.0,6400000.0,0.5273919092465753
1.0,512.0,1.0,1.0,1.0,1.0,35.0,32.0,0,0.5015625,32.0,8192.0,6400000.0,0.5273919092465753
1.0,512.0,2.0,1.0,1.0,1.0,39.0,32.0,0,0.5015625,0.25,2048.0,6400000.0,0.5273919092465753
512.0,512.0,1.0,22.0,1046.0,1024.0,33568.0,98304.0,0,0.946875,0.0625,0.0625,6400000.0,0.9491392490215265
512.0,512.0,1.0,15.0,1039.0,1024.0,33490.0,98304.0,0,0.9484375,4.0,0.015625,6400000.0,0.9510931384540118
1.0,512.0,2.0,1.0,1.0,1.0,39.0,32.0,0,0.5015625,256.0,2048.0,6400000.0,0.5273919092465753
512.0,512.0,1.0,9.0,1033.0,1024.0,33423.0,98304.0,0,0.94375,32.0,0.0078125,6400000.0,0.9401434075342465
512.0,512.0,2.0,9.0,2046.0,2037.0,66882.0,260384.0,0,0.9625,32.0,0.00390625,6400000.0,0.9640112830234834
512.0,512.0,4.0,33.0,6328.0,6316.0,207911.0,945024.0,0,0.9921875,0.00195312,0.0,6400000.0,0.9800483121330725
1.0,512.0,1.0,1.0,1.0,1.0,35.0,32.0,0,0.5015625,2.0,2048.0,6400000.0,0.5273919092465753
512.0,512.0,2.0,32.0,2062.0,2030.0,66910.0,259264.0,0,0.978125,0.125,0.0,6400000.0,0.9769187255381606
1.0,512.0,1.0,1.0,1.0,1.0,35.0,32.0,0,0.5015625,32768.0,8192.0,6400000.0,0.5273919092465753
512.0,512.0,2.0,31.0,2057.0,2026.0,66767.0,258624.0,0,0.98125,0.25,0.00195312,6400000.0,0.9757445572407043
512.0,512.0,1.0,5.0,1028.0,1024.0,33346.0,98304.0,0,0.940625,256.0,0.00390625,6400000.0,0.9409246575342465
1.0,512.0,4.0,1.0,1.0,1.0,63.0,32.0,0,0.5015625,2.0,16384.0,6400000.0,0.5273919092465753
1.0,512.0,2.0,1.0,1.0,1.0,39.0,32.0,0,0.5015625,0.00390625,16384.0,6400000.0,0.5273919092465753
512.0,512.0,2.0,32.0,2065.0,2033.0,67009.0,259744.0,0,0.978125,0.0,0.0078125,6400000.0,0.9765273361056753
512.0,512.0,2.0,8.0,1998.0,1991.0,65321.0,253024.0,0,0.94375,0.000976562,64.0,6400000.0,0.9377981286692758
512.0,512.0,2.0,6.0,1842.0,1837.0,60217.0,228384.0,0,0.940625,0.125,128.0,6400000.0,0.9409246575342465
512.0,512.0,2.0,8.0,1997.0,1989.0,65287.0,252704.0,0,0.959375,64.0,16.0,6400000.0,0.9385763209393344
512.0,512.0,2.0,13.0,2048.0,2035.0,66863.0,260064.0,0,0.9609375,16.0,0.25,6400000.0,0.9636198935909981
1.0,512.0,2.0,1.0,1.0,1.0,39.0,32.0,0,0.5015625,0.00195312,1024.0,6400000.0,0.5273919092465753
512.0,512.0,2.0,9.0,2046.0,2037.0,66882.0,260384.0,0,0.9625,32.0,2.0,6400000.0,0.9628371147260273
512.0,512.0,1.0,13.0,1037.0,1024.0,33468.0,98304.0,0,0.946875,0.03125,8.0,6400000.0,0.9467924412915852
512.0,512.0,1.0,7.0,1030.0,1024.0,33369.0,98304.0,0,0.940625,0.0625,64.0,6400000.0,0.9409246575342465
1.0,512.0,2.0,1.0,1.0,1.0,39.0,32.0,0,0.5015625,512.0,32768.0,6400000.0,0.5273919092465753
1.0,512.0,4.0,1.0,1.0,1.0,63.0,32.0,0,0.5015625,0.0625,4096.0,6400000.0,0.5273919092465753
1.0,512.0,4.0,1.0,1.0,1.0,63.0,32.0,0,0.5015625,0.00390625,8192.0,6400000.0,0.5273919092465753
1.0,512.0,2.0,1.0,1.0,1.0,39.0,32.0,0,0.5015625,1024.0,0.25,6400000.0,0.5273919092465753
1.0,512.0,2.0,1.0,1.0,1.0,39.0,32.0,0,0.5015625,512.0,0.03125,6400000.0,0.5273919092465753
512.0,512.0,2.0,8.0,1980.0,1973.0,64727.0,250144.0,0,0.94375,1.0,64.0,6400000.0,0.9377981286692758
512.0,512.0,1.0,20.0,1044.0,1024.0,33546.0,98304.0,0,0.9484375,0.015625,1.0,6400000.0,0.9495314028864972
512.0,512.0,1.0,5.0,1028.0,1024.0,33346.0,98304.0,0,0.940625,1.0,256.0,6400000.0,0.9409246575342465
512.0,512.0,2.0,14.0,2048.0,2034.0,66841.0,259904.0,0,0.965625,16.0,0.000976562,6400000.0,0.9636198935909981
512.0,512.0,2.0,31.0,2057.0,2026.0,66767.0,258624.0,0,0.978125,0.5,0.0078125,6400000.0,0.9765273361056751
512.0,512.0,2.0,32.0,2065.0,2033.0,67009.0,259744.0,0,0.978125,0.015625,0.000976562,6400000.0,0.9757445572407045
1.0,512.0,4.0,1.0,1.0,1.0,63.0,32.0,0,0.5015625,8.0,1024.0,6400000.0,0.5273919092465753
1.0,512.0,2.0,1.0,1.0,1.0,39.0,32.0,0,0.5015625,1024.0,256.0,6400000.0,0.5273919092465753
512.0,512.0,2.0,6.0,1842.0,1837.0,60217.0,228384.0,0,0.940625,128.0,0.0,6400000.0,0.9409246575342465
512.0,512.0,2.0,9.0,2039.0,2030.0,66651.0,259264.0,0,0.9625,8.0,32.0,6400000.0,0.9593146098336593
1.0,512.0,1.0,1.0,1.0,1.0,35.0,32.0,0,0.5015625,256.0,4096.0,6400000.0,0.5273919092465753
1.0,512.0,2.0,1.0,1.0,1.0,39.0,32.0,0,0.5015625,512.0,32.0,6400000.0,0.5273919092465753
1.0,512.0,2.0,1.0,1.0,1.0,39.0,32.0,0,0.5015625,2048.0,2.0,6400000.0,0.5273919092465753
1.0,512.0,2.0,1.0,1.0,1.0,39.0,32.0,0,0.5015625,4.0,16384.0,6400000.0,0.5273919092465753
1.0,512.0,2.0,1.0,1.0,1.0,39.0,32.0,0,0.5015625,2048.0,0.00195312,6400000.0,0.5273919092465753
512.0,512.0,1.0,15.0,1039.0,1024.0,33490.0,98304.0,0,0.9484375,0.25,4.0,6400000.0,0.9499189701565559
512.0,512.0,1.0,9.0,1032.0,1024.0,33422.0,98304.0,0,0.9453125,0.5,32.0,6400000.0,0.9401434075342465
1.0,512.0,2.0,1.0,1.0,1.0,39.0,32.0,0,0.5015625,2048.0,2048.0,6400000.0,0.5273919092465753
1.0,512.0,2.0,1.0,1.0,1.0,39.0,32.0,0,0.5015625,0.03125,8192.0,6400000.0,0.5273919092465753
512.0,512.0,1.0,20.0,1044.0,1024.0,33546.0,98304.0,0,0.9484375,0.125,0.5,6400000.0,0.9503126528864971
512.0,512.0,4.0,32.0,6345.0,6332.0,208492.0,947584.0,0,0.990625,0.25,0.03125,6400000.0,0.9800475477005872
1.0,512.0,2.0,1.0,1.0,1.0,39.0,32.0,0,0.5015625,4096.0,0.015625,6400000.0,0.5273919092465753
1.0,512.0,2.0,1.0,1.0,1.0,39.0,32.0,0,0.5015625,4096.0,16384.0,6400000.0,0.5273919092465753
1.0,512.0,2.0,1.0,1.0,1.0,39.0,32.0,0,0.5015625,4096.0,16.0,6400000.0,0.5273919092465753
512.0,512.0,1.0,7.0,1030.0,1024.0,33369.0,98304.0,0,0.940625,64.0,0.0625,6400000.0,0.9409246575342465
1.0,512.0,2.0,1.0,1.0,1.0,39.0,32.0,0,0.5015625,2.0,1024.0,6400000.0,0.5273919092465753
512.0,512.0,4.0,7.0,4006.0,4272.0,132063.0,617984.0,0,0.946875,4.0,128.0,6400000.0,0.9409246575342465
1.0,512.0,1.0,1.0,1.0,1.0,35.0,32.0,0,0.5015625,16.0,1024.0,6400000.0,0.5273919092465753
1.0,512.0,4.0,1.0,1.0,1.0,63.0,32.0,0,0.5015625,16.0,8192.0,6400000.0,0.5273919092465753
512.0,512.0,2.0,9.0,2041.0,2032.0,66717.0,259584.0,0,0.9625,0.0078125,32.0,6400000.0,0.9620543358610567
512.0,512.0,1.0,13.0,1037.0,1024.0,33468.0,98304.0,0,0.946875,8.0,0.125,6400000.0,0.9464010518590997
512.0,512.0,4.0,32.0,6274.0,6262.0,206150.0,936384.0,0,0.9890625,0.03125,0.125,6400000.0,0.9792647688356165
1.0,512.0,2.0,1.0,1.0,1.0,39.0,32.0,0,0.5015625,8192.0,0.125,6400000.0,0.5273919092465753
1.0,512.0,2.0,1.0,1.0,1.0,39.0,32.0,0,0.5015625,8192.0,128.0,6400000.0,0.5273919092465753
512.0,512.0,2.0,6.0,1842.0,1837.0,60217.0,228384.0,0,0.940625,128.0,0.25,6400000.0,0.9409246575342465
1.0,512.0,4.0,1.0,1.0,1.0,63.0,32.0,0,0.5015625,0.0,32768.0,6400000.0,0.5273919092465753
1.0,512.0,2.0,1.0,1.0,1.0,39.0,32.0,0,0.5015625,16384.0,1.0,6400000.0,0.5273919092465753
512.0,512.0,2.0,17.0,2055.0,2038.0,67006.0,260544.0,0,0.965625,8.0,0.03125,6400000.0,0.9710517062133072
512.0,512.0,1.0,20.0,1044.0,1024.0,33546.0,98304.0,0,0.9484375,1.0,0.25,6400000.0,0.9510939028864971
512.0,512.0,1.0,5.0,1028.0,1024.0,33346.0,98304.0,0,0.940625,8.0,128.0,6400000.0,0.9409246575342465
1.0,512.0,2.0,1.0,1.0,1.0,39.0,32.0,0,0.5015625,16384.0,0.000976562,6400000.0,0.5273919092465753
512.0,512.0,1.0,15.0,1039.0,1024.0,33490.0,98304.0,0,0.9484375,2.0,2.0,6400000.0,0.9510931384540118
512.0,512.0,4.0,5.0,2467.0,2632.0,81202.0,355584.0,0,0.940625,0.03125,256.0,6400000.0,0.9409246575342465
512.0,512.0,2.0,32.0,2059.0,2027.0,66811.0,258784.0,0,0.978125,0.03125,0.00390625,6400000.0,0.9773093505381605
1.0,512.0,2.0,1.0,1.0,1.0,39.0,32.0,0,0.5015625,16384.0,1024.0,6400000.0,0.5273919092465753
512.0,512.0,2.0,5.0,1338.0,1612.0,43882.0,192384.0,0,0.940625,128.0,256.0,6400000.0,0.9033657962328766
1.0,512.0,4.0,1.0,1.0,1.0,63.0,32.0,0,0.5015625,64.0,512.0,6400000.0,0.5273919092465753
512.0,512.0,1.0,9.0,1033.0,1024.0,33423.0,98304.0,0,0.94375,4.0,16.0,6400000.0,0.9479673740215263
512.0,512.0,2.0,5.0,1345.0,1608.0,44102.0,191744.0,0,0.940625,256.0,2.0,6400000.0,0.9409246575342465
512.0,512.0,1.0,10.0,1034.0,1024.0,33435.0,98304.0,0,0.94375,16.0,1.0,6400000.0,0.9448362585616439
512.0,512.0,4.0,21.0,5916.0,5909.0,194572.0,879904.0,0,0.9828125,0.000976562,8.0,6400000.0,0.9808303265655578
1.0,512.0,4.0,1.0,1.0,1.0,63.0,32.0,0,0.5015625,128.0,4096.0,6400000.0,0.5273919092465753
512.0,512.0,4.0,33.0,6289.0,6277.0,206624.0,938784.0,0,0.990625,0.00390625,0.000976562,6400000.0,0.9800475477005872
1.0,512.0,4.0,1.0,1.0,1.0,63.0,32.0,0,0.5015625,0.125,16384.0,6400000.0,0.5273919092465753
1.0,512.0,2.0,1.0,1.0,1.0,39.0,32.0,0,0.5015625,32768.0,0.0078125,6400000.0,0.5273919092465753
1.0,512.0,2.0,1.0,1.0,1.0,39.0,32.0,0,0.5015625,0.015625,512.0,6400000.0,0.5273919092465753
512.0,512.0,2.0,17.0,2054.0,2037.0,66973.0,260384.0,0,0.965625,4.0,4.0,6400000.0,0.96714010518591
1.0,512.0,4.0,1.0,1.0,1.0,63.0,32.0,0,0.5015625,256.0,32768.0,6400000.0,0.5273919092465753
512.0,512.0,1.0,5.0,1028.0,1024.0,33346.0,98304.0,0,0.940625,64.0,64.0,6400000.0,0.9409246575342465
512.0,512.0,2.0,18.0,2058.0,2040.0,67086.0,260864.0,0,0.971875,0.0,8.0,6400000.0,0.9722258745107633
512.0,512.0,2.0,5.0,1345.0,1608.0,44102.0,191744.0,0,0.940625,256.0,0.00390625,6400000.0,0.9409246575342465
1.0,512.0,4.0,1.0,1.0,1.0,63.0,32.0,0,0.5015625,512.0,256.0,6400000.0,0.5273919092465753
1.0,512.0,1.0,1.0,1.0,1.0,35.0,32.0,0,0.5015625,128.0,512.0,6400000.0,0.5273919092465753
1.0,512.0,4.0,1.0,1.0,1.0,63.0,32.0,0,0.5015625,1024.0,2.0,6400000.0,0.5273919092465753
512.0,512.0,2.0,13.0,2048.0,2035.0,66863.0,260064.0,0,0.9625,0.0625,16.0,6400000.0,0.9636198935909981
1.0,512.0,4.0,1.0,1.0,1.0,63.0,32.0,0,0.5015625,1024.0,2048.0,6400000.0,0.5273919092465753
1.0,512.0,2.0,1.0,1.0,1.0,39.0,32.0,0,0.5015625,32.0,8192.0,6400000.0,0.5273919092465753
1.0,512.0,4.0,1.0,1.0,1.0,63.0,32.0,0,0.5015625,2048.0,0.015625,6400000.0,0.5273919092465753
1.0,512.0,4.0,1.0,1.0,1.0,63.0,32.0,0,0.5015625,1024.0,0.00195312,6400000.0,0.5273919092465753
1.0,512.0,2.0,1.0,1.0,1.0,39.0,32.0,0,0.5015625,32768.0,8.0,6400000.0,0.5273919092465753
1.0,512.0,4.0,1.0,1.0,1.0,63.0,32.0,0,0.5015625,512.0,0.25,6400000.0,0.5273919092465753
1.0,512.0,4.0,1.0,1.0,1.0,63.0,32.0,0,0.5015625,2048.0,16.0,6400000.0,0.5273919092465753
1.0,512.0,4.0,1.0,1.0,1.0,63.0,32.0,0,0.5015625,0.5,512.0,6400000.0,0.5273919092465753
1.0,512.0,2.0,1.0,1.0,1.0,39.0,32.0,0,0.5015625,32768.0,8192.0,6400000.0,0.5273919092465753
1.0,512.0,4.0,1.0,1.0,1.0,63.0,32.0,0,0.5015625,2048.0,16384.0,6400000.0,0.5273919092465753
1.0,512.0,4.0,1.0,1.0,1.0,63.0,32.0,0,0.5015625,4096.0,128.0,6400000.0,0.5273919092465753
1.0,512.0,4.0,1.0,1.0,1.0,63.0,32.0,0,0.5015625,4096.0,0.125,6400000.0,0.5273919092465753
512.0,512.0,4.0,15.0,5803.0,5797.0,190955.0,861984.0,0,0.971875,2.0,16.0,6400000.0,0.9659674657534246
512.0,512.0,2.0,20.0,2059.0,2039.0,67075.0,260704.0,0,0.9765625,4.0,0.0078125,6400000.0,0.9745688600782779
512.0,512.0,1.0,5.0,1028.0,1024.0,33346.0,98304.0,0,0.940625,128.0,0.5,6400000.0,0.9409246575342465
1.0,512.0,4.0,1.0,1.0,1.0,63.0,32.0,0,0.5015625,8192.0,1.0,6400000.0,0.5273919092465753
1.0,512.0,4.0,1.0,1.0,1.0,63.0,32.0,0,0.5015625,8192.0,1024.0,6400000.0,0.5273919092465753
1.0,512.0,4.0,1.0,1.0,1.0,63.0,32.0,0,0.5015625,8192.0,0.000976562,6400000.0,0.5273919092465753
512.0,512.0,1.0,8.0,1031.0,1024.0,33380.0,98304.0,0,0.940625,32.0,8.0,6400000.0,0.9401434075342465
1.0,512.0,4.0,1.0,1.0,1.0,63.0,32.0,0,0.5015625,1.0,4096.0,6400000.0,0.5273919092465753
1.0,512.0,4.0,1.0,1.0,1.0,63.0,32.0,0,0.5015625,16384.0,0.0078125,6400000.0,0.5273919092465753
512.0,512.0,2.0,32.0,2058.0,2026.0,66778.0,258624.0,0,0.978125,0.00195312,0.00195312,6400000.0,0.9765273361056753
512.0,512.0,4.0,6.0,2784.0,2794.0,91502.0,381504.0,0,0.940625,128.0,0.00390625,6400000.0,0.9409246575342465
1.0,512.0,4.0,1.0,1.0,1.0,63.0,32.0,0,0.5015625,32768.0,0.0625,6400000.0,0.5273919092465753
1.0,512.0,4.0,1.0,1.0,1.0,63.0,32.0,0,0.5015625,16384.0,8192.0,6400000.0,0.5273919092465753
1.0,512.0,4.0,1.0,1.0,1.0,63.0,32.0,0,0.5015625,16384.0,8.0,6400000.0,0.5273919092465753
512.0,512.0,2.0,32.0,2064.0,2032.0,66976.0,259584.0,0,0.975,0.0625,0.015625,6400000.0,0.9773093505381606
512.0,512.0,4.0,7.0,4006.0,4272.0,132063.0,617984.0,0,0.946875,128.0,4.0,6400000.0,0.9409246575342465
1.0,512.0,2.0,1.0,1.0,1.0,39.0,32.0,0,0.5015625,0.25,4096.0,6400000.0,0.5273919092465753
1.0,512.0,2.0,1.0,1.0,1.0,39.0,32.0,0,0.5015625,16.0,512.0,6400000.0,0.5273919092465753
512.0,512.0,4.0,5.0,2467.0,2632.0,81202.0,355584.0,0,0.940625,256.0,0.03125,6400000.0,0.9409246575342465
1.0,512.0,4.0,1.0,1.0,1.0,63.0,32.0,0,0.5015625,32768.0,64.0,6400000.0,0.5273919092465753
512.0,512.0,4.0,5.0,2432.0,2625.0,80075.0,354464.0,0,0.940625,256.0,32.0,6400000.0,0.9409246575342465
1.0,512.0,2.0,1.0,1.0,1.0,39.0,32.0,0,0.5015625,256.0,4096.0,6400000.0,0.5273919092465753
512.0,512.0,2.0,24.0,2066.0,2042.0,67218.0,261184.0,0,0.9734375,2.0,0.00195312,6400000.0,0.9765258072407044
512.0,512.0,2.0,32.0,2058.0,2026.0,66778.0,258624.0,0,0.978125,0.000976562,0.0,6400000.0,0.9765273361056753
512.0,512.0,1.0,5.0,1028.0,1024.0,33346.0,98304.0,0,0.940625,256.0,4.0,6400000.0,0.9409246575342465
512.0,512.0,4.0,6.0,2780.0,2808.0,91388.0,383744.0,0,0.940625,32.0,64.0,6400000.0,0.9409246575342465
512.0,512.0,4.0,31.0,6244.0,6233.0,205182.0,931744.0,0,0.9890625,0.5,0.25,6400000.0,0.9788741438356166
1.0,512.0,2.0,1.0,1.0,1.0,39.0,32.0,0,0.5015625,0.00390625,32768.0,6400000.0,0.5273919092465753
1.0,512.0,4.0,1.0,1.0,1.0,63.0,32.0,0,0.5015625,2.0,32768.0,6400000.0,0.5273919092465753
512.0,512.0,2.0,22.0,2061.0,2039.0,67097.0,260704.0,0,0.9703125,2.0,0.5,6400000.0,0.9773085861056752
1.0,512.0,2.0,1.0,1.0,1.0,39.0,32.0,0,0.5015625,0.00195312,2048.0,6400000.0,0.5273919092465753
512.0,512.0,4.0,27.0,6316.0,6303.0,207640.0,942944.0,0,0.9890625,1.0,2.0,6400000.0,0.9776992111056751
512.0,512.0,2.0,17.0,2056.0,2039.0,67039.0,260704.0,0,0.965625,0.5,8.0,6400000.0,0.9694884417808218
512.0,512.0,2.0,19.0,2057.0,2038.0,67031.0,260544.0,0,0.9734375,0.00390625,4.0,6400000.0,0.9737860812133071
512.0,512.0,4.0,12.0,5413.0,5412.0,178153.0,800384.0,0,0.96875,16.0,8.0,6400000.0,0.9671416340508806
1.0,512.0,4.0,1.0,1.0,1.0,63.0,32.0,0,0.5015625,0.0625,8192.0,6400000.0,0.5273919092465753
1.0,512.0,2.0,1.0,1.0,1.0,39.0,32.0,0,0.5015625,1024.0,0.0,6400000.0,0.5273919092465753
512.0,512.0,2.0,8.0,2034.0,2026.0,66508.0,258624.0,0,0.959375,64.0,0.03125,6400000.0,0.9518782106164382
512.0,512.0,4.0,6.0,2784.0,2794.0,91502.0,381504.0,0,0.940625,0.00195312,128.0,6400000.0,0.9409246575342465
1.0,512.0,4.0,1.0,1.0,1.0,63.0,32.0,0,0.5015625,0.00390625,16384.0,6400000.0,0.5273919092465753
512.0,512.0,2.0,32.0,2065.0,2033.0,67009.0,259744.0,0,0.978125,0.00390625,0.0078125,6400000.0,0.9753531678082192
512.0,512.0,4.0,16.0,5618.0,5612.0,184829.0,832384.0,0,0.9765625,16.0,0.0078125,6400000.0,0.9690985812133072
512.0,512.0,4.0,30.0,6227.0,6217.0,204643.0,929184.0,0,0.990625,1.0,0.00195312,6400000.0,0.9800475477005872
1.0,512.0,2.0,1.0,1.0,1.0,39.0,32.0,0,0.5015625,1024.0,0.5,6400000.0,0.5273919092465753
512.0,512.0,2.0,29.0,2060.0,2031.0,66910.0,259424.0,0,0.9765625,1.0,0.0,6400000.0,0.9765273361056753
1.0,512.0,2.0,1.0,1.0,1.0,39.0,32.0,0,0.5015625,512.0,0.0625,6400000.0,0.5273919092465753
1.0,512.0,4.0,1.0,1.0,1.0,63.0,32.0,0,0.5015625,8.0,2048.0,6400000.0,0.5273919092465753
1.0,512.0,2.0,1.0,1.0,1.0,39.0,32.0,0,0.5015625,1024.0,512.0,6400000.0,0.5273919092465753
512.0,512.0,2.0,5.0,1345.0,1608.0,44102.0,191744.0,0,0.940625,0.125,256.0,6400000.0,0.9409246575342465
1.0,512.0,2.0,1.0,1.0,1.0,39.0,32.0,0,0.5015625,4.0,32768.0,6400000.0,0.5273919092465753
512.0,512.0,4.0,33.0,6329.0,6316.0,207943.0,945024.0,0,0.990625,0.015625,0.0,6400000.0,0.980047547700587
1.0,512.0,8.0,1.0,1.0,1.0,543.0,32.0,0,0.5015625,0.0,2048.0,6400000.0,0.5273919092465753
1.0,512.0,2.0,1.0,1.0,1.0,39.0,32.0,0,0.5015625,512.0,64.0,6400000.0,0.5273919092465753
1.0,512.0,2.0,1.0,1.0,1.0,39.0,32.0,0,0.5015625,2048.0,0.00390625,6400000.0,0.5273919092465753
1.0,512.0,2.0,1.0,1.0,1.0,39.0,32.0,0,0.5015625,2048.0,4.0,6400000.0,0.5273919092465753
512.0,512.0,2.0,6.0,1842.0,1837.0,60217.0,228384.0,0,0.940625,0.000976562,128.0,6400000.0,0.9409246575342465
512.0,512.0,4.0,11.0,5005.0,5003.0,164709.0,734944.0,0,0.96875,32.0,0.0625,6400000.0,0.9659667013209393
1.0,512.0,8.0,1.0,1.0,1.0,543.0,32.0,0,0.5015625,0.0,512.0,6400000.0,0.5273919092465753
512.0,512.0,2.0,9.0,2046.0,2037.0,66882.0,260384.0,0,0.9625,32.0,0.0078125,6400000.0,0.9640112830234834
512.0,512.0,2.0,6.0,1829.0,1825.0,59789.0,226464.0,0,0.940625,64.0,32.0,6400000.0,0.9409246575342465
1.0,512.0,2.0,1.0,1.0,1.0,39.0,32.0,0,0.5015625,0.03125,16384.0,6400000.0,0.5273919092465753
512.0,512.0,4.0,19.0,5808.0,5807.0,191056.0,863584.0,0,0.9828125,8.0,1.0,6400000.0,0.9800475477005872
1.0,512.0,2.0,1.0,1.0,1.0,39.0,32.0,0,0.5015625,2048.0,4096.0,6400000.0,0.5273919092465753
512.0,512.0,4.0,20.0,5924.0,5918.0,194858.0,881344.0,0,0.9859375,8.0,0.000976562,6400000.0,0.9796561582681018
1.0,512.0,2.0,1.0,1.0,1.0,39.0,32.0,0,0.5015625,4096.0,32768.0,6400000.0,0.5273919092465753
1.0,512.0,2.0,1.0,1.0,1.0,39.0,32.0,0,0.5015625,4096.0,0.03125,6400000.0,0.5273919092465753
512.0,512.0,2.0,25.0,2060.0,2035.0,66998.0,260064.0,0,0.9734375,0.03125,2.0,6400000.0,0.9776999755381605
1.0,512.0,2.0,1.0,1.0,1.0,39.0,32.0,0,0.5015625,4096.0,32.0,6400000.0,0.5273919092465753
512.0,512.0,4.0,27.0,6287.0,6274.0,206683.0,938304.0,0,0.9890625,2.0,0.015625,6400000.0,0.9792647688356164
1.0,512.0,2.0,1.0,1.0,1.0,39.0,32.0,0,0.5015625,2.0,2048.0,6400000.0,0.5273919092465753
512.0,512.0,2.0,28.0,2050.0,2022.0,66602.0,257984.0,0,0.9765625,1.0,0.0625,6400000.0,0.9753546966731899
512.0,512.0,2.0,31.0,2057.0,2026.0,66767.0,258624.0,0,0.978125,0.00195312,0.5,6400000.0,0.9753539322407045
1.0,512.0,8.0,1.0,1.0,1.0,543.0,32.0,0,0.5015625,0.0,32768.0,6400000.0,0.5273919092465753
1.0,512.0,8.0,1.0,1.0,1.0,543.0,32.0,0,0.5015625,0.0,8192.0,6400000.0,0.5273919092465753
512.0,512.0,2.0,32.0,2065.0,2033.0,67009.0,259744.0,0,0.978125,0.000976562,0.0625,6400000.0,0.9765273361056753
512.0,512.0,4.0,26.0,6127.0,6115.0,201425.0,912864.0,0,0.9890625,4.0,0.125,6400000.0,0.9780906005381602
1.0,512.0,4.0,1.0,1.0,1.0,63.0,32.0,0,0.5015625,16.0,16384.0,6400000.0,0.5273919092465753
512.0,512.0,4.0,26.0,6279.0,6267.0,206441.0,937184.0,0,0.990625,0.0078125,4.0,6400000.0,0.9776984466731898
512.0,512.0,2.0,14.0,2045.0,2031.0,66742.0,259424.0,0,0.9640625,16.0,0.5,6400000.0,0.9640112830234834
512.0,512.0,2.0,6.0,1842.0,1837.0,60217.0,228384.0,0,0.940625,128.0,0.000976562,6400000.0,0.9409246575342465
512.0,512.0,2.0,9.0,2045.0,2036.0,66849.0,260224.0,0,0.9625,32.0,4.0,6400000.0,0.9628371147260273
512.0,512.0,2.0,28.0,2052.0,2024.0,66668.0,258304.0,0,0.9734375,0.25,1.0,6400000.0,0.9777007399706459
512.0,512.0,2.0,6.0,1856.0,1852.0,60680.0,230784.0,0,0.940625,1.0,128.0,6400000.0,0.9409246575342465
1.0,512.0,2.0,1.0,1.0,1.0,39.0,32.0,0,0.5015625,8192.0,0.25,6400000.0,0.5273919092465753
1.0,512.0,2.0,1.0,1.0,1.0,39.0,32.0,0,0.5015625,8192.0,256.0,6400000.0,0.5273919092465753
1.0,512.0,2.0,1.0,1.0,1.0,39.0,32.0,0,0.5015625,16384.0,2.0,6400000.0,0.5273919092465753
512.0,512.0,4.0,30.0,6227.0,6217.0,204643.0,929184.0,0,0.990625,0.0,1.0,6400000.0,0.9792647688356165
512.0,512.0,2.0,31.0,2063.0,2032.0,66965.0,259584.0,0,0.9765625,0.015625,0.25,6400000.0,0.9761367111056753
1.0,512.0,2.0,1.0,1.0,1.0,39.0,32.0,0,0.5015625,16384.0,0.00195312,6400000.0,0.5273919092465753
512.0,512.0,2.0,31.0,2057.0,2026.0,66767.0,258624.0,0,0.98125,0.125,0.125,6400000.0,0.9773101149706458
512.0,512.0,2.0,32.0,2059.0,2027.0,66811.0,258784.0,0,0.978125,0.0078125,0.03125,6400000.0,0.9773093505381605
1.0,512.0,2.0,1.0,1.0,1.0,39.0,32.0,0,0.5015625,16384.0,2048.0,6400000.0,0.5273919092465753
512.0,512.0,2.0,8.0,1991.0,1984.0,65090.0,251904.0,0,0.94375,8.0,64.0,6400000.0,0.9354513209393345
512.0,512.0,4.0,8.0,4649.0,4658.0,153020.0,679744.0,0,0.959375,64.0,0.5,6400000.0,0.9569662732387474
1.0,512.0,4.0,1.0,1.0,1.0,63.0,32.0,0,0.5015625,64.0,1024.0,6400000.0,0.5273919092465753
512.0,512.0,2.0,14.0,2049.0,2035.0,66874.0,260064.0,0,0.965625,16.0,0.00195312,6400000.0,0.9636198935909981
512.0,512.0,2.0,32.0,2062.0,2030.0,66910.0,259264.0,0,0.978125,0.125,0.000976562,6400000.0,0.9765281005381606
1.0,512.0,4.0,1.0,1.0,1.0,63.0,32.0,0,0.5015625,128.0,8192.0,6400000.0,0.5273919092465753
512.0,512.0,2.0,31.0,2057.0,2026.0,66767.0,258624.0,0,0.98125,0.25,0.00390625,6400000.0,0.97613594667319
512.0,512.0,4.0,8.0,4643.0,4652.0,152822.0,678784.0,0,0.959375,64.0,0.0,6400000.0,0.9628371147260273
1.0,512.0,4.0,1.0,1.0,1.0,63.0,32.0,0,0.5015625,0.125,32768.0,6400000.0,0.5273919092465753
1.0,512.0,2.0,1.0,1.0,1.0,39.0,32.0,0,0.5015625,32768.0,0.015625,6400000.0,0.5273919092465753
1.0,512.0,2.0,1.0,1.0,1.0,39.0,32.0,0,0.5015625,128.0,512.0,6400000.0,0.5273919092465753
1.0,512.0,2.0,1.0,1.0,1.0,39.0,32.0,0,0.5015625,0.015625,1024.0,6400000.0,0.5273919092465753
512.0,512.0,8.0,8.0,4681.0,4886.0,158143.0,716224.0,0,0.959375,0.0,128.0,6400000.0,0.9409246575342465
1.0,512.0,4.0,1.0,1.0,1.0,63.0,32.0,0,0.5015625,512.0,512.0,6400000.0,0.5273919092465753
512.0,512.0,2.0,32.0,2065.0,2033.0,67009.0,259744.0,0,0.978125,0.0,0.015625,6400000.0,0.9753531678082192
1.0,512.0,8.0,1.0,1.0,1.0,543.0,32.0,0,0.5015625,0.000976562,1024.0,6400000.0,0.5273919092465753
1.0,512.0,8.0,1.0,1.0,1.0,543.0,32.0,0,0.5015625,0.000976562,4096.0,6400000.0,0.5273919092465753
1.0,512.0,4.0,1.0,1.0,1.0,63.0,32.0,0,0.5015625,0.03125,512.0,6400000.0,0.5273919092465753
1.0,512.0,4.0,1.0,1.0,1.0,63.0,32.0,0,0.5015625,512.0,0.0,6400000.0,0.5273919092465753
1.0,512.0,4.0,1.0,1.0,1.0,63.0,32.0,0,0.5015625,1024.0,4096.0,6400000.0,0.5273919092465753
1.0,512.0,4.0,1.0,1.0,1.0,63.0,32.0,0,0.5015625,1024.0,4.0,6400000.0,0.5273919092465753
1.0,512.0,2.0,1.0,1.0,1.0,39.0,32.0,0,0.5015625,32768.0,16.0,6400000.0,0.5273919092465753
512.0,512.0,2.0,6.0,1819.0,1815.0,59459.0,224864.0,0,0.940625,128.0,0.5,6400000.0,0.9409246575342465
512.0,512.0,4.0,5.0,2467.0,2632.0,81202.0,355584.0,0,0.940625,4.0,256.0,6400000.0,0.9409246575342465
1.0,512.0,4.0,1.0,1.0,1.0,63.0,32.0,0,0.5015625,1024.0,0.00390625,6400000.0,0.5273919092465753
1.0,512.0,2.0,1.0,1.0,1.0,39.0,32.0,0,0.5015625,32768.0,16384.0,6400000.0,0.5273919092465753
1.0,512.0,4.0,1.0,1.0,1.0,63.0,32.0,0,0.5015625,2048.0,32768.0,6400000.0,0.5273919092465753
1.0,512.0,4.0,1.0,1.0,1.0,63.0,32.0,0,0.5015625,2048.0,32.0,6400000.0,0.5273919092465753
1.0,512.0,4.0,1.0,1.0,1.0,63.0,32.0,0,0.5015625,4096.0,256.0,6400000.0,0.5273919092465753
1.0,512.0,4.0,1.0,1.0,1.0,63.0,32.0,0,0.5015625,2048.0,0.03125,6400000.0,0.5273919092465753
1.0,512.0,4.0,1.0,1.0,1.0,63.0,32.0,0,0.5015625,0.5,1024.0,6400000.0,0.5273919092465753
1.0,512.0,8.0,1.0,1.0,1.0,543.0,32.0,0,0.5015625,0.000976562,16384.0,6400000.0,0.5273919092465753
1.0,512.0,2.0,1.0,1.0,1.0,39.0,32.0,0,0.5015625,32.0,16384.0,6400000.0,0.5273919092465753
1.0,512.0,4.0,1.0,1.0,1.0,63.0,32.0,0,0.5015625,4096.0,0.25,6400000.0,0.5273919092465753
512.0,512.0,2.0,8.0,1998.0,1991.0,65321.0,253024.0,0,0.94375,0.0078125,64.0,6400000.0,0.9377981286692758
1.0,512.0,4.0,1.0,1.0,1.0,63.0,32.0,0,0.5015625,8192.0,2.0,6400000.0,0.5273919092465753
1.0,512.0,4.0,1.0,1.0,1.0,63.0,32.0,0,0.5015625,512.0,0.5,6400000.0,0.5273919092465753
1.0,512.0,4.0,1.0,1.0,1.0,63.0,32.0,0,0.5015625,8192.0,0.00195312,6400000.0,0.5273919092465753
1.0,512.0,4.0,1.0,1.0,1.0,63.0,32.0,0,0.5015625,1.0,8192.0,6400000.0,0.5273919092465753
1.0,512.0,4.0,1.0,1.0,1.0,63.0,32.0,0,0.5015625,8192.0,2048.0,6400000.0,0.5273919092465753
512.0,512.0,2.0,5.0,1345.0,1608.0,44102.0,191744.0,0,0.940625,256.0,4.0,6400000.0,0.9409246575342465
1.0,512.0,4.0,1.0,1.0,1.0,63.0,32.0,0,0.5015625,16384.0,0.015625,6400000.0,0.5273919092465753
1.0,512.0,4.0,1.0,1.0,1.0,63.0,32.0,0,0.5015625,16384.0,16.0,6400000.0,0.5273919092465753
1.0,512.0,4.0,1.0,1.0,1.0,63.0,32.0,0,0.5015625,32768.0,0.125,6400000.0,0.5273919092465753
1.0,512.0,2.0,1.0,1.0,1.0,39.0,32.0,0,0.5015625,16.0,1024.0,6400000.0,0.5273919092465753
1.0,512.0,4.0,1.0,1.0,1.0,63.0,32.0,0,0.5015625,16384.0,16384.0,6400000.0,0.5273919092465753
512.0,512.0,4.0,32.0,6292.0,6279.0,206743.0,939104.0,0,0.990625,0.5,0.0,6400000.0,0.9808303265655578
1.0,512.0,2.0,1.0,1.0,1.0,39.0,32.0,0,0.5015625,0.25,8192.0,6400000.0,0.5273919092465753
1.0,512.0,4.0,1.0,1.0,1.0,63.0,32.0,0,0.5015625,32768.0,128.0,6400000.0,0.5273919092465753
1.0,512.0,2.0,1.0,1.0,1.0,39.0,32.0,0,0.5015625,256.0,8192.0,6400000.0,0.5273919092465753
512.0,512.0,2.0,31.0,2058.0,2027.0,66800.0,258784.0,0,0.975,0.5,0.015625,6400000.0,0.9777015044031312
512.0,512.0,8.0,5.0,2467.0,2632.0,84562.0,355584.0,0,0.940625,0.000976562,256.0,6400000.0,0.9409246575342465
512.0,512.0,2.0,5.0,1345.0,1608.0,44102.0,191744.0,0,0.940625,256.0,0.0078125,6400000.0,0.9409246575342465
512.0,512.0,2.0,32.0,2065.0,2033.0,67009.0,259744.0,0,0.978125,0.015625,0.00195312,6400000.0,0.9757445572407045
512.0,512.0,4.0,32.0,6241.0,6229.0,205061.0,931104.0,0,0.990625,0.0625,0.000976562,6400000.0,0.9800475477005872
512.0,512.0,4.0,33.0,6331.0,6318.0,208009.0,945344.0,0,0.9890625,0.03125,0.000976562,6400000.0,0.9792647688356164
512.0,512.0,2.0,17.0,2055.0,2038.0,67006.0,260544.0,0,0.965625,8.0,0.0625,6400000.0,0.9698775379158512
512.0,512.0,4.0,33.0,6286.0,6274.0,206525.0,938304.0,0,0.990625,0.000976562,0.0078125,6400000.0,0.980438172700587
1.0,512.0,2.0,1.0,1.0,1.0,39.0,32.0,0,0.5015625,0.00195312,4096.0,6400000.0,0.5273919092465753
1.0,512.0,4.0,1.0,1.0,1.0,63.0,32.0,0,0.5015625,0.0625,16384.0,6400000.0,0.5273919092465753
512.0,512.0,4.0,8.0,3850.0,4097.0,126875.0,589984.0,0,0.95,0.015625,64.0,6400000.0,0.9393636863992171
512.0,512.0,4.0,32.0,6292.0,6279.0,206743.0,939104.0,0,0.990625,0.00390625,0.5,6400000.0,0.9808303265655578
512.0,512.0,2.0,9.0,2041.0,2032.0,66717.0,259584.0,0,0.9625,0.0625,32.0,6400000.0,0.9620543358610567
512.0,512.0,2.0,16.0,2053.0,2037.0,66962.0,260384.0,0,0.975,4.0,8.0,6400000.0,0.964401143590998
512.0,512.0,2.0,14.0,2046.0,2032.0,66775.0,259584.0,0,0.965625,0.0,16.0,6400000.0,0.9636198935909981
1.0,512.0,4.0,1.0,1.0,1.0,63.0,32.0,0,0.5015625,0.00390625,32768.0,6400000.0,0.5273919092465753
512.0,512.0,4.0,29.0,6190.0,6175.0,203438.0,922464.0,0,0.990625,0.0625,1.0,6400000.0,0.9796561582681018
1.0,512.0,4.0,1.0,1.0,1.0,63.0,32.0,0,0.5015625,8.0,4096.0,6400000.0,0.5273919092465753
512.0,512.0,4.0,6.0,2784.0,2794.0,91502.0,381504.0,0,0.940625,128.0,0.0078125,6400000.0,0.9409246575342465
512.0,512.0,4.0,5.0,2467.0,2632.0,81202.0,355584.0,0,0.940625,256.0,0.0625,6400000.0,0.9409246575342465
1.0,512.0,8.0,1.0,1.0,1.0,543.0,32.0,0,0.5015625,0.0,4096.0,6400000.0,0.5273919092465753
512.0,512.0,4.0,7.0,3996.0,4255.0,131726.0,615264.0,0,0.946875,128.0,8.0,6400000.0,0.9409246575342465
1.0,512.0,8.0,1.0,1.0,1.0,543.0,32.0,0,0.5015625,0.00195312,2048.0,6400000.0,0.5273919092465753
512.0,512.0,4.0,5.0,2596.0,2734.0,85432.0,371904.0,0,0.940625,256.0,64.0,6400000.0,0.9409246575342465
512.0,512.0,4.0,32.0,6241.0,6229.0,205061.0,931104.0,0,0.990625,0.00195312,0.0625,6400000.0,0.9800475477005872
1.0,512.0,8.0,1.0,1.0,1.0,543.0,32.0,0,0.5015625,0.00195312,512.0,6400000.0,0.5273919092465753
1.0,512.0,8.0,1.0,1.0,1.0,543.0,32.0,0,0.5015625,0.0,1024.0,6400000.0,0.5273919092465753
1.0,512.0,8.0,1.0,1.0,1.0,543.0,32.0,0,0.5015625,0.00195312,32768.0,6400000.0,0.5273919092465753
1.0,512.0,8.0,1.0,1.0,1.0,543.0,32.0,0,0.5015625,0.00195312,8192.0,6400000.0,0.5273919092465753
1.0,512.0,2.0,1.0,1.0,1.0,39.0,32.0,0,0.5015625,0.125,512.0,6400000.0,0.5273919092465753
512.0,512.0,2.0,32.0,2059.0,2027.0,66811.0,258784.0,0,0.978125,0.03125,0.0078125,6400000.0,0.9773093505381605
512.0,512.0,2.0,20.0,2059.0,2039.0,67075.0,260704.0,0,0.9734375,4.0,0.015625,6400000.0,0.9737860812133073
1.0,512.0,2.0,1.0,1.0,1.0,39.0,32.0,0,0.5015625,2.0,4096.0,6400000.0,0.5273919092465753
1.0,512.0,8.0,1.0,1.0,1.0,543.0,32.0,0,0.5015625,0.0,16384.0,6400000.0,0.5273919092465753
512.0,512.0,4.0,8.0,4171.0,4321.0,137387.0,625824.0,0,0.95,0.25,64.0,6400000.0,0.9377981286692758
512.0,512.0,4.0,33.0,6282.0,6270.0,206393.0,937664.0,0,0.990625,0.0078125,0.00390625,6400000.0,0.9804389371330723
1.0,512.0,4.0,1.0,1.0,1.0,63.0,32.0,0,0.5015625,16.0,32768.0,6400000.0,0.5273919092465753
512.0,512.0,4.0,22.0,6001.0,5993.0,197355.0,893344.0,0,0.984375,0.125,8.0,6400000.0,0.9796561582681017
512.0,512.0,2.0,24.0,2066.0,2042.0,67218.0,261184.0,0,0.9734375,2.0,0.00390625,6400000.0,0.9769171966731898
512.0,512.0,4.0,5.0,2467.0,2632.0,81202.0,355584.0,0,0.940625,0.00195312,256.0,6400000.0,0.9409246575342465
512.0,512.0,2.0,5.0,1345.0,1608.0,44102.0,191744.0,0,0.940625,0.000976562,256.0,6400000.0,0.9409246575342465
512.0,512.0,2.0,13.0,2044.0,2031.0,66731.0,259424.0,0,0.9609375,0.5,16.0,6400000.0,0.964401143590998
512.0,512.0,2.0,8.0,2034.0,2026.0,66508.0,258624.0,0,0.959375,64.0,0.0625,6400000.0,0.9518782106164382
512.0,512.0,2.0,6.0,1842.0,1837.0,60217.0,228384.0,0,0.940625,64.0,64.0,6400000.0,0.9409246575342465
1.0,512.0,4.0,1.0,1.0,1.0,63.0,32.0,0,0.5015625,64.0,2048.0,6400000.0,0.5273919092465753
512.0,512.0,4.0,5.0,2467.0,2632.0,81202.0,355584.0,0,0.940625,32.0,128.0,6400000.0,0.9409246575342465
512.0,512.0,4.0,32.0,6256.0,6244.0,205556.0,933504.0,0,0.9890625,0.015625,0.03125,6400000.0,0.9804389371330725
1.0,512.0,4.0,1.0,1.0,1.0,63.0,32.0,0,0.5015625,128.0,16384.0,6400000.0,0.5273919092465753
512.0,512.0,2.0,18.0,2058.0,2040.0,67086.0,260864.0,0,0.971875,0.00390625,8.0,6400000.0,0.9722258745107633
512.0,512.0,2.0,22.0,2059.0,2037.0,67031.0,260384.0,0,0.9703125,2.0,1.0,6400000.0,0.9757430283757337
512.0,512.0,2.0,32.0,2065.0,2033.0,67009.0,259744.0,0,0.978125,0.00195312,0.00390625,6400000.0,0.9765273361056753
512.0,512.0,2.0,32.0,2060.0,2028.0,66844.0,258944.0,0,0.978125,0.0625,0.03125,6400000.0,0.9773093505381606
1.0,512.0,2.0,1.0,1.0,1.0,39.0,32.0,0,0.5015625,0.015625,2048.0,6400000.0,0.5273919092465753
1.0,512.0,2.0,1.0,1.0,1.0,39.0,32.0,0,0.5015625,128.0,1024.0,6400000.0,0.5273919092465753
1.0,512.0,4.0,1.0,1.0,1.0,63.0,32.0,0,0.5015625,512.0,1024.0,6400000.0,0.5273919092465753
1.0,512.0,8.0,1.0,1.0,1.0,543.0,32.0,0,0.5015625,0.000976562,8192.0,6400000.0,0.5273919092465753
1.0,512.0,8.0,1.0,1.0,1.0,543.0,32.0,0,0.5015625,0.000976562,2048.0,6400000.0,0.5273919092465753
1.0,512.0,4.0,1.0,1.0,1.0,63.0,32.0,0,0.5015625,1024.0,8.0,6400000.0,0.5273919092465753
512.0,512.0,2.0,9.0,2046.0,2037.0,66882.0,260384.0,0,0.9625,32.0,0.015625,6400000.0,0.9640112830234834
512.0,512.0,2.0,5.0,1345.0,1608.0,44102.0,191744.0,0,0.940625,1.0,256.0,6400000.0,0.9409246575342465
1.0,512.0,4.0,1.0,1.0,1.0,63.0,32.0,0,0.5015625,1024.0,8192.0,6400000.0,0.5273919092465753
1.0,512.0,4.0,1.0,1.0,1.0,63.0,32.0,0,0.5015625,0.03125,1024.0,6400000.0,0.5273919092465753
1.0,512.0,8.0,1.0,1.0,1.0,543.0,32.0,0,0.5015625,0.00390625,1024.0,6400000.0,0.5273919092465753
512.0,512.0,8.0,8.0,4681.0,4886.0,158143.0,716224.0,0,0.959375,0.00195312,128.0,6400000.0,0.9409246575342465
1.0,512.0,4.0,1.0,1.0,1.0,63.0,32.0,0,0.5015625,0.5,2048.0,6400000.0,0.5273919092465753
1.0,512.0,4.0,1.0,1.0,1.0,63.0,32.0,0,0.5015625,4096.0,512.0,6400000.0,0.5273919092465753
1.0,512.0,4.0,1.0,1.0,1.0,63.0,32.0,0,0.5015625,2048.0,0.0625,6400000.0,0.5273919092465753
1.0,512.0,4.0,1.0,1.0,1.0,63.0,32.0,0,0.5015625,1024.0,0.0078125,6400000.0,0.5273919092465753
1.0,512.0,4.0,1.0,1.0,1.0,63.0,32.0,0,0.5015625,2048.0,64.0,6400000.0,0.5273919092465753
1.0,512.0,8.0,1.0,1.0,1.0,543.0,32.0,0,0.5015625,0.00390625,4096.0,6400000.0,0.5273919092465753
1.0,512.0,4.0,1.0,1.0,1.0,63.0,32.0,0,0.5015625,4096.0,0.0,6400000.0,0.5273919092465753
1.0,512.0,8.0,1.0,1.0,1.0,543.0,32.0,0,0.5015625,0.00390625,16384.0,6400000.0,0.5273919092465753
1.0,512.0,8.0,1.0,1.0,1.0,543.0,32.0,0,0.5015625,0.000976562,32768.0,6400000.0,0.5273919092465753
1.0,512.0,4.0,1.0,1.0,1.0,63.0,32.0,0,0.5015625,4096.0,0.5,6400000.0,0.5273919092465753
1.0,512.0,4.0,1.0,1.0,1.0,63.0,32.0,0,0.5015625,512.0,0.000976562,6400000.0,0.5273919092465753
1.0,512.0,4.0,1.0,1.0,1.0,63.0,32.0,0,0.5015625,8192.0,4096.0,6400000.0,0.5273919092465753
1.0,512.0,4.0,1.0,1.0,1.0,63.0,32.0,0,0.5015625,8192.0,4.0,6400000.0,0.5273919092465753
512.0,512.0,8.0,13.0,9660.0,9762.0,322722.0,1496384.0,0,0.9703125,0.0,32.0,6400000.0,0.9659667013209393
1.0,512.0,4.0,1.0,1.0,1.0,63.0,32.0,0,0.5015625,1.0,16384.0,6400000.0,0.5273919092465753
1.0,512.0,4.0,1.0,1.0,1.0,63.0,32.0,0,0.5015625,32768.0,0.25,6400000.0,0.5273919092465753
1.0,512.0,4.0,1.0,1.0,1.0,63.0,32.0,0,0.5015625,8192.0,0.00390625,6400000.0,0.5273919092465753
1.0,512.0,4.0,1.0,1.0,1.0,63.0,32.0,0,0.5015625,16384.0,0.03125,6400000.0,0.5273919092465753
1.0,512.0,4.0,1.0,1.0,1.0,63.0,32.0,0,0.5015625,16384.0,32.0,6400000.0,0.5273919092465753
1.0,512.0,2.0,1.0,1.0,1.0,39.0,32.0,0,0.5015625,16.0,2048.0,6400000.0,0.5273919092465753
1.0,512.0,4.0,1.0,1.0,1.0,63.0,32.0,0,0.5015625,16384.0,32768.0,6400000.0,0.5273919092465753
1.0,512.0,4.0,1.0,1.0,1.0,63.0,32.0,0,0.5015625,512.0,1.0,6400000.0,0.5273919092465753
1.0,512.0,4.0,1.0,1.0,1.0,63.0,32.0,0,0.5015625,32768.0,256.0,6400000.0,0.5273919092465753
512.0,512.0,2.0,14.0,2047.0,2033.0,66808.0,259744.0,0,0.9640625,16.0,1.0,6400000.0,0.9632285041585128
512.0,512.0,8.0,5.0,2467.0,2632.0,84562.0,355584.0,0,0.940625,0.00390625,256.0,6400000.0,0.9409246575342465
512.0,512.0,2.0,5.0,1350.0,1609.0,44263.0,191904.0,0,0.940625,8.0,128.0,6400000.0,0.9409246575342465
512.0,512.0,2.0,9.0,2044.0,2035.0,66816.0,260064.0,0,0.9625,32.0,8.0,6400000.0,0.9593146098336593
512.0,512.0,4.0,32.0,6282.0,6270.0,206414.0,937664.0,0,0.9875,0.125,0.0078125,6400000.0,0.9796561582681018
1.0,512.0,4.0,1.0,1.0,1.0,63.0,32.0,0,0.5015625,4.0,512.0,6400000.0,0.5273919092465753
512.0,512.0,2.0,32.0,2065.0,2033.0,67009.0,259744.0,0,0.978125,0.00390625,0.015625,6400000.0,0.9749617783757337
512.0,512.0,2.0,19.0,2057.0,2038.0,67031.0,260544.0,0,0.971875,0.03125,4.0,6400000.0,0.9749602495107631
512.0,512.0,2.0,6.0,1856.0,1852.0,60680.0,230784.0,0,0.940625,128.0,1.0,6400000.0,0.9409246575342465
512.0,512.0,4.0,33.0,6328.0,6316.0,207911.0,945024.0,0,0.9921875,0.0,0.00195312,6400000.0,0.9800483121330725
1.0,512.0,4.0,1.0,1.0,1.0,63.0,32.0,0,0.5015625,0.0625,32768.0,6400000.0,0.5273919092465753
512.0,512.0,2.0,29.0,2062.0,2033.0,66976.0,259744.0,0,0.9765625,1.0,0.125,6400000.0,0.9737899033757339
512.0,512.0,2.0,5.0,1342.0,1607.0,44005.0,191584.0,0,0.940625,256.0,8.0,6400000.0,0.9409246575342465
1.0,512.0,8.0,1.0,1.0,1.0,543.0,32.0,0,0.5015625,0.000976562,512.0,6400000.0,0.5273919092465753
512.0,512.0,2.0,30.0,2053.0,2023.0,66657.0,258144.0,0,0.9765625,0.00195312,1.0,6400000.0,0.9773093505381605
512.0,512.0,2.0,6.0,1842.0,1837.0,60217.0,228384.0,0,0.940625,0.0078125,128.0,6400000.0,0.9409246575342465
512.0,512.0,2.0,22.0,2062.0,2040.0,67130.0,260864.0,0,0.9703125,0.25,2.0,6400000.0,0.9765265716731898
512.0,512.0,2.0,32.0,2062.0,2030.0,66910.0,259264.0,0,0.978125,0.000976562,0.125,6400000.0,0.9757453216731898
512.0,512.0,8.0,5.0,2467.0,2632.0,84562.0,355584.0,0,0.940625,0.0,256.0,6400000.0,0.9409246575342465
1.0,512.0,4.0,1.0,1.0,1.0,63.0,32.0,0,0.5015625,8.0,8192.0,6400000.0,0.5273919092465753
512.0,512.0,4.0,11.0,4881.0,4879.0,160617.0,715104.0,0,0.96875,2.0,32.0,6400000.0,0.9655760763209393
1.0,512.0,8.0,1.0,1.0,1.0,543.0,32.0,0,0.5015625,0.00195312,4096.0,6400000.0,0.5273919092465753
512.0,512.0,2.0,31.0,2058.0,2027.0,66800.0,258784.0,0,0.975,0.015625,0.5,6400000.0,0.97730782167319
1.0,512.0,8.0,1.0,1.0,1.0,543.0,32.0,0,0.5015625,0.00195312,16384.0,6400000.0,0.5273919092465753
1.0,512.0,8.0,1.0,1.0,1.0,543.0,32.0,0,0.5015625,0.00195312,1024.0,6400000.0,0.5273919092465753
512.0,512.0,2.0,31.0,2057.0,2026.0,66767.0,258624.0,0,0.9796875,0.125,0.25,6400000.0,0.9765281005381606
1.0,512.0,2.0,1.0,1.0,1.0,39.0,32.0,0,0.5015625,0.125,1024.0,6400000.0,0.5273919092465753
512.0,512.0,2.0,32.0,2064.0,2032.0,66976.0,259584.0,0,0.975,0.0078125,0.0625,6400000.0,0.9777007399706459
512.0,512.0,4.0,33.0,6346.0,6334.0,208505.0,947904.0,0,0.9921875,0.000976562,0.0,6400000.0,0.9800483121330725
512.0,512.0,2.0,31.0,2057.0,2026.0,66767.0,258624.0,0,0.98125,0.25,0.0078125,6400000.0,0.9757445572407046
1.0,512.0,8.0,1.0,1.0,1.0,543.0,32.0,0,0.5015625,0.0078125,512.0,6400000.0,0.5273919092465753
512.0,512.0,4.0,13.0,5365.0,5364.0,176548.0,792704.0,0,0.9703125,0.000976562,16.0,6400000.0,0.9690985812133072
1.0,512.0,8.0,1.0,1.0,1.0,543.0,32.0,0,0.5015625,0.0078125,2048.0,6400000.0,0.5273919092465753
512.0,512.0,4.0,26.0,6002.0,5990.0,197300.0,892864.0,0,0.9859375,4.0,0.0,6400000.0,0.9769156678082191
512.0,512.0,4.0,11.0,5005.0,5003.0,164709.0,734944.0,0,0.96875,16.0,16.0,6400000.0,0.9659667013209393
512.0,512.0,2.0,32.0,2060.0,2028.0,66844.0,258944.0,0,0.978125,0.0,0.03125,6400000.0,0.9773093505381605
1.0,512.0,4.0,1.0,1.0,1.0,63.0,32.0,0,0.5015625,64.0,4096.0,6400000.0,0.5273919092465753
512.0,512.0,2.0,17.0,2056.0,2039.0,67039.0,260704.0,0,0.971875,8.0,0.125,6400000.0,0.9694861484833659
512.0,512.0,2.0,8.0,1998.0,1991.0,65321.0,253024.0,0,0.94375,0.0625,64.0,6400000.0,0.9377981286692758
512.0,512.0,2.0,9.0,2041.0,2032.0,66717.0,259584.0,0,0.9625,0.0,32.0,6400000.0,0.9620543358610567
512.0,512.0,2.0,12.0,2049.0,2037.0,66918.0,260384.0,0,0.9640625,4.0,16.0,6400000.0,0.9624457252935421
1.0,512.0,4.0,1.0,1.0,1.0,63.0,32.0,0,0.5015625,128.0,32768.0,6400000.0,0.5273919092465753
512.0,512.0,4.0,5.0,2467.0,2632.0,81202.0,355584.0,0,0.940625,256.0,0.125,6400000.0,0.9409246575342465
512.0,512.0,4.0,6.0,2784.0,2794.0,91502.0,381504.0,0,0.940625,128.0,0.015625,6400000.0,0.9409246575342465
1.0,512.0,8.0,1.0,1.0,1.0,543.0,32.0,0,0.5015625,0.0078125,8192.0,6400000.0,0.5273919092465753
512.0,512.0,4.0,5.0,2467.0,2632.0,81202.0,355584.0,0,0.940625,128.0,16.0,6400000.0,0.9409246575342465
1.0,512.0,2.0,1.0,1.0,1.0,39.0,32.0,0,0.5015625,0.000976562,512.0,6400000.0,0.5273919092465753
512.0,512.0,4.0,11.0,5005.0,5003.0,164709.0,734944.0,0,0.96875,32.0,0.125,6400000.0,0.9659667013209393
1.0,512.0,8.0,1.0,1.0,1.0,543.0,32.0,0,0.5015625,0.0078125,32768.0,6400000.0,0.5273919092465753
1.0,512.0,4.0,1.0,1.0,1.0,63.0,32.0,0,0.5015625,512.0,2048.0,6400000.0,0.5273919092465753
1.0,512.0,4.0,1.0,1.0,1.0,63.0,32.0,0,0.5015625,1024.0,16384.0,6400000.0,0.5273919092465753
512.0,512.0,2.0,31.0,2063.0,2032.0,66965.0,259584.0,0,0.978125,0.5,0.03125,6400000.0,0.9765273361056753
1.0,512.0,4.0,1.0,1.0,1.0,63.0,32.0,0,0.5015625,1024.0,16.0,6400000.0,0.5273919092465753
1.0,512.0,4.0,1.0,1.0,1.0,63.0,32.0,0,0.5015625,0.00195312,512.0,6400000.0,0.5273919092465753
1.0,512.0,8.0,1.0,1.0,1.0,543.0,32.0,0,0.5015625,0.00390625,2048.0,6400000.0,0.5273919092465753
1.0,512.0,4.0,1.0,1.0,1.0,63.0,32.0,0,0.5015625,0.03125,2048.0,6400000.0,0.5273919092465753
1.0,512.0,4.0,1.0,1.0,1.0,63.0,32.0,0,0.5015625,2048.0,0.125,6400000.0,0.5273919092465753
1.0,512.0,4.0,1.0,1.0,1.0,63.0,32.0,0,0.5015625,0.5,4096.0,6400000.0,0.5273919092465753
1.0,512.0,4.0,1.0,1.0,1.0,63.0,32.0,0,0.5015625,4096.0,1024.0,6400000.0,0.5273919092465753
1.0,512.0,4.0,1.0,1.0,1.0,63.0,32.0,0,0.5015625,2048.0,128.0,6400000.0,0.5273919092465753
1.0,512.0,4.0,1.0,1.0,1.0,63.0,32.0,0,0.5015625,1024.0,0.015625,6400000.0,0.5273919092465753
1.0,512.0,8.0,1.0,1.0,1.0,543.0,32.0,0,0.5015625,0.00390625,8192.0,6400000.0,0.5273919092465753
1.0,512.0,8.0,1.0,1.0,1.0,543.0,32.0,0,0.5015625,0.00390625,32768.0,6400000.0,0.5273919092465753
1.0,512.0,4.0,1.0,1.0,1.0,63.0,32.0,0,0.5015625,4096.0,1.0,6400000.0,0.5273919092465753
1.0,512.0,4.0,1.0,1.0,1.0,63.0,32.0,0,0.5015625,4096.0,0.000976562,6400000.0,0.5273919092465753
512.0,512.0,8.0,8.0,5673.0,5705.0,190675.0,847264.0,0,0.959375,0.000976562,64.0,6400000.0,0.9499312010763209
1.0,512.0,4.0,1.0,1.0,1.0,63.0,32.0,0,0.5015625,8192.0,8192.0,6400000.0,0.5273919092465753
1.0,512.0,4.0,1.0,1.0,1.0,63.0,32.0,0,0.5015625,1.0,32768.0,6400000.0,0.5273919092465753
1.0,512.0,4.0,1.0,1.0,1.0,63.0,32.0,0,0.5015625,8192.0,0.0078125,6400000.0,0.5273919092465753
1.0,512.0,4.0,1.0,1.0,1.0,63.0,32.0,0,0.5015625,16384.0,0.0625,6400000.0,0.5273919092465753
1.0,512.0,4.0,1.0,1.0,1.0,63.0,32.0,0,0.5015625,32768.0,0.5,6400000.0,0.5273919092465753
1.0,512.0,4.0,1.0,1.0,1.0,63.0,32.0,0,0.5015625,8192.0,8.0,6400000.0,0.5273919092465753
1.0,512.0,4.0,1.0,1.0,1.0,63.0,32.0,0,0.5015625,32768.0,0.0,6400000.0,0.5273919092465753
1.0,512.0,4.0,1.0,1.0,1.0,63.0,32.0,0,0.5015625,16384.0,64.0,6400000.0,0.5273919092465753
512.0,512.0,2.0,5.0,1338.0,1607.0,43877.0,191584.0,0,0.940625,64.0,128.0,6400000.0,0.9409246575342465
1.0,512.0,2.0,1.0,1.0,1.0,39.0,32.0,0,0.5015625,1.0,512.0,6400000.0,0.5273919092465753
1.0,512.0,4.0,1.0,1.0,1.0,63.0,32.0,0,0.5015625,512.0,0.00195312,6400000.0,0.5273919092465753
512.0,512.0,8.0,8.0,4681.0,4886.0,158143.0,716224.0,0,0.959375,0.0078125,128.0,6400000.0,0.9409246575342465
1.0,512.0,4.0,1.0,1.0,1.0,63.0,32.0,0,0.5015625,32768.0,512.0,6400000.0,0.5273919092465753
512.0,512.0,4.0,5.0,1490.0,1848.0,49138.0,230144.0,0,0.940625,256.0,128.0,6400000.0,0.9033657962328766
512.0,512.0,4.0,16.0,5618.0,5612.0,184829.0,832384.0,0,0.9765625,16.0,0.015625,6400000.0,0.9690985812133072
1.0,512.0,4.0,1.0,1.0,1.0,63.0,32.0,0,0.5015625,512.0,2.0,6400000.0,0.5273919092465753
1.0,512.0,4.0,1.0,1.0,1.0,63.0,32.0,0,0.5015625,4.0,1024.0,6400000.0,0.5273919092465753
512.0,512.0,8.0,13.0,9660.0,9762.0,322722.0,1496384.0,0,0.9703125,0.00195312,32.0,6400000.0,0.9659667013209393
512.0,512.0,2.0,20.0,2059.0,2039.0,67075.0,260704.0,0,0.9734375,4.0,0.03125,6400000.0,0.9745688600782779
512.0,512.0,2.0,9.0,2041.0,2032.0,66717.0,259584.0,0,0.9625,0.5,32.0,6400000.0,0.9620543358610567
512.0,512.0,4.0,5.0,2432.0,2625.0,80075.0,354464.0,0,0.940625,32.0,256.0,6400000.0,0.9409246575342465
512.0,512.0,2.0,8.0,2034.0,2026.0,66508.0,258624.0,0,0.959375,64.0,0.125,6400000.0,0.9518782106164382
512.0,512.0,4.0,33.0,6289.0,6277.0,206624.0,938784.0,0,0.990625,0.00195312,0.000976562,6400000.0,0.9800483121330725
1.0,512.0,8.0,1.0,1.0,1.0,543.0,32.0,0,0.5015625,0.00390625,512.0,6400000.0,0.5273919092465753
512.0,512.0,2.0,13.0,2048.0,2035.0,66863.0,260064.0,0,0.9625,0.00390625,16.0,6400000.0,0.9636198935909981
512.0,512.0,2.0,5.0,1342.0,1607.0,44005.0,191584.0,0,0.940625,8.0,256.0,6400000.0,0.9409246575342465
512.0,512.0,2.0,32.0,2059.0,2027.0,66811.0,258784.0,0,0.978125,0.03125,0.015625,6400000.0,0.9769187255381606
1.0,512.0,4.0,1.0,1.0,1.0,63.0,32.0,0,0.5015625,8.0,16384.0,6400000.0,0.5273919092465753
512.0,512.0,2.0,20.0,2059.0,2039.0,67075.0,260704.0,0,0.9734375,2.0,2.0,6400000.0,0.9745688600782779
512.0,512.0,8.0,5.0,2467.0,2632.0,84562.0,355584.0,0,0.940625,0.00195312,256.0,6400000.0,0.9409246575342465
1.0,512.0,8.0,1.0,1.0,1.0,543.0,32.0,0,0.5015625,0.015625,1024.0,6400000.0,0.5273919092465753
1.0,512.0,8.0,1.0,1.0,1.0,543.0,32.0,0,0.5015625,0.015625,4096.0,6400000.0,0.5273919092465753
512.0,512.0,4.0,11.0,5005.0,5003.0,164709.0,734944.0,0,0.96875,32.0,0.0,6400000.0,0.9659667013209393
512.0,512.0,2.0,12.0,2044.0,2032.0,66753.0,259584.0,0,0.9640625,16.0,2.0,6400000.0,0.9636198935909981
1.0,512.0,8.0,1.0,1.0,1.0,543.0,32.0,0,0.5015625,0.015625,16384.0,6400000.0,0.5273919092465753
512.0,512.0,2.0,5.0,1345.0,1608.0,44102.0,191744.0,0,0.940625,0.0078125,256.0,6400000.0,0.9409246575342465
512.0,512.0,2.0,9.0,2041.0,2032.0,66717.0,259584.0,0,0.9625,32.0,16.0,6400000.0,0.9593146098336593
1.0,512.0,8.0,1.0,1.0,1.0,543.0,32.0,0,0.5015625,0.0078125,1024.0,6400000.0,0.5273919092465753
512.0,512.0,4.0,32.0,6283.0,6270.0,206446.0,937664.0,0,0.990625,0.25,0.0625,6400000.0,0.978873379403131
1.0,512.0,8.0,1.0,1.0,1.0,543.0,32.0,0,0.5015625,0.0078125,4096.0,6400000.0,0.5273919092465753
512.0,512.0,2.0,32.0,2062.0,2030.0,66910.0,259264.0,0,0.978125,0.0625,0.0625,6400000.0,0.9765273361056753
512.0,512.0,4.0,20.0,5882.0,5882.0,193478.0,875584.0,0,0.9859375,8.0,2.0,6400000.0,0.9765281005381604
512.0,512.0,8.0,5.0,2467.0,2632.0,84562.0,355584.0,0,0.940625,0.015625,256.0,6400000.0,0.9409246575342465
512.0,512.0,4.0,6.0,2784.0,2794.0,91502.0,381504.0,0,0.940625,0.015625,128.0,6400000.0,0.9409246575342465
1.0,512.0,4.0,1.0,1.0,1.0,63.0,32.0,0,0.5015625,64.0,8192.0,6400000.0,0.5273919092465753
512.0,512.0,2.0,18.0,2061.0,2043.0,67185.0,261344.0,0,0.971875,0.03125,8.0,6400000.0,0.9706603167808219
512.0,512.0,4.0,20.0,5924.0,5918.0,194858.0,881344.0,0,0.9859375,8.0,0.00195312,6400000.0,0.9796561582681018
512.0,512.0,4.0,32.0,6345.0,6332.0,208492.0,947584.0,0,0.990625,0.03125,0.25,6400000.0,0.9800475477005872
512.0,512.0,4.0,25.0,6152.0,6141.0,202272.0,917024.0,0,0.9859375,1.0,4.0,6400000.0,0.9788733794031312
1.0,512.0,8.0,1.0,1.0,1.0,543.0,32.0,0,0.5015625,0.0078125,16384.0,6400000.0,0.5273919092465753
512.0,512.0,4.0,32.0,6258.0,6245.0,205621.0,933664.0,0,0.990625,0.25,0.0,6400000.0,0.9796561582681018
1.0,512.0,4.0,1.0,1.0,1.0,63.0,32.0,0,0.5015625,512.0,4096.0,6400000.0,0.5273919092465753
1.0,512.0,4.0,1.0,1.0,1.0,63.0,32.0,0,0.5015625,1024.0,32.0,6400000.0,0.5273919092465753
1.0,512.0,4.0,1.0,1.0,1.0,63.0,32.0,0,0.5015625,1024.0,32768.0,6400000.0,0.5273919092465753
1.0,512.0,4.0,1.0,1.0,1.0,63.0,32.0,0,0.5015625,0.03125,4096.0,6400000.0,0.5273919092465753
1.0,512.0,4.0,1.0,1.0,1.0,63.0,32.0,0,0.5015625,2048.0,256.0,6400000.0,0.5273919092465753
1.0,512.0,4.0,1.0,1.0,1.0,63.0,32.0,0,0.5015625,2048.0,0.25,6400000.0,0.5273919092465753
1.0,512.0,4.0,1.0,1.0,1.0,63.0,32.0,0,0.5015625,0.5,8192.0,6400000.0,0.5273919092465753
1.0,512.0,4.0,1.0,1.0,1.0,63.0,32.0,0,0.5015625,4096.0,2048.0,6400000.0,0.5273919092465753
1.0,512.0,4.0,1.0,1.0,1.0,63.0,32.0,0,0.5015625,0.00195312,1024.0,6400000.0,0.5273919092465753
1.0,512.0,4.0,1.0,1.0,1.0,63.0,32.0,0,0.5015625,4096.0,0.00195312,6400000.0,0.5273919092465753
1.0,512.0,4.0,1.0,1.0,1.0,63.0,32.0,0,0.5015625,1024.0,0.03125,6400000.0,0.5273919092465753
1.0,512.0,4.0,1.0,1.0,1.0,63.0,32.0,0,0.5015625,8192.0,0.015625,6400000.0,0.5273919092465753
1.0,512.0,4.0,1.0,1.0,1.0,63.0,32.0,0,0.5015625,4096.0,2.0,6400000.0,0.5273919092465753
1.0,512.0,4.0,1.0,1.0,1.0,63.0,32.0,0,0.5015625,8192.0,16384.0,6400000.0,0.5273919092465753
1.0,512.0,4.0,1.0,1.0,1.0,63.0,32.0,0,0.5015625,16384.0,0.125,6400000.0,0.5273919092465753
1.0,512.0,4.0,1.0,1.0,1.0,63.0,32.0,0,0.5015625,32768.0,1.0,6400000.0,0.5273919092465753
1.0,512.0,4.0,1.0,1.0,1.0,63.0,32.0,0,0.5015625,32768.0,0.000976562,6400000.0,0.5273919092465753
1.0,512.0,4.0,1.0,1.0,1.0,63.0,32.0,0,0.5015625,8192.0,16.0,6400000.0,0.5273919092465753
512.0,512.0,4.0,6.0,2784.0,2789.0,91497.0,380704.0,0,0.940625,0.25,128.0,6400000.0,0.9409246575342465
512.0,512.0,8.0,8.0,5673.0,5705.0,190675.0,847264.0,0,0.959375,0.00390625,64.0,6400000.0,0.9499312010763209
512.0,512.0,2.0,32.0,2059.0,2027.0,66811.0,258784.0,0,0.978125,0.00390625,0.03125,6400000.0,0.9773093505381605
1.0,512.0,4.0,1.0,1.0,1.0,63.0,32.0,0,0.5015625,16384.0,128.0,6400000.0,0.5273919092465753
512.0,512.0,2.0,20.0,2058.0,2038.0,67042.0,260544.0,0,0.978125,0.25,4.0,6400000.0,0.9753508745107633
512.0,512.0,4.0,21.0,5916.0,5909.0,194572.0,879904.0,0,0.9828125,0.0078125,8.0,6400000.0,0.9808303265655578
1.0,512.0,4.0,1.0,1.0,1.0,63.0,32.0,0,0.5015625,32768.0,1024.0,6400000.0,0.5273919092465753
512.0,512.0,2.0,28.0,2062.0,2034.0,66998.0,259904.0,0,0.975,1.0,0.25,6400000.0,0.9773093505381606
512.0,512.0,2.0,25.0,2060.0,2035.0,66998.0,260064.0,0,0.9734375,0.00195312,2.0,6400000.0,0.9788741438356163
512.0,512.0,4.0,5.0,2467.0,2632.0,81202.0,355584.0,0,0.940625,256.0,0.0,6400000.0,0.9409246575342465
512.0,512.0,4.0,8.0,4649.0,4658.0,153020.0,679744.0,0,0.959375,64.0,1.0,6400000.0,0.9569662732387474
512.0,512.0,8.0,16.0,11583.0,11678.0,386111.0,1802944.0,0,0.9765625,0.000976562,16.0,6400000.0,0.9718352495107633
1.0,512.0,4.0,1.0,1.0,1.0,63.0,32.0,0,0.5015625,512.0,0.00390625,6400000.0,0.5273919092465753
512.0,512.0,2.0,6.0,1842.0,1837.0,60217.0,228384.0,0,0.940625,0.0625,128.0,6400000.0,0.9409246575342465
512.0,512.0,4.0,33.0,6289.0,6277.0,206624.0,938784.0,0,0.990625,0.00390625,0.00195312,6400000.0,0.9792662977005872
1.0,512.0,4.0,1.0,1.0,1.0,63.0,32.0,0,0.5015625,4.0,2048.0,6400000.0,0.5273919092465753
1.0,512.0,4.0,1.0,1.0,1.0,63.0,32.0,0,0.5015625,512.0,4.0,6400000.0,0.5273919092465753
512.0,512.0,2.0,31.0,2057.0,2026.0,66767.0,258624.0,0,0.98125,0.000976562,0.25,6400000.0,0.9769187255381604
512.0,512.0,4.0,25.0,6198.0,6187.0,203790.0,924384.0,0,0.9859375,4.0,0.25,6400000.0,0.9765242783757337
512.0,512.0,2.0,8.0,1998.0,1991.0,65321.0,253024.0,0,0.94375,0.0,64.0,6400000.0,0.9377981286692758
512.0,512.0,4.0,5.0,2467.0,2632.0,81202.0,355584.0,0,0.940625,256.0,0.25,6400000.0,0.9409246575342465
512.0,512.0,4.0,30.0,6227.0,6217.0,204643.0,929184.0,0,0.990625,0.5,0.5,6400000.0,0.9792647688356165
512.0,512.0,4.0,5.0,2467.0,2632.0,81202.0,355584.0,0,0.940625,128.0,32.0,6400000.0,0.9409246575342465
512.0,512.0,2.0,9.0,2039.0,2030.0,66651.0,259264.0,0,0.9625,4.0,32.0,6400000.0,0.9620543358610567
512.0,512.0,2.0,30.0,2062.0,2032.0,66954.0,259584.0,0,0.978125,0.015625,1.0,6400000.0,0.9741812928082192
512.0,512.0,4.0,6.0,2784.0,2794.0,91502.0,381504.0,0,0.940625,128.0,0.03125,6400000.0,0.9409246575342465
512.0,512.0,2.0,17.0,2055.0,2038.0,67006.0,260544.0,0,0.965625,8.0,0.25,6400000.0,0.9698775379158512
512.0,512.0,4.0,8.0,4642.0,4651.0,152789.0,678624.0,0,0.959375,64.0,0.000976562,6400000.0,0.9628371147260273
512.0,512.0,8.0,13.0,9660.0,9762.0,322722.0,1496384.0,0,0.9703125,0.0078125,32.0,6400000.0,0.9659667013209393
1.0,512.0,4.0,1.0,1.0,1.0,63.0,32.0,0,0.5015625,32.0,512.0,6400000.0,0.5273919092465753
512.0,512.0,2.0,31.0,2062.0,2031.0,66932.0,259424.0,0,0.978125,0.125,0.5,6400000.0,0.9773101149706459
1.0,512.0,4.0,1.0,1.0,1.0,63.0,32.0,0,0.5015625,8.0,32768.0,6400000.0,0.5273919092465753
1.0,512.0,4.0,1.0,1.0,1.0,63.0,32.0,0,0.5015625,256.0,256.0,6400000.0,0.5273919092465753
512.0,512.0,2.0,32.0,2062.0,2030.0,66910.0,259264.0,0,0.978125,0.0078125,0.125,6400000.0,0.9757453216731898
512.0,512.0,4.0,30.0,6227.0,6217.0,204643.0,929184.0,0,0.990625,1.0,0.00390625,6400000.0,0.9800475477005872
512.0,512.0,4.0,27.0,6187.0,6174.0,203383.0,922304.0,0,0.9875,2.0,0.03125,6400000.0,0.9792647688356164
512.0,512.0,4.0,33.0,6286.0,6274.0,206525.0,938304.0,0,0.990625,0.0078125,0.0,6400000.0,0.9796561582681017
1.0,512.0,8.0,1.0,1.0,1.0,543.0,32.0,0,0.5015625,0.015625,2048.0,6400000.0,0.5273919092465753
1.0,512.0,8.0,1.0,1.0,1.0,543.0,32.0,0,0.5015625,0.015625,8192.0,6400000.0,0.5273919092465753
1.0,512.0,8.0,1.0,1.0,1.0,543.0,32.0,0,0.5015625,0.015625,32768.0,6400000.0,0.5273919092465753
512.0,512.0,2.0,32.0,2059.0,2027.0,66811.0,258784.0,0,0.978125,0.0,0.0625,6400000.0,0.9765273361056753
512.0,512.0,8.0,5.0,2467.0,2632.0,84562.0,355584.0,0,0.940625,0.0078125,256.0,6400000.0,0.9409246575342465
512.0,512.0,2.0,8.0,1998.0,1991.0,65321.0,253024.0,0,0.94375,0.5,64.0,6400000.0,0.9377981286692758
1.0,512.0,8.0,1.0,1.0,1.0,543.0,32.0,0,0.5015625,0.03125,2048.0,6400000.0,0.5273919092465753
1.0,512.0,8.0,1.0,1.0,1.0,543.0,32.0,0,0.5015625,0.03125,8192.0,6400000.0,0.5273919092465753
512.0,512.0,8.0,23.0,14343.0,14495.0,477356.0,2253664.0,0,0.984375,0.0,8.0,6400000.0,0.9788733794031312
512.0,512.0,4.0,16.0,5673.0,5669.0,186646.0,841504.0,0,0.9765625,0.125,16.0,6400000.0,0.9687071917808219
1.0,512.0,8.0,1.0,1.0,1.0,543.0,32.0,0,0.5015625,0.03125,512.0,6400000.0,0.5273919092465753
1.0,512.0,8.0,1.0,1.0,1.0,543.0,32.0,0,0.5015625,0.03125,32768.0,6400000.0,0.5273919092465753
1.0,512.0,4.0,1.0,1.0,1.0,63.0,32.0,0,0.5015625,64.0,16384.0,6400000.0,0.5273919092465753
512.0,512.0,2.0,31.0,2054.0,2023.0,66668.0,258144.0,0,0.978125,0.5,0.0625,6400000.0,0.9765281005381606
512.0,512.0,4.0,27.0,6218.0,6205.0,204406.0,927264.0,0,0.990625,0.0,2.0,6400000.0,0.9780906005381604
512.0,512.0,2.0,9.0,2041.0,2032.0,66717.0,259584.0,0,0.9625,0.00390625,32.0,6400000.0,0.9620543358610567
1.0,512.0,4.0,1.0,1.0,1.0,63.0,32.0,0,0.5015625,512.0,8192.0,6400000.0,0.5273919092465753
512.0,512.0,4.0,33.0,6329.0,6316.0,207943.0,945024.0,0,0.990625,0.015625,0.000976562,6400000.0,0.980047547700587
1.0,512.0,4.0,1.0,1.0,1.0,63.0,32.0,0,0.5015625,2048.0,0.0,6400000.0,0.5273919092465753
1.0,512.0,4.0,1.0,1.0,1.0,63.0,32.0,0,0.5015625,0.03125,8192.0,6400000.0,0.5273919092465753
1.0,512.0,4.0,1.0,1.0,1.0,63.0,32.0,0,0.5015625,1024.0,64.0,6400000.0,0.5273919092465753
1.0,512.0,4.0,1.0,1.0,1.0,63.0,32.0,0,0.5015625,4096.0,4096.0,6400000.0,0.5273919092465753
1.0,512.0,8.0,1.0,1.0,1.0,543.0,32.0,0,0.5015625,0.015625,512.0,6400000.0,0.5273919092465753
1.0,512.0,4.0,1.0,1.0,1.0,63.0,32.0,0,0.5015625,2048.0,512.0,6400000.0,0.5273919092465753
1.0,512.0,4.0,1.0,1.0,1.0,63.0,32.0,0,0.5015625,2048.0,0.5,6400000.0,0.5273919092465753
1.0,512.0,4.0,1.0,1.0,1.0,63.0,32.0,0,0.5015625,0.5,16384.0,6400000.0,0.5273919092465753
1.0,512.0,4.0,1.0,1.0,1.0,63.0,32.0,0,0.5015625,0.00195312,2048.0,6400000.0,0.5273919092465753
1.0,512.0,4.0,1.0,1.0,1.0,63.0,32.0,0,0.5015625,4096.0,0.00390625,6400000.0,0.5273919092465753
1.0,512.0,4.0,1.0,1.0,1.0,63.0,32.0,0,0.5015625,1024.0,0.0625,6400000.0,0.5273919092465753
1.0,512.0,4.0,1.0,1.0,1.0,63.0,32.0,0,0.5015625,8192.0,0.03125,6400000.0,0.5273919092465753
1.0,512.0,4.0,1.0,1.0,1.0,63.0,32.0,0,0.5015625,4096.0,4.0,6400000.0,0.5273919092465753
1.0,512.0,4.0,1.0,1.0,1.0,63.0,32.0,0,0.5015625,8192.0,32768.0,6400000.0,0.5273919092465753
1.0,512.0,4.0,1.0,1.0,1.0,63.0,32.0,0,0.5015625,32768.0,0.00195312,6400000.0,0.5273919092465753
1.0,512.0,4.0,1.0,1.0,1.0,63.0,32.0,0,0.5015625,16384.0,256.0,6400000.0,0.5273919092465753
1.0,512.0,4.0,1.0,1.0,1.0,63.0,32.0,0,0.5015625,16384.0,0.25,6400000.0,0.5273919092465753
1.0,512.0,4.0,1.0,1.0,1.0,63.0,32.0,0,0.5015625,8192.0,32.0,6400000.0,0.5273919092465753
1.0,512.0,4.0,1.0,1.0,1.0,63.0,32.0,0,0.5015625,32768.0,2.0,6400000.0,0.5273919092465753
512.0,512.0,8.0,8.0,4681.0,4886.0,158143.0,716224.0,0,0.959375,0.03125,128.0,6400000.0,0.9409246575342465
1.0,512.0,4.0,1.0,1.0,1.0,63.0,32.0,0,0.5015625,32768.0,2048.0,6400000.0,0.5273919092465753
512.0,512.0,2.0,19.0,2059.0,2040.0,67097.0,260864.0,0,0.975,2.0,4.0,6400000.0,0.9733962206457925
1.0,512.0,4.0,1.0,1.0,1.0,63.0,32.0,0,0.5015625,4.0,4096.0,6400000.0,0.5273919092465753
512.0,512.0,8.0,16.0,11583.0,11678.0,386111.0,1802944.0,0,0.9765625,0.00390625,16.0,6400000.0,0.9718352495107633
512.0,512.0,4.0,5.0,2467.0,2632.0,81202.0,355584.0,0,0.940625,0.015625,256.0,6400000.0,0.9409246575342465
1.0,512.0,4.0,1.0,1.0,1.0,63.0,32.0,0,0.5015625,512.0,0.0078125,6400000.0,0.5273919092465753
1.0,512.0,4.0,1.0,1.0,1.0,63.0,32.0,0,0.5015625,512.0,8.0,6400000.0,0.5273919092465753
512.0,512.0,4.0,8.0,4171.0,4321.0,137387.0,625824.0,0,0.95,2.0,64.0,6400000.0,0.9377981286692758
512.0,512.0,2.0,13.0,2048.0,2035.0,66863.0,260064.0,0,0.9625,0.03125,16.0,6400000.0,0.9636198935909981
512.0,512.0,4.0,11.0,4931.0,4929.0,162267.0,723104.0,0,0.96875,0.000976562,32.0,6400000.0,0.965575311888454
1.0,512.0,4.0,1.0,1.0,1.0,63.0,32.0,0,0.5015625,32.0,1024.0,6400000.0,0.5273919092465753
512.0,512.0,4.0,9.0,5384.0,5383.0,177244.0,795744.0,0,0.9625,16.0,32.0,6400000.0,0.9585318309686887
512.0,512.0,4.0,32.0,6304.0,6292.0,207140.0,941184.0,0,0.9921875,0.125,0.0,6400000.0,0.9792647688356164
512.0,512.0,4.0,32.0,6292.0,6279.0,206743.0,939104.0,0,0.990625,0.5,0.000976562,6400000.0,0.9808303265655578
1.0,512.0,4.0,1.0,1.0,1.0,63.0,32.0,0,0.5015625,256.0,512.0,6400000.0,0.5273919092465753
512.0,512.0,4.0,11.0,5005.0,5003.0,164709.0,734944.0,0,0.96875,32.0,0.25,6400000.0,0.9655760763209393
512.0,512.0,4.0,5.0,2467.0,2632.0,81202.0,355584.0,0,0.940625,0.25,256.0,6400000.0,0.9409246575342465
512.0,512.0,4.0,5.0,2467.0,2632.0,81202.0,355584.0,0,0.940625,256.0,0.000976562,6400000.0,0.9409246575342465
512.0,512.0,4.0,27.0,6187.0,6174.0,203383.0,922304.0,0,0.9875,0.0625,2.0,6400000.0,0.9776999755381605
512.0,512.0,2.0,31.0,2057.0,2026.0,66767.0,258624.0,0,0.978125,0.0625,0.125,6400000.0,0.97613594667319
1.0,512.0,8.0,1.0,1.0,1.0,543.0,32.0,0,0.5015625,0.0625,1024.0,6400000.0,0.5273919092465753
1.0,512.0,8.0,1.0,1.0,1.0,543.0,32.0,0,0.5015625,0.03125,16384.0,6400000.0,0.5273919092465753
1.0,512.0,8.0,1.0,1.0,1.0,543.0,32.0,0,0.5015625,0.03125,4096.0,6400000.0,0.5273919092465753
512.0,512.0,4.0,30.0,6227.0,6217.0,204643.0,929184.0,0,0.990625,0.00390625,1.0,6400000.0,0.9792647688356165
512.0,512.0,2.0,17.0,2058.0,2041.0,67105.0,261024.0,0,0.971875,0.25,8.0,6400000.0,0.9718321917808218
512.0,512.0,4.0,32.0,6241.0,6229.0,205061.0,931104.0,0,0.990625,0.0625,0.00195312,6400000.0,0.9800475477005872
512.0,512.0,4.0,5.0,2467.0,2632.0,81202.0,355584.0,0,0.940625,256.0,0.5,6400000.0,0.9409246575342465
512.0,512.0,4.0,5.0,2467.0,2632.0,81202.0,355584.0,0,0.940625,128.0,64.0,6400000.0,0.9409246575342465
1.0,512.0,8.0,1.0,1.0,1.0,543.0,32.0,0,0.5015625,0.03125,1024.0,6400000.0,0.5273919092465753
1.0,512.0,4.0,1.0,1.0,1.0,63.0,32.0,0,0.5015625,64.0,32768.0,6400000.0,0.5273919092465753
512.0,512.0,4.0,33.0,6331.0,6318.0,208009.0,945344.0,0,0.9890625,0.03125,0.00195312,6400000.0,0.9792647688356164
512.0,512.0,4.0,33.0,6329.0,6316.0,207943.0,945024.0,0,0.990625,0.000976562,0.015625,6400000.0,0.980047547700587
512.0,512.0,2.0,19.0,2057.0,2038.0,67031.0,260544.0,0,0.9734375,0.00195312,4.0,6400000.0,0.9737860812133071
512.0,512.0,4.0,6.0,2784.0,2794.0,91502.0,381504.0,0,0.940625,128.0,0.0625,6400000.0,0.9409246575342465
1.0,512.0,8.0,1.0,1.0,1.0,543.0,32.0,0,0.5015625,0.0625,4096.0,6400000.0,0.5273919092465753
512.0,512.0,8.0,8.0,5673.0,5705.0,190675.0,847264.0,0,0.959375,0.015625,64.0,6400000.0,0.9499312010763209
512.0,512.0,8.0,5.0,2467.0,2632.0,84562.0,355584.0,0,0.940625,0.0625,256.0,6400000.0,0.9409246575342465
1.0,512.0,4.0,1.0,1.0,1.0,63.0,32.0,0,0.5015625,512.0,16384.0,6400000.0,0.5273919092465753
1.0,512.0,8.0,1.0,1.0,1.0,543.0,32.0,0,0.5015625,0.0625,16384.0,6400000.0,0.5273919092465753
512.0,512.0,2.0,28.0,2063.0,2035.0,67031.0,260064.0,0,0.975,1.0,0.5,6400000.0,0.9765273361056753
1.0,512.0,4.0,1.0,1.0,1.0,63.0,32.0,0,0.5015625,2048.0,0.000976562,6400000.0,0.5273919092465753
1.0,512.0,4.0,1.0,1.0,1.0,63.0,32.0,0,0.5015625,0.03125,16384.0,6400000.0,0.5273919092465753
1.0,512.0,4.0,1.0,1.0,1.0,63.0,32.0,0,0.5015625,1024.0,128.0,6400000.0,0.5273919092465753
512.0,512.0,4.0,27.0,6287.0,6274.0,206683.0,938304.0,0,0.9890625,2.0,0.0,6400000.0,0.9788733794031312
1.0,512.0,4.0,1.0,1.0,1.0,63.0,32.0,0,0.5015625,4096.0,8192.0,6400000.0,0.5273919092465753
1.0,512.0,4.0,1.0,1.0,1.0,63.0,32.0,0,0.5015625,2048.0,1024.0,6400000.0,0.5273919092465753
1.0,512.0,4.0,1.0,1.0,1.0,63.0,32.0,0,0.5015625,2048.0,1.0,6400000.0,0.5273919092465753
1.0,512.0,4.0,1.0,1.0,1.0,63.0,32.0,0,0.5015625,0.5,32768.0,6400000.0,0.5273919092465753
1.0,512.0,4.0,1.0,1.0,1.0,63.0,32.0,0,0.5015625,0.00195312,4096.0,6400000.0,0.5273919092465753
1.0,512.0,4.0,1.0,1.0,1.0,63.0,32.0,0,0.5015625,4096.0,0.0078125,6400000.0,0.5273919092465753
1.0,512.0,4.0,1.0,1.0,1.0,63.0,32.0,0,0.5015625,8192.0,0.0625,6400000.0,0.5273919092465753
1.0,512.0,4.0,1.0,1.0,1.0,63.0,32.0,0,0.5015625,1024.0,0.125,6400000.0,0.5273919092465753
1.0,512.0,4.0,1.0,1.0,1.0,63.0,32.0,0,0.5015625,32768.0,0.00390625,6400000.0,0.5273919092465753
512.0,512.0,8.0,8.0,4681.0,4886.0,158143.0,716224.0,0,0.959375,0.000976562,128.0,6400000.0,0.9409246575342465
1.0,512.0,4.0,1.0,1.0,1.0,63.0,32.0,0,0.5015625,4096.0,8.0,6400000.0,0.5273919092465753
1.0,512.0,4.0,1.0,1.0,1.0,63.0,32.0,0,0.5015625,32768.0,4.0,6400000.0,0.5273919092465753
1.0,512.0,4.0,1.0,1.0,1.0,63.0,32.0,0,0.5015625,16384.0,512.0,6400000.0,0.5273919092465753
1.0,512.0,4.0,1.0,1.0,1.0,63.0,32.0,0,0.5015625,16384.0,0.5,6400000.0,0.5273919092465753
1.0,512.0,4.0,1.0,1.0,1.0,63.0,32.0,0,0.5015625,16384.0,0.0,6400000.0,0.5273919092465753
1.0,512.0,4.0,1.0,1.0,1.0,63.0,32.0,0,0.5015625,8192.0,64.0,6400000.0,0.5273919092465753
1.0,512.0,4.0,1.0,1.0,1.0,63.0,32.0,0,0.5015625,32768.0,4096.0,6400000.0,0.5273919092465753
512.0,512.0,4.0,16.0,5618.0,5612.0,184829.0,832384.0,0,0.9765625,16.0,0.03125,6400000.0,0.9690985812133072
512.0,512.0,8.0,23.0,14343.0,14495.0,477356.0,2253664.0,0,0.984375,0.00195312,8.0,6400000.0,0.9788733794031312
512.0,512.0,4.0,32.0,6304.0,6292.0,207140.0,941184.0,0,0.9921875,0.00195312,0.125,6400000.0,0.9792647688356164
512.0,512.0,2.0,31.0,2057.0,2026.0,66767.0,258624.0,0,0.978125,0.000976562,0.5,6400000.0,0.9753539322407045
1.0,512.0,4.0,1.0,1.0,1.0,63.0,32.0,0,0.5015625,4.0,8192.0,6400000.0,0.5273919092465753
512.0,512.0,2.0,25.0,2060.0,2035.0,66998.0,260064.0,0,0.9734375,0.015625,2.0,6400000.0,0.9776999755381605
512.0,512.0,4.0,11.0,5005.0,5003.0,164709.0,734944.0,0,0.96875,32.0,0.000976562,6400000.0,0.9659667013209393
512.0,512.0,8.0,29.0,15494.0,15622.0,515189.0,2433984.0,0,0.984375,0.0,2.0,6400000.0,0.9796553938356165
512.0,512.0,2.0,29.0,2062.0,2033.0,66976.0,259744.0,0,0.975,0.125,1.0,6400000.0,0.9757437928082192
1.0,512.0,4.0,1.0,1.0,1.0,63.0,32.0,0,0.5015625,512.0,0.015625,6400000.0,0.5273919092465753
1.0,512.0,4.0,1.0,1.0,1.0,63.0,32.0,0,0.5015625,512.0,16.0,6400000.0,0.5273919092465753
512.0,512.0,4.0,33.0,6329.0,6316.0,207943.0,945024.0,0,0.990625,0.0078125,0.0078125,6400000.0,0.980047547700587
512.0,512.0,2.0,31.0,2057.0,2026.0,66767.0,258624.0,0,0.98125,0.0078125,0.25,6400000.0,0.9757445572407045
1.0,512.0,4.0,1.0,1.0,1.0,63.0,32.0,0,0.5015625,32.0,2048.0,6400000.0,0.5273919092465753
512.0,512.0,8.0,13.0,9660.0,9762.0,322722.0,1496384.0,0,0.9703125,0.03125,32.0,6400000.0,0.9659667013209393
1.0,512.0,4.0,1.0,1.0,1.0,63.0,32.0,0,0.5015625,0.015625,512.0,6400000.0,0.5273919092465753
512.0,512.0,4.0,32.0,6299.0,6287.0,206975.0,940384.0,0,0.990625,0.015625,0.0625,6400000.0,0.9796561582681018
1.0,512.0,4.0,1.0,1.0,1.0,63.0,32.0,0,0.5015625,256.0,1024.0,6400000.0,0.5273919092465753
512.0,512.0,8.0,27.0,15444.0,15563.0,513572.0,2424544.0,0,0.9859375,0.000976562,4.0,6400000.0,0.9800475477005872
512.0,512.0,8.0,31.0,15408.0,15507.0,512280.0,2415584.0,0,0.9859375,0.0,0.125,6400000.0,0.9808280332681019
512.0,512.0,8.0,31.0,15356.0,15453.0,510562.0,2406944.0,0,0.9859375,0.0,0.5,6400000.0,0.9812194227005872
512.0,512.0,8.0,32.0,15349.0,15439.0,510303.0,2404704.0,0,0.9875,0.0,0.00195312,6400000.0,0.9804374082681019
512.0,512.0,8.0,33.0,15334.0,15426.0,509789.0,2402624.0,0,0.9859375,0.0,0.0,6400000.0,0.9808280332681019
512.0,512.0,8.0,32.0,15422.0,15512.0,512712.0,2416384.0,0,0.9859375,0.0,0.0078125,6400000.0,0.9816115765655576
1.0,512.0,8.0,1.0,1.0,1.0,543.0,32.0,0,0.5015625,0.0625,2048.0,6400000.0,0.5273919092465753
512.0,512.0,4.0,26.0,6002.0,5990.0,197300.0,892864.0,0,0.9859375,4.0,0.000976562,6400000.0,0.9769156678082191
512.0,512.0,8.0,32.0,15345.0,15435.0,510171.0,2404064.0,0,0.9875,0.0,0.03125,6400000.0,0.9808287977005872
512.0,512.0,4.0,16.0,5618.0,5612.0,184829.0,832384.0,0,0.9765625,16.0,0.0,6400000.0,0.9690985812133072
512.0,512.0,8.0,5.0,2467.0,2632.0,84562.0,355584.0,0,0.940625,0.03125,256.0,6400000.0,0.9409246575342465
1.0,512.0,4.0,1.0,1.0,1.0,63.0,32.0,0,0.5015625,0.25,512.0,6400000.0,0.5273919092465753
512.0,512.0,4.0,32.0,6233.0,6221.0,204797.0,929824.0,0,0.990625,0.125,0.015625,6400000.0,0.9796561582681018
1.0,512.0,8.0,1.0,1.0,1.0,543.0,32.0,0,0.5015625,0.0625,8192.0,6400000.0,0.5273919092465753
1.0,512.0,4.0,1.0,1.0,1.0,63.0,32.0,0,0.5015625,512.0,32768.0,6400000.0,0.5273919092465753
1.0,512.0,8.0,1.0,1.0,1.0,543.0,32.0,0,0.5015625,0.0625,32768.0,6400000.0,0.5273919092465753
1.0,512.0,4.0,1.0,1.0,1.0,63.0,32.0,0,0.5015625,2048.0,0.00195312,6400000.0,0.5273919092465753
1.0,512.0,4.0,1.0,1.0,1.0,63.0,32.0,0,0.5015625,0.03125,32768.0,6400000.0,0.5273919092465753
1.0,512.0,4.0,1.0,1.0,1.0,63.0,32.0,0,0.5015625,1024.0,256.0,6400000.0,0.5273919092465753
1.0,512.0,4.0,1.0,1.0,1.0,63.0,32.0,0,0.5015625,4096.0,16384.0,6400000.0,0.5273919092465753
1.0,512.0,4.0,1.0,1.0,1.0,63.0,32.0,0,0.5015625,2048.0,2.0,6400000.0,0.5273919092465753
1.0,512.0,4.0,1.0,1.0,1.0,63.0,32.0,0,0.5015625,2048.0,2048.0,6400000.0,0.5273919092465753
1.0,512.0,4.0,1.0,1.0,1.0,63.0,32.0,0,0.5015625,0.00195312,8192.0,6400000.0,0.5273919092465753
512.0,512.0,4.0,5.0,2467.0,2632.0,81202.0,355584.0,0,0.940625,256.0,0.00195312,6400000.0,0.9409246575342465
512.0,512.0,8.0,16.0,11583.0,11678.0,386111.0,1802944.0,0,0.9765625,0.015625,16.0,6400000.0,0.9710524706457926
1.0,512.0,4.0,1.0,1.0,1.0,63.0,32.0,0,0.5015625,1024.0,0.25,6400000.0,0.5273919092465753
512.0,512.0,8.0,8.0,5673.0,5705.0,190675.0,847264.0,0,0.959375,0.0,64.0,6400000.0,0.9499312010763209
1.0,512.0,4.0,1.0,1.0,1.0,63.0,32.0,0,0.5015625,8192.0,0.125,6400000.0,0.5273919092465753
1.0,512.0,4.0,1.0,1.0,1.0,63.0,32.0,0,0.5015625,4096.0,0.015625,6400000.0,0.5273919092465753
1.0,512.0,4.0,1.0,1.0,1.0,63.0,32.0,0,0.5015625,32768.0,8.0,6400000.0,0.5273919092465753
1.0,512.0,4.0,1.0,1.0,1.0,63.0,32.0,0,0.5015625,32768.0,0.0078125,6400000.0,0.5273919092465753
1.0,512.0,4.0,1.0,1.0,1.0,63.0,32.0,0,0.5015625,4096.0,16.0,6400000.0,0.5273919092465753
512.0,512.0,4.0,33.0,6289.0,6277.0,206624.0,938784.0,0,0.990625,0.0,0.00390625,6400000.0,0.9800475477005872
1.0,512.0,4.0,1.0,1.0,1.0,63.0,32.0,0,0.5015625,16384.0,1024.0,6400000.0,0.5273919092465753
1.0,512.0,4.0,1.0,1.0,1.0,63.0,32.0,0,0.5015625,16384.0,0.000976562,6400000.0,0.5273919092465753
1.0,512.0,8.0,1.0,1.0,1.0,543.0,32.0,0,0.5015625,0.125,512.0,6400000.0,0.5273919092465753
1.0,512.0,4.0,1.0,1.0,1.0,63.0,32.0,0,0.5015625,16384.0,1.0,6400000.0,0.5273919092465753
1.0,512.0,4.0,1.0,1.0,1.0,63.0,32.0,0,0.5015625,8192.0,128.0,6400000.0,0.5273919092465753
1.0,512.0,8.0,1.0,1.0,1.0,543.0,32.0,0,0.5015625,0.125,2048.0,6400000.0,0.5273919092465753
1.0,512.0,4.0,1.0,1.0,1.0,63.0,32.0,0,0.5015625,32768.0,8192.0,6400000.0,0.5273919092465753
512.0,512.0,4.0,6.0,2784.0,2794.0,91502.0,381504.0,0,0.940625,128.0,0.0,6400000.0,0.9409246575342465
1.0,512.0,8.0,1.0,1.0,1.0,543.0,32.0,0,0.5015625,0.125,8192.0,6400000.0,0.5273919092465753
512.0,512.0,8.0,8.0,4681.0,4886.0,158143.0,716224.0,0,0.959375,0.00390625,128.0,6400000.0,0.9409246575342465
1.0,512.0,8.0,1.0,1.0,1.0,543.0,32.0,0,0.5015625,0.0625,512.0,6400000.0,0.5273919092465753
512.0,512.0,8.0,32.0,15349.0,15439.0,510303.0,2404704.0,0,0.9875,0.000976562,0.000976562,6400000.0,0.9804374082681019
512.0,512.0,4.0,5.0,2467.0,2632.0,81202.0,355584.0,0,0.940625,256.0,1.0,6400000.0,0.9409246575342465
1.0,512.0,4.0,1.0,1.0,1.0,63.0,32.0,0,0.5015625,4.0,16384.0,6400000.0,0.5273919092465753
512.0,512.0,4.0,5.0,2467.0,2632.0,81202.0,355584.0,0,0.940625,128.0,128.0,6400000.0,0.9409246575342465
512.0,512.0,8.0,32.0,15355.0,15448.0,510504.0,2406144.0,0,0.9875,0.000976562,0.0625,6400000.0,0.9796553938356165
512.0,512.0,8.0,32.0,15360.0,15450.0,510666.0,2406464.0,0,0.9875,0.000976562,0.00390625,6400000.0,0.9812201871330725
512.0,512.0,8.0,32.0,15397.0,15488.0,511888.0,2412544.0,0,0.9875,0.000976562,0.015625,6400000.0,0.9812201871330724
512.0,512.0,8.0,30.0,15467.0,15567.0,514249.0,2425184.0,0,0.9859375,0.000976562,1.0,6400000.0,0.9796546294031312
512.0,512.0,8.0,31.0,15294.0,15393.0,508518.0,2397344.0,0,0.9859375,0.000976562,0.25,6400000.0,0.9812194227005872
1.0,512.0,8.0,1.0,1.0,1.0,543.0,32.0,0,0.5015625,0.125,32768.0,6400000.0,0.5273919092465753
512.0,512.0,4.0,19.0,5837.0,5832.0,192009.0,867584.0,0,0.9828125,8.0,4.0,6400000.0,0.9694869129158512
512.0,512.0,4.0,13.0,5365.0,5364.0,176548.0,792704.0,0,0.9703125,0.0078125,16.0,6400000.0,0.9690985812133072
512.0,512.0,4.0,6.0,2784.0,2794.0,91502.0,381504.0,0,0.940625,128.0,0.125,6400000.0,0.9409246575342465
1.0,512.0,4.0,1.0,1.0,1.0,63.0,32.0,0,0.5015625,512.0,32.0,6400000.0,0.5273919092465753
512.0,512.0,8.0,8.0,4681.0,4886.0,158143.0,716224.0,0,0.959375,0.125,128.0,6400000.0,0.9409246575342465
512.0,512.0,8.0,23.0,14343.0,14495.0,477356.0,2253664.0,0,0.984375,0.0078125,8.0,6400000.0,0.978481989970646
1.0,512.0,4.0,1.0,1.0,1.0,63.0,32.0,0,0.5015625,512.0,0.03125,6400000.0,0.5273919092465753
512.0,512.0,4.0,20.0,5924.0,5918.0,194858.0,881344.0,0,0.9859375,8.0,0.00390625,6400000.0,0.9796561582681018
1.0,512.0,4.0,1.0,1.0,1.0,63.0,32.0,0,0.5015625,32.0,4096.0,6400000.0,0.5273919092465753
512.0,512.0,4.0,33.0,6328.0,6316.0,207911.0,945024.0,0,0.9921875,0.000976562,0.000976562,6400000.0,0.9800483121330725
1.0,512.0,4.0,1.0,1.0,1.0,63.0,32.0,0,0.5015625,256.0,2048.0,6400000.0,0.5273919092465753
1.0,512.0,4.0,1.0,1.0,1.0,63.0,32.0,0,0.5015625,0.015625,1024.0,6400000.0,0.5273919092465753
512.0,512.0,4.0,19.0,5836.0,5837.0,191982.0,868384.0,0,0.9828125,1.0,8.0,6400000.0,0.9788733794031312
512.0,512.0,4.0,11.0,4931.0,4929.0,162267.0,723104.0,0,0.96875,0.125,32.0,6400000.0,0.965575311888454
512.0,512.0,4.0,8.0,4649.0,4658.0,153020.0,679744.0,0,0.959375,64.0,2.0,6400000.0,0.9518782106164382
512.0,512.0,8.0,27.0,15444.0,15563.0,513572.0,2424544.0,0,0.9859375,0.00390625,4.0,6400000.0,0.9800475477005872
1.0,512.0,4.0,1.0,1.0,1.0,63.0,32.0,0,0.5015625,0.25,1024.0,6400000.0,0.5273919092465753
512.0,512.0,8.0,29.0,15494.0,15622.0,515189.0,2433984.0,0,0.984375,0.00195312,2.0,6400000.0,0.9796553938356165
512.0,512.0,8.0,32.0,15349.0,15439.0,510303.0,2404704.0,0,0.9875,0.00195312,0.00195312,6400000.0,0.9812201871330725
512.0,512.0,4.0,7.0,4062.0,4236.0,133819.0,612224.0,0,0.946875,2.0,128.0,6400000.0,0.9409246575342465
512.0,512.0,8.0,32.0,15349.0,15439.0,510303.0,2404704.0,0,0.9875,0.00195312,0.0,6400000.0,0.9804374082681019
1.0,512.0,4.0,1.0,1.0,1.0,63.0,32.0,0,0.5015625,1024.0,0.0,6400000.0,0.5273919092465753
1.0,512.0,4.0,1.0,1.0,1.0,63.0,32.0,0,0.5015625,1024.0,512.0,6400000.0,0.5273919092465753
1.0,512.0,4.0,1.0,1.0,1.0,63.0,32.0,0,0.5015625,2048.0,0.00390625,6400000.0,0.5273919092465753
1.0,512.0,4.0,1.0,1.0,1.0,63.0,32.0,0,0.5015625,2048.0,4.0,6400000.0,0.5273919092465753
1.0,512.0,4.0,1.0,1.0,1.0,63.0,32.0,0,0.5015625,4096.0,32768.0,6400000.0,0.5273919092465753
512.0,512.0,8.0,32.0,15422.0,15512.0,512712.0,2416384.0,0,0.9859375,0.00195312,0.0078125,6400000.0,0.9816115765655576
1.0,512.0,4.0,1.0,1.0,1.0,63.0,32.0,0,0.5015625,2048.0,4096.0,6400000.0,0.5273919092465753
1.0,512.0,4.0,1.0,1.0,1.0,63.0,32.0,0,0.5015625,1024.0,0.5,6400000.0,0.5273919092465753
512.0,512.0,8.0,32.0,15345.0,15435.0,510171.0,2404064.0,0,0.9875,0.00195312,0.03125,6400000.0,0.9808287977005872
1.0,512.0,4.0,1.0,1.0,1.0,63.0,32.0,0,0.5015625,4096.0,32.0,6400000.0,0.5273919092465753
1.0,512.0,4.0,1.0,1.0,1.0,63.0,32.0,0,0.5015625,4096.0,0.03125,6400000.0,0.5273919092465753
1.0,512.0,4.0,1.0,1.0,1.0,63.0,32.0,0,0.5015625,8192.0,0.25,6400000.0,0.5273919092465753
1.0,512.0,4.0,1.0,1.0,1.0,63.0,32.0,0,0.5015625,16384.0,2048.0,6400000.0,0.5273919092465753
1.0,512.0,4.0,1.0,1.0,1.0,63.0,32.0,0,0.5015625,32768.0,0.015625,6400000.0,0.5273919092465753
1.0,512.0,4.0,1.0,1.0,1.0,63.0,32.0,0,0.5015625,32768.0,16.0,6400000.0,0.5273919092465753
1.0,512.0,4.0,1.0,1.0,1.0,63.0,32.0,0,0.5015625,16384.0,0.00195312,6400000.0,0.5273919092465753
1.0,512.0,4.0,1.0,1.0,1.0,63.0,32.0,0,0.5015625,16384.0,2.0,6400000.0,0.5273919092465753
1.0,512.0,4.0,1.0,1.0,1.0,63.0,32.0,0,0.5015625,8192.0,256.0,6400000.0,0.5273919092465753
1.0,512.0,8.0,1.0,1.0,1.0,543.0,32.0,0,0.5015625,0.125,1024.0,6400000.0,0.5273919092465753
1.0,512.0,8.0,1.0,1.0,1.0,543.0,32.0,0,0.5015625,0.125,4096.0,6400000.0,0.5273919092465753
1.0,512.0,4.0,1.0,1.0,1.0,63.0,32.0,0,0.5015625,32768.0,16384.0,6400000.0,0.5273919092465753
512.0,512.0,8.0,31.0,15408.0,15507.0,512280.0,2415584.0,0,0.9859375,0.00195312,0.125,6400000.0,0.9808280332681019
1.0,512.0,8.0,1.0,1.0,1.0,543.0,32.0,0,0.5015625,0.125,16384.0,6400000.0,0.5273919092465753
512.0,512.0,8.0,8.0,5673.0,5705.0,190675.0,847264.0,0,0.959375,0.0625,64.0,6400000.0,0.9499312010763209
1.0,512.0,8.0,1.0,1.0,1.0,543.0,32.0,0,0.5015625,0.25,1024.0,6400000.0,0.5273919092465753
512.0,512.0,8.0,31.0,15356.0,15453.0,510562.0,2406944.0,0,0.9859375,0.00195312,0.5,6400000.0,0.9812194227005872
512.0,512.0,4.0,33.0,6289.0,6277.0,206624.0,938784.0,0,0.990625,0.00195312,0.00195312,6400000.0,0.9800475477005872
1.0,512.0,4.0,1.0,1.0,1.0,63.0,32.0,0,0.5015625,4.0,32768.0,6400000.0,0.5273919092465753
512.0,512.0,4.0,11.0,4938.0,4936.0,162498.0,724224.0,0,0.96875,32.0,0.5,6400000.0,0.9655760763209393
512.0,512.0,4.0,8.0,4642.0,4651.0,152789.0,678624.0,0,0.959375,64.0,0.00195312,6400000.0,0.9628371147260273
512.0,512.0,4.0,25.0,6198.0,6187.0,203790.0,924384.0,0,0.984375,4.0,0.5,6400000.0,0.9808295621330725
512.0,512.0,8.0,5.0,2467.0,2632.0,84562.0,355584.0,0,0.940625,0.25,256.0,6400000.0,0.9409246575342465
512.0,512.0,8.0,8.0,5673.0,5705.0,190675.0,847264.0,0,0.959375,0.00195312,64.0,6400000.0,0.9499312010763209
1.0,512.0,4.0,1.0,1.0,1.0,63.0,32.0,0,0.5015625,512.0,64.0,6400000.0,0.5273919092465753
512.0,512.0,4.0,32.0,6259.0,6246.0,205654.0,933824.0,0,0.9890625,0.25,0.125,6400000.0,0.9788741438356163
1.0,512.0,4.0,1.0,1.0,1.0,63.0,32.0,0,0.5015625,32.0,8192.0,6400000.0,0.5273919092465753
512.0,512.0,8.0,30.0,15467.0,15567.0,514249.0,2425184.0,0,0.9859375,0.00390625,1.0,6400000.0,0.9796546294031312
512.0,512.0,8.0,32.0,15360.0,15450.0,510666.0,2406464.0,0,0.9875,0.00390625,0.000976562,6400000.0,0.9812201871330725
1.0,512.0,4.0,1.0,1.0,1.0,63.0,32.0,0,0.5015625,512.0,0.0625,6400000.0,0.5273919092465753
512.0,512.0,4.0,5.0,2467.0,2632.0,81202.0,355584.0,0,0.940625,256.0,0.00390625,6400000.0,0.9409246575342465
512.0,512.0,8.0,32.0,15355.0,15448.0,510504.0,2406144.0,0,0.9875,0.00390625,0.0625,6400000.0,0.9792640044031312
1.0,512.0,8.0,1.0,1.0,1.0,543.0,32.0,0,0.5015625,0.25,4096.0,6400000.0,0.5273919092465753
512.0,512.0,8.0,32.0,15422.0,15512.0,512712.0,2416384.0,0,0.9859375,0.00390625,0.00390625,6400000.0,0.9816115765655576
1.0,512.0,4.0,1.0,1.0,1.0,63.0,32.0,0,0.5015625,0.015625,2048.0,6400000.0,0.5273919092465753
512.0,512.0,8.0,32.0,15406.0,15497.0,512185.0,2413984.0,0,0.9859375,0.00390625,0.015625,6400000.0,0.9816115765655576
1.0,512.0,4.0,1.0,1.0,1.0,63.0,32.0,0,0.5015625,256.0,4096.0,6400000.0,0.5273919092465753
512.0,512.0,8.0,32.0,15411.0,15501.0,512349.0,2414624.0,0,0.9875,0.000976562,0.0,6400000.0,0.9816108121330724
512.0,512.0,8.0,31.0,15294.0,15393.0,508518.0,2397344.0,0,0.9859375,0.00390625,0.25,6400000.0,0.9812194227005872
512.0,512.0,4.0,8.0,4043.0,4283.0,133237.0,619744.0,0,0.95,16.0,64.0,6400000.0,0.9389677103718199
512.0,512.0,4.0,31.0,6263.0,6251.0,205808.0,934624.0,0,0.990625,0.03125,0.5,6400000.0,0.980047547700587
512.0,512.0,4.0,6.0,2784.0,2794.0,91502.0,381504.0,0,0.940625,128.0,0.000976562,6400000.0,0.9409246575342465
512.0,512.0,4.0,5.0,2467.0,2632.0,81202.0,355584.0,0,0.940625,256.0,2.0,6400000.0,0.9409246575342465
512.0,512.0,4.0,32.0,6258.0,6245.0,205621.0,933664.0,0,0.990625,0.25,0.000976562,6400000.0,0.9796561582681018
512.0,512.0,4.0,8.0,3850.0,4097.0,126875.0,589984.0,0,0.95,0.000976562,64.0,6400000.0,0.9393636863992171
1.0,512.0,4.0,1.0,1.0,1.0,63.0,32.0,0,0.5015625,0.25,2048.0,6400000.0,0.5273919092465753
512.0,512.0,8.0,13.0,9660.0,9762.0,322722.0,1496384.0,0,0.9703125,0.125,32.0,6400000.0,0.9659667013209393
512.0,512.0,4.0,29.0,6225.0,6210.0,204593.0,928064.0,0,0.9890625,0.5,1.0,6400000.0,0.978091364970646
512.0,512.0,4.0,5.0,1490.0,1848.0,49138.0,230144.0,0,0.940625,128.0,256.0,6400000.0,0.9033657962328766
512.0,512.0,4.0,6.0,2784.0,2789.0,91497.0,380704.0,0,0.940625,128.0,0.25,6400000.0,0.9409246575342465
1.0,512.0,4.0,1.0,1.0,1.0,63.0,32.0,0,0.5015625,1024.0,0.000976562,6400000.0,0.5273919092465753
512.0,512.0,4.0,27.0,6187.0,6174.0,203383.0,922304.0,0,0.9875,2.0,0.0625,6400000.0,0.978482754403131
1.0,512.0,4.0,1.0,1.0,1.0,63.0,32.0,0,0.5015625,2048.0,0.0078125,6400000.0,0.5273919092465753
1.0,512.0,4.0,1.0,1.0,1.0,63.0,32.0,0,0.5015625,1024.0,1024.0,6400000.0,0.5273919092465753
512.0,512.0,4.0,11.0,5005.0,5003.0,164709.0,734944.0,0,0.96875,32.0,0.00195312,6400000.0,0.9659667013209393
1.0,512.0,8.0,1.0,1.0,1.0,543.0,32.0,0,0.5015625,0.25,16384.0,6400000.0,0.5273919092465753
1.0,512.0,4.0,1.0,1.0,1.0,63.0,32.0,0,0.5015625,2048.0,8.0,6400000.0,0.5273919092465753
1.0,512.0,4.0,1.0,1.0,1.0,63.0,32.0,0,0.5015625,8192.0,0.0,6400000.0,0.5273919092465753
1.0,512.0,4.0,1.0,1.0,1.0,63.0,32.0,0,0.5015625,1024.0,1.0,6400000.0,0.5273919092465753
1.0,512.0,4.0,1.0,1.0,1.0,63.0,32.0,0,0.5015625,2048.0,8192.0,6400000.0,0.5273919092465753
512.0,512.0,8.0,5.0,2467.0,2632.0,84562.0,355584.0,0,0.940625,0.125,256.0,6400000.0,0.9409246575342465
1.0,512.0,4.0,1.0,1.0,1.0,63.0,32.0,0,0.5015625,8192.0,0.5,6400000.0,0.5273919092465753
1.0,512.0,4.0,1.0,1.0,1.0,63.0,32.0,0,0.5015625,4096.0,64.0,6400000.0,0.5273919092465753
512.0,512.0,8.0,8.0,4681.0,4886.0,158143.0,716224.0,0,0.959375,0.015625,128.0,6400000.0,0.9409246575342465
1.0,512.0,4.0,1.0,1.0,1.0,63.0,32.0,0,0.5015625,4096.0,0.0625,6400000.0,0.5273919092465753
1.0,512.0,4.0,1.0,1.0,1.0,63.0,32.0,0,0.5015625,32768.0,0.03125,6400000.0,0.5273919092465753
1.0,512.0,4.0,1.0,1.0,1.0,63.0,32.0,0,0.5015625,16384.0,0.00390625,6400000.0,0.5273919092465753
1.0,512.0,4.0,1.0,1.0,1.0,63.0,32.0,0,0.5015625,16384.0,4096.0,6400000.0,0.5273919092465753
1.0,512.0,4.0,1.0,1.0,1.0,63.0,32.0,0,0.5015625,32768.0,32.0,6400000.0,0.5273919092465753
512.0,512.0,4.0,26.0,6279.0,6267.0,206441.0,937184.0,0,0.990625,0.0,4.0,6400000.0,0.9776984466731898
1.0,512.0,4.0,1.0,1.0,1.0,63.0,32.0,0,0.5015625,8192.0,512.0,6400000.0,0.5273919092465753
1.0,512.0,4.0,1.0,1.0,1.0,63.0,32.0,0,0.5015625,16384.0,4.0,6400000.0,0.5273919092465753
512.0,512.0,8.0,32.0,15422.0,15512.0,512712.0,2416384.0,0,0.9859375,0.0078125,0.0,6400000.0,0.9816115765655576
1.0,512.0,4.0,1.0,1.0,1.0,63.0,32.0,0,0.5015625,32768.0,32768.0,6400000.0,0.5273919092465753
512.0,512.0,8.0,29.0,15503.0,15623.0,515478.0,2434144.0,0,0.9859375,0.0078125,2.0,6400000.0,0.9796553938356165
512.0,512.0,4.0,13.0,5349.0,5346.0,176018.0,789824.0,0,0.9703125,16.0,0.0625,6400000.0,0.9690985812133072
512.0,512.0,8.0,32.0,15422.0,15512.0,512712.0,2416384.0,0,0.9859375,0.0078125,0.00195312,6400000.0,0.9816115765655576
512.0,512.0,4.0,30.0,6186.0,6176.0,203290.0,922624.0,0,0.990625,1.0,0.0078125,6400000.0,0.9800475477005872
1.0,512.0,8.0,1.0,1.0,1.0,543.0,32.0,0,0.5015625,0.25,2048.0,6400000.0,0.5273919092465753
512.0,512.0,4.0,33.0,6286.0,6274.0,206525.0,938304.0,0,0.990625,0.00390625,0.00390625,6400000.0,0.9796561582681017
512.0,512.0,8.0,32.0,15370.0,15458.0,510994.0,2407744.0,0,0.9859375,0.0078125,0.0078125,6400000.0,0.9812201871330724
512.0,512.0,4.0,30.0,6227.0,6217.0,204643.0,929184.0,0,0.990625,1.0,0.0,6400000.0,0.9800475477005872
512.0,512.0,8.0,31.0,15356.0,15453.0,510562.0,2406944.0,0,0.9859375,0.0078125,0.5,6400000.0,0.9812194227005872
512.0,512.0,8.0,32.0,15345.0,15435.0,510171.0,2404064.0,0,0.9875,0.0078125,0.03125,6400000.0,0.9804374082681019
512.0,512.0,8.0,31.0,15408.0,15507.0,512280.0,2415584.0,0,0.9859375,0.0078125,0.125,6400000.0,0.9812194227005872
512.0,512.0,8.0,13.0,9660.0,9762.0,322722.0,1496384.0,0,0.9703125,0.000976562,32.0,6400000.0,0.9659667013209393
1.0,512.0,4.0,1.0,1.0,1.0,63.0,32.0,0,0.5015625,512.0,128.0,6400000.0,0.5273919092465753
512.0,512.0,4.0,5.0,2467.0,2632.0,81202.0,355584.0,0,0.940625,2.0,256.0,6400000.0,0.9409246575342465
1.0,512.0,4.0,1.0,1.0,1.0,63.0,32.0,0,0.5015625,32.0,16384.0,6400000.0,0.5273919092465753
512.0,512.0,8.0,16.0,11583.0,11678.0,386111.0,1802944.0,0,0.9765625,0.0625,16.0,6400000.0,0.9710524706457926
512.0,512.0,8.0,23.0,14343.0,14495.0,477356.0,2253664.0,0,0.984375,0.03125,8.0,6400000.0,0.978481989970646
1.0,512.0,8.0,1.0,1.0,1.0,543.0,32.0,0,0.5015625,0.25,8192.0,6400000.0,0.5273919092465753
1.0,512.0,4.0,1.0,1.0,1.0,63.0,32.0,0,0.5015625,0.015625,4096.0,6400000.0,0.5273919092465753
1.0,512.0,8.0,1.0,1.0,1.0,543.0,32.0,0,0.5015625,0.25,512.0,6400000.0,0.5273919092465753
1.0,512.0,4.0,1.0,1.0,1.0,63.0,32.0,0,0.5015625,256.0,8192.0,6400000.0,0.5273919092465753
1.0,512.0,4.0,1.0,1.0,1.0,63.0,32.0,0,0.5015625,512.0,0.125,6400000.0,0.5273919092465753
512.0,512.0,8.0,27.0,15444.0,15563.0,513572.0,2424544.0,0,0.9859375,0.015625,4.0,6400000.0,0.9808287977005872
512.0,512.0,8.0,8.0,5673.0,5705.0,190675.0,847264.0,0,0.959375,0.0078125,64.0,6400000.0,0.9499312010763209
512.0,512.0,8.0,32.0,15349.0,15439.0,510303.0,2404704.0,0,0.9875,0.00390625,0.0,6400000.0,0.9812201871330725
1.0,512.0,4.0,1.0,1.0,1.0,63.0,32.0,0,0.5015625,0.25,4096.0,6400000.0,0.5273919092465753
512.0,512.0,4.0,16.0,5618.0,5612.0,184829.0,832384.0,0,0.9765625,16.0,0.000976562,6400000.0,0.9690985812133072
512.0,512.0,4.0,26.0,6279.0,6267.0,206441.0,937184.0,0,0.990625,0.0625,4.0,6400000.0,0.9761336533757337
512.0,512.0,4.0,33.0,6329.0,6316.0,207943.0,945024.0,0,0.990625,0.015625,0.00195312,6400000.0,0.980047547700587
1.0,512.0,8.0,1.0,1.0,1.0,543.0,32.0,0,0.5015625,0.25,32768.0,6400000.0,0.5273919092465753
512.0,512.0,4.0,5.0,2467.0,2632.0,81202.0,355584.0,0,0.940625,256.0,0.0078125,6400000.0,0.9409246575342465
1.0,512.0,8.0,1.0,1.0,1.0,543.0,32.0,0,0.5015625,0.5,8192.0,6400000.0,0.5273919092465753
1.0,512.0,8.0,1.0,1.0,1.0,543.0,32.0,0,0.5015625,0.5,2048.0,6400000.0,0.5273919092465753
1.0,512.0,8.0,1.0,1.0,1.0,543.0,32.0,0,0.5015625,0.5,32768.0,6400000.0,0.5273919092465753
1.0,512.0,8.0,1.0,1.0,1.0,543.0,32.0,0,0.5015625,0.5,512.0,6400000.0,0.5273919092465753
512.0,512.0,4.0,5.0,2467.0,2632.0,81202.0,355584.0,0,0.940625,256.0,4.0,6400000.0,0.9409246575342465
512.0,512.0,4.0,6.0,2784.0,2794.0,91502.0,381504.0,0,0.940625,128.0,0.00195312,6400000.0,0.9409246575342465
512.0,512.0,8.0,32.0,15397.0,15488.0,511888.0,2412544.0,0,0.9875,0.015625,0.000976562,6400000.0,0.9812201871330724
1.0,512.0,4.0,1.0,1.0,1.0,63.0,32.0,0,0.5015625,128.0,512.0,6400000.0,0.5273919092465753
512.0,512.0,4.0,11.0,4931.0,4929.0,162267.0,723104.0,0,0.96875,0.0078125,32.0,6400000.0,0.965575311888454
512.0,512.0,8.0,30.0,15467.0,15567.0,514249.0,2425184.0,0,0.9859375,0.015625,1.0,6400000.0,0.9796546294031312
512.0,512.0,8.0,32.0,15355.0,15448.0,510504.0,2406144.0,0,0.9875,0.015625,0.0625,6400000.0,0.9808280332681019
512.0,512.0,8.0,32.0,15345.0,15435.0,510171.0,2404064.0,0,0.9875,0.015625,0.015625,6400000.0,0.9808287977005872
512.0,512.0,8.0,31.0,15294.0,15393.0,508518.0,2397344.0,0,0.9859375,0.015625,0.25,6400000.0,0.9800452544031313
512.0,512.0,8.0,32.0,15406.0,15497.0,512185.0,2413984.0,0,0.9859375,0.015625,0.00390625,6400000.0,0.9816115765655576
512.0,512.0,4.0,32.0,6292.0,6279.0,206743.0,939104.0,0,0.990625,0.5,0.00195312,6400000.0,0.9808303265655578
512.0,512.0,4.0,27.0,6218.0,6205.0,204406.0,927264.0,0,0.990625,0.00390625,2.0,6400000.0,0.9784819899706457
1.0,512.0,8.0,1.0,1.0,1.0,543.0,32.0,0,0.5015625,1.0,1024.0,6400000.0,0.5273919092465753
1.0,512.0,8.0,1.0,1.0,1.0,543.0,32.0,0,0.5015625,1.0,16384.0,6400000.0,0.5273919092465753
1.0,512.0,8.0,1.0,1.0,1.0,543.0,32.0,0,0.5015625,1.0,4096.0,6400000.0,0.5273919092465753
1.0,512.0,4.0,1.0,1.0,1.0,63.0,32.0,0,0.5015625,32.0,32768.0,6400000.0,0.5273919092465753
512.0,512.0,4.0,6.0,2784.0,2789.0,91497.0,380704.0,0,0.940625,128.0,0.5,6400000.0,0.9409246575342465
512.0,512.0,4.0,32.0,6304.0,6292.0,207140.0,941184.0,0,0.9921875,0.125,0.000976562,6400000.0,0.9792647688356164
512.0,512.0,8.0,5.0,2467.0,2632.0,84562.0,355584.0,0,0.940625,1.0,256.0,6400000.0,0.9409246575342465
512.0,512.0,4.0,27.0,6287.0,6274.0,206683.0,938304.0,0,0.9890625,2.0,0.000976562,6400000.0,0.9788733794031312
1.0,512.0,4.0,1.0,1.0,1.0,63.0,32.0,0,0.5015625,256.0,16384.0,6400000.0,0.5273919092465753
512.0,512.0,8.0,13.0,9660.0,9762.0,322722.0,1496384.0,0,0.9703125,0.00390625,32.0,6400000.0,0.9659667013209393
512.0,512.0,8.0,8.0,4681.0,4886.0,158143.0,716224.0,0,0.959375,0.5,128.0,6400000.0,0.9409246575342465
1.0,512.0,4.0,1.0,1.0,1.0,63.0,32.0,0,0.5015625,2.0,512.0,6400000.0,0.5273919092465753
512.0,512.0,8.0,8.0,5673.0,5705.0,190675.0,847264.0,0,0.959375,0.25,64.0,6400000.0,0.9499312010763209
1.0,512.0,4.0,1.0,1.0,1.0,63.0,32.0,0,0.5015625,0.25,8192.0,6400000.0,0.5273919092465753
512.0,512.0,4.0,32.0,6241.0,6229.0,205061.0,931104.0,0,0.990625,0.0625,0.00390625,6400000.0,0.9800475477005872
512.0,512.0,4.0,15.0,5698.0,5693.0,187491.0,845344.0,0,0.971875,8.0,8.0,6400000.0,0.9671416340508806
512.0,512.0,4.0,5.0,2467.0,2632.0,81202.0,355584.0,0,0.940625,16.0,128.0,6400000.0,0.9409246575342465
512.0,512.0,4.0,13.0,5429.0,5426.0,178658.0,802624.0,0,0.9703125,1.0,16.0,6400000.0,0.9659667013209393
512.0,512.0,4.0,26.0,6002.0,5990.0,197300.0,892864.0,0,0.9859375,4.0,0.00195312,6400000.0,0.9769156678082191
512.0,512.0,4.0,32.0,6315.0,6303.0,207503.0,942944.0,0,0.9890625,0.03125,0.00390625,6400000.0,0.9792655332681018
512.0,512.0,4.0,20.0,5924.0,5918.0,194858.0,881344.0,0,0.9859375,8.0,0.0,6400000.0,0.9796561582681018
512.0,512.0,4.0,8.0,4171.0,4321.0,137387.0,625824.0,0,0.95,0.125,64.0,6400000.0,0.9393636863992171
512.0,512.0,4.0,33.0,6331.0,6318.0,208009.0,945344.0,0,0.9890625,0.000976562,0.03125,6400000.0,0.9792647688356164
1.0,512.0,8.0,1.0,1.0,1.0,543.0,32.0,0,0.5015625,0.5,4096.0,6400000.0,0.5273919092465753
1.0,512.0,8.0,1.0,1.0,1.0,543.0,32.0,0,0.5015625,0.5,16384.0,6400000.0,0.5273919092465753
512.0,512.0,4.0,11.0,4970.0,4968.0,163554.0,729344.0,0,0.96875,32.0,1.0,6400000.0,0.9655760763209393
1.0,512.0,8.0,1.0,1.0,1.0,543.0,32.0,0,0.5015625,0.5,1024.0,6400000.0,0.5273919092465753
512.0,512.0,4.0,32.0,6258.0,6245.0,205621.0,933664.0,0,0.990625,0.00195312,0.25,6400000.0,0.9796561582681018
512.0,512.0,4.0,8.0,4622.0,4631.0,152129.0,675424.0,0,0.959375,64.0,4.0,6400000.0,0.9518782106164382
512.0,512.0,8.0,29.0,15503.0,15623.0,515478.0,2434144.0,0,0.9859375,0.03125,2.0,6400000.0,0.9796553938356165
1.0,512.0,4.0,1.0,1.0,1.0,63.0,32.0,0,0.5015625,128.0,1024.0,6400000.0,0.5273919092465753
512.0,512.0,4.0,20.0,5924.0,5918.0,194858.0,881344.0,0,0.9859375,8.0,0.0078125,6400000.0,0.9796561582681018
1.0,512.0,8.0,1.0,1.0,1.0,543.0,32.0,0,0.5015625,1.0,2048.0,6400000.0,0.5273919092465753
1.0,512.0,8.0,1.0,1.0,1.0,543.0,32.0,0,0.5015625,1.0,32768.0,6400000.0,0.5273919092465753
1.0,512.0,8.0,1.0,1.0,1.0,543.0,32.0,0,0.5015625,1.0,8192.0,6400000.0,0.5273919092465753
512.0,512.0,8.0,31.0,15356.0,15453.0,510562.0,2406944.0,0,0.9859375,0.03125,0.5,6400000.0,0.9792632399706459
512.0,512.0,8.0,8.0,4681.0,4886.0,158143.0,716224.0,0,0.959375,0.0625,128.0,6400000.0,0.9409246575342465
512.0,512.0,8.0,32.0,15345.0,15435.0,510171.0,2404064.0,0,0.9875,0.03125,0.0,6400000.0,0.9808287977005872
512.0,512.0,8.0,31.0,15379.0,15476.0,511321.0,2410624.0,0,0.9875,0.03125,0.125,6400000.0,0.9812194227005872
512.0,512.0,8.0,32.0,15370.0,15458.0,510994.0,2407744.0,0,0.9859375,0.015625,0.0,6400000.0,0.9812201871330724
512.0,512.0,4.0,6.0,2784.0,2794.0,91502.0,381504.0,0,0.940625,0.000976562,128.0,6400000.0,0.9409246575342465
512.0,512.0,4.0,5.0,2467.0,2632.0,81202.0,355584.0,0,0.940625,256.0,0.015625,6400000.0,0.9409246575342465
512.0,512.0,4.0,33.0,6283.0,6270.0,206425.0,937664.0,0,0.990625,0.0078125,0.015625,6400000.0,0.980047547700587
512.0,512.0,8.0,32.0,15345.0,15435.0,510171.0,2404064.0,0,0.9875,0.03125,0.00195312,6400000.0,0.9808287977005872
512.0,512.0,8.0,32.0,15355.0,15448.0,510504.0,2406144.0,0,0.9875,0.03125,0.03125,6400000.0,0.9796553938356165
512.0,512.0,8.0,32.0,15345.0,15435.0,510171.0,2404064.0,0,0.9875,0.03125,0.0078125,6400000.0,0.9804374082681019
1.0,512.0,8.0,1.0,1.0,1.0,543.0,32.0,0,0.5015625,2.0,512.0,6400000.0,0.5273919092465753
512.0,512.0,4.0,32.0,6233.0,6221.0,204797.0,929824.0,0,0.990625,0.015625,0.125,6400000.0,0.9796561582681018
512.0,512.0,4.0,5.0,2467.0,2632.0,81202.0,355584.0,0,0.940625,256.0,8.0,6400000.0,0.9409246575342465
1.0,512.0,4.0,1.0,1.0,1.0,63.0,32.0,0,0.5015625,2.0,1024.0,6400000.0,0.5273919092465753
1.0,512.0,8.0,1.0,1.0,1.0,543.0,32.0,0,0.5015625,2.0,2048.0,6400000.0,0.5273919092465753
1.0,512.0,8.0,1.0,1.0,1.0,543.0,32.0,0,0.5015625,1.0,512.0,6400000.0,0.5273919092465753
1.0,512.0,8.0,1.0,1.0,1.0,543.0,32.0,0,0.5015625,2.0,8192.0,6400000.0,0.5273919092465753
1.0,512.0,4.0,1.0,1.0,1.0,63.0,32.0,0,0.5015625,0.25,16384.0,6400000.0,0.5273919092465753
512.0,512.0,4.0,11.0,5005.0,5003.0,164709.0,734944.0,0,0.96875,32.0,0.00390625,6400000.0,0.9659667013209393
512.0,512.0,4.0,32.0,6274.0,6262.0,206150.0,936384.0,0,0.9890625,0.125,0.03125,6400000.0,0.9792647688356165
512.0,512.0,8.0,8.0,5673.0,5705.0,190675.0,847264.0,0,0.959375,0.03125,64.0,6400000.0,0.9499312010763209
512.0,512.0,8.0,16.0,11698.0,11793.0,389906.0,1821344.0,0,0.9765625,0.25,16.0,6400000.0,0.9706618456457926
512.0,512.0,4.0,6.0,2774.0,2785.0,91173.0,380064.0,0,0.940625,128.0,1.0,6400000.0,0.9409246575342465
1.0,512.0,8.0,1.0,1.0,1.0,543.0,32.0,0,0.5015625,2.0,32768.0,6400000.0,0.5273919092465753
512.0,512.0,8.0,23.0,14343.0,14495.0,477356.0,2253664.0,0,0.984375,0.125,8.0,6400000.0,0.9776992111056751
512.0,512.0,8.0,8.0,4734.0,4881.0,159834.0,715424.0,0,0.959375,2.0,128.0,6400000.0,0.9409246575342465
1.0,512.0,4.0,1.0,1.0,1.0,63.0,32.0,0,0.5015625,128.0,2048.0,6400000.0,0.5273919092465753
512.0,512.0,8.0,13.0,9454.0,9556.0,315924.0,1463424.0,0,0.9703125,0.5,32.0,6400000.0,0.9659667013209393
512.0,512.0,8.0,27.0,15430.0,15549.0,513110.0,2422304.0,0,0.9859375,0.0625,4.0,6400000.0,0.9808303265655576
512.0,512.0,4.0,33.0,6286.0,6274.0,206525.0,938304.0,0,0.990625,0.0,0.0078125,6400000.0,0.9796561582681017
512.0,512.0,4.0,5.0,2476.0,2631.0,81489.0,355424.0,0,0.940625,16.0,256.0,6400000.0,0.9409246575342465
512.0,512.0,8.0,5.0,2467.0,2632.0,84562.0,355584.0,0,0.940625,0.5,256.0,6400000.0,0.9409246575342465
512.0,512.0,4.0,8.0,4642.0,4651.0,152789.0,678624.0,0,0.959375,64.0,0.00390625,6400000.0,0.9628371147260273
512.0,512.0,8.0,32.0,15355.0,15448.0,510504.0,2406144.0,0,0.9875,0.0625,0.00390625,6400000.0,0.9792640044031312
512.0,512.0,4.0,16.0,5741.0,5735.0,188888.0,852064.0,0,0.9765625,16.0,0.125,6400000.0,0.9683158023483365
512.0,512.0,8.0,32.0,15355.0,15448.0,510504.0,2406144.0,0,0.9875,0.0625,0.000976562,6400000.0,0.9796553938356165
512.0,512.0,4.0,25.0,6152.0,6141.0,202272.0,917024.0,0,0.9859375,4.0,1.0,6400000.0,0.9796561582681018
512.0,512.0,8.0,31.0,15408.0,15507.0,512280.0,2415584.0,0,0.9859375,0.0625,0.0625,6400000.0,0.9808280332681019
512.0,512.0,8.0,32.0,15355.0,15448.0,510504.0,2406144.0,0,0.9875,0.0625,0.015625,6400000.0,0.9808280332681019
512.0,512.0,8.0,13.0,9660.0,9762.0,322722.0,1496384.0,0,0.9703125,0.015625,32.0,6400000.0,0.9659667013209393
1.0,512.0,8.0,1.0,1.0,1.0,543.0,32.0,0,0.5015625,2.0,1024.0,6400000.0,0.5273919092465753
1.0,512.0,8.0,1.0,1.0,1.0,543.0,32.0,0,0.5015625,2.0,4096.0,6400000.0,0.5273919092465753
1.0,512.0,4.0,1.0,1.0,1.0,63.0,32.0,0,0.5015625,2.0,2048.0,6400000.0,0.5273919092465753
1.0,512.0,8.0,1.0,1.0,1.0,543.0,32.0,0,0.5015625,2.0,16384.0,6400000.0,0.5273919092465753
512.0,512.0,8.0,8.0,5633.0,5665.0,189355.0,840864.0,0,0.959375,1.0,64.0,6400000.0,0.9483656433463796
1.0,512.0,8.0,1.0,1.0,1.0,543.0,32.0,0,0.5015625,4.0,1024.0,6400000.0,0.5273919092465753
1.0,512.0,8.0,1.0,1.0,1.0,543.0,32.0,0,0.5015625,4.0,4096.0,6400000.0,0.5273919092465753
512.0,512.0,4.0,5.0,2467.0,2632.0,81202.0,355584.0,0,0.940625,0.000976562,256.0,6400000.0,0.9409246575342465
512.0,512.0,8.0,30.0,15467.0,15567.0,514249.0,2425184.0,0,0.9859375,0.0625,1.0,6400000.0,0.9804374082681019
512.0,512.0,8.0,31.0,15376.0,15474.0,511223.0,2410304.0,0,0.9875,0.0625,0.25,6400000.0,0.9816108121330723
512.0,512.0,8.0,5.0,2467.0,2632.0,84562.0,355584.0,0,0.940625,4.0,256.0,6400000.0,0.9409246575342465
1.0,512.0,8.0,1.0,1.0,1.0,543.0,32.0,0,0.5015625,4.0,16384.0,6400000.0,0.5273919092465753
512.0,512.0,4.0,5.0,2476.0,2631.0,81489.0,355424.0,0,0.940625,256.0,16.0,6400000.0,0.9409246575342465
512.0,512.0,4.0,16.0,5618.0,5612.0,184829.0,832384.0,0,0.9765625,16.0,0.00195312,6400000.0,0.9690985812133072
512.0,512.0,4.0,21.0,5916.0,5909.0,194572.0,879904.0,0,0.9828125,0.0,8.0,6400000.0,0.9808303265655578
512.0,512.0,8.0,16.0,11583.0,11678.0,386111.0,1802944.0,0,0.9765625,0.0,16.0,6400000.0,0.9718352495107633
512.0,512.0,4.0,27.0,6209.0,6196.0,204109.0,925824.0,0,0.9890625,0.5,2.0,6400000.0,0.9776999755381605
512.0,512.0,8.0,13.0,9867.0,9964.0,329548.0,1528704.0,0,0.9703125,1.0,16.0,6400000.0,0.9702696917808218
512.0,512.0,8.0,32.0,15355.0,15448.0,510504.0,2406144.0,0,0.9875,0.0625,0.0,6400000.0,0.9796553938356165
1.0,512.0,4.0,1.0,1.0,1.0,63.0,32.0,0,0.5015625,16.0,512.0,6400000.0,0.5273919092465753
512.0,512.0,4.0,33.0,6289.0,6277.0,206624.0,938784.0,0,0.990625,0.00195312,0.00390625,6400000.0,0.9792662977005872
512.0,512.0,4.0,32.0,6292.0,6279.0,206743.0,939104.0,0,0.990625,0.25,0.25,6400000.0,0.9808303265655578
512.0,512.0,4.0,7.0,4062.0,4236.0,133819.0,612224.0,0,0.946875,128.0,2.0,6400000.0,0.9409246575342465
512.0,512.0,4.0,30.0,6231.0,6221.0,204775.0,929824.0,0,0.990625,0.03125,1.0,6400000.0,0.9796561582681018
1.0,512.0,4.0,1.0,1.0,1.0,63.0,32.0,0,0.5015625,2.0,4096.0,6400000.0,0.5273919092465753
512.0,512.0,4.0,27.0,6215.0,6202.0,204307.0,926784.0,0,0.9890625,2.0,0.125,6400000.0,0.9780906005381607
512.0,512.0,8.0,13.0,9715.0,9821.0,324541.0,1505824.0,0,0.9703125,2.0,32.0,6400000.0,0.9659667013209393
512.0,512.0,4.0,6.0,2784.0,2794.0,91502.0,381504.0,0,0.940625,0.125,128.0,6400000.0,0.9409246575342465
512.0,512.0,8.0,31.0,15408.0,15507.0,512280.0,2415584.0,0,0.9859375,0.125,0.0,6400000.0,0.9808280332681019
1.0,512.0,8.0,1.0,1.0,1.0,543.0,32.0,0,0.5015625,4.0,2048.0,6400000.0,0.5273919092465753
1.0,512.0,8.0,1.0,1.0,1.0,543.0,32.0,0,0.5015625,4.0,8192.0,6400000.0,0.5273919092465753
512.0,512.0,4.0,8.0,3850.0,4097.0,126875.0,589984.0,0,0.95,0.0078125,64.0,6400000.0,0.9393636863992171
512.0,512.0,4.0,12.0,5465.0,5464.0,179869.0,808704.0,0,0.96875,8.0,16.0,6400000.0,0.9694899706457925
512.0,512.0,8.0,5.0,2467.0,2632.0,84562.0,355584.0,0,0.940625,2.0,256.0,6400000.0,0.9409246575342465
512.0,512.0,4.0,32.0,6258.0,6245.0,205621.0,933664.0,0,0.990625,0.25,0.00195312,6400000.0,0.9796561582681018
512.0,512.0,8.0,31.0,15408.0,15507.0,512280.0,2415584.0,0,0.9859375,0.125,0.00195312,6400000.0,0.9808280332681019
512.0,512.0,4.0,11.0,4916.0,4914.0,161772.0,720704.0,0,0.96875,1.0,32.0,6400000.0,0.9655760763209393
512.0,512.0,4.0,11.0,5002.0,5000.0,164610.0,734464.0,0,0.96875,32.0,2.0,6400000.0,0.9655760763209393
512.0,512.0,8.0,29.0,15527.0,15647.0,516270.0,2437984.0,0,0.9859375,0.125,2.0,6400000.0,0.9800460188356164
512.0,512.0,8.0,31.0,15408.0,15507.0,512280.0,2415584.0,0,0.9859375,0.125,0.0078125,6400000.0,0.9812194227005872
512.0,512.0,4.0,22.0,6001.0,5993.0,197355.0,893344.0,0,0.984375,0.0625,8.0,6400000.0,0.9804389371330725
1.0,512.0,8.0,1.0,1.0,1.0,543.0,32.0,0,0.5015625,4.0,32768.0,6400000.0,0.5273919092465753
512.0,512.0,8.0,31.0,15379.0,15476.0,511321.0,2410624.0,0,0.9875,0.125,0.03125,6400000.0,0.9812194227005872
512.0,512.0,8.0,8.0,4681.0,4886.0,158143.0,716224.0,0,0.959375,0.25,128.0,6400000.0,0.9409246575342465
512.0,512.0,4.0,30.0,6186.0,6176.0,203290.0,922624.0,0,0.990625,1.0,0.015625,6400000.0,0.9800475477005872
512.0,512.0,4.0,30.0,6227.0,6217.0,204643.0,929184.0,0,0.990625,1.0,0.000976562,6400000.0,0.9800475477005872
512.0,512.0,8.0,31.0,15419.0,15521.0,512646.0,2417824.0,0,0.9859375,0.125,0.5,6400000.0,0.9820029659980432
1.0,512.0,4.0,1.0,1.0,1.0,63.0,32.0,0,0.5015625,0.000976562,512.0,6400000.0,0.5273919092465753
512.0,512.0,8.0,31.0,15294.0,15393.0,508518.0,2397344.0,0,0.9859375,0.125,0.125,6400000.0,0.9812194227005872
1.0,512.0,8.0,1.0,1.0,1.0,543.0,32.0,0,0.5015625,4.0,512.0,6400000.0,0.5273919092465753
512.0,512.0,8.0,8.0,5673.0,5705.0,190675.0,847264.0,0,0.959375,0.125,64.0,6400000.0,0.9499312010763209
1.0,512.0,4.0,1.0,1.0,1.0,63.0,32.0,0,0.5015625,16.0,1024.0,6400000.0,0.5273919092465753
512.0,512.0,4.0,33.0,6282.0,6270.0,206393.0,937664.0,0,0.990625,0.00390625,0.0078125,6400000.0,0.9804389371330723
1.0,512.0,4.0,1.0,1.0,1.0,63.0,32.0,0,0.5015625,2.0,8192.0,6400000.0,0.5273919092465753
512.0,512.0,4.0,11.0,5005.0,5003.0,164709.0,734944.0,0,0.96875,32.0,0.0078125,6400000.0,0.9659667013209393
512.0,512.0,8.0,27.0,15527.0,15644.0,516309.0,2437504.0,0,0.9859375,0.25,4.0,6400000.0,0.9808295621330723
1.0,512.0,8.0,1.0,1.0,1.0,543.0,32.0,0,0.5015625,8.0,512.0,6400000.0,0.5273919092465753
512.0,512.0,4.0,8.0,4588.0,4597.0,151007.0,669984.0,0,0.959375,64.0,8.0,6400000.0,0.9518782106164382
512.0,512.0,4.0,26.0,6279.0,6267.0,206441.0,937184.0,0,0.990625,0.00390625,4.0,6400000.0,0.9776984466731898
512.0,512.0,8.0,16.0,11583.0,11678.0,386111.0,1802944.0,0,0.9765625,0.00195312,16.0,6400000.0,0.9718352495107633
1.0,512.0,8.0,1.0,1.0,1.0,543.0,32.0,0,0.5015625,8.0,2048.0,6400000.0,0.5273919092465753
1.0,512.0,8.0,1.0,1.0,1.0,543.0,32.0,0,0.5015625,8.0,8192.0,6400000.0,0.5273919092465753
1.0,512.0,8.0,1.0,1.0,1.0,543.0,32.0,0,0.5015625,8.0,32768.0,6400000.0,0.5273919092465753
512.0,512.0,8.0,13.0,9660.0,9762.0,322722.0,1496384.0,0,0.9703125,0.0625,32.0,6400000.0,0.9659667013209393
512.0,512.0,4.0,20.0,5924.0,5918.0,194858.0,881344.0,0,0.9859375,8.0,0.015625,6400000.0,0.9796561582681018
512.0,512.0,8.0,8.0,4423.0,4651.0,149652.0,678624.0,0,0.959375,8.0,128.0,6400000.0,0.9409246575342465
1.0,512.0,4.0,1.0,1.0,1.0,63.0,32.0,0,0.5015625,0.000976562,1024.0,6400000.0,0.5273919092465753
512.0,512.0,4.0,27.0,6287.0,6274.0,206683.0,938304.0,0,0.9890625,2.0,0.00195312,6400000.0,0.9788733794031312
512.0,512.0,4.0,5.0,2467.0,2632.0,81202.0,355584.0,0,0.940625,0.125,256.0,6400000.0,0.9409246575342465
512.0,512.0,8.0,8.0,5643.0,5675.0,189685.0,842464.0,0,0.959375,4.0,64.0,6400000.0,0.9483656433463796
512.0,512.0,4.0,26.0,6002.0,5990.0,197300.0,892864.0,0,0.9859375,4.0,0.00390625,6400000.0,0.9769156678082191
512.0,512.0,8.0,31.0,15294.0,15393.0,508518.0,2397344.0,0,0.9859375,0.25,0.000976562,6400000.0,0.9812194227005872
512.0,512.0,4.0,33.0,6329.0,6316.0,207943.0,945024.0,0,0.990625,0.015625,0.00390625,6400000.0,0.980047547700587
512.0,512.0,8.0,22.0,13637.0,13790.0,454080.0,2140864.0,0,0.9796875,0.5,8.0,6400000.0,0.978481989970646
512.0,512.0,8.0,31.0,15294.0,15393.0,508518.0,2397344.0,0,0.9859375,0.25,0.015625,6400000.0,0.9800452544031313
1.0,512.0,4.0,1.0,1.0,1.0,63.0,32.0,0,0.5015625,16.0,2048.0,6400000.0,0.5273919092465753
512.0,512.0,8.0,31.0,15294.0,15393.0,508518.0,2397344.0,0,0.9859375,0.25,0.00390625,6400000.0,0.9812194227005872
512.0,512.0,4.0,32.0,6292.0,6279.0,206743.0,939104.0,0,0.990625,0.5,0.00390625,6400000.0,0.9808303265655578
512.0,512.0,8.0,29.0,15591.0,15691.0,518362.0,2445024.0,0,0.9859375,0.25,1.0,6400000.0,0.9800460188356164
512.0,512.0,8.0,31.0,15376.0,15474.0,511223.0,2410304.0,0,0.9875,0.25,0.0625,6400000.0,0.9816108121330723
512.0,512.0,8.0,31.0,15356.0,15453.0,510562.0,2406944.0,0,0.9859375,0.25,0.25,6400000.0,0.9812194227005872
512.0,512.0,4.0,16.0,5741.0,5735.0,188888.0,852064.0,0,0.9765625,16.0,0.25,6400000.0,0.9683158023483365
512.0,512.0,4.0,32.0,6304.0,6292.0,207140.0,941184.0,0,0.9921875,0.125,0.00195312,6400000.0,0.9792647688356164
1.0,512.0,8.0,1.0,1.0,1.0,543.0,32.0,0,0.5015625,8.0,1024.0,6400000.0,0.5273919092465753
1.0,512.0,8.0,1.0,1.0,1.0,543.0,32.0,0,0.5015625,8.0,4096.0,6400000.0,0.5273919092465753
1.0,512.0,8.0,1.0,1.0,1.0,543.0,32.0,0,0.5015625,8.0,16384.0,6400000.0,0.5273919092465753
512.0,512.0,8.0,13.0,9916.0,10015.0,331167.0,1536864.0,0,0.9703125,4.0,16.0,6400000.0,0.96557760518591
512.0,512.0,4.0,33.0,6311.0,6298.0,207349.0,942144.0,0,0.9890625,0.0625,0.0078125,6400000.0,0.9796561582681018
512.0,512.0,8.0,8.0,4593.0,4902.0,155343.0,718784.0,0,0.959375,1.0,128.0,6400000.0,0.9409246575342465
512.0,512.0,4.0,32.0,6315.0,6303.0,207503.0,942944.0,0,0.9890625,0.03125,0.0078125,6400000.0,0.9792655332681018
512.0,512.0,8.0,31.0,15294.0,15393.0,508518.0,2397344.0,0,0.9859375,0.25,0.0,6400000.0,0.9812194227005872
512.0,512.0,4.0,32.0,6292.0,6279.0,206743.0,939104.0,0,0.990625,0.00195312,0.5,6400000.0,0.9808303265655578
512.0,512.0,4.0,32.0,6241.0,6229.0,205061.0,931104.0,0,0.990625,0.000976562,0.0625,6400000.0,0.9800475477005872
1.0,512.0,4.0,1.0,1.0,1.0,63.0,32.0,0,0.5015625,16.0,4096.0,6400000.0,0.5273919092465753
512.0,512.0,4.0,16.0,5618.0,5612.0,184829.0,832384.0,0,0.9765625,16.0,0.00390625,6400000.0,0.9690985812133072
1.0,512.0,4.0,1.0,1.0,1.0,63.0,32.0,0,0.5015625,0.125,512.0,6400000.0,0.5273919092465753
512.0,512.0,8.0,16.0,11583.0,11678.0,386111.0,1802944.0,0,0.9765625,0.0078125,16.0,6400000.0,0.9710524706457926
512.0,512.0,4.0,6.0,2784.0,2794.0,91502.0,381504.0,0,0.940625,0.0078125,128.0,6400000.0,0.9409246575342465
512.0,512.0,4.0,8.0,4642.0,4651.0,152789.0,678624.0,0,0.959375,64.0,0.0078125,6400000.0,0.9628371147260273
512.0,512.0,4.0,23.0,6123.0,6114.0,201359.0,912704.0,0,0.984375,4.0,2.0,6400000.0,0.9804389371330725
512.0,512.0,4.0,13.0,5365.0,5364.0,176548.0,792704.0,0,0.9703125,0.0,16.0,6400000.0,0.9690985812133072
512.0,512.0,8.0,10.0,7480.0,7573.0,250580.0,1146144.0,0,0.9640625,8.0,32.0,6400000.0,0.9636183647260272
512.0,512.0,8.0,5.0,2467.0,2632.0,84562.0,355584.0,0,0.940625,8.0,256.0,6400000.0,0.9409246575342465
512.0,512.0,8.0,25.0,14740.0,14862.0,490385.0,2312384.0,0,0.9828125,1.0,4.0,6400000.0,0.9788710861056751
512.0,512.0,4.0,11.0,4849.0,4847.0,159561.0,709984.0,0,0.96875,8.0,32.0,6400000.0,0.964010518590998
512.0,512.0,8.0,21.0,12254.0,12390.0,408445.0,1916864.0,0,0.978125,2.0,8.0,6400000.0,0.9804389371330725
1.0,512.0,8.0,1.0,1.0,1.0,543.0,32.0,0,0.5015625,16.0,1024.0,6400000.0,0.5273919092465753
512.0,512.0,4.0,32.0,6298.0,6285.0,206941.0,940064.0,0,0.990625,0.015625,0.25,6400000.0,0.9808303265655578
512.0,512.0,4.0,32.0,6315.0,6303.0,207503.0,942944.0,0,0.9890625,0.0078125,0.03125,6400000.0,0.9792655332681018
1.0,512.0,8.0,1.0,1.0,1.0,543.0,32.0,0,0.5015625,16.0,4096.0,6400000.0,0.5273919092465753
1.0,512.0,8.0,1.0,1.0,1.0,543.0,32.0,0,0.5015625,16.0,16384.0,6400000.0,0.5273919092465753
512.0,512.0,4.0,11.0,4942.0,4940.0,162630.0,724864.0,0,0.96875,32.0,4.0,6400000.0,0.9640112830234834
512.0,512.0,8.0,5.0,2476.0,2631.0,84849.0,355424.0,0,0.940625,16.0,256.0,6400000.0,0.9409246575342465
512.0,512.0,8.0,31.0,15356.0,15453.0,510562.0,2406944.0,0,0.9859375,0.5,0.00195312,6400000.0,0.9812194227005872
512.0,512.0,8.0,31.0,15356.0,15453.0,510562.0,2406944.0,0,0.9859375,0.5,0.0,6400000.0,0.9812194227005872
512.0,512.0,4.0,32.0,6379.0,6367.0,209615.0,953184.0,0,0.990625,0.125,0.0625,6400000.0,0.9796553938356165
512.0,512.0,8.0,31.0,15356.0,15453.0,510562.0,2406944.0,0,0.9859375,0.5,0.0078125,6400000.0,0.9812194227005872
512.0,512.0,4.0,8.0,4171.0,4321.0,137387.0,625824.0,0,0.95,1.0,64.0,6400000.0,0.9377981286692758
1.0,512.0,4.0,1.0,1.0,1.0,63.0,32.0,0,0.5015625,0.125,1024.0,6400000.0,0.5273919092465753
512.0,512.0,8.0,31.0,15356.0,15453.0,510562.0,2406944.0,0,0.9859375,0.5,0.03125,6400000.0,0.9792632399706459
512.0,512.0,4.0,16.0,5673.0,5669.0,186646.0,841504.0,0,0.9765625,0.0625,16.0,6400000.0,0.9690985812133072
512.0,512.0,8.0,29.0,15499.0,15621.0,515348.0,2433824.0,0,0.9859375,0.5,2.0,6400000.0,0.9792640044031312
512.0,512.0,4.0,11.0,5005.0,5003.0,164709.0,734944.0,0,0.96875,32.0,0.015625,6400000.0,0.9659667013209393
512.0,512.0,4.0,33.0,6329.0,6316.0,207943.0,945024.0,0,0.990625,0.0,0.015625,6400000.0,0.980047547700587
512.0,512.0,8.0,23.0,14343.0,14495.0,477356.0,2253664.0,0,0.984375,0.000976562,8.0,6400000.0,0.9788733794031312
512.0,512.0,8.0,29.0,15494.0,15622.0,515189.0,2433984.0,0,0.984375,1.0,1.0,6400000.0,0.9796553938356165
1.0,512.0,8.0,1.0,1.0,1.0,543.0,32.0,0,0.5015625,16.0,2048.0,6400000.0,0.5273919092465753
1.0,512.0,8.0,1.0,1.0,1.0,543.0,32.0,0,0.5015625,16.0,8192.0,6400000.0,0.5273919092465753
512.0,512.0,8.0,31.0,15419.0,15521.0,512646.0,2417824.0,0,0.9859375,0.5,0.125,6400000.0,0.9820029659980432
512.0,512.0,8.0,30.0,15467.0,15567.0,514249.0,2425184.0,0,0.9859375,0.5,0.5,6400000.0,0.9796546294031312
512.0,512.0,8.0,8.0,5633.0,5665.0,189355.0,840864.0,0,0.959375,0.5,64.0,6400000.0,0.9499312010763209
1.0,512.0,8.0,1.0,1.0,1.0,543.0,32.0,0,0.5015625,16.0,32768.0,6400000.0,0.5273919092465753
512.0,512.0,8.0,13.0,9660.0,9762.0,322722.0,1496384.0,0,0.9703125,0.25,32.0,6400000.0,0.9659667013209393
512.0,512.0,4.0,25.0,6198.0,6187.0,203790.0,924384.0,0,0.984375,0.5,4.0,6400000.0,0.9800467832681017
512.0,512.0,8.0,30.0,15467.0,15567.0,514249.0,2425184.0,0,0.9859375,1.0,0.0625,6400000.0,0.9804374082681019
512.0,512.0,8.0,30.0,15467.0,15567.0,514249.0,2425184.0,0,0.9859375,1.0,0.000976562,6400000.0,0.9796546294031312
512.0,512.0,8.0,30.0,15467.0,15567.0,514249.0,2425184.0,0,0.9859375,1.0,0.015625,6400000.0,0.9796546294031312
512.0,512.0,8.0,29.0,15591.0,15691.0,518362.0,2445024.0,0,0.9859375,1.0,0.25,6400000.0,0.9800460188356164
512.0,512.0,4.0,5.0,2467.0,2632.0,81202.0,355584.0,0,0.940625,0.0078125,256.0,6400000.0,0.9409246575342465
512.0,512.0,8.0,30.0,15467.0,15567.0,514249.0,2425184.0,0,0.9859375,1.0,0.00390625,6400000.0,0.9796546294031312
512.0,512.0,8.0,27.0,15444.0,15563.0,513572.0,2424544.0,0,0.9859375,2.0,2.0,6400000.0,0.9800475477005872
512.0,512.0,8.0,29.0,15494.0,15622.0,515189.0,2433984.0,0,0.984375,2.0,0.0,6400000.0,0.9796553938356165
512.0,512.0,8.0,29.0,15494.0,15622.0,515189.0,2433984.0,0,0.984375,2.0,0.00195312,6400000.0,0.9796553938356165
512.0,512.0,8.0,13.0,10047.0,10146.0,335490.0,1557824.0,0,0.9703125,8.0,8.0,6400000.0,0.9710524706457926
1.0,512.0,8.0,1.0,1.0,1.0,543.0,32.0,0,0.5015625,16.0,512.0,6400000.0,0.5273919092465753
512.0,512.0,8.0,23.0,14343.0,14495.0,477356.0,2253664.0,0,0.984375,4.0,4.0,6400000.0,0.9769164322407043
512.0,512.0,4.0,8.0,4574.0,4584.0,150546.0,667904.0,0,0.959375,64.0,16.0,6400000.0,0.9424902152641877
512.0,512.0,8.0,29.0,15503.0,15623.0,515478.0,2434144.0,0,0.9859375,2.0,0.0078125,6400000.0,0.9796553938356165
512.0,512.0,8.0,29.0,15503.0,15623.0,515478.0,2434144.0,0,0.9859375,2.0,0.03125,6400000.0,0.9796553938356165
512.0,512.0,4.0,27.0,6238.0,6225.0,205066.0,930464.0,0,0.990625,2.0,0.25,6400000.0,0.9792647688356164
1.0,512.0,4.0,1.0,1.0,1.0,63.0,32.0,0,0.5015625,0.125,2048.0,6400000.0,0.5273919092465753
512.0,512.0,8.0,29.0,15527.0,15647.0,516270.0,2437984.0,0,0.9859375,2.0,0.125,6400000.0,0.9800460188356164
512.0,512.0,4.0,27.0,6187.0,6174.0,203383.0,922304.0,0,0.9875,0.03125,2.0,6400000.0,0.9792647688356165
512.0,512.0,8.0,8.0,4665.0,4881.0,157626.0,715424.0,0,0.959375,4.0,128.0,6400000.0,0.9409246575342465
512.0,512.0,8.0,29.0,15499.0,15621.0,515348.0,2433824.0,0,0.9859375,2.0,0.5,6400000.0,0.9792640044031312
512.0,512.0,8.0,16.0,11583.0,11678.0,386111.0,1802944.0,0,0.9765625,0.03125,16.0,6400000.0,0.9710524706457926
512.0,512.0,4.0,31.0,6244.0,6233.0,205182.0,931744.0,0,0.9890625,0.25,0.5,6400000.0,0.9788741438356166
1.0,512.0,8.0,1.0,1.0,1.0,543.0,32.0,0,0.5015625,32.0,512.0,6400000.0,0.5273919092465753
512.0,512.0,8.0,5.0,2467.0,2632.0,84562.0,355584.0,0,0.940625,32.0,128.0,6400000.0,0.9409246575342465
1.0,512.0,8.0,1.0,1.0,1.0,543.0,32.0,0,0.5015625,32.0,2048.0,6400000.0,0.5273919092465753
1.0,512.0,8.0,1.0,1.0,1.0,543.0,32.0,0,0.5015625,32.0,8192.0,6400000.0,0.5273919092465753
512.0,512.0,4.0,33.0,6282.0,6270.0,206393.0,937664.0,0,0.990625,0.00195312,0.0078125,6400000.0,0.9808295621330723
512.0,512.0,8.0,13.0,9633.0,9737.0,321833.0,1492384.0,0,0.9703125,1.0,32.0,6400000.0,0.9671408696183953
512.0,512.0,4.0,15.0,5638.0,5632.0,185510.0,835584.0,0,0.971875,16.0,0.5,6400000.0,0.965184686888454
512.0,512.0,8.0,23.0,14343.0,14495.0,477356.0,2253664.0,0,0.984375,0.00390625,8.0,6400000.0,0.978481989970646
512.0,512.0,4.0,21.0,5916.0,5909.0,194572.0,879904.0,0,0.9828125,0.00390625,8.0,6400000.0,0.9808303265655578
512.0,512.0,8.0,30.0,15467.0,15567.0,514249.0,2425184.0,0,0.9859375,1.0,0.0,6400000.0,0.9796546294031312
512.0,512.0,8.0,25.0,14740.0,14862.0,490385.0,2312384.0,0,0.9828125,4.0,1.0,6400000.0,0.9788710861056751
512.0,512.0,8.0,13.0,9660.0,9762.0,322722.0,1496384.0,0,0.9703125,16.0,16.0,6400000.0,0.9659667013209393
512.0,512.0,4.0,20.0,5924.0,5918.0,194858.0,881344.0,0,0.9859375,8.0,0.03125,6400000.0,0.9800475477005872
512.0,512.0,4.0,30.0,6231.0,6221.0,204775.0,929824.0,0,0.990625,1.0,0.03125,6400000.0,0.9796561582681018
512.0,512.0,8.0,8.0,5633.0,5665.0,189355.0,840864.0,0,0.959375,2.0,64.0,6400000.0,0.9483656433463796
512.0,512.0,4.0,32.0,6258.0,6245.0,205621.0,933664.0,0,0.990625,0.25,0.00390625,6400000.0,0.9796561582681018
512.0,512.0,8.0,13.0,10047.0,10146.0,335490.0,1557824.0,0,0.9703125,16.0,0.000976562,6400000.0,0.9710524706457926
512.0,512.0,8.0,13.0,10047.0,10146.0,335490.0,1557824.0,0,0.9703125,16.0,0.00390625,6400000.0,0.9710524706457926
512.0,512.0,8.0,27.0,15444.0,15563.0,513572.0,2424544.0,0,0.9859375,4.0,0.000976562,6400000.0,0.9800475477005872
512.0,512.0,8.0,22.0,13637.0,13790.0,454080.0,2140864.0,0,0.9796875,8.0,0.5,6400000.0,0.9761336533757337
512.0,512.0,8.0,23.0,14343.0,14495.0,477356.0,2253664.0,0,0.984375,8.0,0.0,6400000.0,0.9769164322407043
512.0,512.0,8.0,27.0,15444.0,15563.0,513572.0,2424544.0,0,0.9859375,0.0,4.0,6400000.0,0.9800475477005872
1.0,512.0,8.0,1.0,1.0,1.0,543.0,32.0,0,0.5015625,32.0,32768.0,6400000.0,0.5273919092465753
512.0,512.0,8.0,23.0,14343.0,14495.0,477356.0,2253664.0,0,0.984375,8.0,0.00195312,6400000.0,0.9769164322407043
1.0,512.0,4.0,1.0,1.0,1.0,63.0,32.0,0,0.5015625,0.0078125,512.0,6400000.0,0.5273919092465753
512.0,512.0,8.0,23.0,14343.0,14495.0,477356.0,2253664.0,0,0.984375,8.0,0.0078125,6400000.0,0.9769164322407043
512.0,512.0,8.0,13.0,9671.0,9768.0,323080.0,1497344.0,0,0.9703125,16.0,1.0,6400000.0,0.9702696917808218
512.0,512.0,8.0,27.0,15444.0,15563.0,513572.0,2424544.0,0,0.9859375,4.0,0.015625,6400000.0,0.9808287977005872
512.0,512.0,8.0,13.0,10047.0,10146.0,335490.0,1557824.0,0,0.9703125,16.0,0.015625,6400000.0,0.9710524706457926
512.0,512.0,8.0,13.0,10047.0,10146.0,335490.0,1557824.0,0,0.9703125,16.0,0.0625,6400000.0,0.9710524706457926
512.0,512.0,8.0,23.0,14343.0,14495.0,477356.0,2253664.0,0,0.984375,8.0,0.03125,6400000.0,0.9769164322407043
512.0,512.0,8.0,27.0,15444.0,15563.0,513572.0,2424544.0,0,0.9859375,4.0,0.00390625,6400000.0,0.9800475477005872
512.0,512.0,8.0,21.0,12254.0,12390.0,408445.0,1916864.0,0,0.978125,8.0,2.0,6400000.0,0.9784819899706457
512.0,512.0,8.0,13.0,9589.0,9691.0,320379.0,1485024.0,0,0.9703125,32.0,0.0,6400000.0,0.9671408696183953
512.0,512.0,8.0,27.0,15527.0,15644.0,516309.0,2437504.0,0,0.9859375,4.0,0.25,6400000.0,0.9808295621330723
512.0,512.0,8.0,23.0,14343.0,14495.0,477356.0,2253664.0,0,0.984375,8.0,0.125,6400000.0,0.9761336533757337
512.0,512.0,8.0,8.0,5639.0,5661.0,189543.0,840224.0,0,0.959375,16.0,64.0,6400000.0,0.9483656433463796
512.0,512.0,8.0,27.0,15430.0,15549.0,513110.0,2422304.0,0,0.9859375,4.0,0.0625,6400000.0,0.9808303265655576
512.0,512.0,8.0,13.0,9809.0,9908.0,327636.0,1519744.0,0,0.9703125,16.0,4.0,6400000.0,0.96557760518591
512.0,512.0,4.0,26.0,6002.0,5990.0,197300.0,892864.0,0,0.9859375,4.0,0.0078125,6400000.0,0.9769156678082191
512.0,512.0,8.0,16.0,11576.0,11671.0,385880.0,1801824.0,0,0.9765625,16.0,0.25,6400000.0,0.9710524706457926
512.0,512.0,4.0,11.0,4931.0,4929.0,162267.0,723104.0,0,0.96875,0.0,32.0,6400000.0,0.965575311888454
512.0,512.0,8.0,13.0,9589.0,9691.0,320379.0,1485024.0,0,0.9703125,32.0,0.00195312,6400000.0,0.9671408696183953
1.0,512.0,8.0,1.0,1.0,1.0,543.0,32.0,0,0.5015625,32.0,1024.0,6400000.0,0.5273919092465753
1.0,512.0,8.0,1.0,1.0,1.0,543.0,32.0,0,0.5015625,32.0,4096.0,6400000.0,0.5273919092465753
1.0,512.0,8.0,1.0,1.0,1.0,543.0,32.0,0,0.5015625,32.0,16384.0,6400000.0,0.5273919092465753
512.0,512.0,8.0,13.0,9589.0,9691.0,320379.0,1485024.0,0,0.9703125,32.0,0.0078125,6400000.0,0.9671408696183953
512.0,512.0,4.0,6.0,2774.0,2785.0,91173.0,380064.0,0,0.940625,1.0,128.0,6400000.0,0.9409246575342465
512.0,512.0,8.0,13.0,10047.0,10146.0,335490.0,1557824.0,0,0.9703125,16.0,0.0,6400000.0,0.9710524706457926
512.0,512.0,4.0,33.0,6329.0,6316.0,207943.0,945024.0,0,0.990625,0.00390625,0.015625,6400000.0,0.980047547700587
512.0,512.0,4.0,27.0,6287.0,6274.0,206683.0,938304.0,0,0.9890625,2.0,0.00390625,6400000.0,0.9792647688356165
512.0,512.0,4.0,11.0,5125.0,5123.0,168669.0,754144.0,0,0.96875,32.0,8.0,6400000.0,0.964010518590998
512.0,512.0,4.0,8.0,4032.0,4269.0,132871.0,617504.0,0,0.95,8.0,64.0,6400000.0,0.9377981286692758
512.0,512.0,8.0,27.0,15444.0,15563.0,513572.0,2424544.0,0,0.9859375,4.0,0.0,6400000.0,0.9800475477005872
512.0,512.0,8.0,13.0,9589.0,9691.0,320379.0,1485024.0,0,0.9703125,32.0,0.03125,6400000.0,0.9671408696183953
512.0,512.0,8.0,5.0,2432.0,2625.0,83435.0,354464.0,0,0.940625,32.0,256.0,6400000.0,0.9409246575342465
512.0,512.0,8.0,13.0,9465.0,9567.0,316287.0,1465184.0,0,0.9703125,32.0,0.5,6400000.0,0.9671408696183953
512.0,512.0,8.0,13.0,9589.0,9691.0,320379.0,1485024.0,0,0.9703125,32.0,0.125,6400000.0,0.9671408696183953
512.0,512.0,8.0,13.0,9744.0,9850.0,325498.0,1510464.0,0,0.9703125,32.0,2.0,6400000.0,0.9659667013209393
512.0,512.0,8.0,10.0,7415.0,7508.0,248435.0,1135744.0,0,0.9640625,32.0,8.0,6400000.0,0.9636183647260272
512.0,512.0,4.0,11.0,5005.0,5003.0,164709.0,734944.0,0,0.96875,32.0,0.03125,6400000.0,0.9659667013209393
512.0,512.0,4.0,11.0,4931.0,4929.0,162267.0,723104.0,0,0.96875,0.0625,32.0,6400000.0,0.965575311888454
512.0,512.0,4.0,20.0,5924.0,5918.0,194858.0,881344.0,0,0.9859375,4.0,4.0,6400000.0,0.9804389371330725
512.0,512.0,8.0,30.0,15467.0,15567.0,514249.0,2425184.0,0,0.9859375,0.0,1.0,6400000.0,0.9796546294031312
512.0,512.0,4.0,32.0,6292.0,6279.0,206743.0,939104.0,0,0.990625,0.5,0.0078125,6400000.0,0.9808303265655578
1.0,512.0,8.0,1.0,1.0,1.0,543.0,32.0,0,0.5015625,64.0,16384.0,6400000.0,0.5273919092465753
1.0,512.0,8.0,1.0,1.0,1.0,543.0,32.0,0,0.5015625,64.0,4096.0,6400000.0,0.5273919092465753
1.0,512.0,8.0,1.0,1.0,1.0,543.0,32.0,0,0.5015625,64.0,1024.0,6400000.0,0.5273919092465753
512.0,512.0,4.0,8.0,4642.0,4651.0,152789.0,678624.0,0,0.959375,64.0,0.015625,6400000.0,0.9628371147260273
512.0,512.0,4.0,6.0,2780.0,2808.0,91388.0,383744.0,0,0.940625,64.0,32.0,6400000.0,0.9409246575342465
512.0,512.0,8.0,31.0,15294.0,15393.0,508518.0,2397344.0,0,0.9859375,0.0,0.25,6400000.0,0.9812194227005872
512.0,512.0,8.0,5.0,2596.0,2734.0,88792.0,371904.0,0,0.940625,64.0,256.0,6400000.0,0.9409246575342465
512.0,512.0,8.0,27.0,15444.0,15563.0,513572.0,2424544.0,0,0.9859375,0.00195312,4.0,6400000.0,0.9800475477005872
512.0,512.0,8.0,16.0,11583.0,11678.0,386111.0,1802944.0,0,0.9765625,0.125,16.0,6400000.0,0.9694876773483365
512.0,512.0,8.0,23.0,14343.0,14495.0,477356.0,2253664.0,0,0.984375,0.015625,8.0,6400000.0,0.978481989970646
512.0,512.0,8.0,32.0,15355.0,15448.0,510504.0,2406144.0,0,0.9875,0.0,0.0625,6400000.0,0.9796553938356165
512.0,512.0,8.0,13.0,9728.0,9839.0,324975.0,1508704.0,0,0.9703125,4.0,32.0,6400000.0,0.9663580907534246
512.0,512.0,8.0,29.0,15494.0,15622.0,515189.0,2433984.0,0,0.984375,0.000976562,2.0,6400000.0,0.9796553938356165
512.0,512.0,8.0,32.0,15411.0,15501.0,512349.0,2414624.0,0,0.9875,0.0,0.000976562,6400000.0,0.9816108121330724
512.0,512.0,8.0,32.0,15349.0,15439.0,510303.0,2404704.0,0,0.9875,0.0,0.00390625,6400000.0,0.9812201871330725
512.0,512.0,8.0,32.0,15370.0,15458.0,510994.0,2407744.0,0,0.9859375,0.0,0.015625,6400000.0,0.9812201871330724
512.0,512.0,8.0,8.0,5687.0,5687.0,191105.0,844384.0,0,0.959375,64.0,64.0,6400000.0,0.9409246575342465
512.0,512.0,4.0,5.0,2467.0,2632.0,81202.0,355584.0,0,0.940625,1.0,256.0,6400000.0,0.9409246575342465
512.0,512.0,4.0,30.0,6227.0,6217.0,204643.0,929184.0,0,0.990625,0.00195312,1.0,6400000.0,0.9792647688356165
512.0,512.0,4.0,32.0,6299.0,6287.0,206975.0,940384.0,0,0.990625,0.0625,0.015625,6400000.0,0.9796561582681018
512.0,512.0,8.0,31.0,15356.0,15453.0,510562.0,2406944.0,0,0.9859375,0.000976562,0.5,6400000.0,0.9812194227005872
512.0,512.0,4.0,32.0,6256.0,6244.0,205556.0,933504.0,0,0.9890625,0.03125,0.015625,6400000.0,0.9804389371330725
512.0,512.0,4.0,32.0,6304.0,6292.0,207140.0,941184.0,0,0.9921875,0.000976562,0.125,6400000.0,0.9792647688356164
1.0,512.0,8.0,1.0,1.0,1.0,543.0,32.0,0,0.5015625,64.0,32768.0,6400000.0,0.5273919092465753
1.0,512.0,8.0,1.0,1.0,1.0,543.0,32.0,0,0.5015625,64.0,2048.0,6400000.0,0.5273919092465753
512.0,512.0,8.0,8.0,5697.0,5729.0,191467.0,851104.0,0,0.959375,32.0,32.0,6400000.0,0.9628371147260273
1.0,512.0,8.0,1.0,1.0,1.0,543.0,32.0,0,0.5015625,64.0,8192.0,6400000.0,0.5273919092465753
512.0,512.0,8.0,31.0,15408.0,15507.0,512280.0,2415584.0,0,0.9859375,0.000976562,0.125,6400000.0,0.9808280332681019
512.0,512.0,8.0,32.0,15422.0,15512.0,512712.0,2416384.0,0,0.9859375,0.000976562,0.0078125,6400000.0,0.9816115765655576
512.0,512.0,8.0,32.0,15345.0,15435.0,510171.0,2404064.0,0,0.9875,0.000976562,0.03125,6400000.0,0.9808287977005872
512.0,512.0,8.0,32.0,15349.0,15439.0,510303.0,2404704.0,0,0.9875,0.000976562,0.00195312,6400000.0,0.9804374082681019
512.0,512.0,4.0,32.0,6292.0,6279.0,206743.0,939104.0,0,0.990625,0.015625,0.5,6400000.0,0.9804389371330725
512.0,512.0,4.0,21.0,6044.0,6040.0,198799.0,900864.0,0,0.9828125,0.5,8.0,6400000.0,0.9820044948630138
512.0,512.0,8.0,5.0,2467.0,2632.0,84562.0,355584.0,0,0.940625,16.0,128.0,6400000.0,0.9409246575342465
512.0,512.0,4.0,13.0,5581.0,5577.0,183673.0,826784.0,0,0.9703125,16.0,1.0,6400000.0,0.9655760763209393
512.0,512.0,8.0,8.0,5828.0,5829.0,195759.0,867104.0,0,0.959375,128.0,0.0,6400000.0,0.9409246575342465
512.0,512.0,4.0,33.0,6311.0,6298.0,207349.0,942144.0,0,0.9890625,0.0078125,0.0625,6400000.0,0.9796561582681018
512.0,512.0,8.0,8.0,5677.0,5702.0,190800.0,846784.0,0,0.959375,8.0,64.0,6400000.0,0.9483656433463796
1.0,512.0,8.0,1.0,1.0,1.0,543.0,32.0,0,0.5015625,64.0,512.0,6400000.0,0.5273919092465753
512.0,512.0,8.0,8.0,5828.0,5829.0,195759.0,867104.0,0,0.959375,128.0,0.00195312,6400000.0,0.9409246575342465
512.0,512.0,4.0,32.0,6258.0,6245.0,205621.0,933664.0,0,0.990625,0.125,0.125,6400000.0,0.9796561582681018
512.0,512.0,8.0,27.0,15444.0,15563.0,513572.0,2424544.0,0,0.9859375,0.0078125,4.0,6400000.0,0.9800475477005872
512.0,512.0,8.0,8.0,5828.0,5829.0,195759.0,867104.0,0,0.959375,128.0,0.0078125,6400000.0,0.9409246575342465
512.0,512.0,8.0,29.0,15494.0,15622.0,515189.0,2433984.0,0,0.984375,0.00390625,2.0,6400000.0,0.9796553938356165
512.0,512.0,4.0,13.0,5365.0,5364.0,176548.0,792704.0,0,0.9703125,0.00390625,16.0,6400000.0,0.9690985812133072
512.0,512.0,8.0,32.0,15422.0,15512.0,512712.0,2416384.0,0,0.9859375,0.00195312,0.00390625,6400000.0,0.9812201871330725
512.0,512.0,8.0,8.0,5828.0,5829.0,195759.0,867104.0,0,0.959375,128.0,0.03125,6400000.0,0.9409246575342465
512.0,512.0,8.0,30.0,15467.0,15567.0,514249.0,2425184.0,0,0.9859375,0.00195312,1.0,6400000.0,0.9796546294031312
1.0,512.0,4.0,1.0,1.0,1.0,63.0,32.0,0,0.5015625,1.0,512.0,6400000.0,0.5273919092465753
512.0,512.0,8.0,32.0,15349.0,15439.0,510303.0,2404704.0,0,0.9875,0.00195312,0.000976562,6400000.0,0.9804374082681019
512.0,512.0,8.0,8.0,5828.0,5829.0,195759.0,867104.0,0,0.959375,128.0,0.125,6400000.0,0.9409246575342465
512.0,512.0,8.0,32.0,15355.0,15448.0,510504.0,2406144.0,0,0.9875,0.00195312,0.0625,6400000.0,0.9796553938356165
512.0,512.0,8.0,31.0,15294.0,15393.0,508518.0,2397344.0,0,0.9859375,0.00195312,0.25,6400000.0,0.9812194227005872
512.0,512.0,8.0,8.0,5711.0,5748.0,191934.0,854144.0,0,0.959375,64.0,0.000976562,6400000.0,0.9628371147260273
512.0,512.0,8.0,32.0,15397.0,15488.0,511888.0,2412544.0,0,0.9875,0.00195312,0.015625,6400000.0,0.9816115765655576
1.0,512.0,8.0,1.0,1.0,1.0,543.0,32.0,0,0.5015625,128.0,512.0,6400000.0,0.5273919092465753
512.0,512.0,4.0,7.0,3996.0,4255.0,131726.0,615264.0,0,0.946875,8.0,128.0,6400000.0,0.9409246575342465
512.0,512.0,8.0,8.0,5828.0,5829.0,195759.0,867104.0,0,0.959375,128.0,0.5,6400000.0,0.9409246575342465
512.0,512.0,8.0,8.0,5691.0,5721.0,191267.0,849824.0,0,0.959375,64.0,4.0,6400000.0,0.9569662732387474
512.0,512.0,4.0,6.0,2784.0,2794.0,91502.0,381504.0,0,0.940625,64.0,64.0,6400000.0,0.9409246575342465
512.0,512.0,8.0,8.0,5692.0,5725.0,191303.0,850464.0,0,0.959375,64.0,1.0,6400000.0,0.9569662732387474
512.0,512.0,8.0,5.0,2467.0,2632.0,84562.0,355584.0,0,0.940625,128.0,32.0,6400000.0,0.9409246575342465
512.0,512.0,8.0,5.0,2467.0,2632.0,84562.0,355584.0,0,0.940625,128.0,128.0,6400000.0,0.9409246575342465
512.0,512.0,8.0,5.0,2467.0,2632.0,84562.0,355584.0,0,0.940625,64.0,128.0,6400000.0,0.9409246575342465
512.0,512.0,4.0,26.0,6279.0,6267.0,206441.0,937184.0,0,0.990625,0.03125,4.0,6400000.0,0.9773062928082192
512.0,512.0,8.0,8.0,5711.0,5748.0,191934.0,854144.0,0,0.959375,64.0,0.00390625,6400000.0,0.9628371147260273
512.0,512.0,8.0,31.0,15356.0,15453.0,510562.0,2406944.0,0,0.9859375,0.00390625,0.5,6400000.0,0.9812194227005872
512.0,512.0,4.0,20.0,5924.0,5918.0,194858.0,881344.0,0,0.9859375,8.0,0.0625,6400000.0,0.9808303265655578
512.0,512.0,4.0,33.0,6331.0,6318.0,208009.0,945344.0,0,0.9890625,0.0,0.03125,6400000.0,0.9792647688356164
512.0,512.0,4.0,27.0,6209.0,6196.0,204109.0,925824.0,0,0.9890625,2.0,0.5,6400000.0,0.9776999755381605
512.0,512.0,8.0,8.0,5711.0,5748.0,191934.0,854144.0,0,0.959375,64.0,0.015625,6400000.0,0.9628371147260273
512.0,512.0,8.0,31.0,15408.0,15507.0,512280.0,2415584.0,0,0.9859375,0.00390625,0.125,6400000.0,0.9808287977005872
512.0,512.0,8.0,8.0,5555.0,5554.0,186748.0,823104.0,0,0.959375,128.0,8.0,6400000.0,0.9409246575342465
512.0,512.0,8.0,8.0,5711.0,5748.0,191934.0,854144.0,0,0.959375,64.0,0.0625,6400000.0,0.9628371147260273
512.0,512.0,4.0,8.0,3850.0,4097.0,126875.0,589984.0,0,0.95,0.0,64.0,6400000.0,0.9393636863992171
1.0,512.0,8.0,1.0,1.0,1.0,543.0,32.0,0,0.5015625,128.0,2048.0,6400000.0,0.5273919092465753
512.0,512.0,8.0,32.0,15422.0,15512.0,512712.0,2416384.0,0,0.9859375,0.00390625,0.00195312,6400000.0,0.9812201871330725
512.0,512.0,8.0,8.0,5711.0,5748.0,191934.0,854144.0,0,0.959375,64.0,0.25,6400000.0,0.9628371147260273
512.0,512.0,8.0,32.0,15345.0,15435.0,510171.0,2404064.0,0,0.9875,0.00390625,0.03125,6400000.0,0.9804374082681019
512.0,512.0,8.0,32.0,15422.0,15512.0,512712.0,2416384.0,0,0.9859375,0.00390625,0.0078125,6400000.0,0.9812201871330724
1.0,512.0,8.0,1.0,1.0,1.0,543.0,32.0,0,0.5015625,128.0,8192.0,6400000.0,0.5273919092465753
1.0,512.0,8.0,1.0,1.0,1.0,543.0,32.0,0,0.5015625,128.0,32768.0,6400000.0,0.5273919092465753
512.0,512.0,4.0,9.0,5384.0,5383.0,177244.0,795744.0,0,0.9625,32.0,16.0,6400000.0,0.9585318309686887
512.0,512.0,8.0,8.0,5812.0,5811.0,195229.0,864224.0,0,0.959375,128.0,2.0,6400000.0,0.9409246575342465
512.0,512.0,8.0,13.0,9867.0,9964.0,329548.0,1528704.0,0,0.9703125,0.5,16.0,6400000.0,0.9702696917808218
512.0,512.0,8.0,8.0,5655.0,5677.0,190071.0,842784.0,0,0.959375,64.0,16.0,6400000.0,0.9569662732387474
512.0,512.0,8.0,23.0,14343.0,14495.0,477356.0,2253664.0,0,0.984375,0.0625,8.0,6400000.0,0.9788733794031312
1.0,512.0,4.0,1.0,1.0,1.0,63.0,32.0,0,0.5015625,1.0,1024.0,6400000.0,0.5273919092465753
512.0,512.0,8.0,8.0,5711.0,5748.0,191934.0,854144.0,0,0.959375,64.0,0.0,6400000.0,0.9628371147260273
512.0,512.0,8.0,30.0,15467.0,15567.0,514249.0,2425184.0,0,0.9859375,0.0078125,1.0,6400000.0,0.9796546294031312
1.0,512.0,8.0,1.0,1.0,1.0,543.0,32.0,0,0.5015625,128.0,1024.0,6400000.0,0.5273919092465753
512.0,512.0,4.0,30.0,6215.0,6200.0,204242.0,926464.0,0,0.990625,0.25,1.0,6400000.0,0.978091364970646
512.0,512.0,8.0,31.0,15294.0,15393.0,508518.0,2397344.0,0,0.9859375,0.0078125,0.25,6400000.0,0.9808280332681019
512.0,512.0,8.0,32.0,15422.0,15512.0,512712.0,2416384.0,0,0.9859375,0.0078125,0.000976562,6400000.0,0.9816115765655576
512.0,512.0,8.0,9.0,6722.0,6814.0,225331.0,1024704.0,0,0.959375,16.0,32.0,6400000.0,0.9628371147260273
512.0,512.0,8.0,32.0,15422.0,15512.0,512712.0,2416384.0,0,0.9859375,0.0078125,0.00390625,6400000.0,0.9812201871330724
512.0,512.0,8.0,32.0,15355.0,15448.0,510504.0,2406144.0,0,0.9875,0.0078125,0.0625,6400000.0,0.9796553938356165
512.0,512.0,8.0,32.0,15406.0,15497.0,512185.0,2413984.0,0,0.9859375,0.0078125,0.015625,6400000.0,0.9816115765655576
512.0,512.0,4.0,8.0,4171.0,4321.0,137387.0,625824.0,0,0.95,0.0625,64.0,6400000.0,0.9393636863992171
512.0,512.0,4.0,26.0,6002.0,5990.0,197300.0,892864.0,0,0.9859375,4.0,0.015625,6400000.0,0.9769156678082191
512.0,512.0,4.0,30.0,6241.0,6225.0,205099.0,930464.0,0,0.9890625,1.0,0.0625,6400000.0,0.9804389371330725
1.0,512.0,8.0,1.0,1.0,1.0,543.0,32.0,0,0.5015625,128.0,4096.0,6400000.0,0.5273919092465753
512.0,512.0,8.0,5.0,2467.0,2632.0,84562.0,355584.0,0,0.940625,256.0,0.000976562,6400000.0,0.9409246575342465
512.0,512.0,4.0,5.0,2467.0,2632.0,81202.0,355584.0,0,0.940625,8.0,256.0,6400000.0,0.9409246575342465
1.0,512.0,8.0,1.0,1.0,1.0,543.0,32.0,0,0.5015625,128.0,16384.0,6400000.0,0.5273919092465753
512.0,512.0,8.0,5.0,2467.0,2632.0,84562.0,355584.0,0,0.940625,256.0,0.00390625,6400000.0,0.9409246575342465
512.0,512.0,8.0,8.0,5828.0,5829.0,195759.0,867104.0,0,0.959375,128.0,0.000976562,6400000.0,0.9409246575342465
512.0,512.0,8.0,29.0,15503.0,15623.0,515478.0,2434144.0,0,0.9859375,0.015625,2.0,6400000.0,0.9792640044031312
512.0,512.0,4.0,32.0,6258.0,6245.0,205621.0,933664.0,0,0.990625,0.25,0.0078125,6400000.0,0.9796561582681018
512.0,512.0,4.0,5.0,2467.0,2632.0,81202.0,355584.0,0,0.940625,64.0,128.0,6400000.0,0.9409246575342465
512.0,512.0,8.0,5.0,2467.0,2632.0,84562.0,355584.0,0,0.940625,128.0,64.0,6400000.0,0.9409246575342465
512.0,512.0,8.0,27.0,15474.0,15593.0,514562.0,2429344.0,0,0.9890625,0.03125,4.0,6400000.0,0.9808287977005872
512.0,512.0,4.0,19.0,5837.0,5832.0,192009.0,867584.0,0,0.9828125,4.0,8.0,6400000.0,0.9698783023483365
512.0,512.0,8.0,13.0,9898.0,9999.0,330575.0,1534304.0,0,0.9703125,8.0,16.0,6400000.0,0.9659667013209392
512.0,512.0,8.0,5.0,2467.0,2632.0,84562.0,355584.0,0,0.940625,256.0,0.015625,6400000.0,0.9409246575342465
512.0,512.0,8.0,8.0,5828.0,5829.0,195759.0,867104.0,0,0.959375,128.0,0.00390625,6400000.0,0.9409246575342465
512.0,512.0,8.0,13.0,9589.0,9691.0,320379.0,1485024.0,0,0.9703125,32.0,0.000976562,6400000.0,0.9671408696183953
512.0,512.0,8.0,5.0,1490.0,1848.0,52258.0,230144.0,0,0.940625,128.0,256.0,6400000.0,0.9033657962328766
512.0,512.0,8.0,5.0,2467.0,2632.0,84562.0,355584.0,0,0.940625,256.0,0.0,6400000.0,0.9409246575342465
512.0,512.0,8.0,5.0,2467.0,2632.0,84562.0,355584.0,0,0.940625,128.0,16.0,6400000.0,0.9409246575342465
512.0,512.0,8.0,8.0,5828.0,5829.0,195759.0,867104.0,0,0.959375,128.0,0.015625,6400000.0,0.9409246575342465
512.0,512.0,8.0,8.0,5828.0,5829.0,195759.0,867104.0,0,0.959375,128.0,0.0625,6400000.0,0.9409246575342465
512.0,512.0,8.0,13.0,9680.0,9779.0,323379.0,1499104.0,0,0.9703125,2.0,16.0,6400000.0,0.9702696917808218
512.0,512.0,4.0,27.0,6287.0,6274.0,206683.0,938304.0,0,0.9890625,2.0,0.0078125,6400000.0,0.9792647688356165
512.0,512.0,8.0,8.0,5828.0,5829.0,195759.0,867104.0,0,0.959375,128.0,0.25,6400000.0,0.9409246575342465
512.0,512.0,8.0,5.0,2467.0,2632.0,84562.0,355584.0,0,0.940625,256.0,0.0625,6400000.0,0.9409246575342465
512.0,512.0,8.0,13.0,9589.0,9691.0,320379.0,1485024.0,0,0.9703125,32.0,0.00390625,6400000.0,0.9671408696183953
512.0,512.0,8.0,31.0,15356.0,15453.0,510562.0,2406944.0,0,0.9859375,0.015625,0.5,6400000.0,0.9800452544031313
512.0,512.0,8.0,31.0,15379.0,15476.0,511321.0,2410624.0,0,0.9875,0.015625,0.125,6400000.0,0.9812201871330725
512.0,512.0,4.0,8.0,4642.0,4651.0,152789.0,678624.0,0,0.959375,64.0,0.03125,6400000.0,0.9628371147260273
512.0,512.0,8.0,5.0,2467.0,2632.0,84562.0,355584.0,0,0.940625,256.0,0.25,6400000.0,0.9409246575342465
512.0,512.0,8.0,8.0,5716.0,5716.0,192062.0,849024.0,0,0.959375,128.0,1.0,6400000.0,0.9409246575342465
512.0,512.0,8.0,13.0,9589.0,9691.0,320379.0,1485024.0,0,0.9703125,32.0,0.015625,6400000.0,0.9671408696183953
512.0,512.0,8.0,32.0,15397.0,15488.0,511888.0,2412544.0,0,0.9875,0.015625,0.00195312,6400000.0,0.9816115765655576
512.0,512.0,8.0,32.0,15355.0,15448.0,510504.0,2406144.0,0,0.9875,0.015625,0.03125,6400000.0,0.9804381727005872
512.0,512.0,8.0,5.0,2467.0,2632.0,84562.0,355584.0,0,0.940625,256.0,1.0,6400000.0,0.9409246575342465
512.0,512.0,8.0,32.0,15406.0,15497.0,512185.0,2413984.0,0,0.9859375,0.015625,0.0078125,6400000.0,0.9816115765655576
512.0,512.0,8.0,5.0,2467.0,2632.0,84562.0,355584.0,0,0.940625,256.0,4.0,6400000.0,0.9409246575342465
512.0,512.0,8.0,9.0,6722.0,6814.0,225331.0,1024704.0,0,0.959375,32.0,16.0,6400000.0,0.9628371147260273
512.0,512.0,4.0,13.0,5408.0,5404.0,177964.0,799104.0,0,0.9703125,16.0,2.0,6400000.0,0.9659667013209393
512.0,512.0,8.0,5.0,2476.0,2631.0,84849.0,355424.0,0,0.940625,256.0,16.0,6400000.0,0.9409246575342465
512.0,512.0,8.0,13.0,9726.0,9830.0,324902.0,1507264.0,0,0.9703125,32.0,1.0,6400000.0,0.9671408696183953
1.0,512.0,8.0,1.0,1.0,1.0,543.0,32.0,0,0.5015625,256.0,256.0,6400000.0,0.5273919092465753
512.0,512.0,4.0,32.0,6315.0,6303.0,207503.0,942944.0,0,0.9890625,0.00390625,0.03125,6400000.0,0.9792655332681018
512.0,512.0,8.0,13.0,9961.0,10073.0,332665.0,1546144.0,0,0.9703125,32.0,4.0,6400000.0,0.9651839224559687
512.0,512.0,8.0,13.0,9589.0,9691.0,320379.0,1485024.0,0,0.9703125,32.0,0.25,6400000.0,0.9671408696183953
1.0,512.0,8.0,1.0,1.0,1.0,543.0,32.0,0,0.5015625,256.0,1024.0,6400000.0,0.5273919092465753
512.0,512.0,8.0,13.0,9589.0,9691.0,320379.0,1485024.0,0,0.9703125,32.0,0.0625,6400000.0,0.9671408696183953
1.0,512.0,4.0,1.0,1.0,1.0,63.0,32.0,0,0.5015625,8.0,512.0,6400000.0,0.5273919092465753
512.0,512.0,4.0,13.0,5511.0,5508.0,181364.0,815744.0,0,0.9703125,0.5,16.0,6400000.0,0.9675322590508806
512.0,512.0,8.0,5.0,2596.0,2734.0,88792.0,371904.0,0,0.940625,256.0,64.0,6400000.0,0.9409246575342465
512.0,512.0,4.0,11.0,4931.0,4929.0,162267.0,723104.0,0,0.96875,0.00390625,32.0,6400000.0,0.965575311888454
512.0,512.0,8.0,8.0,5699.0,5701.0,191503.0,846624.0,0,0.959375,128.0,4.0,6400000.0,0.9409246575342465
1.0,512.0,8.0,1.0,1.0,1.0,543.0,32.0,0,0.5015625,256.0,4096.0,6400000.0,0.5273919092465753
512.0,512.0,8.0,5.0,2467.0,2632.0,84562.0,355584.0,0,0.940625,256.0,0.00195312,6400000.0,0.9409246575342465
512.0,512.0,8.0,30.0,15467.0,15567.0,514249.0,2425184.0,0,0.9859375,0.03125,1.0,6400000.0,0.9792632399706458
512.0,512.0,8.0,13.0,9739.0,9840.0,325328.0,1508864.0,0,0.9703125,16.0,8.0,6400000.0,0.9651831580234832
1.0,512.0,8.0,1.0,1.0,1.0,543.0,32.0,0,0.5015625,256.0,16384.0,6400000.0,0.5273919092465753
512.0,512.0,8.0,5.0,2467.0,2632.0,84562.0,355584.0,0,0.940625,256.0,0.0078125,6400000.0,0.9409246575342465
512.0,512.0,8.0,13.0,9746.0,9845.0,325557.0,1509664.0,0,0.9703125,16.0,2.0,6400000.0,0.9702696917808218
512.0,512.0,4.0,32.0,6292.0,6279.0,206743.0,939104.0,0,0.990625,0.5,0.015625,6400000.0,0.9804389371330725
1.0,512.0,8.0,1.0,1.0,1.0,543.0,32.0,0,0.5015625,512.0,0.0,6400000.0,0.5273919092465753
1.0,512.0,8.0,1.0,1.0,1.0,543.0,32.0,0,0.5015625,512.0,0.00195312,6400000.0,0.5273919092465753
512.0,512.0,4.0,5.0,2596.0,2734.0,85432.0,371904.0,0,0.940625,64.0,256.0,6400000.0,0.9409246575342465
512.0,512.0,8.0,23.0,14175.0,14326.0,471811.0,2226624.0,0,0.9828125,0.25,8.0,6400000.0,0.9780906005381607
512.0,512.0,4.0,6.0,2784.0,2794.0,91502.0,381504.0,0,0.940625,0.0,128.0,6400000.0,0.9409246575342465
1.0,512.0,8.0,1.0,1.0,1.0,543.0,32.0,0,0.5015625,512.0,0.0078125,6400000.0,0.5273919092465753
1.0,512.0,8.0,1.0,1.0,1.0,543.0,32.0,0,0.5015625,512.0,0.03125,6400000.0,0.5273919092465753
512.0,512.0,8.0,31.0,15294.0,15393.0,508518.0,2397344.0,0,0.9859375,0.03125,0.25,6400000.0,0.9808280332681019
512.0,512.0,8.0,5.0,2467.0,2632.0,84562.0,355584.0,0,0.940625,256.0,0.03125,6400000.0,0.9409246575342465
1.0,512.0,8.0,1.0,1.0,1.0,543.0,32.0,0,0.5015625,512.0,0.125,6400000.0,0.5273919092465753
1.0,512.0,8.0,1.0,1.0,1.0,543.0,32.0,0,0.5015625,512.0,0.5,6400000.0,0.5273919092465753
1.0,512.0,8.0,1.0,1.0,1.0,543.0,32.0,0,0.5015625,512.0,2.0,6400000.0,0.5273919092465753
512.0,512.0,8.0,32.0,15355.0,15448.0,510504.0,2406144.0,0,0.9875,0.03125,0.0625,6400000.0,0.9808280332681019
1.0,512.0,8.0,1.0,1.0,1.0,543.0,32.0,0,0.5015625,512.0,8.0,6400000.0,0.5273919092465753
512.0,512.0,4.0,27.0,6218.0,6205.0,204406.0,927264.0,0,0.990625,0.00195312,2.0,6400000.0,0.9780906005381604
1.0,512.0,8.0,1.0,1.0,1.0,543.0,32.0,0,0.5015625,512.0,32.0,6400000.0,0.5273919092465753
1.0,512.0,8.0,1.0,1.0,1.0,543.0,32.0,0,0.5015625,256.0,512.0,6400000.0,0.5273919092465753
512.0,512.0,8.0,5.0,2467.0,2632.0,84562.0,355584.0,0,0.940625,256.0,0.125,6400000.0,0.9409246575342465
512.0,512.0,8.0,32.0,15355.0,15448.0,510504.0,2406144.0,0,0.9875,0.03125,0.015625,6400000.0,0.9804381727005872
512.0,512.0,8.0,32.0,15345.0,15435.0,510171.0,2404064.0,0,0.9875,0.03125,0.00390625,6400000.0,0.9804374082681019
512.0,512.0,8.0,32.0,15345.0,15435.0,510171.0,2404064.0,0,0.9875,0.03125,0.000976562,6400000.0,0.9808287977005872
1.0,512.0,8.0,1.0,1.0,1.0,543.0,32.0,0,0.5015625,256.0,2048.0,6400000.0,0.5273919092465753
512.0,512.0,8.0,13.0,10047.0,10146.0,335490.0,1557824.0,0,0.9703125,16.0,0.00195312,6400000.0,0.9710524706457926
1.0,512.0,8.0,1.0,1.0,1.0,543.0,32.0,0,0.5015625,512.0,128.0,6400000.0,0.5273919092465753
512.0,512.0,8.0,5.0,2467.0,2632.0,84562.0,355584.0,0,0.940625,256.0,0.5,6400000.0,0.9409246575342465
512.0,512.0,8.0,13.0,10047.0,10146.0,335490.0,1557824.0,0,0.9703125,16.0,0.0078125,6400000.0,0.9710524706457926
1.0,512.0,8.0,1.0,1.0,1.0,543.0,32.0,0,0.5015625,256.0,8192.0,6400000.0,0.5273919092465753
512.0,512.0,8.0,13.0,10047.0,10146.0,335490.0,1557824.0,0,0.9703125,16.0,0.125,6400000.0,0.9698783023483365
512.0,512.0,8.0,5.0,2467.0,2632.0,84562.0,355584.0,0,0.940625,256.0,8.0,6400000.0,0.9409246575342465
512.0,512.0,8.0,5.0,2467.0,2632.0,84562.0,355584.0,0,0.940625,256.0,2.0,6400000.0,0.9409246575342465
512.0,512.0,8.0,13.0,10047.0,10146.0,335490.0,1557824.0,0,0.9703125,16.0,0.03125,6400000.0,0.9710524706457926
512.0,512.0,4.0,32.0,6211.0,6199.0,204071.0,926304.0,0,0.9921875,0.0625,0.03125,6400000.0,0.9804389371330725
1.0,512.0,8.0,1.0,1.0,1.0,543.0,32.0,0,0.5015625,256.0,32768.0,6400000.0,0.5273919092465753
512.0,512.0,8.0,5.0,2432.0,2625.0,83435.0,354464.0,0,0.940625,256.0,32.0,6400000.0,0.9409246575342465
1.0,512.0,8.0,1.0,1.0,1.0,543.0,32.0,0,0.5015625,512.0,512.0,6400000.0,0.5273919092465753
512.0,512.0,4.0,6.0,2784.0,2794.0,91502.0,381504.0,0,0.940625,0.0625,128.0,6400000.0,0.9409246575342465
1.0,512.0,8.0,1.0,1.0,1.0,543.0,32.0,0,0.5015625,512.0,2048.0,6400000.0,0.5273919092465753
512.0,512.0,8.0,13.0,9671.0,9768.0,323080.0,1497344.0,0,0.9703125,16.0,0.5,6400000.0,0.9710524706457926
512.0,512.0,4.0,32.0,6258.0,6245.0,205621.0,933664.0,0,0.990625,0.000976562,0.25,6400000.0,0.9796561582681018
1.0,512.0,8.0,1.0,1.0,1.0,543.0,32.0,0,0.5015625,512.0,8192.0,6400000.0,0.5273919092465753
512.0,512.0,4.0,20.0,5924.0,5918.0,194858.0,881344.0,0,0.9859375,8.0,0.125,6400000.0,0.9796561582681018
512.0,512.0,4.0,32.0,6241.0,6229.0,205061.0,931104.0,0,0.990625,0.03125,0.03125,6400000.0,0.9804389371330725
1.0,512.0,8.0,1.0,1.0,1.0,543.0,32.0,0,0.5015625,512.0,0.00390625,6400000.0,0.5273919092465753
1.0,512.0,8.0,1.0,1.0,1.0,543.0,32.0,0,0.5015625,512.0,0.000976562,6400000.0,0.5273919092465753
1.0,512.0,8.0,1.0,1.0,1.0,543.0,32.0,0,0.5015625,512.0,32768.0,6400000.0,0.5273919092465753
1.0,512.0,8.0,1.0,1.0,1.0,543.0,32.0,0,0.5015625,1024.0,0.000976562,6400000.0,0.5273919092465753
1.0,512.0,8.0,1.0,1.0,1.0,543.0,32.0,0,0.5015625,512.0,0.015625,6400000.0,0.5273919092465753
1.0,512.0,8.0,1.0,1.0,1.0,543.0,32.0,0,0.5015625,1024.0,0.00390625,6400000.0,0.5273919092465753
512.0,512.0,4.0,30.0,6186.0,6176.0,203290.0,922624.0,0,0.990625,0.015625,1.0,6400000.0,0.9792647688356165
512.0,512.0,4.0,21.0,5916.0,5909.0,194572.0,879904.0,0,0.9828125,0.03125,8.0,6400000.0,0.9812217159980431
512.0,512.0,8.0,29.0,15503.0,15623.0,515478.0,2434144.0,0,0.9859375,0.0625,2.0,6400000.0,0.9796553938356165
1.0,512.0,8.0,1.0,1.0,1.0,543.0,32.0,0,0.5015625,1024.0,0.015625,6400000.0,0.5273919092465753
1.0,512.0,8.0,1.0,1.0,1.0,543.0,32.0,0,0.5015625,512.0,0.0625,6400000.0,0.5273919092465753
1.0,512.0,8.0,1.0,1.0,1.0,543.0,32.0,0,0.5015625,1024.0,0.0625,6400000.0,0.5273919092465753
512.0,512.0,8.0,31.0,15373.0,15470.0,511123.0,2409664.0,0,0.9859375,0.0625,0.125,6400000.0,0.9816108121330723
512.0,512.0,8.0,26.0,15464.0,15584.0,514254.0,2427904.0,0,0.9890625,0.125,4.0,6400000.0,0.9812209515655578
1.0,512.0,8.0,1.0,1.0,1.0,543.0,32.0,0,0.5015625,512.0,0.25,6400000.0,0.5273919092465753
1.0,512.0,8.0,1.0,1.0,1.0,543.0,32.0,0,0.5015625,1024.0,0.25,6400000.0,0.5273919092465753
1.0,512.0,8.0,1.0,1.0,1.0,543.0,32.0,0,0.5015625,512.0,1.0,6400000.0,0.5273919092465753
512.0,512.0,8.0,32.0,15355.0,15448.0,510504.0,2406144.0,0,0.9875,0.0625,0.0078125,6400000.0,0.9796553938356165
512.0,512.0,8.0,32.0,15355.0,15448.0,510504.0,2406144.0,0,0.9875,0.0625,0.00195312,6400000.0,0.9796553938356165
1.0,512.0,8.0,1.0,1.0,1.0,543.0,32.0,0,0.5015625,512.0,64.0,6400000.0,0.5273919092465753
1.0,512.0,8.0,1.0,1.0,1.0,543.0,32.0,0,0.5015625,512.0,16.0,6400000.0,0.5273919092465753
1.0,512.0,8.0,1.0,1.0,1.0,543.0,32.0,0,0.5015625,1024.0,1.0,6400000.0,0.5273919092465753
512.0,512.0,8.0,32.0,15355.0,15448.0,510504.0,2406144.0,0,0.9875,0.0625,0.03125,6400000.0,0.9808280332681019
1.0,512.0,8.0,1.0,1.0,1.0,543.0,32.0,0,0.5015625,1024.0,4.0,6400000.0,0.5273919092465753
1.0,512.0,8.0,1.0,1.0,1.0,543.0,32.0,0,0.5015625,1024.0,16.0,6400000.0,0.5273919092465753
1.0,512.0,8.0,1.0,1.0,1.0,543.0,32.0,0,0.5015625,1024.0,64.0,6400000.0,0.5273919092465753
512.0,512.0,8.0,5.0,1490.0,1848.0,52258.0,230144.0,0,0.940625,256.0,128.0,6400000.0,0.9033657962328766
1.0,512.0,8.0,1.0,1.0,1.0,543.0,32.0,0,0.5015625,1024.0,256.0,6400000.0,0.5273919092465753
1.0,512.0,8.0,1.0,1.0,1.0,543.0,32.0,0,0.5015625,512.0,4.0,6400000.0,0.5273919092465753
512.0,512.0,4.0,8.0,4642.0,4651.0,152789.0,678624.0,0,0.959375,32.0,32.0,6400000.0,0.9628371147260273
1.0,512.0,8.0,1.0,1.0,1.0,543.0,32.0,0,0.5015625,1024.0,1024.0,6400000.0,0.5273919092465753
512.0,512.0,8.0,31.0,15349.0,15449.0,510334.0,2406304.0,0,0.9859375,0.0625,0.5,6400000.0,0.9796546294031311
512.0,512.0,4.0,32.0,6282.0,6270.0,206414.0,937664.0,0,0.9875,0.0078125,0.125,6400000.0,0.9796561582681018
1.0,512.0,8.0,1.0,1.0,1.0,543.0,32.0,0,0.5015625,512.0,256.0,6400000.0,0.5273919092465753
1.0,512.0,8.0,1.0,1.0,1.0,543.0,32.0,0,0.5015625,1024.0,4096.0,6400000.0,0.5273919092465753
1.0,512.0,8.0,1.0,1.0,1.0,543.0,32.0,0,0.5015625,1024.0,16384.0,6400000.0,0.5273919092465753
1.0,512.0,8.0,1.0,1.0,1.0,543.0,32.0,0,0.5015625,2048.0,0.0,6400000.0,0.5273919092465753
512.0,512.0,8.0,23.0,13826.0,13979.0,460296.0,2171104.0,0,0.98125,1.0,8.0,6400000.0,0.9792655332681018
512.0,512.0,8.0,8.0,5775.0,5825.0,194059.0,866464.0,0,0.959375,32.0,64.0,6400000.0,0.9495413405088062
1.0,512.0,8.0,1.0,1.0,1.0,543.0,32.0,0,0.5015625,2048.0,0.00195312,6400000.0,0.5273919092465753
512.0,512.0,4.0,32.0,6259.0,6246.0,205654.0,933824.0,0,0.9890625,0.125,0.25,6400000.0,0.9788741438356163
512.0,512.0,4.0,27.0,6316.0,6303.0,207640.0,942944.0,0,0.9890625,2.0,1.0,6400000.0,0.9776992111056751
1.0,512.0,8.0,1.0,1.0,1.0,543.0,32.0,0,0.5015625,2048.0,0.0078125,6400000.0,0.5273919092465753
1.0,512.0,8.0,1.0,1.0,1.0,543.0,32.0,0,0.5015625,2048.0,0.125,6400000.0,0.5273919092465753
1.0,512.0,8.0,1.0,1.0,1.0,543.0,32.0,0,0.5015625,2048.0,0.03125,6400000.0,0.5273919092465753
1.0,512.0,8.0,1.0,1.0,1.0,543.0,32.0,0,0.5015625,2048.0,0.5,6400000.0,0.5273919092465753
1.0,512.0,8.0,1.0,1.0,1.0,543.0,32.0,0,0.5015625,512.0,1024.0,6400000.0,0.5273919092465753
1.0,512.0,8.0,1.0,1.0,1.0,543.0,32.0,0,0.5015625,512.0,4096.0,6400000.0,0.5273919092465753
1.0,512.0,8.0,1.0,1.0,1.0,543.0,32.0,0,0.5015625,2048.0,2.0,6400000.0,0.5273919092465753
1.0,512.0,8.0,1.0,1.0,1.0,543.0,32.0,0,0.5015625,2048.0,32.0,6400000.0,0.5273919092465753
1.0,512.0,8.0,1.0,1.0,1.0,543.0,32.0,0,0.5015625,2048.0,8.0,6400000.0,0.5273919092465753
1.0,512.0,8.0,1.0,1.0,1.0,543.0,32.0,0,0.5015625,2048.0,128.0,6400000.0,0.5273919092465753
1.0,512.0,8.0,1.0,1.0,1.0,543.0,32.0,0,0.5015625,512.0,16384.0,6400000.0,0.5273919092465753
1.0,512.0,8.0,1.0,1.0,1.0,543.0,32.0,0,0.5015625,2048.0,2048.0,6400000.0,0.5273919092465753
1.0,512.0,8.0,1.0,1.0,1.0,543.0,32.0,0,0.5015625,2048.0,512.0,6400000.0,0.5273919092465753
512.0,512.0,4.0,13.0,5565.0,5561.0,183145.0,824224.0,0,0.9703125,4.0,16.0,6400000.0,0.9679236484833659
1.0,512.0,8.0,1.0,1.0,1.0,543.0,32.0,0,0.5015625,2048.0,8192.0,6400000.0,0.5273919092465753
1.0,512.0,8.0,1.0,1.0,1.0,543.0,32.0,0,0.5015625,2048.0,32768.0,6400000.0,0.5273919092465753
1.0,512.0,8.0,1.0,1.0,1.0,543.0,32.0,0,0.5015625,1024.0,0.0,6400000.0,0.5273919092465753
1.0,512.0,8.0,1.0,1.0,1.0,543.0,32.0,0,0.5015625,4096.0,0.000976562,6400000.0,0.5273919092465753
1.0,512.0,8.0,1.0,1.0,1.0,543.0,32.0,0,0.5015625,4096.0,0.00390625,6400000.0,0.5273919092465753
1.0,512.0,8.0,1.0,1.0,1.0,543.0,32.0,0,0.5015625,1024.0,0.00195312,6400000.0,0.5273919092465753
1.0,512.0,8.0,1.0,1.0,1.0,543.0,32.0,0,0.5015625,1024.0,0.0078125,6400000.0,0.5273919092465753
1.0,512.0,8.0,1.0,1.0,1.0,543.0,32.0,0,0.5015625,4096.0,0.015625,6400000.0,0.5273919092465753
1.0,512.0,8.0,1.0,1.0,1.0,543.0,32.0,0,0.5015625,1024.0,0.03125,6400000.0,0.5273919092465753
1.0,512.0,8.0,1.0,1.0,1.0,543.0,32.0,0,0.5015625,4096.0,0.0625,6400000.0,0.5273919092465753
1.0,512.0,8.0,1.0,1.0,1.0,543.0,32.0,0,0.5015625,4096.0,0.25,6400000.0,0.5273919092465753
1.0,512.0,8.0,1.0,1.0,1.0,543.0,32.0,0,0.5015625,4096.0,1.0,6400000.0,0.5273919092465753
1.0,512.0,8.0,1.0,1.0,1.0,543.0,32.0,0,0.5015625,1024.0,0.125,6400000.0,0.5273919092465753
1.0,512.0,8.0,1.0,1.0,1.0,543.0,32.0,0,0.5015625,4096.0,4.0,6400000.0,0.5273919092465753
1.0,512.0,8.0,1.0,1.0,1.0,543.0,32.0,0,0.5015625,1024.0,0.5,6400000.0,0.5273919092465753
1.0,512.0,8.0,1.0,1.0,1.0,543.0,32.0,0,0.5015625,4096.0,16.0,6400000.0,0.5273919092465753
1.0,512.0,8.0,1.0,1.0,1.0,543.0,32.0,0,0.5015625,4096.0,1024.0,6400000.0,0.5273919092465753
512.0,512.0,8.0,31.0,15408.0,15507.0,512280.0,2415584.0,0,0.9859375,0.125,0.000976562,6400000.0,0.9808280332681019
1.0,512.0,8.0,1.0,1.0,1.0,543.0,32.0,0,0.5015625,4096.0,64.0,6400000.0,0.5273919092465753
1.0,512.0,8.0,1.0,1.0,1.0,543.0,32.0,0,0.5015625,4096.0,4096.0,6400000.0,0.5273919092465753
1.0,512.0,8.0,1.0,1.0,1.0,543.0,32.0,0,0.5015625,4096.0,256.0,6400000.0,0.5273919092465753
1.0,512.0,8.0,1.0,1.0,1.0,543.0,32.0,0,0.5015625,1024.0,2.0,6400000.0,0.5273919092465753
1.0,512.0,8.0,1.0,1.0,1.0,543.0,32.0,0,0.5015625,8192.0,0.0,6400000.0,0.5273919092465753
1.0,512.0,8.0,1.0,1.0,1.0,543.0,32.0,0,0.5015625,4096.0,16384.0,6400000.0,0.5273919092465753
1.0,512.0,8.0,1.0,1.0,1.0,543.0,32.0,0,0.5015625,8192.0,0.00195312,6400000.0,0.5273919092465753
1.0,512.0,8.0,1.0,1.0,1.0,543.0,32.0,0,0.5015625,1024.0,128.0,6400000.0,0.5273919092465753
1.0,512.0,8.0,1.0,1.0,1.0,543.0,32.0,0,0.5015625,1024.0,32.0,6400000.0,0.5273919092465753
512.0,512.0,4.0,5.0,2467.0,2632.0,81202.0,355584.0,0,0.940625,0.0625,256.0,6400000.0,0.9409246575342465
512.0,512.0,4.0,13.0,5565.0,5561.0,183145.0,824224.0,0,0.9703125,16.0,4.0,6400000.0,0.9679236484833659
1.0,512.0,8.0,1.0,1.0,1.0,543.0,32.0,0,0.5015625,1024.0,8.0,6400000.0,0.5273919092465753
1.0,512.0,8.0,1.0,1.0,1.0,543.0,32.0,0,0.5015625,1024.0,512.0,6400000.0,0.5273919092465753
512.0,512.0,4.0,32.0,6241.0,6229.0,205061.0,931104.0,0,0.990625,0.0,0.0625,6400000.0,0.9804389371330725
512.0,512.0,8.0,29.0,15597.0,15697.0,518560.0,2445984.0,0,0.9875,0.125,1.0,6400000.0,0.9804374082681019
1.0,512.0,8.0,1.0,1.0,1.0,543.0,32.0,0,0.5015625,8192.0,0.0078125,6400000.0,0.5273919092465753
512.0,512.0,4.0,26.0,6077.0,6065.0,199775.0,904864.0,0,0.9859375,4.0,0.03125,6400000.0,0.9773062928082192
512.0,512.0,4.0,27.0,6238.0,6225.0,205066.0,930464.0,0,0.990625,0.25,2.0,6400000.0,0.978873379403131
1.0,512.0,8.0,1.0,1.0,1.0,543.0,32.0,0,0.5015625,8192.0,0.125,6400000.0,0.5273919092465753
1.0,512.0,8.0,1.0,1.0,1.0,543.0,32.0,0,0.5015625,8192.0,0.03125,6400000.0,0.5273919092465753
1.0,512.0,8.0,1.0,1.0,1.0,543.0,32.0,0,0.5015625,1024.0,2048.0,6400000.0,0.5273919092465753
512.0,512.0,8.0,31.0,15408.0,15507.0,512280.0,2415584.0,0,0.9859375,0.125,0.00390625,6400000.0,0.9808287977005872
512.0,512.0,4.0,11.0,5054.0,5052.0,166326.0,742784.0,0,0.96875,0.5,32.0,6400000.0,0.9655760763209393
512.0,512.0,8.0,31.0,15379.0,15476.0,511321.0,2410624.0,0,0.9875,0.125,0.015625,6400000.0,0.9812201871330725
1.0,512.0,8.0,1.0,1.0,1.0,543.0,32.0,0,0.5015625,8192.0,0.5,6400000.0,0.5273919092465753
1.0,512.0,8.0,1.0,1.0,1.0,543.0,32.0,0,0.5015625,1024.0,8192.0,6400000.0,0.5273919092465753
1.0,512.0,8.0,1.0,1.0,1.0,543.0,32.0,0,0.5015625,2048.0,0.000976562,6400000.0,0.5273919092465753
1.0,512.0,8.0,1.0,1.0,1.0,543.0,32.0,0,0.5015625,1024.0,32768.0,6400000.0,0.5273919092465753
1.0,512.0,8.0,1.0,1.0,1.0,543.0,32.0,0,0.5015625,2048.0,0.00390625,6400000.0,0.5273919092465753
1.0,512.0,8.0,1.0,1.0,1.0,543.0,32.0,0,0.5015625,8192.0,2.0,6400000.0,0.5273919092465753
1.0,512.0,8.0,1.0,1.0,1.0,543.0,32.0,0,0.5015625,8192.0,8.0,6400000.0,0.5273919092465753
512.0,512.0,8.0,31.0,15373.0,15470.0,511123.0,2409664.0,0,0.9859375,0.125,0.0625,6400000.0,0.9816108121330723
1.0,512.0,8.0,1.0,1.0,1.0,543.0,32.0,0,0.5015625,8192.0,32.0,6400000.0,0.5273919092465753
512.0,512.0,8.0,31.0,15321.0,15420.0,509409.0,2401664.0,0,0.9859375,0.125,0.25,6400000.0,0.9796546294031311
1.0,512.0,8.0,1.0,1.0,1.0,543.0,32.0,0,0.5015625,2048.0,0.015625,6400000.0,0.5273919092465753
512.0,512.0,8.0,8.0,5807.0,5857.0,195115.0,871584.0,0,0.959375,64.0,32.0,6400000.0,0.9495413405088062
1.0,512.0,8.0,1.0,1.0,1.0,543.0,32.0,0,0.5015625,2048.0,0.25,6400000.0,0.5273919092465753
1.0,512.0,8.0,1.0,1.0,1.0,543.0,32.0,0,0.5015625,8192.0,128.0,6400000.0,0.5273919092465753
1.0,512.0,8.0,1.0,1.0,1.0,543.0,32.0,0,0.5015625,2048.0,0.0625,6400000.0,0.5273919092465753
1.0,512.0,8.0,1.0,1.0,1.0,543.0,32.0,0,0.5015625,2048.0,1.0,6400000.0,0.5273919092465753
512.0,512.0,8.0,21.0,12941.0,13020.0,431059.0,2017664.0,0,0.9828125,4.0,8.0,6400000.0,0.9745719178082192
1.0,512.0,8.0,1.0,1.0,1.0,543.0,32.0,0,0.5015625,8192.0,512.0,6400000.0,0.5273919092465753
1.0,512.0,8.0,1.0,1.0,1.0,543.0,32.0,0,0.5015625,8192.0,2048.0,6400000.0,0.5273919092465753
1.0,512.0,8.0,1.0,1.0,1.0,543.0,32.0,0,0.5015625,2048.0,4.0,6400000.0,0.5273919092465753
1.0,512.0,8.0,1.0,1.0,1.0,543.0,32.0,0,0.5015625,2048.0,256.0,6400000.0,0.5273919092465753
1.0,512.0,8.0,1.0,1.0,1.0,543.0,32.0,0,0.5015625,2048.0,16.0,6400000.0,0.5273919092465753
1.0,512.0,8.0,1.0,1.0,1.0,543.0,32.0,0,0.5015625,2048.0,64.0,6400000.0,0.5273919092465753
1.0,512.0,8.0,1.0,1.0,1.0,543.0,32.0,0,0.5015625,2048.0,1024.0,6400000.0,0.5273919092465753
1.0,512.0,8.0,1.0,1.0,1.0,543.0,32.0,0,0.5015625,8192.0,8192.0,6400000.0,0.5273919092465753
1.0,512.0,8.0,1.0,1.0,1.0,543.0,32.0,0,0.5015625,2048.0,4096.0,6400000.0,0.5273919092465753
512.0,512.0,4.0,8.0,3850.0,4097.0,126875.0,589984.0,0,0.95,0.00390625,64.0,6400000.0,0.9393636863992171
1.0,512.0,8.0,1.0,1.0,1.0,543.0,32.0,0,0.5015625,8192.0,32768.0,6400000.0,0.5273919092465753
1.0,512.0,8.0,1.0,1.0,1.0,543.0,32.0,0,0.5015625,16384.0,0.000976562,6400000.0,0.5273919092465753
512.0,512.0,4.0,30.0,6220.0,6203.0,204405.0,926944.0,0,0.990625,1.0,0.125,6400000.0,0.9792655332681017
512.0,512.0,4.0,8.0,4649.0,4658.0,153020.0,679744.0,0,0.959375,64.0,0.0625,6400000.0,0.9628371147260273
1.0,512.0,8.0,1.0,1.0,1.0,543.0,32.0,0,0.5015625,4096.0,0.0,6400000.0,0.5273919092465753
1.0,512.0,8.0,1.0,1.0,1.0,543.0,32.0,0,0.5015625,2048.0,16384.0,6400000.0,0.5273919092465753
512.0,512.0,8.0,23.0,13826.0,13979.0,460296.0,2171104.0,0,0.98125,8.0,1.0,6400000.0,0.9792655332681017
1.0,512.0,8.0,1.0,1.0,1.0,543.0,32.0,0,0.5015625,4096.0,0.00195312,6400000.0,0.5273919092465753
1.0,512.0,8.0,1.0,1.0,1.0,543.0,32.0,0,0.5015625,4096.0,0.0078125,6400000.0,0.5273919092465753
1.0,512.0,8.0,1.0,1.0,1.0,543.0,32.0,0,0.5015625,16384.0,0.00390625,6400000.0,0.5273919092465753
1.0,512.0,8.0,1.0,1.0,1.0,543.0,32.0,0,0.5015625,16384.0,0.0625,6400000.0,0.5273919092465753
512.0,512.0,8.0,8.0,5692.0,5725.0,191303.0,850464.0,0,0.959375,64.0,2.0,6400000.0,0.9569662732387474
1.0,512.0,8.0,1.0,1.0,1.0,543.0,32.0,0,0.5015625,16384.0,0.015625,6400000.0,0.5273919092465753
1.0,512.0,8.0,1.0,1.0,1.0,543.0,32.0,0,0.5015625,16384.0,1.0,6400000.0,0.5273919092465753
1.0,512.0,8.0,1.0,1.0,1.0,543.0,32.0,0,0.5015625,16384.0,0.25,6400000.0,0.5273919092465753
1.0,512.0,8.0,1.0,1.0,1.0,543.0,32.0,0,0.5015625,16384.0,4.0,6400000.0,0.5273919092465753
1.0,512.0,8.0,1.0,1.0,1.0,543.0,32.0,0,0.5015625,4096.0,0.03125,6400000.0,0.5273919092465753
1.0,512.0,8.0,1.0,1.0,1.0,543.0,32.0,0,0.5015625,16384.0,16.0,6400000.0,0.5273919092465753
1.0,512.0,8.0,1.0,1.0,1.0,543.0,32.0,0,0.5015625,4096.0,0.5,6400000.0,0.5273919092465753
1.0,512.0,8.0,1.0,1.0,1.0,543.0,32.0,0,0.5015625,4096.0,2.0,6400000.0,0.5273919092465753
1.0,512.0,8.0,1.0,1.0,1.0,543.0,32.0,0,0.5015625,4096.0,0.125,6400000.0,0.5273919092465753
1.0,512.0,8.0,1.0,1.0,1.0,543.0,32.0,0,0.5015625,16384.0,64.0,6400000.0,0.5273919092465753
512.0,512.0,8.0,29.0,15509.0,15629.0,515676.0,2435104.0,0,0.9859375,0.25,2.0,6400000.0,0.9792632399706459
1.0,512.0,8.0,1.0,1.0,1.0,543.0,32.0,0,0.5015625,16384.0,256.0,6400000.0,0.5273919092465753
1.0,512.0,8.0,1.0,1.0,1.0,543.0,32.0,0,0.5015625,4096.0,8.0,6400000.0,0.5273919092465753
1.0,512.0,8.0,1.0,1.0,1.0,543.0,32.0,0,0.5015625,4096.0,32.0,6400000.0,0.5273919092465753
1.0,512.0,8.0,1.0,1.0,1.0,543.0,32.0,0,0.5015625,16384.0,1024.0,6400000.0,0.5273919092465753
1.0,512.0,8.0,1.0,1.0,1.0,543.0,32.0,0,0.5015625,4096.0,2048.0,6400000.0,0.5273919092465753
1.0,512.0,8.0,1.0,1.0,1.0,543.0,32.0,0,0.5015625,4096.0,512.0,6400000.0,0.5273919092465753
1.0,512.0,8.0,1.0,1.0,1.0,543.0,32.0,0,0.5015625,4096.0,128.0,6400000.0,0.5273919092465753
1.0,512.0,8.0,1.0,1.0,1.0,543.0,32.0,0,0.5015625,8192.0,0.000976562,6400000.0,0.5273919092465753
1.0,512.0,8.0,1.0,1.0,1.0,543.0,32.0,0,0.5015625,4096.0,8192.0,6400000.0,0.5273919092465753
1.0,512.0,8.0,1.0,1.0,1.0,543.0,32.0,0,0.5015625,4096.0,32768.0,6400000.0,0.5273919092465753
512.0,512.0,8.0,21.0,12941.0,13020.0,431059.0,2017664.0,0,0.9828125,8.0,4.0,6400000.0,0.9745719178082192
1.0,512.0,8.0,1.0,1.0,1.0,543.0,32.0,0,0.5015625,8192.0,0.00390625,6400000.0,0.5273919092465753
1.0,512.0,8.0,1.0,1.0,1.0,543.0,32.0,0,0.5015625,16384.0,4096.0,6400000.0,0.5273919092465753
1.0,512.0,8.0,1.0,1.0,1.0,543.0,32.0,0,0.5015625,16384.0,16384.0,6400000.0,0.5273919092465753
1.0,512.0,8.0,1.0,1.0,1.0,543.0,32.0,0,0.5015625,32768.0,0.00195312,6400000.0,0.5273919092465753
512.0,512.0,8.0,8.0,5652.0,5678.0,189976.0,842944.0,0,0.959375,64.0,8.0,6400000.0,0.9569662732387474
1.0,512.0,8.0,1.0,1.0,1.0,543.0,32.0,0,0.5015625,32768.0,0.0,6400000.0,0.5273919092465753
512.0,512.0,8.0,8.0,5711.0,5748.0,191934.0,854144.0,0,0.959375,64.0,0.00195312,6400000.0,0.9628371147260273
512.0,512.0,4.0,32.0,6298.0,6285.0,206941.0,940064.0,0,0.990625,0.25,0.015625,6400000.0,0.9808303265655578
1.0,512.0,8.0,1.0,1.0,1.0,543.0,32.0,0,0.5015625,8192.0,0.015625,6400000.0,0.5273919092465753
1.0,512.0,8.0,1.0,1.0,1.0,543.0,32.0,0,0.5015625,8192.0,0.25,6400000.0,0.5273919092465753
1.0,512.0,8.0,1.0,1.0,1.0,543.0,32.0,0,0.5015625,8192.0,0.0625,6400000.0,0.5273919092465753
1.0,512.0,8.0,1.0,1.0,1.0,543.0,32.0,0,0.5015625,32768.0,0.0078125,6400000.0,0.5273919092465753
1.0,512.0,8.0,1.0,1.0,1.0,543.0,32.0,0,0.5015625,32768.0,0.03125,6400000.0,0.5273919092465753
1.0,512.0,8.0,1.0,1.0,1.0,543.0,32.0,0,0.5015625,32768.0,0.125,6400000.0,0.5273919092465753
1.0,512.0,8.0,1.0,1.0,1.0,543.0,32.0,0,0.5015625,32768.0,0.5,6400000.0,0.5273919092465753
1.0,512.0,8.0,1.0,1.0,1.0,543.0,32.0,0,0.5015625,8192.0,1.0,6400000.0,0.5273919092465753
1.0,512.0,8.0,1.0,1.0,1.0,543.0,32.0,0,0.5015625,32768.0,2.0,6400000.0,0.5273919092465753
512.0,512.0,8.0,31.0,15294.0,15393.0,508518.0,2397344.0,0,0.9859375,0.25,0.00195312,6400000.0,0.9812194227005872
512.0,512.0,8.0,23.0,14175.0,14326.0,471811.0,2226624.0,0,0.9828125,8.0,0.25,6400000.0,0.9773078216731899
1.0,512.0,8.0,1.0,1.0,1.0,543.0,32.0,0,0.5015625,32768.0,8.0,6400000.0,0.5273919092465753
512.0,512.0,8.0,8.0,5711.0,5748.0,191934.0,854144.0,0,0.959375,64.0,0.0078125,6400000.0,0.9628371147260273
512.0,512.0,8.0,31.0,15294.0,15393.0,508518.0,2397344.0,0,0.9859375,0.25,0.03125,6400000.0,0.9808280332681019
1.0,512.0,8.0,1.0,1.0,1.0,543.0,32.0,0,0.5015625,8192.0,4.0,6400000.0,0.5273919092465753
1.0,512.0,8.0,1.0,1.0,1.0,543.0,32.0,0,0.5015625,32768.0,128.0,6400000.0,0.5273919092465753
1.0,512.0,8.0,1.0,1.0,1.0,543.0,32.0,0,0.5015625,32768.0,512.0,6400000.0,0.5273919092465753
1.0,512.0,8.0,1.0,1.0,1.0,543.0,32.0,0,0.5015625,32768.0,32.0,6400000.0,0.5273919092465753
512.0,512.0,8.0,31.0,15341.0,15439.0,510068.0,2404704.0,0,0.9859375,0.25,0.5,6400000.0,0.9804374082681019
512.0,512.0,8.0,23.0,14343.0,14495.0,477356.0,2253664.0,0,0.984375,8.0,0.00390625,6400000.0,0.9769164322407043
512.0,512.0,8.0,23.0,14343.0,14495.0,477356.0,2253664.0,0,0.984375,8.0,0.0625,6400000.0,0.9765250428082191
512.0,512.0,8.0,23.0,14343.0,14495.0,477356.0,2253664.0,0,0.984375,8.0,0.015625,6400000.0,0.9769164322407043
1.0,512.0,8.0,1.0,1.0,1.0,543.0,32.0,0,0.5015625,32768.0,2048.0,6400000.0,0.5273919092465753
512.0,512.0,8.0,8.0,5711.0,5748.0,191934.0,854144.0,0,0.959375,64.0,0.03125,6400000.0,0.9628371147260273
512.0,512.0,8.0,23.0,14343.0,14495.0,477356.0,2253664.0,0,0.984375,8.0,0.000976562,6400000.0,0.9769164322407043
1.0,512.0,8.0,1.0,1.0,1.0,543.0,32.0,0,0.5015625,32768.0,8192.0,6400000.0,0.5273919092465753
1.0,512.0,8.0,1.0,1.0,1.0,543.0,32.0,0,0.5015625,8192.0,64.0,6400000.0,0.5273919092465753
1.0,512.0,8.0,1.0,1.0,1.0,543.0,32.0,0,0.5015625,8192.0,16.0,6400000.0,0.5273919092465753
1.0,512.0,8.0,1.0,1.0,1.0,543.0,32.0,0,0.5015625,32768.0,32768.0,6400000.0,0.5273919092465753
512.0,512.0,8.0,31.0,15321.0,15420.0,509409.0,2401664.0,0,0.9859375,0.25,0.125,6400000.0,0.9796546294031311
512.0,512.0,8.0,8.0,5711.0,5748.0,191934.0,854144.0,0,0.959375,64.0,0.125,6400000.0,0.9628371147260273
512.0,512.0,8.0,31.0,15294.0,15393.0,508518.0,2397344.0,0,0.9859375,0.25,0.0078125,6400000.0,0.9808280332681019
1.0,512.0,8.0,1.0,1.0,1.0,543.0,32.0,0,0.5015625,8192.0,256.0,6400000.0,0.5273919092465753
1.0,1024.0,1.0,1.0,1.0,1.0,35.0,32.0,0,0.5015625,0.000976562,2048.0,6400000.0,0.5273919092465753
512.0,512.0,8.0,8.0,5692.0,5725.0,191303.0,850464.0,0,0.959375,64.0,0.5,6400000.0,0.9628371147260273
1.0,512.0,8.0,1.0,1.0,1.0,543.0,32.0,0,0.5015625,8192.0,1024.0,6400000.0,0.5273919092465753
1.0,512.0,8.0,1.0,1.0,1.0,543.0,32.0,0,0.5015625,8192.0,4096.0,6400000.0,0.5273919092465753
512.0,512.0,8.0,26.0,14652.0,14781.0,487467.0,2299424.0,0,0.9859375,2.0,4.0,6400000.0,0.9780913649706457
1.0,1024.0,1.0,1.0,1.0,1.0,35.0,32.0,0,0.5015625,0.00195312,16384.0,6400000.0,0.5273919092465753
1.0,1024.0,1.0,1.0,1.0,1.0,35.0,32.0,0,0.5015625,0.0078125,1024.0,6400000.0,0.5273919092465753
1.0,512.0,8.0,1.0,1.0,1.0,543.0,32.0,0,0.5015625,8192.0,16384.0,6400000.0,0.5273919092465753
1.0,512.0,8.0,1.0,1.0,1.0,543.0,32.0,0,0.5015625,16384.0,0.0,6400000.0,0.5273919092465753
1.0,512.0,8.0,1.0,1.0,1.0,543.0,32.0,0,0.5015625,16384.0,0.00195312,6400000.0,0.5273919092465753
1024.0,1024.0,1.0,5.0,1544.0,2048.0,50372.0,196608.0,0,0.940625,0.0,256.0,6400000.0,0.9409246575342465
1.0,1024.0,1.0,1.0,1.0,1.0,35.0,32.0,0,0.5015625,0.015625,8192.0,6400000.0,0.5273919092465753
1.0,512.0,8.0,1.0,1.0,1.0,543.0,32.0,0,0.5015625,16384.0,0.0078125,6400000.0,0.5273919092465753
1.0,512.0,8.0,1.0,1.0,1.0,543.0,32.0,0,0.5015625,16384.0,0.125,6400000.0,0.5273919092465753
1.0,512.0,8.0,1.0,1.0,1.0,543.0,32.0,0,0.5015625,16384.0,0.03125,6400000.0,0.5273919092465753
1.0,512.0,8.0,1.0,1.0,1.0,543.0,32.0,0,0.5015625,16384.0,2.0,6400000.0,0.5273919092465753
1.0,512.0,8.0,1.0,1.0,1.0,543.0,32.0,0,0.5015625,16384.0,0.5,6400000.0,0.5273919092465753
1.0,512.0,8.0,1.0,1.0,1.0,543.0,32.0,0,0.5015625,16384.0,8.0,6400000.0,0.5273919092465753
1.0,1024.0,1.0,1.0,1.0,1.0,35.0,32.0,0,0.5015625,0.0625,512.0,6400000.0,0.5273919092465753
1.0,512.0,8.0,1.0,1.0,1.0,543.0,32.0,0,0.5015625,16384.0,32.0,6400000.0,0.5273919092465753
1024.0,1024.0,1.0,5.0,1549.0,2048.0,50532.0,196608.0,0,0.940625,0.00390625,128.0,6400000.0,0.9409246575342465
512.0,512.0,8.0,27.0,15514.0,15631.0,515880.0,2435424.0,0,0.9859375,0.5,4.0,6400000.0,0.9792632399706458
1.0,1024.0,1.0,1.0,1.0,1.0,35.0,32.0,0,0.5015625,0.125,4096.0,6400000.0,0.5273919092465753
1.0,512.0,8.0,1.0,1.0,1.0,543.0,32.0,0,0.5015625,16384.0,128.0,6400000.0,0.5273919092465753
1.0,1024.0,1.0,1.0,1.0,1.0,35.0,32.0,0,0.5015625,0.25,32768.0,6400000.0,0.5273919092465753
1024.0,1024.0,1.0,10.0,2058.0,2048.0,66717.0,196608.0,0,0.9453125,0.00195312,16.0,6400000.0,0.9479673740215263
1.0,512.0,8.0,1.0,1.0,1.0,543.0,32.0,0,0.5015625,16384.0,512.0,6400000.0,0.5273919092465753
1.0,512.0,8.0,1.0,1.0,1.0,543.0,32.0,0,0.5015625,16384.0,2048.0,6400000.0,0.5273919092465753
512.0,512.0,4.0,32.0,6241.0,6229.0,205061.0,931104.0,0,0.990625,0.00390625,0.0625,6400000.0,0.9800475477005872
1.0,1024.0,1.0,1.0,1.0,1.0,35.0,32.0,0,0.5015625,1.0,2048.0,6400000.0,0.5273919092465753
1.0,1024.0,1.0,1.0,1.0,1.0,35.0,32.0,0,0.5015625,2.0,16384.0,6400000.0,0.5273919092465753
512.0,512.0,4.0,13.0,5365.0,5364.0,176548.0,792704.0,0,0.9703125,0.03125,16.0,6400000.0,0.9690985812133072
1024.0,1024.0,1.0,21.0,2069.0,2048.0,66839.0,196608.0,0,0.959375,0.000976562,2.0,6400000.0,0.9581335616438356
1024.0,1024.0,1.0,26.0,2074.0,2048.0,66894.0,196608.0,0,0.95,0.0,0.25,6400000.0,0.9561781433463796
1024.0,1024.0,1.0,7.0,2054.0,2048.0,66651.0,196608.0,0,0.940625,0.03125,64.0,6400000.0,0.9409246575342465
1.0,512.0,8.0,1.0,1.0,1.0,543.0,32.0,0,0.5015625,16384.0,8192.0,6400000.0,0.5273919092465753
1.0,512.0,8.0,1.0,1.0,1.0,543.0,32.0,0,0.5015625,16384.0,32768.0,6400000.0,0.5273919092465753
1.0,512.0,8.0,1.0,1.0,1.0,543.0,32.0,0,0.5015625,32768.0,0.00390625,6400000.0,0.5273919092465753
1.0,512.0,8.0,1.0,1.0,1.0,543.0,32.0,0,0.5015625,32768.0,0.000976562,6400000.0,0.5273919092465753
1024.0,1024.0,1.0,27.0,2075.0,2048.0,66905.0,196608.0,0,0.95,0.000976562,0.00195312,6400000.0,0.9561781433463796
1024.0,1024.0,1.0,15.0,2063.0,2048.0,66772.0,196608.0,0,0.95,0.015625,8.0,6400000.0,0.9503126528864971
1024.0,1024.0,1.0,27.0,2075.0,2048.0,66905.0,196608.0,0,0.95,0.00195312,0.015625,6400000.0,0.9561781433463796
512.0,512.0,4.0,26.0,6279.0,6267.0,206441.0,937184.0,0,0.990625,0.00195312,4.0,6400000.0,0.9776984466731898
1.0,1024.0,1.0,1.0,1.0,1.0,35.0,32.0,0,0.5015625,8.0,1024.0,6400000.0,0.5273919092465753
1.0,512.0,8.0,1.0,1.0,1.0,543.0,32.0,0,0.5015625,32768.0,0.0625,6400000.0,0.5273919092465753
1.0,512.0,8.0,1.0,1.0,1.0,543.0,32.0,0,0.5015625,32768.0,0.015625,6400000.0,0.5273919092465753
1024.0,1024.0,1.0,25.0,2073.0,2048.0,66883.0,196608.0,0,0.95,0.0078125,1.0,6400000.0,0.9581350905088062
512.0,512.0,8.0,26.0,14652.0,14781.0,487467.0,2299424.0,0,0.9859375,4.0,2.0,6400000.0,0.9780913649706457
512.0,512.0,4.0,21.0,5963.0,5957.0,196124.0,887584.0,0,0.9828125,8.0,0.25,6400000.0,0.9816131054305284
1.0,512.0,8.0,1.0,1.0,1.0,543.0,32.0,0,0.5015625,32768.0,0.25,6400000.0,0.5273919092465753
1024.0,1024.0,1.0,5.0,1544.0,2048.0,50372.0,196608.0,0,0.940625,0.5,256.0,6400000.0,0.9409246575342465
1024.0,1024.0,1.0,26.0,2074.0,2048.0,66894.0,196608.0,0,0.95,0.00390625,0.125,6400000.0,0.9565695327788649
1.0,512.0,8.0,1.0,1.0,1.0,543.0,32.0,0,0.5015625,32768.0,4.0,6400000.0,0.5273919092465753
1.0,512.0,8.0,1.0,1.0,1.0,543.0,32.0,0,0.5015625,32768.0,1.0,6400000.0,0.5273919092465753
1024.0,1024.0,1.0,27.0,2075.0,2048.0,66905.0,196608.0,0,0.95,0.015625,0.0078125,6400000.0,0.9561781433463796
1024.0,1024.0,1.0,27.0,2075.0,2048.0,66905.0,196608.0,0,0.95,0.0078125,0.000976562,6400000.0,0.9561781433463796
1.0,512.0,8.0,1.0,1.0,1.0,543.0,32.0,0,0.5015625,32768.0,16.0,6400000.0,0.5273919092465753
1.0,1024.0,1.0,1.0,1.0,1.0,35.0,32.0,0,0.5015625,16.0,8192.0,6400000.0,0.5273919092465753
512.0,512.0,4.0,31.0,6263.0,6251.0,205808.0,934624.0,0,0.990625,0.5,0.03125,6400000.0,0.980047547700587
1024.0,1024.0,1.0,9.0,2056.0,2048.0,66704.0,196608.0,0,0.9453125,0.25,32.0,6400000.0,0.945622859589041
1.0,512.0,8.0,1.0,1.0,1.0,543.0,32.0,0,0.5015625,32768.0,64.0,6400000.0,0.5273919092465753
1.0,512.0,8.0,1.0,1.0,1.0,543.0,32.0,0,0.5015625,32768.0,1024.0,6400000.0,0.5273919092465753
1024.0,1024.0,1.0,5.0,1534.0,2048.0,50052.0,196608.0,0,0.940625,4.0,128.0,6400000.0,0.9409246575342465
1.0,512.0,8.0,1.0,1.0,1.0,543.0,32.0,0,0.5015625,32768.0,256.0,6400000.0,0.5273919092465753
1.0,512.0,8.0,1.0,1.0,1.0,543.0,32.0,0,0.5015625,32768.0,4096.0,6400000.0,0.5273919092465753
1024.0,1024.0,1.0,16.0,2064.0,2048.0,66783.0,196608.0,0,0.9484375,0.125,4.0,6400000.0,0.9538321000489237
1024.0,1024.0,1.0,25.0,2073.0,2048.0,66883.0,196608.0,0,0.95,0.0625,0.5,6400000.0,0.9573523116438356
1.0,512.0,8.0,1.0,1.0,1.0,543.0,32.0,0,0.5015625,32768.0,16384.0,6400000.0,0.5273919092465753
1024.0,1024.0,1.0,27.0,2075.0,2048.0,66905.0,196608.0,0,0.95,0.0625,0.0,6400000.0,0.9565695327788649
1024.0,1024.0,1.0,27.0,2075.0,2048.0,66905.0,196608.0,0,0.95,0.03125,0.0625,6400000.0,0.9565695327788649
1024.0,1024.0,1.0,10.0,2058.0,2048.0,66717.0,196608.0,0,0.9453125,2.0,16.0,6400000.0,0.9483587634540116
512.0,512.0,4.0,11.0,4787.0,4785.0,157515.0,700064.0,0,0.96875,4.0,32.0,6400000.0,0.9640112830234834
512.0,512.0,8.0,28.0,15551.0,15651.0,517063.0,2438624.0,0,0.9859375,1.0,2.0,6400000.0,0.9796561582681017
1024.0,1024.0,1.0,19.0,2067.0,2048.0,66817.0,196608.0,0,0.9515625,1.0,2.0,6400000.0,0.9561789077788649
1024.0,1024.0,1.0,26.0,2074.0,2048.0,66894.0,196608.0,0,0.95,0.125,0.00390625,6400000.0,0.9565695327788649
1024.0,1024.0,1.0,25.0,2073.0,2048.0,66883.0,196608.0,0,0.95,0.5,0.25,6400000.0,0.9573523116438356
1.0,1024.0,1.0,1.0,1.0,1.0,35.0,32.0,0,0.5015625,0.000976562,4096.0,6400000.0,0.5273919092465753
1024.0,1024.0,1.0,13.0,2061.0,2048.0,66750.0,196608.0,0,0.9515625,8.0,1.0,6400000.0,0.9507048067514677
1024.0,1024.0,1.0,15.0,2063.0,2048.0,66772.0,196608.0,0,0.95,8.0,0.000976562,6400000.0,0.9503126528864971
1024.0,1024.0,1.0,26.0,2074.0,2048.0,66894.0,196608.0,0,0.95,0.25,0.03125,6400000.0,0.9561781433463796
1024.0,1024.0,1.0,16.0,2064.0,2048.0,66783.0,196608.0,0,0.9484375,4.0,0.125,6400000.0,0.9538321000489237
1024.0,1024.0,1.0,25.0,2073.0,2048.0,66883.0,196608.0,0,0.95,1.0,0.00195312,6400000.0,0.9577437010763209
1024.0,1024.0,1.0,10.0,2058.0,2048.0,66717.0,196608.0,0,0.9453125,16.0,0.0078125,6400000.0,0.9452276479941292
1024.0,1024.0,1.0,21.0,2069.0,2048.0,66839.0,196608.0,0,0.959375,2.0,0.015625,6400000.0,0.9581335616438356
1024.0,1024.0,1.0,10.0,2058.0,2048.0,66717.0,196608.0,0,0.9453125,16.0,8.0,6400000.0,0.9510984894814088
1.0,1024.0,1.0,1.0,1.0,1.0,35.0,32.0,0,0.5015625,64.0,512.0,6400000.0,0.5273919092465753
1.0,1024.0,1.0,1.0,1.0,1.0,35.0,32.0,0,0.5015625,0.00195312,32768.0,6400000.0,0.5273919092465753
1.0,1024.0,1.0,1.0,1.0,1.0,35.0,32.0,0,0.5015625,0.0078125,2048.0,6400000.0,0.5273919092465753
1.0,1024.0,1.0,1.0,1.0,1.0,35.0,32.0,0,0.5015625,128.0,4096.0,6400000.0,0.5273919092465753
512.0,512.0,8.0,31.0,15356.0,15453.0,510562.0,2406944.0,0,0.9859375,0.5,0.000976562,6400000.0,0.9812194227005872
512.0,512.0,8.0,31.0,15356.0,15453.0,510562.0,2406944.0,0,0.9859375,0.5,0.015625,6400000.0,0.9800452544031313
1.0,1024.0,1.0,1.0,1.0,1.0,35.0,32.0,0,0.5015625,256.0,32768.0,6400000.0,0.5273919092465753
1024.0,1024.0,1.0,6.0,2053.0,2048.0,66640.0,196608.0,0,0.940625,32.0,64.0,6400000.0,0.9409246575342465
512.0,512.0,8.0,31.0,15356.0,15453.0,510562.0,2406944.0,0,0.9859375,0.5,0.00390625,6400000.0,0.9812194227005872
1024.0,1024.0,1.0,9.0,2057.0,2048.0,66705.0,196608.0,0,0.94375,32.0,0.0625,6400000.0,0.945622859589041
1.0,1024.0,1.0,1.0,1.0,1.0,35.0,32.0,0,0.5015625,0.015625,16384.0,6400000.0,0.5273919092465753
1.0,1024.0,1.0,1.0,1.0,1.0,35.0,32.0,0,0.5015625,1024.0,0.00195312,6400000.0,0.5273919092465753
1.0,1024.0,1.0,1.0,1.0,1.0,35.0,32.0,0,0.5015625,512.0,256.0,6400000.0,0.5273919092465753
1.0,1024.0,1.0,1.0,1.0,1.0,35.0,32.0,0,0.5015625,1024.0,2048.0,6400000.0,0.5273919092465753
1.0,1024.0,1.0,1.0,1.0,1.0,35.0,32.0,0,0.5015625,2048.0,0.015625,6400000.0,0.5273919092465753
1.0,1024.0,1.0,1.0,1.0,1.0,35.0,32.0,0,0.5015625,1024.0,2.0,6400000.0,0.5273919092465753
1.0,1024.0,1.0,1.0,1.0,1.0,35.0,32.0,0,0.5015625,512.0,0.25,6400000.0,0.5273919092465753
1.0,1024.0,1.0,1.0,1.0,1.0,35.0,32.0,0,0.5015625,2048.0,16.0,6400000.0,0.5273919092465753
1024.0,1024.0,1.0,7.0,2054.0,2048.0,66651.0,196608.0,0,0.940625,64.0,0.0,6400000.0,0.9409246575342465
1.0,1024.0,1.0,1.0,1.0,1.0,35.0,32.0,0,0.5015625,4096.0,0.125,6400000.0,0.5273919092465753
1024.0,1024.0,1.0,7.0,2054.0,2048.0,66651.0,196608.0,0,0.940625,64.0,0.5,6400000.0,0.9409246575342465
1.0,1024.0,1.0,1.0,1.0,1.0,35.0,32.0,0,0.5015625,2048.0,16384.0,6400000.0,0.5273919092465753
1024.0,1024.0,1.0,5.0,1549.0,2048.0,50532.0,196608.0,0,0.940625,128.0,0.00390625,6400000.0,0.9409246575342465
1.0,1024.0,1.0,1.0,1.0,1.0,35.0,32.0,0,0.5015625,0.0625,1024.0,6400000.0,0.5273919092465753
1.0,1024.0,1.0,1.0,1.0,1.0,35.0,32.0,0,0.5015625,4096.0,128.0,6400000.0,0.5273919092465753
1.0,1024.0,1.0,1.0,1.0,1.0,35.0,32.0,0,0.5015625,0.125,8192.0,6400000.0,0.5273919092465753
1024.0,1024.0,1.0,5.0,1534.0,2048.0,50052.0,196608.0,0,0.940625,128.0,4.0,6400000.0,0.9409246575342465
1024.0,1024.0,1.0,5.0,1544.0,2048.0,50372.0,196608.0,0,0.940625,256.0,0.03125,6400000.0,0.9409246575342465
1.0,1024.0,1.0,1.0,1.0,1.0,35.0,32.0,0,0.5015625,8192.0,0.000976562,6400000.0,0.5273919092465753
512.0,512.0,8.0,31.0,15349.0,15449.0,510334.0,2406304.0,0,0.9859375,0.5,0.0625,6400000.0,0.9796546294031311
1024.0,1024.0,1.0,5.0,1578.0,2048.0,51460.0,196608.0,0,0.940625,256.0,32.0,6400000.0,0.9409246575342465
1.0,1024.0,1.0,1.0,1.0,1.0,35.0,32.0,0,0.5015625,0.0,512.0,6400000.0,0.5273919092465753
512.0,512.0,8.0,27.0,15514.0,15631.0,515880.0,2435424.0,0,0.9859375,4.0,0.5,6400000.0,0.9792632399706458
1.0,1024.0,1.0,1.0,1.0,1.0,35.0,32.0,0,0.5015625,8192.0,1.0,6400000.0,0.5273919092465753
1.0,1024.0,1.0,1.0,1.0,1.0,35.0,32.0,0,0.5015625,1.0,4096.0,6400000.0,0.5273919092465753
512.0,512.0,8.0,27.0,15444.0,15563.0,513572.0,2424544.0,0,0.9859375,4.0,0.00195312,6400000.0,0.9800475477005872
512.0,512.0,8.0,28.0,15551.0,15651.0,517063.0,2438624.0,0,0.9859375,2.0,1.0,6400000.0,0.9796561582681017
1.0,1024.0,1.0,1.0,1.0,1.0,35.0,32.0,0,0.5015625,2.0,32768.0,6400000.0,0.5273919092465753
512.0,512.0,8.0,29.0,15494.0,15622.0,515189.0,2433984.0,0,0.984375,2.0,0.000976562,6400000.0,0.9796553938356165
512.0,512.0,8.0,29.0,15494.0,15622.0,515189.0,2433984.0,0,0.984375,2.0,0.00390625,6400000.0,0.9796553938356165
1.0,1024.0,1.0,1.0,1.0,1.0,35.0,32.0,0,0.5015625,8192.0,1024.0,6400000.0,0.5273919092465753
1024.0,1024.0,1.0,27.0,2075.0,2048.0,66905.0,196608.0,0,0.95,0.0,0.0,6400000.0,0.9561781433463796
1.0,1024.0,1.0,1.0,1.0,1.0,35.0,32.0,0,0.5015625,16384.0,0.0078125,6400000.0,0.5273919092465753
512.0,512.0,8.0,29.0,15503.0,15623.0,515478.0,2434144.0,0,0.9859375,2.0,0.015625,6400000.0,0.9792640044031312
1.0,1024.0,1.0,1.0,1.0,1.0,35.0,32.0,0,0.5015625,16384.0,8192.0,6400000.0,0.5273919092465753
1.0,1024.0,1.0,1.0,1.0,1.0,35.0,32.0,0,0.5015625,16384.0,8.0,6400000.0,0.5273919092465753
512.0,512.0,4.0,27.0,6218.0,6205.0,204406.0,927264.0,0,0.990625,0.015625,2.0,6400000.0,0.9784819899706457
512.0,512.0,8.0,29.0,15490.0,15622.0,515061.0,2433984.0,0,0.9875,0.5,1.0,6400000.0,0.9796553938356165
512.0,512.0,8.0,27.0,15474.0,15593.0,514562.0,2429344.0,0,0.9890625,4.0,0.03125,6400000.0,0.9808287977005872
512.0,512.0,4.0,8.0,4171.0,4321.0,137387.0,625824.0,0,0.95,0.5,64.0,6400000.0,0.9377981286692758
512.0,512.0,8.0,27.0,15444.0,15563.0,513572.0,2424544.0,0,0.9859375,4.0,0.0078125,6400000.0,0.9800475477005872
512.0,512.0,4.0,32.0,6304.0,6292.0,207140.0,941184.0,0,0.9921875,0.0625,0.0625,6400000.0,0.9792647688356164
512.0,512.0,4.0,32.0,6292.0,6279.0,206743.0,939104.0,0,0.990625,0.000976562,0.5,6400000.0,0.9808303265655578
512.0,512.0,8.0,26.0,15464.0,15584.0,514254.0,2427904.0,0,0.9890625,4.0,0.125,6400000.0,0.9812209515655578
1.0,1024.0,1.0,1.0,1.0,1.0,35.0,32.0,0,0.5015625,32768.0,64.0,6400000.0,0.5273919092465753
1.0,1024.0,1.0,1.0,1.0,1.0,35.0,32.0,0,0.5015625,8.0,2048.0,6400000.0,0.5273919092465753
1.0,1024.0,1.0,1.0,1.0,1.0,35.0,32.0,0,0.5015625,32768.0,0.0625,6400000.0,0.5273919092465753
512.0,512.0,8.0,29.0,15597.0,15697.0,518560.0,2445984.0,0,0.9875,1.0,0.125,6400000.0,0.9804374082681019
512.0,512.0,8.0,29.0,15503.0,15623.0,515478.0,2434144.0,0,0.9859375,2.0,0.0625,6400000.0,0.9796553938356165
512.0,512.0,8.0,31.0,15341.0,15439.0,510068.0,2404704.0,0,0.9859375,0.5,0.25,6400000.0,0.9804374082681019
512.0,512.0,8.0,29.0,15509.0,15629.0,515676.0,2435104.0,0,0.9859375,2.0,0.25,6400000.0,0.9792632399706459
512.0,512.0,4.0,26.0,6279.0,6267.0,206441.0,937184.0,0,0.990625,2.0,2.0,6400000.0,0.9773070572407045
512.0,512.0,8.0,29.0,15490.0,15622.0,515061.0,2433984.0,0,0.9875,1.0,0.5,6400000.0,0.9796553938356165
1.0,1024.0,1.0,1.0,1.0,1.0,35.0,32.0,0,0.5015625,16.0,16384.0,6400000.0,0.5273919092465753
512.0,512.0,8.0,30.0,15467.0,15567.0,514249.0,2425184.0,0,0.9859375,1.0,0.03125,6400000.0,0.9792632399706458
1.0,1024.0,2.0,1.0,1.0,1.0,39.0,32.0,0,0.5015625,0.0,512.0,6400000.0,0.5273919092465753
512.0,512.0,8.0,30.0,15467.0,15567.0,514249.0,2425184.0,0,0.9859375,1.0,0.00195312,6400000.0,0.9796546294031312
1.0,1024.0,2.0,1.0,1.0,1.0,39.0,32.0,0,0.5015625,0.000976562,4096.0,6400000.0,0.5273919092465753
512.0,512.0,8.0,30.0,15467.0,15567.0,514249.0,2425184.0,0,0.9859375,1.0,0.0078125,6400000.0,0.9796546294031312
1.0,1024.0,2.0,1.0,1.0,1.0,39.0,32.0,0,0.5015625,0.00195312,32768.0,6400000.0,0.5273919092465753
1024.0,1024.0,1.0,5.0,1544.0,2048.0,50372.0,196608.0,0,0.940625,0.00390625,256.0,6400000.0,0.9409246575342465
1.0,1024.0,1.0,1.0,1.0,1.0,35.0,32.0,0,0.5015625,0.5,512.0,6400000.0,0.5273919092465753
1.0,1024.0,1.0,1.0,1.0,1.0,35.0,32.0,0,0.5015625,0.000976562,8192.0,6400000.0,0.5273919092465753
1024.0,1024.0,1.0,25.0,2073.0,2048.0,66883.0,196608.0,0,0.95,0.5,0.0,6400000.0,0.9561789077788649
1024.0,1024.0,1.0,5.0,1549.0,2048.0,50532.0,196608.0,0,0.940625,0.03125,128.0,6400000.0,0.9409246575342465
1.0,1024.0,1.0,1.0,1.0,1.0,35.0,32.0,0,0.5015625,64.0,1024.0,6400000.0,0.5273919092465753
1024.0,1024.0,1.0,9.0,2056.0,2048.0,66704.0,196608.0,0,0.9453125,0.00195312,32.0,6400000.0,0.945622859589041
1.0,1024.0,1.0,1.0,1.0,1.0,35.0,32.0,0,0.5015625,0.0078125,4096.0,6400000.0,0.5273919092465753
1.0,1024.0,1.0,1.0,1.0,1.0,35.0,32.0,0,0.5015625,128.0,8192.0,6400000.0,0.5273919092465753
1.0,1024.0,1.0,1.0,1.0,1.0,35.0,32.0,0,0.5015625,512.0,0.0,6400000.0,0.5273919092465753
1.0,1024.0,1.0,1.0,1.0,1.0,35.0,32.0,0,0.5015625,0.015625,32768.0,6400000.0,0.5273919092465753
1.0,1024.0,1.0,1.0,1.0,1.0,35.0,32.0,0,0.5015625,1024.0,0.00390625,6400000.0,0.5273919092465753
512.0,512.0,4.0,32.0,6258.0,6245.0,205621.0,933664.0,0,0.990625,0.0078125,0.25,6400000.0,0.9796561582681018
1.0,1024.0,1.0,1.0,1.0,1.0,35.0,32.0,0,0.5015625,1024.0,4096.0,6400000.0,0.5273919092465753
1.0,1024.0,1.0,1.0,1.0,1.0,35.0,32.0,0,0.5015625,512.0,512.0,6400000.0,0.5273919092465753
512.0,512.0,4.0,32.0,6211.0,6198.0,204070.0,926144.0,0,0.9890625,0.125,0.5,6400000.0,0.9788741438356163
1024.0,1024.0,1.0,10.0,2058.0,2048.0,66717.0,196608.0,0,0.9453125,0.015625,16.0,6400000.0,0.9479673740215263
1.0,1024.0,1.0,1.0,1.0,1.0,35.0,32.0,0,0.5015625,2048.0,0.03125,6400000.0,0.5273919092465753
1024.0,1024.0,1.0,5.0,1557.0,2048.0,50788.0,196608.0,0,0.940625,4.0,256.0,6400000.0,0.9409246575342465
1.0,1024.0,2.0,1.0,1.0,1.0,39.0,32.0,0,0.5015625,0.0078125,2048.0,6400000.0,0.5273919092465753
1.0,1024.0,1.0,1.0,1.0,1.0,35.0,32.0,0,0.5015625,1024.0,4.0,6400000.0,0.5273919092465753
1.0,1024.0,1.0,1.0,1.0,1.0,35.0,32.0,0,0.5015625,2048.0,32.0,6400000.0,0.5273919092465753
1.0,1024.0,2.0,1.0,1.0,1.0,39.0,32.0,0,0.5015625,0.015625,16384.0,6400000.0,0.5273919092465753
512.0,512.0,4.0,26.0,6077.0,6065.0,199775.0,904864.0,0,0.9859375,4.0,0.0625,6400000.0,0.9765250428082192
1.0,1024.0,1.0,1.0,1.0,1.0,35.0,32.0,0,0.5015625,2048.0,32768.0,6400000.0,0.5273919092465753
1.0,1024.0,1.0,1.0,1.0,1.0,35.0,32.0,0,0.5015625,4096.0,0.25,6400000.0,0.5273919092465753
1.0,1024.0,1.0,1.0,1.0,1.0,35.0,32.0,0,0.5015625,0.0625,2048.0,6400000.0,0.5273919092465753
1024.0,1024.0,1.0,7.0,2054.0,2048.0,66651.0,196608.0,0,0.940625,0.25,64.0,6400000.0,0.9409246575342465
1.0,1024.0,1.0,1.0,1.0,1.0,35.0,32.0,0,0.5015625,4096.0,256.0,6400000.0,0.5273919092465753
1.0,1024.0,1.0,1.0,1.0,1.0,35.0,32.0,0,0.5015625,512.0,0.5,6400000.0,0.5273919092465753
1024.0,1024.0,1.0,16.0,2064.0,2048.0,66783.0,196608.0,0,0.9484375,0.000976562,4.0,6400000.0,0.9538321000489237
1.0,1024.0,1.0,1.0,1.0,1.0,35.0,32.0,0,0.5015625,0.125,16384.0,6400000.0,0.5273919092465753
1.0,1024.0,1.0,1.0,1.0,1.0,35.0,32.0,0,0.5015625,8192.0,0.00195312,6400000.0,0.5273919092465753
1024.0,1024.0,2.0,5.0,2349.0,3144.0,77258.0,371968.0,0,0.940625,0.00390625,256.0,6400000.0,0.9409246575342465
1.0,1024.0,1.0,1.0,1.0,1.0,35.0,32.0,0,0.5015625,0.0,1024.0,6400000.0,0.5273919092465753
1.0,1024.0,1.0,1.0,1.0,1.0,35.0,32.0,0,0.5015625,1.0,8192.0,6400000.0,0.5273919092465753
1.0,1024.0,1.0,1.0,1.0,1.0,35.0,32.0,0,0.5015625,8192.0,2.0,6400000.0,0.5273919092465753
512.0,512.0,4.0,27.0,6298.0,6285.0,207046.0,940064.0,0,0.990625,0.25,4.0,6400000.0,0.9769156678082191
1024.0,1024.0,1.0,8.0,2055.0,2048.0,66662.0,196608.0,0,0.9375,2.0,32.0,6400000.0,0.945622859589041
1024.0,1024.0,1.0,25.0,2073.0,2048.0,66883.0,196608.0,0,0.95,0.0,0.5,6400000.0,0.9561789077788649
1.0,1024.0,1.0,1.0,1.0,1.0,35.0,32.0,0,0.5015625,8192.0,2048.0,6400000.0,0.5273919092465753
1.0,1024.0,1.0,1.0,1.0,1.0,35.0,32.0,0,0.5015625,16384.0,16384.0,6400000.0,0.5273919092465753
1.0,1024.0,1.0,1.0,1.0,1.0,35.0,32.0,0,0.5015625,16384.0,0.015625,6400000.0,0.5273919092465753
1.0,1024.0,1.0,1.0,1.0,1.0,35.0,32.0,0,0.5015625,16384.0,16.0,6400000.0,0.5273919092465753
1024.0,1024.0,1.0,15.0,2063.0,2048.0,66772.0,196608.0,0,0.95,0.125,8.0,6400000.0,0.9518751528864972
1024.0,1024.0,1.0,21.0,2069.0,2048.0,66839.0,196608.0,0,0.959375,0.0078125,2.0,6400000.0,0.9581335616438356
1024.0,1024.0,1.0,27.0,2075.0,2048.0,66905.0,196608.0,0,0.95,0.000976562,0.00390625,6400000.0,0.9561781433463796
1024.0,1024.0,1.0,5.0,1508.0,2048.0,49220.0,196608.0,0,0.940625,32.0,128.0,6400000.0,0.9409246575342465
1024.0,1024.0,1.0,10.0,2058.0,2048.0,66717.0,196608.0,0,0.9453125,16.0,0.015625,6400000.0,0.9452276479941292
1.0,1024.0,1.0,1.0,1.0,1.0,35.0,32.0,0,0.5015625,8.0,4096.0,6400000.0,0.5273919092465753
1.0,1024.0,1.0,1.0,1.0,1.0,35.0,32.0,0,0.5015625,32768.0,128.0,6400000.0,0.5273919092465753
1024.0,1024.0,1.0,27.0,2075.0,2048.0,66905.0,196608.0,0,0.95,0.00195312,0.03125,6400000.0,0.9561781433463796
1.0,1024.0,1.0,1.0,1.0,1.0,35.0,32.0,0,0.5015625,32768.0,0.125,6400000.0,0.5273919092465753
1024.0,1024.0,1.0,9.0,2057.0,2048.0,66705.0,196608.0,0,0.94375,16.0,16.0,6400000.0,0.945622859589041
1024.0,1024.0,1.0,13.0,2061.0,2048.0,66750.0,196608.0,0,0.9515625,8.0,2.0,6400000.0,0.947575984589041
1024.0,1024.0,1.0,15.0,2063.0,2048.0,66772.0,196608.0,0,0.95,8.0,0.00195312,6400000.0,0.9503126528864971
1024.0,1024.0,1.0,27.0,2075.0,2048.0,66905.0,196608.0,0,0.95,0.00390625,0.0,6400000.0,0.9561781433463796
1024.0,1024.0,1.0,26.0,2074.0,2048.0,66894.0,196608.0,0,0.95,0.00390625,0.25,6400000.0,0.9565695327788649
1.0,1024.0,1.0,1.0,1.0,1.0,35.0,32.0,0,0.5015625,16.0,32768.0,6400000.0,0.5273919092465753
1024.0,1024.0,1.0,16.0,2064.0,2048.0,66783.0,196608.0,0,0.9484375,1.0,4.0,6400000.0,0.954223489481409
512.0,512.0,4.0,8.0,4649.0,4658.0,153020.0,679744.0,0,0.959375,64.0,0.125,6400000.0,0.9628371147260273
1024.0,1024.0,1.0,27.0,2075.0,2048.0,66905.0,196608.0,0,0.95,0.015625,0.015625,6400000.0,0.9561781433463796
1024.0,1024.0,2.0,9.0,4089.0,4080.0,133793.0,521728.0,0,0.9625,0.00195312,32.0,6400000.0,0.9620543358610567
1024.0,1024.0,1.0,27.0,2075.0,2048.0,66905.0,196608.0,0,0.95,0.0078125,0.00195312,6400000.0,0.9561781433463796
1024.0,1024.0,1.0,5.0,1549.0,2048.0,50532.0,196608.0,0,0.940625,128.0,0.0078125,6400000.0,0.9409246575342465
1.0,1024.0,2.0,1.0,1.0,1.0,39.0,32.0,0,0.5015625,0.000976562,8192.0,6400000.0,0.5273919092465753
1024.0,1024.0,1.0,16.0,2064.0,2048.0,66783.0,196608.0,0,0.9484375,4.0,0.25,6400000.0,0.9538321000489237
1024.0,1024.0,1.0,25.0,2073.0,2048.0,66883.0,196608.0,0,0.9515625,0.0625,1.0,6400000.0,0.9585264799412915
1.0,1024.0,2.0,1.0,1.0,1.0,39.0,32.0,0,0.5015625,0.0,1024.0,6400000.0,0.5273919092465753
1.0,1024.0,2.0,1.0,1.0,1.0,39.0,32.0,0,0.5015625,0.0625,1024.0,6400000.0,0.5273919092465753
1024.0,1024.0,1.0,7.0,2054.0,2048.0,66651.0,196608.0,0,0.940625,64.0,1.0,6400000.0,0.9409246575342465
1024.0,1024.0,1.0,7.0,2054.0,2048.0,66651.0,196608.0,0,0.940625,64.0,0.000976562,6400000.0,0.9409246575342465
1024.0,1024.0,1.0,5.0,1571.0,2048.0,51236.0,196608.0,0,0.940625,128.0,8.0,6400000.0,0.9409246575342465
1024.0,1024.0,1.0,9.0,2057.0,2048.0,66705.0,196608.0,0,0.94375,32.0,0.125,6400000.0,0.945622859589041
1024.0,1024.0,1.0,5.0,1544.0,2048.0,50372.0,196608.0,0,0.940625,256.0,0.0625,6400000.0,0.9409246575342465
1024.0,1024.0,1.0,21.0,2069.0,2048.0,66839.0,196608.0,0,0.959375,2.0,0.03125,6400000.0,0.9577421722113503
1024.0,1024.0,1.0,27.0,2075.0,2048.0,66905.0,196608.0,0,0.95,0.0625,0.000976562,6400000.0,0.9565695327788649
1024.0,1024.0,1.0,26.0,2074.0,2048.0,66894.0,196608.0,0,0.95,0.03125,0.125,6400000.0,0.9565695327788649
1024.0,1024.0,1.0,25.0,2073.0,2048.0,66883.0,196608.0,0,0.95,0.5,0.5,6400000.0,0.9577437010763209
1.0,1024.0,2.0,1.0,1.0,1.0,39.0,32.0,0,0.5015625,0.125,8192.0,6400000.0,0.5273919092465753
1024.0,1024.0,1.0,5.0,1509.0,2048.0,49252.0,196608.0,0,0.940625,256.0,64.0,6400000.0,0.9303571428571427
1.0,1024.0,1.0,1.0,1.0,1.0,35.0,32.0,0,0.5015625,0.5,1024.0,6400000.0,0.5273919092465753
1024.0,1024.0,1.0,25.0,2073.0,2048.0,66883.0,196608.0,0,0.95,1.0,0.00390625,6400000.0,0.9581350905088062
1024.0,1024.0,1.0,16.0,2064.0,2048.0,66783.0,196608.0,0,0.9484375,4.0,0.0,6400000.0,0.9538321000489237
1024.0,1024.0,1.0,26.0,2074.0,2048.0,66894.0,196608.0,0,0.95,0.125,0.0078125,6400000.0,0.9565695327788649
1024.0,1024.0,1.0,25.0,2073.0,2048.0,66883.0,196608.0,0,0.95,0.25,0.0625,6400000.0,0.9565687683463796
1.0,1024.0,1.0,1.0,1.0,1.0,35.0,32.0,0,0.5015625,0.000976562,16384.0,6400000.0,0.5273919092465753
512.0,512.0,4.0,32.0,6304.0,6292.0,207140.0,941184.0,0,0.9921875,0.0,0.125,6400000.0,0.9792647688356164
1.0,1024.0,1.0,1.0,1.0,1.0,35.0,32.0,0,0.5015625,64.0,2048.0,6400000.0,0.5273919092465753
1.0,1024.0,1.0,1.0,1.0,1.0,35.0,32.0,0,0.5015625,0.00390625,512.0,6400000.0,0.5273919092465753
1024.0,1024.0,2.0,6.0,3494.0,3494.0,114230.0,427968.0,0,0.940625,0.03125,128.0,6400000.0,0.9409246575342465
512.0,512.0,4.0,11.0,4931.0,4929.0,162267.0,723104.0,0,0.96875,0.03125,32.0,6400000.0,0.965575311888454
1.0,1024.0,1.0,1.0,1.0,1.0,35.0,32.0,0,0.5015625,0.0078125,8192.0,6400000.0,0.5273919092465753
1.0,1024.0,1.0,1.0,1.0,1.0,35.0,32.0,0,0.5015625,128.0,16384.0,6400000.0,0.5273919092465753
1.0,1024.0,2.0,1.0,1.0,1.0,39.0,32.0,0,0.5015625,0.5,512.0,6400000.0,0.5273919092465753
1.0,1024.0,1.0,1.0,1.0,1.0,35.0,32.0,0,0.5015625,1024.0,0.0078125,6400000.0,0.5273919092465753
1.0,1024.0,1.0,1.0,1.0,1.0,35.0,32.0,0,0.5015625,1024.0,8192.0,6400000.0,0.5273919092465753
1.0,1024.0,1.0,1.0,1.0,1.0,35.0,32.0,0,0.5015625,512.0,0.000976562,6400000.0,0.5273919092465753
1.0,1024.0,1.0,1.0,1.0,1.0,35.0,32.0,0,0.5015625,2048.0,0.0625,6400000.0,0.5273919092465753
1.0,1024.0,1.0,1.0,1.0,1.0,35.0,32.0,0,0.5015625,512.0,1024.0,6400000.0,0.5273919092465753
1.0,1024.0,2.0,1.0,1.0,1.0,39.0,32.0,0,0.5015625,0.0078125,4096.0,6400000.0,0.5273919092465753
1.0,1024.0,2.0,1.0,1.0,1.0,39.0,32.0,0,0.5015625,0.015625,32768.0,6400000.0,0.5273919092465753
1.0,1024.0,1.0,1.0,1.0,1.0,35.0,32.0,0,0.5015625,2048.0,64.0,6400000.0,0.5273919092465753
1.0,1024.0,1.0,1.0,1.0,1.0,35.0,32.0,0,0.5015625,1024.0,8.0,6400000.0,0.5273919092465753
1.0,1024.0,1.0,1.0,1.0,1.0,35.0,32.0,0,0.5015625,4096.0,0.0,6400000.0,0.5273919092465753
512.0,512.0,4.0,30.0,6215.0,6200.0,204242.0,926464.0,0,0.990625,1.0,0.25,6400000.0,0.9784827544031313
1.0,1024.0,1.0,1.0,1.0,1.0,35.0,32.0,0,0.5015625,4096.0,512.0,6400000.0,0.5273919092465753
1.0,1024.0,1.0,1.0,1.0,1.0,35.0,32.0,0,0.5015625,4096.0,0.5,6400000.0,0.5273919092465753
1.0,1024.0,1.0,1.0,1.0,1.0,35.0,32.0,0,0.5015625,0.0625,4096.0,6400000.0,0.5273919092465753
1024.0,1024.0,2.0,20.0,4106.0,4086.0,134118.0,522688.0,0,0.978125,0.000976562,4.0,6400000.0,0.9804381727005872
1.0,1024.0,1.0,1.0,1.0,1.0,35.0,32.0,0,0.5015625,0.125,32768.0,6400000.0,0.5273919092465753
1.0,1024.0,1.0,1.0,1.0,1.0,35.0,32.0,0,0.5015625,512.0,1.0,6400000.0,0.5273919092465753
1.0,1024.0,1.0,1.0,1.0,1.0,35.0,32.0,0,0.5015625,8192.0,0.00390625,6400000.0,0.5273919092465753
1024.0,1024.0,2.0,13.0,4081.0,4068.0,133444.0,519808.0,0,0.96875,0.015625,16.0,6400000.0,0.9647932974559688
1.0,1024.0,1.0,1.0,1.0,1.0,35.0,32.0,0,0.5015625,0.0,2048.0,6400000.0,0.5273919092465753
1024.0,1024.0,1.0,5.0,1544.0,2048.0,50372.0,196608.0,0,0.940625,0.03125,256.0,6400000.0,0.9409246575342465
1.0,1024.0,1.0,1.0,1.0,1.0,35.0,32.0,0,0.5015625,1.0,16384.0,6400000.0,0.5273919092465753
1.0,1024.0,1.0,1.0,1.0,1.0,35.0,32.0,0,0.5015625,8192.0,4.0,6400000.0,0.5273919092465753
1.0,1024.0,1.0,1.0,1.0,1.0,35.0,32.0,0,0.5015625,4.0,512.0,6400000.0,0.5273919092465753
1.0,1024.0,1.0,1.0,1.0,1.0,35.0,32.0,0,0.5015625,8192.0,4096.0,6400000.0,0.5273919092465753
1024.0,1024.0,1.0,27.0,2075.0,2048.0,66905.0,196608.0,0,0.95,0.0,0.000976562,6400000.0,0.9561781433463796
1.0,1024.0,1.0,1.0,1.0,1.0,35.0,32.0,0,0.5015625,16384.0,32768.0,6400000.0,0.5273919092465753
1.0,1024.0,1.0,1.0,1.0,1.0,35.0,32.0,0,0.5015625,16384.0,0.03125,6400000.0,0.5273919092465753
1.0,1024.0,1.0,1.0,1.0,1.0,35.0,32.0,0,0.5015625,16384.0,32.0,6400000.0,0.5273919092465753
1024.0,1024.0,1.0,7.0,2054.0,2048.0,66651.0,196608.0,0,0.940625,0.00195312,64.0,6400000.0,0.9409246575342465
1.0,1024.0,1.0,1.0,1.0,1.0,35.0,32.0,0,0.5015625,8.0,8192.0,6400000.0,0.5273919092465753
1.0,1024.0,1.0,1.0,1.0,1.0,35.0,32.0,0,0.5015625,32768.0,256.0,6400000.0,0.5273919092465753
1024.0,1024.0,2.0,31.0,4076.0,4045.0,132886.0,516128.0,0,0.978125,0.0,0.5,6400000.0,0.981612340998043
1.0,1024.0,1.0,1.0,1.0,1.0,35.0,32.0,0,0.5015625,32768.0,0.25,6400000.0,0.5273919092465753
1.0,1024.0,2.0,1.0,1.0,1.0,39.0,32.0,0,0.5015625,1.0,4096.0,6400000.0,0.5273919092465753
512.0,512.0,4.0,8.0,3975.0,4195.0,130973.0,605664.0,0,0.95,4.0,64.0,6400000.0,0.9377981286692758
1024.0,1024.0,2.0,33.0,4081.0,4050.0,133009.0,516928.0,0,0.98125,0.0,0.0,6400000.0,0.9816115765655576
1.0,1024.0,2.0,1.0,1.0,1.0,39.0,32.0,0,0.5015625,0.000976562,16384.0,6400000.0,0.5273919092465753
1024.0,1024.0,1.0,5.0,1549.0,2048.0,50532.0,196608.0,0,0.940625,0.25,128.0,6400000.0,0.9409246575342465
1.0,1024.0,2.0,1.0,1.0,1.0,39.0,32.0,0,0.5015625,0.00390625,512.0,6400000.0,0.5273919092465753
1.0,1024.0,2.0,1.0,1.0,1.0,39.0,32.0,0,0.5015625,0.0,2048.0,6400000.0,0.5273919092465753
1024.0,1024.0,2.0,33.0,4085.0,4052.0,133139.0,517248.0,0,0.9796875,0.000976562,0.00390625,6400000.0,0.9816115765655578
1.0,1024.0,2.0,1.0,1.0,1.0,39.0,32.0,0,0.5015625,0.0625,2048.0,6400000.0,0.5273919092465753
1024.0,1024.0,1.0,27.0,2075.0,2048.0,66905.0,196608.0,0,0.95,0.03125,0.0,6400000.0,0.9561781433463796
1.0,1024.0,2.0,1.0,1.0,1.0,39.0,32.0,0,0.5015625,2.0,32768.0,6400000.0,0.5273919092465753
1024.0,1024.0,2.0,31.0,4073.0,4042.0,132787.0,515648.0,0,0.978125,0.00390625,0.25,6400000.0,0.9823943554305284
1024.0,1024.0,1.0,9.0,2056.0,2048.0,66704.0,196608.0,0,0.9453125,0.015625,32.0,6400000.0,0.945622859589041
1024.0,1024.0,2.0,33.0,4067.0,4034.0,132545.0,514368.0,0,0.9796875,0.00195312,0.03125,6400000.0,0.9808295621330725
1.0,1024.0,2.0,1.0,1.0,1.0,39.0,32.0,0,0.5015625,0.125,16384.0,6400000.0,0.5273919092465753
1024.0,1024.0,2.0,8.0,3862.0,3858.0,126328.0,486208.0,0,0.95,0.25,64.0,6400000.0,0.9377981286692758
1.0,1024.0,1.0,1.0,1.0,1.0,35.0,32.0,0,0.5015625,0.5,2048.0,6400000.0,0.5273919092465753
512.0,512.0,4.0,20.0,5866.0,5861.0,192945.0,872224.0,0,0.9859375,8.0,0.5,6400000.0,0.9784819899706457
1024.0,1024.0,1.0,25.0,2073.0,2048.0,66883.0,196608.0,0,0.95,0.5,0.000976562,6400000.0,0.9561789077788649
1024.0,1024.0,2.0,25.0,4086.0,4061.0,133348.0,518688.0,0,0.978125,0.0078125,2.0,6400000.0,0.9788741438356163
1.0,1024.0,1.0,1.0,1.0,1.0,35.0,32.0,0,0.5015625,0.000976562,32768.0,6400000.0,0.5273919092465753
512.0,512.0,4.0,6.0,2784.0,2789.0,91497.0,380704.0,0,0.940625,0.5,128.0,6400000.0,0.9409246575342465
512.0,512.0,4.0,21.0,5916.0,5909.0,194572.0,879904.0,0,0.9828125,0.00195312,8.0,6400000.0,0.9808303265655578
1024.0,1024.0,2.0,33.0,4090.0,4057.0,133304.0,518048.0,0,0.9796875,0.0078125,0.00195312,6400000.0,0.9804374082681017
1024.0,1024.0,1.0,15.0,2063.0,2048.0,66772.0,196608.0,0,0.95,0.000976562,8.0,6400000.0,0.9503126528864971
1.0,1024.0,2.0,1.0,1.0,1.0,39.0,32.0,0,0.5015625,8.0,2048.0,6400000.0,0.5273919092465753
1.0,1024.0,1.0,1.0,1.0,1.0,35.0,32.0,0,0.5015625,64.0,4096.0,6400000.0,0.5273919092465753
1024.0,1024.0,1.0,7.0,2054.0,2048.0,66651.0,196608.0,0,0.940625,2.0,64.0,6400000.0,0.9409246575342465
1.0,1024.0,1.0,1.0,1.0,1.0,35.0,32.0,0,0.5015625,0.00390625,1024.0,6400000.0,0.5273919092465753
1024.0,1024.0,1.0,5.0,1578.0,2048.0,51460.0,196608.0,0,0.940625,32.0,256.0,6400000.0,0.9409246575342465
1.0,1024.0,1.0,1.0,1.0,1.0,35.0,32.0,0,0.5015625,0.0078125,16384.0,6400000.0,0.5273919092465753
1024.0,1024.0,1.0,9.0,2057.0,2048.0,66705.0,196608.0,0,0.94375,32.0,0.0,6400000.0,0.945622859589041
1.0,1024.0,1.0,1.0,1.0,1.0,35.0,32.0,0,0.5015625,128.0,32768.0,6400000.0,0.5273919092465753
1024.0,1024.0,1.0,10.0,2058.0,2048.0,66717.0,196608.0,0,0.9453125,0.125,16.0,6400000.0,0.9479673740215263
1.0,1024.0,2.0,1.0,1.0,1.0,39.0,32.0,0,0.5015625,0.5,1024.0,6400000.0,0.5273919092465753
1.0,1024.0,1.0,1.0,1.0,1.0,35.0,32.0,0,0.5015625,1024.0,0.015625,6400000.0,0.5273919092465753
1024.0,1024.0,1.0,5.0,1549.0,2048.0,50532.0,196608.0,0,0.940625,128.0,0.015625,6400000.0,0.9409246575342465
1024.0,1024.0,1.0,10.0,2058.0,2048.0,66717.0,196608.0,0,0.9453125,16.0,0.03125,6400000.0,0.9452276479941292
1.0,1024.0,1.0,1.0,1.0,1.0,35.0,32.0,0,0.5015625,2048.0,0.125,6400000.0,0.5273919092465753
1.0,1024.0,1.0,1.0,1.0,1.0,35.0,32.0,0,0.5015625,1024.0,16384.0,6400000.0,0.5273919092465753
1.0,1024.0,2.0,1.0,1.0,1.0,39.0,32.0,0,0.5015625,16.0,16384.0,6400000.0,0.5273919092465753
1.0,1024.0,2.0,1.0,1.0,1.0,39.0,32.0,0,0.5015625,0.0078125,8192.0,6400000.0,0.5273919092465753
1024.0,1024.0,1.0,8.0,2055.0,2048.0,66662.0,196608.0,0,0.9375,16.0,32.0,6400000.0,0.946404109589041
1024.0,1024.0,2.0,19.0,4109.0,4090.0,134239.0,523328.0,0,0.978125,0.125,8.0,6400000.0,0.9804366438356166
1.0,1024.0,1.0,1.0,1.0,1.0,35.0,32.0,0,0.5015625,2048.0,128.0,6400000.0,0.5273919092465753
1.0,1024.0,1.0,1.0,1.0,1.0,35.0,32.0,0,0.5015625,512.0,2048.0,6400000.0,0.5273919092465753
1.0,1024.0,1.0,1.0,1.0,1.0,35.0,32.0,0,0.5015625,1024.0,16.0,6400000.0,0.5273919092465753
1024.0,1024.0,1.0,5.0,1542.0,2048.0,50308.0,196608.0,0,0.940625,128.0,16.0,6400000.0,0.9409246575342465
1024.0,1024.0,1.0,7.0,2054.0,2048.0,66651.0,196608.0,0,0.940625,64.0,0.00195312,6400000.0,0.9409246575342465
1.0,1024.0,1.0,1.0,1.0,1.0,35.0,32.0,0,0.5015625,512.0,0.00195312,6400000.0,0.5273919092465753
1024.0,1024.0,1.0,7.0,2054.0,2048.0,66651.0,196608.0,0,0.940625,64.0,2.0,6400000.0,0.9409246575342465
1024.0,1024.0,1.0,11.0,2059.0,2048.0,66728.0,196608.0,0,0.95,8.0,4.0,6400000.0,0.946401816291585
1.0,1024.0,1.0,1.0,1.0,1.0,35.0,32.0,0,0.5015625,4096.0,0.000976562,6400000.0,0.5273919092465753
1.0,1024.0,1.0,1.0,1.0,1.0,35.0,32.0,0,0.5015625,0.0625,8192.0,6400000.0,0.5273919092465753
1.0,1024.0,1.0,1.0,1.0,1.0,35.0,32.0,0,0.5015625,4096.0,1.0,6400000.0,0.5273919092465753
1024.0,1024.0,1.0,5.0,1544.0,2048.0,50372.0,196608.0,0,0.940625,256.0,0.125,6400000.0,0.9409246575342465
1.0,1024.0,1.0,1.0,1.0,1.0,35.0,32.0,0,0.5015625,4096.0,1024.0,6400000.0,0.5273919092465753
1024.0,1024.0,2.0,33.0,4067.0,4034.0,132545.0,514368.0,0,0.9796875,0.015625,0.015625,6400000.0,0.9808295621330725
1024.0,1024.0,1.0,15.0,2063.0,2048.0,66772.0,196608.0,0,0.95,8.0,0.00390625,6400000.0,0.9503126528864971
1024.0,1024.0,1.0,16.0,2064.0,2048.0,66783.0,196608.0,0,0.9484375,0.0078125,4.0,6400000.0,0.9538321000489237
1024.0,1024.0,2.0,5.0,2349.0,3144.0,77258.0,371968.0,0,0.940625,4.0,256.0,6400000.0,0.9409246575342465
1.0,1024.0,1.0,1.0,1.0,1.0,35.0,32.0,0,0.5015625,8192.0,0.0078125,6400000.0,0.5273919092465753
1024.0,1024.0,1.0,13.0,2061.0,2048.0,66750.0,196608.0,0,0.9546875,1.0,8.0,6400000.0,0.9507048067514677
1024.0,1024.0,1.0,25.0,2073.0,2048.0,66883.0,196608.0,0,0.9515625,0.0,1.0,6400000.0,0.9577437010763209
1.0,1024.0,1.0,1.0,1.0,1.0,35.0,32.0,0,0.5015625,0.0,4096.0,6400000.0,0.5273919092465753
1024.0,1024.0,1.0,5.0,1585.0,2048.0,51684.0,196608.0,0,0.940625,256.0,128.0,6400000.0,0.9033657962328766
1.0,1024.0,1.0,1.0,1.0,1.0,35.0,32.0,0,0.5015625,8192.0,8.0,6400000.0,0.5273919092465753
1.0,1024.0,1.0,1.0,1.0,1.0,35.0,32.0,0,0.5015625,512.0,2.0,6400000.0,0.5273919092465753
1.0,1024.0,1.0,1.0,1.0,1.0,35.0,32.0,0,0.5015625,1.0,32768.0,6400000.0,0.5273919092465753
1024.0,1024.0,2.0,31.0,4084.0,4053.0,133150.0,517408.0,0,0.98125,0.0625,1.0,6400000.0,0.9812217159980431
1024.0,1024.0,1.0,9.0,2057.0,2048.0,66705.0,196608.0,0,0.94375,32.0,0.25,6400000.0,0.945622859589041
1.0,1024.0,1.0,1.0,1.0,1.0,35.0,32.0,0,0.5015625,4.0,1024.0,6400000.0,0.5273919092465753
1.0,1024.0,1.0,1.0,1.0,1.0,35.0,32.0,0,0.5015625,32768.0,0.0,6400000.0,0.5273919092465753
1.0,1024.0,1.0,1.0,1.0,1.0,35.0,32.0,0,0.5015625,16384.0,0.0625,6400000.0,0.5273919092465753
1.0,1024.0,1.0,1.0,1.0,1.0,35.0,32.0,0,0.5015625,8192.0,8192.0,6400000.0,0.5273919092465753
1.0,1024.0,1.0,1.0,1.0,1.0,35.0,32.0,0,0.5015625,16384.0,64.0,6400000.0,0.5273919092465753
1024.0,1024.0,1.0,16.0,2064.0,2048.0,66783.0,196608.0,0,0.9484375,4.0,0.5,6400000.0,0.9538321000489237
1024.0,1024.0,1.0,27.0,2075.0,2048.0,66905.0,196608.0,0,0.95,0.000976562,0.0078125,6400000.0,0.9561781433463796
1024.0,1024.0,2.0,32.0,4087.0,4055.0,133227.0,517728.0,0,0.9796875,0.03125,0.125,6400000.0,0.9804381727005872
1.0,1024.0,1.0,1.0,1.0,1.0,35.0,32.0,0,0.5015625,8.0,16384.0,6400000.0,0.5273919092465753
1024.0,1024.0,1.0,27.0,2075.0,2048.0,66905.0,196608.0,0,0.95,0.00195312,0.0625,6400000.0,0.9565695327788649
1.0,1024.0,1.0,1.0,1.0,1.0,35.0,32.0,0,0.5015625,32768.0,512.0,6400000.0,0.5273919092465753
1024.0,1024.0,2.0,20.0,4106.0,4086.0,134118.0,522688.0,0,0.978125,1.0,4.0,6400000.0,0.9780898361056753
1.0,1024.0,1.0,1.0,1.0,1.0,35.0,32.0,0,0.5015625,0.03125,512.0,6400000.0,0.5273919092465753
1024.0,1024.0,1.0,21.0,2069.0,2048.0,66839.0,196608.0,0,0.959375,0.0625,2.0,6400000.0,0.9577421722113503
1024.0,1024.0,1.0,25.0,2073.0,2048.0,66883.0,196608.0,0,0.95,0.00390625,0.5,6400000.0,0.9561789077788649
1024.0,1024.0,2.0,32.0,4094.0,4062.0,133458.0,518848.0,0,0.9796875,0.0625,0.000976562,6400000.0,0.9804374082681017
1.0,1024.0,1.0,1.0,1.0,1.0,35.0,32.0,0,0.5015625,32768.0,0.5,6400000.0,0.5273919092465753
1.0,1024.0,2.0,1.0,1.0,1.0,39.0,32.0,0,0.5015625,1.0,8192.0,6400000.0,0.5273919092465753
1024.0,1024.0,1.0,27.0,2075.0,2048.0,66905.0,196608.0,0,0.95,0.00390625,0.000976562,6400000.0,0.9561781433463796
1024.0,1024.0,1.0,21.0,2069.0,2048.0,66839.0,196608.0,0,0.959375,2.0,0.0625,6400000.0,0.9577421722113503
1024.0,1024.0,1.0,16.0,2064.0,2048.0,66783.0,196608.0,0,0.9484375,4.0,0.000976562,6400000.0,0.9538321000489237
1024.0,1024.0,1.0,27.0,2075.0,2048.0,66905.0,196608.0,0,0.95,0.0078125,0.00390625,6400000.0,0.9561781433463796
1024.0,1024.0,1.0,27.0,2075.0,2048.0,66905.0,196608.0,0,0.95,0.015625,0.03125,6400000.0,0.9561781433463796
1024.0,1024.0,2.0,9.0,4088.0,4079.0,133760.0,521568.0,0,0.9625,2.0,32.0,6400000.0,0.9620543358610567
1024.0,1024.0,1.0,22.0,2070.0,2048.0,66850.0,196608.0,0,0.959375,0.5,1.0,6400000.0,0.9589171049412915
1.0,1024.0,2.0,1.0,1.0,1.0,39.0,32.0,0,0.5015625,0.000976562,32768.0,6400000.0,0.5273919092465753
1.0,1024.0,2.0,1.0,1.0,1.0,39.0,32.0,0,0.5015625,0.0625,4096.0,6400000.0,0.5273919092465753
1.0,1024.0,2.0,1.0,1.0,1.0,39.0,32.0,0,0.5015625,0.0,4096.0,6400000.0,0.5273919092465753
1.0,1024.0,2.0,1.0,1.0,1.0,39.0,32.0,0,0.5015625,0.00390625,1024.0,6400000.0,0.5273919092465753
1024.0,1024.0,1.0,26.0,2074.0,2048.0,66894.0,196608.0,0,0.95,0.03125,0.25,6400000.0,0.9561781433463796
1024.0,1024.0,1.0,25.0,2073.0,2048.0,66883.0,196608.0,0,0.95,1.0,0.0078125,6400000.0,0.9581350905088062
1024.0,1024.0,2.0,30.0,4094.0,4064.0,133502.0,519168.0,0,0.9796875,0.5,0.5,6400000.0,0.9823958842954991
1024.0,1024.0,2.0,33.0,4075.0,4042.0,132809.0,515648.0,0,0.98125,0.00390625,0.0,6400000.0,0.9812201871330724
1024.0,1024.0,2.0,32.0,4087.0,4055.0,133227.0,517728.0,0,0.9796875,0.125,0.0078125,6400000.0,0.9808295621330725
1024.0,1024.0,2.0,5.0,2349.0,3144.0,77258.0,371968.0,0,0.940625,0.03125,256.0,6400000.0,0.9409246575342465
1024.0,1024.0,2.0,5.0,2362.0,3144.0,77674.0,371968.0,0,0.940625,32.0,128.0,6400000.0,0.9409246575342465
1024.0,1024.0,1.0,27.0,2075.0,2048.0,66905.0,196608.0,0,0.95,0.0625,0.00195312,6400000.0,0.9565695327788649
1024.0,1024.0,2.0,31.0,4076.0,4045.0,132886.0,516128.0,0,0.978125,0.5,0.0,6400000.0,0.9800467832681019
1.0,1024.0,1.0,1.0,1.0,1.0,35.0,32.0,0,0.5015625,0.5,4096.0,6400000.0,0.5273919092465753
1024.0,1024.0,1.0,26.0,2074.0,2048.0,66894.0,196608.0,0,0.95,0.25,0.0,6400000.0,0.9561781433463796
1024.0,1024.0,2.0,32.0,4086.0,4054.0,133194.0,517568.0,0,0.9796875,0.25,0.0625,6400000.0,0.9804374082681019
512.0,512.0,4.0,30.0,6226.0,6215.0,204609.0,928864.0,0,0.990625,0.5,0.0625,6400000.0,0.9792655332681018
1024.0,1024.0,1.0,26.0,2074.0,2048.0,66894.0,196608.0,0,0.95,0.125,0.015625,6400000.0,0.9565695327788649
1024.0,1024.0,1.0,25.0,2073.0,2048.0,66883.0,196608.0,0,0.95,0.25,0.125,6400000.0,0.9565702972113502
1.0,1024.0,2.0,1.0,1.0,1.0,39.0,32.0,0,0.5015625,64.0,1024.0,6400000.0,0.5273919092465753
1.0,1024.0,2.0,1.0,1.0,1.0,39.0,32.0,0,0.5015625,0.125,32768.0,6400000.0,0.5273919092465753
1024.0,1024.0,2.0,30.0,4094.0,4064.0,133502.0,519168.0,0,0.9796875,1.0,0.00390625,6400000.0,0.9812217159980431
1.0,1024.0,2.0,1.0,1.0,1.0,39.0,32.0,0,0.5015625,128.0,8192.0,6400000.0,0.5273919092465753
1024.0,1024.0,1.0,5.0,1549.0,2048.0,50532.0,196608.0,0,0.940625,0.00195312,128.0,6400000.0,0.9409246575342465
1.0,1024.0,2.0,1.0,1.0,1.0,39.0,32.0,0,0.5015625,8.0,4096.0,6400000.0,0.5273919092465753
1.0,1024.0,1.0,1.0,1.0,1.0,35.0,32.0,0,0.5015625,64.0,8192.0,6400000.0,0.5273919092465753
1.0,1024.0,1.0,1.0,1.0,1.0,35.0,32.0,0,0.5015625,0.00390625,2048.0,6400000.0,0.5273919092465753
1.0,1024.0,1.0,1.0,1.0,1.0,35.0,32.0,0,0.5015625,0.0078125,32768.0,6400000.0,0.5273919092465753
1024.0,1024.0,2.0,9.0,4089.0,4080.0,133793.0,521728.0,0,0.9625,16.0,16.0,6400000.0,0.9655768407534246
512.0,512.0,4.0,23.0,6123.0,6114.0,201359.0,912704.0,0,0.984375,2.0,4.0,6400000.0,0.9784812255381604
1.0,1024.0,2.0,1.0,1.0,1.0,39.0,32.0,0,0.5015625,0.5,2048.0,6400000.0,0.5273919092465753
1024.0,1024.0,2.0,19.0,4105.0,4086.0,134107.0,522688.0,0,0.978125,8.0,0.00195312,6400000.0,0.9757460861056751
1024.0,1024.0,2.0,15.0,4098.0,4083.0,133961.0,522208.0,0,0.971875,16.0,0.015625,6400000.0,0.9644026724559687
1.0,1024.0,1.0,1.0,1.0,1.0,35.0,32.0,0,0.5015625,1024.0,0.03125,6400000.0,0.5273919092465753
1024.0,1024.0,2.0,9.0,4094.0,4085.0,133958.0,522528.0,0,0.9625,32.0,0.125,6400000.0,0.9655768407534246
1.0,1024.0,1.0,1.0,1.0,1.0,35.0,32.0,0,0.5015625,2048.0,256.0,6400000.0,0.5273919092465753
1024.0,1024.0,1.0,5.0,1544.0,2048.0,50372.0,196608.0,0,0.940625,0.25,256.0,6400000.0,0.9409246575342465
1.0,1024.0,1.0,1.0,1.0,1.0,35.0,32.0,0,0.5015625,1024.0,32768.0,6400000.0,0.5273919092465753
1.0,1024.0,1.0,1.0,1.0,1.0,35.0,32.0,0,0.5015625,512.0,4096.0,6400000.0,0.5273919092465753
1.0,1024.0,1.0,1.0,1.0,1.0,35.0,32.0,0,0.5015625,2048.0,0.25,6400000.0,0.5273919092465753
1.0,1024.0,2.0,1.0,1.0,1.0,39.0,32.0,0,0.5015625,16.0,32768.0,6400000.0,0.5273919092465753
1.0,1024.0,1.0,1.0,1.0,1.0,35.0,32.0,0,0.5015625,1024.0,32.0,6400000.0,0.5273919092465753
1.0,1024.0,2.0,1.0,1.0,1.0,39.0,32.0,0,0.5015625,0.0078125,16384.0,6400000.0,0.5273919092465753
512.0,512.0,4.0,26.0,6279.0,6267.0,206441.0,937184.0,0,0.990625,0.015625,4.0,6400000.0,0.9776984466731898
1024.0,1024.0,2.0,17.0,4100.0,4083.0,133983.0,522208.0,0,0.9734375,8.0,2.0,6400000.0,0.9702681629158512
1.0,1024.0,1.0,1.0,1.0,1.0,35.0,32.0,0,0.5015625,32.0,512.0,6400000.0,0.5273919092465753
1.0,1024.0,1.0,1.0,1.0,1.0,35.0,32.0,0,0.5015625,4096.0,0.00195312,6400000.0,0.5273919092465753
1.0,1024.0,1.0,1.0,1.0,1.0,35.0,32.0,0,0.5015625,4096.0,2.0,6400000.0,0.5273919092465753
1.0,1024.0,1.0,1.0,1.0,1.0,35.0,32.0,0,0.5015625,0.0625,16384.0,6400000.0,0.5273919092465753
1024.0,1024.0,2.0,20.0,4107.0,4087.0,134151.0,522848.0,0,0.978125,4.0,0.25,6400000.0,0.9796553938356165
1024.0,1024.0,2.0,8.0,3862.0,3858.0,126328.0,486208.0,0,0.95,0.00195312,64.0,6400000.0,0.9377981286692758
1.0,1024.0,1.0,1.0,1.0,1.0,35.0,32.0,0,0.5015625,4096.0,2048.0,6400000.0,0.5273919092465753
1.0,1024.0,1.0,1.0,1.0,1.0,35.0,32.0,0,0.5015625,512.0,0.00390625,6400000.0,0.5273919092465753
1.0,1024.0,2.0,1.0,1.0,1.0,39.0,32.0,0,0.5015625,512.0,0.0,6400000.0,0.5273919092465753
1.0,1024.0,1.0,1.0,1.0,1.0,35.0,32.0,0,0.5015625,8192.0,0.015625,6400000.0,0.5273919092465753
1024.0,1024.0,1.0,5.0,1544.0,2048.0,50372.0,196608.0,0,0.940625,256.0,0.0,6400000.0,0.9409246575342465
1024.0,1024.0,1.0,7.0,2054.0,2048.0,66651.0,196608.0,0,0.940625,0.015625,64.0,6400000.0,0.9409246575342465
1024.0,1024.0,2.0,6.0,3494.0,3494.0,114230.0,427968.0,0,0.940625,128.0,0.0078125,6400000.0,0.9409246575342465
1.0,1024.0,1.0,1.0,1.0,1.0,35.0,32.0,0,0.5015625,0.0,8192.0,6400000.0,0.5273919092465753
1024.0,1024.0,2.0,5.0,2359.0,3145.0,77579.0,372128.0,0,0.940625,128.0,8.0,6400000.0,0.9409246575342465
1.0,1024.0,1.0,1.0,1.0,1.0,35.0,32.0,0,0.5015625,8192.0,16.0,6400000.0,0.5273919092465753
1024.0,1024.0,1.0,27.0,2075.0,2048.0,66905.0,196608.0,0,0.95,0.0,0.00195312,6400000.0,0.9561781433463796
1024.0,1024.0,2.0,25.0,4115.0,4090.0,134305.0,523328.0,0,0.9796875,2.0,0.03125,6400000.0,0.9800483121330725
1.0,1024.0,1.0,1.0,1.0,1.0,35.0,32.0,0,0.5015625,4.0,2048.0,6400000.0,0.5273919092465753
1.0,1024.0,1.0,1.0,1.0,1.0,35.0,32.0,0,0.5015625,512.0,4.0,6400000.0,0.5273919092465753
1024.0,1024.0,1.0,5.0,1534.0,2048.0,50052.0,196608.0,0,0.940625,2.0,128.0,6400000.0,0.9409246575342465
1.0,1024.0,1.0,1.0,1.0,1.0,35.0,32.0,0,0.5015625,16384.0,0.125,6400000.0,0.5273919092465753
1.0,1024.0,1.0,1.0,1.0,1.0,35.0,32.0,0,0.5015625,32768.0,0.000976562,6400000.0,0.5273919092465753
1.0,1024.0,1.0,1.0,1.0,1.0,35.0,32.0,0,0.5015625,8192.0,16384.0,6400000.0,0.5273919092465753
1.0,1024.0,1.0,1.0,1.0,1.0,35.0,32.0,0,0.5015625,16384.0,128.0,6400000.0,0.5273919092465753
1024.0,1024.0,1.0,27.0,2075.0,2048.0,66905.0,196608.0,0,0.95,0.00195312,0.0,6400000.0,0.9561781433463796
1024.0,1024.0,2.0,5.0,2349.0,3144.0,77258.0,371968.0,0,0.940625,256.0,0.0625,6400000.0,0.9409246575342465
1024.0,1024.0,2.0,8.0,4082.0,4074.0,133584.0,520768.0,0,0.959375,64.0,0.000976562,6400000.0,0.9518782106164382
1.0,1024.0,1.0,1.0,1.0,1.0,35.0,32.0,0,0.5015625,8.0,32768.0,6400000.0,0.5273919092465753
1.0,1024.0,1.0,1.0,1.0,1.0,35.0,32.0,0,0.5015625,32768.0,1024.0,6400000.0,0.5273919092465753
1024.0,1024.0,1.0,5.0,1549.0,2048.0,50532.0,196608.0,0,0.940625,128.0,0.03125,6400000.0,0.9409246575342465
1024.0,1024.0,1.0,10.0,2058.0,2048.0,66717.0,196608.0,0,0.9453125,0.000976562,16.0,6400000.0,0.9479673740215263
1.0,1024.0,1.0,1.0,1.0,1.0,35.0,32.0,0,0.5015625,32768.0,1.0,6400000.0,0.5273919092465753
1.0,1024.0,1.0,1.0,1.0,1.0,35.0,32.0,0,0.5015625,0.03125,1024.0,6400000.0,0.5273919092465753
1.0,1024.0,2.0,1.0,1.0,1.0,39.0,32.0,0,0.5015625,1.0,16384.0,6400000.0,0.5273919092465753
512.0,512.0,4.0,30.0,6227.0,6217.0,204643.0,929184.0,0,0.990625,0.000976562,1.0,6400000.0,0.9792647688356165
1.0,1024.0,1.0,1.0,1.0,1.0,35.0,32.0,0,0.5015625,256.0,256.0,6400000.0,0.5273919092465753
1.0,1024.0,2.0,1.0,1.0,1.0,39.0,32.0,0,0.5015625,512.0,0.5,6400000.0,0.5273919092465753
1024.0,1024.0,1.0,5.0,1508.0,2048.0,49220.0,196608.0,0,0.940625,128.0,32.0,6400000.0,0.9409246575342465
1024.0,1024.0,2.0,5.0,2341.0,3144.0,77002.0,371968.0,0,0.940625,256.0,64.0,6400000.0,0.9409246575342465
1.0,1024.0,2.0,1.0,1.0,1.0,39.0,32.0,0,0.5015625,4.0,512.0,6400000.0,0.5273919092465753
1024.0,1024.0,1.0,6.0,2053.0,2048.0,66640.0,196608.0,0,0.940625,16.0,64.0,6400000.0,0.9409246575342465
1.0,1024.0,2.0,1.0,1.0,1.0,39.0,32.0,0,0.5015625,512.0,512.0,6400000.0,0.5273919092465753
1024.0,1024.0,1.0,9.0,2057.0,2048.0,66705.0,196608.0,0,0.94375,32.0,0.000976562,6400000.0,0.945622859589041
512.0,512.0,4.0,20.0,5922.0,5919.0,194795.0,881504.0,0,0.9859375,0.25,8.0,6400000.0,0.9816131054305284
1024.0,1024.0,1.0,7.0,2054.0,2048.0,66651.0,196608.0,0,0.940625,64.0,4.0,6400000.0,0.9409246575342465
1024.0,1024.0,2.0,8.0,4083.0,4075.0,133617.0,520928.0,0,0.959375,64.0,1.0,6400000.0,0.9569662732387474
1024.0,1024.0,1.0,9.0,2056.0,2048.0,66704.0,196608.0,0,0.9453125,0.125,32.0,6400000.0,0.945622859589041
1024.0,1024.0,1.0,5.0,1544.0,2048.0,50372.0,196608.0,0,0.940625,256.0,0.25,6400000.0,0.9409246575342465
1024.0,1024.0,1.0,7.0,2054.0,2048.0,66651.0,196608.0,0,0.940625,64.0,0.00390625,6400000.0,0.9409246575342465
1024.0,1024.0,1.0,27.0,2075.0,2048.0,66905.0,196608.0,0,0.95,0.03125,0.000976562,6400000.0,0.9561781433463796
1.0,1024.0,2.0,1.0,1.0,1.0,39.0,32.0,0,0.5015625,0.0,8192.0,6400000.0,0.5273919092465753
1.0,1024.0,2.0,1.0,1.0,1.0,39.0,32.0,0,0.5015625,0.0625,8192.0,6400000.0,0.5273919092465753
1024.0,1024.0,1.0,10.0,2058.0,2048.0,66717.0,196608.0,0,0.9453125,16.0,0.0625,6400000.0,0.9452276479941292
1.0,1024.0,2.0,1.0,1.0,1.0,39.0,32.0,0,0.5015625,1024.0,0.00390625,6400000.0,0.5273919092465753
1.0,1024.0,2.0,1.0,1.0,1.0,39.0,32.0,0,0.5015625,0.00390625,2048.0,6400000.0,0.5273919092465753
512.0,512.0,4.0,32.0,6379.0,6367.0,209615.0,953184.0,0,0.990625,0.0625,0.125,6400000.0,0.9796553938356165
1024.0,1024.0,1.0,25.0,2073.0,2048.0,66883.0,196608.0,0,0.95,0.5,0.00195312,6400000.0,0.9561789077788649
1.0,1024.0,2.0,1.0,1.0,1.0,39.0,32.0,0,0.5015625,1024.0,4.0,6400000.0,0.5273919092465753
1024.0,1024.0,1.0,10.0,2058.0,2048.0,66717.0,196608.0,0,0.9453125,8.0,8.0,6400000.0,0.9452276479941292
1.0,1024.0,1.0,1.0,1.0,1.0,35.0,32.0,0,0.5015625,0.5,8192.0,6400000.0,0.5273919092465753
1.0,1024.0,2.0,1.0,1.0,1.0,39.0,32.0,0,0.5015625,1024.0,4096.0,6400000.0,0.5273919092465753
1.0,1024.0,2.0,1.0,1.0,1.0,39.0,32.0,0,0.5015625,64.0,2048.0,6400000.0,0.5273919092465753
1024.0,1024.0,1.0,21.0,2069.0,2048.0,66839.0,196608.0,0,0.959375,2.0,0.0,6400000.0,0.9581335616438356
1024.0,1024.0,2.0,9.0,4089.0,4080.0,133793.0,521728.0,0,0.9625,0.015625,32.0,6400000.0,0.9620543358610567
512.0,512.0,4.0,8.0,4649.0,4658.0,153020.0,679744.0,0,0.959375,64.0,0.25,6400000.0,0.9569662732387474
1.0,1024.0,2.0,1.0,1.0,1.0,39.0,32.0,0,0.5015625,2048.0,0.03125,6400000.0,0.5273919092465753
1024.0,1024.0,1.0,15.0,2063.0,2048.0,66772.0,196608.0,0,0.95,8.0,0.0078125,6400000.0,0.9503126528864971
1024.0,1024.0,1.0,10.0,2058.0,2048.0,66717.0,196608.0,0,0.9453125,1.0,16.0,6400000.0,0.9479673740215263
1.0,1024.0,2.0,1.0,1.0,1.0,39.0,32.0,0,0.5015625,2048.0,32.0,6400000.0,0.5273919092465753
1024.0,1024.0,1.0,15.0,2063.0,2048.0,66772.0,196608.0,0,0.95,0.0078125,8.0,6400000.0,0.9503126528864971
1.0,1024.0,2.0,1.0,1.0,1.0,39.0,32.0,0,0.5015625,128.0,16384.0,6400000.0,0.5273919092465753
1.0,1024.0,2.0,1.0,1.0,1.0,39.0,32.0,0,0.5015625,8.0,8192.0,6400000.0,0.5273919092465753
1.0,1024.0,1.0,1.0,1.0,1.0,35.0,32.0,0,0.5015625,64.0,16384.0,6400000.0,0.5273919092465753
1024.0,1024.0,2.0,6.0,3494.0,3494.0,114230.0,427968.0,0,0.940625,0.25,128.0,6400000.0,0.9409246575342465
1.0,1024.0,1.0,1.0,1.0,1.0,35.0,32.0,0,0.5015625,0.00390625,4096.0,6400000.0,0.5273919092465753
1.0,1024.0,2.0,1.0,1.0,1.0,39.0,32.0,0,0.5015625,2048.0,32768.0,6400000.0,0.5273919092465753
1024.0,1024.0,1.0,9.0,2057.0,2048.0,66705.0,196608.0,0,0.94375,32.0,0.5,6400000.0,0.945622859589041
1.0,1024.0,2.0,1.0,1.0,1.0,39.0,32.0,0,0.5015625,4096.0,0.25,6400000.0,0.5273919092465753
1024.0,1024.0,2.0,33.0,4067.0,4034.0,132545.0,514368.0,0,0.9796875,0.03125,0.0,6400000.0,0.9808295621330725
1.0,1024.0,2.0,1.0,1.0,1.0,39.0,32.0,0,0.5015625,8192.0,0.00195312,6400000.0,0.5273919092465753
1.0,1024.0,2.0,1.0,1.0,1.0,39.0,32.0,0,0.5015625,4096.0,256.0,6400000.0,0.5273919092465753
1.0,1024.0,2.0,1.0,1.0,1.0,39.0,32.0,0,0.5015625,0.5,4096.0,6400000.0,0.5273919092465753
512.0,512.0,4.0,30.0,6157.0,6140.0,202326.0,916864.0,0,0.990625,0.125,1.0,6400000.0,0.9792655332681017
1.0,1024.0,2.0,1.0,1.0,1.0,39.0,32.0,0,0.5015625,0.03125,512.0,6400000.0,0.5273919092465753
1024.0,1024.0,1.0,16.0,2064.0,2048.0,66783.0,196608.0,0,0.9484375,4.0,1.0,6400000.0,0.954223489481409
1.0,1024.0,1.0,1.0,1.0,1.0,35.0,32.0,0,0.5015625,512.0,8192.0,6400000.0,0.5273919092465753
1.0,1024.0,1.0,1.0,1.0,1.0,35.0,32.0,0,0.5015625,2048.0,0.0,6400000.0,0.5273919092465753
1.0,1024.0,1.0,1.0,1.0,1.0,35.0,32.0,0,0.5015625,1024.0,0.0625,6400000.0,0.5273919092465753
1024.0,1024.0,1.0,21.0,2069.0,2048.0,66839.0,196608.0,0,0.959375,0.0,2.0,6400000.0,0.9581335616438356
1.0,1024.0,1.0,1.0,1.0,1.0,35.0,32.0,0,0.5015625,2048.0,512.0,6400000.0,0.5273919092465753
1.0,1024.0,2.0,1.0,1.0,1.0,39.0,32.0,0,0.5015625,8192.0,2048.0,6400000.0,0.5273919092465753
1.0,1024.0,1.0,1.0,1.0,1.0,35.0,32.0,0,0.5015625,1024.0,64.0,6400000.0,0.5273919092465753
1.0,1024.0,2.0,1.0,1.0,1.0,39.0,32.0,0,0.5015625,0.0078125,32768.0,6400000.0,0.5273919092465753
1.0,1024.0,1.0,1.0,1.0,1.0,35.0,32.0,0,0.5015625,2048.0,0.5,6400000.0,0.5273919092465753
1024.0,1024.0,2.0,20.0,4107.0,4087.0,134151.0,522848.0,0,0.978125,4.0,0.0,6400000.0,0.9800467832681017
1.0,1024.0,2.0,1.0,1.0,1.0,39.0,32.0,0,0.5015625,8192.0,2.0,6400000.0,0.5273919092465753
1.0,1024.0,1.0,1.0,1.0,1.0,35.0,32.0,0,0.5015625,32.0,1024.0,6400000.0,0.5273919092465753
512.0,512.0,4.0,32.0,6292.0,6279.0,206743.0,939104.0,0,0.990625,0.0078125,0.5,6400000.0,0.9808303265655578
1.0,1024.0,1.0,1.0,1.0,1.0,35.0,32.0,0,0.5015625,0.0625,32768.0,6400000.0,0.5273919092465753
1.0,1024.0,1.0,1.0,1.0,1.0,35.0,32.0,0,0.5015625,4096.0,0.00390625,6400000.0,0.5273919092465753
1.0,1024.0,1.0,1.0,1.0,1.0,35.0,32.0,0,0.5015625,4096.0,4.0,6400000.0,0.5273919092465753
1.0,1024.0,2.0,1.0,1.0,1.0,39.0,32.0,0,0.5015625,16384.0,0.015625,6400000.0,0.5273919092465753
1.0,1024.0,1.0,1.0,1.0,1.0,35.0,32.0,0,0.5015625,4096.0,4096.0,6400000.0,0.5273919092465753
1.0,1024.0,2.0,1.0,1.0,1.0,39.0,32.0,0,0.5015625,16384.0,16384.0,6400000.0,0.5273919092465753
1.0,1024.0,1.0,1.0,1.0,1.0,35.0,32.0,0,0.5015625,8192.0,0.03125,6400000.0,0.5273919092465753
1.0,1024.0,2.0,1.0,1.0,1.0,39.0,32.0,0,0.5015625,16384.0,16.0,6400000.0,0.5273919092465753
1.0,1024.0,1.0,1.0,1.0,1.0,35.0,32.0,0,0.5015625,512.0,0.0078125,6400000.0,0.5273919092465753
1024.0,1024.0,1.0,16.0,2064.0,2048.0,66783.0,196608.0,0,0.9484375,0.0625,4.0,6400000.0,0.9538321000489237
1.0,1024.0,1.0,1.0,1.0,1.0,35.0,32.0,0,0.5015625,8192.0,32.0,6400000.0,0.5273919092465753
1.0,1024.0,1.0,1.0,1.0,1.0,35.0,32.0,0,0.5015625,0.25,512.0,6400000.0,0.5273919092465753
1024.0,1024.0,1.0,16.0,2064.0,2048.0,66783.0,196608.0,0,0.9484375,4.0,0.00195312,6400000.0,0.9538321000489237
1024.0,1024.0,1.0,5.0,1544.0,2048.0,50372.0,196608.0,0,0.940625,0.00195312,256.0,6400000.0,0.9409246575342465
1.0,1024.0,2.0,1.0,1.0,1.0,39.0,32.0,0,0.5015625,512.0,0.000976562,6400000.0,0.5273919092465753
1.0,1024.0,1.0,1.0,1.0,1.0,35.0,32.0,0,0.5015625,0.0,16384.0,6400000.0,0.5273919092465753
1024.0,1024.0,1.0,27.0,2075.0,2048.0,66905.0,196608.0,0,0.95,0.000976562,0.015625,6400000.0,0.9561781433463796
1.0,1024.0,2.0,1.0,1.0,1.0,39.0,32.0,0,0.5015625,32768.0,128.0,6400000.0,0.5273919092465753
1.0,1024.0,2.0,1.0,1.0,1.0,39.0,32.0,0,0.5015625,32768.0,0.125,6400000.0,0.5273919092465753
1024.0,1024.0,1.0,25.0,2073.0,2048.0,66883.0,196608.0,0,0.9515625,0.00390625,1.0,6400000.0,0.9581350905088062
1.0,1024.0,1.0,1.0,1.0,1.0,35.0,32.0,0,0.5015625,4.0,4096.0,6400000.0,0.5273919092465753
1.0,1024.0,1.0,1.0,1.0,1.0,35.0,32.0,0,0.5015625,16384.0,0.25,6400000.0,0.5273919092465753
1024.0,1024.0,1.0,21.0,2069.0,2048.0,66839.0,196608.0,0,0.959375,2.0,0.125,6400000.0,0.9581335616438356
1024.0,1024.0,1.0,26.0,2074.0,2048.0,66894.0,196608.0,0,0.95,0.00195312,0.125,6400000.0,0.9565695327788649
1.0,1024.0,1.0,1.0,1.0,1.0,35.0,32.0,0,0.5015625,32768.0,0.00195312,6400000.0,0.5273919092465753
1.0,1024.0,1.0,1.0,1.0,1.0,35.0,32.0,0,0.5015625,8192.0,32768.0,6400000.0,0.5273919092465753
1024.0,1024.0,2.0,19.0,4107.0,4088.0,134173.0,523008.0,0,0.978125,0.000976562,8.0,6400000.0,0.9773062928082192
1.0,1024.0,1.0,1.0,1.0,1.0,35.0,32.0,0,0.5015625,16384.0,256.0,6400000.0,0.5273919092465753
1024.0,1024.0,1.0,21.0,2069.0,2048.0,66839.0,196608.0,0,0.959375,0.5,2.0,6400000.0,0.9553961289138944
1.0,1024.0,1.0,1.0,1.0,1.0,35.0,32.0,0,0.5015625,512.0,8.0,6400000.0,0.5273919092465753
1024.0,1024.0,1.0,27.0,2075.0,2048.0,66905.0,196608.0,0,0.95,0.00390625,0.00195312,6400000.0,0.9561781433463796
1024.0,1024.0,2.0,5.0,2340.0,3145.0,76971.0,372128.0,0,0.940625,32.0,256.0,6400000.0,0.9409246575342465
1.0,1024.0,4.0,1.0,1.0,1.0,63.0,32.0,0,0.5015625,0.0,1024.0,6400000.0,0.5273919092465753
1.0,1024.0,1.0,1.0,1.0,1.0,35.0,32.0,0,0.5015625,32768.0,2048.0,6400000.0,0.5273919092465753
1024.0,1024.0,1.0,27.0,2075.0,2048.0,66905.0,196608.0,0,0.95,0.015625,0.0,6400000.0,0.9561781433463796
1024.0,1024.0,1.0,27.0,2075.0,2048.0,66905.0,196608.0,0,0.95,0.015625,0.0625,6400000.0,0.9565695327788649
1.0,1024.0,1.0,1.0,1.0,1.0,35.0,32.0,0,0.5015625,32768.0,2.0,6400000.0,0.5273919092465753
1.0,1024.0,2.0,1.0,1.0,1.0,39.0,32.0,0,0.5015625,1.0,32768.0,6400000.0,0.5273919092465753
1.0,1024.0,1.0,1.0,1.0,1.0,35.0,32.0,0,0.5015625,0.03125,2048.0,6400000.0,0.5273919092465753
1024.0,1024.0,1.0,27.0,2075.0,2048.0,66905.0,196608.0,0,0.95,0.0078125,0.0078125,6400000.0,0.9561781433463796
1024.0,1024.0,1.0,25.0,2073.0,2048.0,66883.0,196608.0,0,0.95,1.0,0.015625,6400000.0,0.9581350905088062
1.0,1024.0,4.0,1.0,1.0,1.0,63.0,32.0,0,0.5015625,0.000976562,8192.0,6400000.0,0.5273919092465753
1024.0,1024.0,1.0,25.0,2073.0,2048.0,66883.0,196608.0,0,0.95,0.03125,0.5,6400000.0,0.9569609222113502
1.0,1024.0,1.0,1.0,1.0,1.0,35.0,32.0,0,0.5015625,256.0,512.0,6400000.0,0.5273919092465753
1.0,1024.0,2.0,1.0,1.0,1.0,39.0,32.0,0,0.5015625,512.0,1024.0,6400000.0,0.5273919092465753
1.0,1024.0,2.0,1.0,1.0,1.0,39.0,32.0,0,0.5015625,4.0,1024.0,6400000.0,0.5273919092465753
1024.0,1024.0,1.0,27.0,2075.0,2048.0,66905.0,196608.0,0,0.95,0.0625,0.00390625,6400000.0,0.9565695327788649
1024.0,1024.0,1.0,25.0,2073.0,2048.0,66883.0,196608.0,0,0.95,0.25,0.25,6400000.0,0.9561789077788649
1.0,1024.0,2.0,1.0,1.0,1.0,39.0,32.0,0,0.5015625,512.0,1.0,6400000.0,0.5273919092465753
1024.0,1024.0,1.0,5.0,1544.0,2048.0,50372.0,196608.0,0,0.940625,256.0,0.000976562,6400000.0,0.9409246575342465
1024.0,1024.0,1.0,26.0,2074.0,2048.0,66894.0,196608.0,0,0.95,0.25,0.000976562,6400000.0,0.9561781433463796
1.0,1024.0,2.0,1.0,1.0,1.0,39.0,32.0,0,0.5015625,0.0,16384.0,6400000.0,0.5273919092465753
1.0,1024.0,2.0,1.0,1.0,1.0,39.0,32.0,0,0.5015625,1024.0,0.0078125,6400000.0,0.5273919092465753
1.0,1024.0,2.0,1.0,1.0,1.0,39.0,32.0,0,0.5015625,0.00390625,4096.0,6400000.0,0.5273919092465753
1024.0,1024.0,1.0,26.0,2074.0,2048.0,66894.0,196608.0,0,0.95,0.125,0.03125,6400000.0,0.9565695327788649
1024.0,1024.0,1.0,5.0,1549.0,2048.0,50532.0,196608.0,0,0.940625,0.015625,128.0,6400000.0,0.9409246575342465
1.0,1024.0,2.0,1.0,1.0,1.0,39.0,32.0,0,0.5015625,0.0625,16384.0,6400000.0,0.5273919092465753
1.0,1024.0,2.0,1.0,1.0,1.0,39.0,32.0,0,0.5015625,1024.0,8.0,6400000.0,0.5273919092465753
1.0,1024.0,1.0,1.0,1.0,1.0,35.0,32.0,0,0.5015625,0.5,16384.0,6400000.0,0.5273919092465753
1024.0,1024.0,1.0,5.0,1578.0,2048.0,51460.0,196608.0,0,0.940625,2.0,256.0,6400000.0,0.9409246575342465
1.0,1024.0,2.0,1.0,1.0,1.0,39.0,32.0,0,0.5015625,1024.0,8192.0,6400000.0,0.5273919092465753
1.0,1024.0,2.0,1.0,1.0,1.0,39.0,32.0,0,0.5015625,64.0,4096.0,6400000.0,0.5273919092465753
1024.0,1024.0,1.0,10.0,2058.0,2048.0,66717.0,196608.0,0,0.9453125,16.0,0.0,6400000.0,0.9452276479941292
1.0,1024.0,2.0,1.0,1.0,1.0,39.0,32.0,0,0.5015625,2048.0,0.0625,6400000.0,0.5273919092465753
1.0,1024.0,2.0,1.0,1.0,1.0,39.0,32.0,0,0.5015625,128.0,32768.0,6400000.0,0.5273919092465753
1.0,1024.0,2.0,1.0,1.0,1.0,39.0,32.0,0,0.5015625,8.0,16384.0,6400000.0,0.5273919092465753
1.0,1024.0,2.0,1.0,1.0,1.0,39.0,32.0,0,0.5015625,2048.0,64.0,6400000.0,0.5273919092465753
1.0,1024.0,1.0,1.0,1.0,1.0,35.0,32.0,0,0.5015625,64.0,32768.0,6400000.0,0.5273919092465753
512.0,512.0,4.0,29.0,6225.0,6210.0,204593.0,928064.0,0,0.9890625,1.0,0.5,6400000.0,0.9776999755381605
1024.0,1024.0,1.0,5.0,1549.0,2048.0,50532.0,196608.0,0,0.940625,128.0,0.0625,6400000.0,0.9409246575342465
1024.0,1024.0,2.0,9.0,4094.0,4085.0,133958.0,522528.0,0,0.9625,32.0,0.0,6400000.0,0.9655768407534246
1024.0,1024.0,2.0,13.0,4098.0,4085.0,134005.0,522528.0,0,0.9703125,0.125,16.0,6400000.0,0.9651846868884538
1.0,1024.0,1.0,1.0,1.0,1.0,35.0,32.0,0,0.5015625,0.00390625,8192.0,6400000.0,0.5273919092465753
1024.0,1024.0,1.0,5.0,1513.0,2048.0,49380.0,196608.0,0,0.940625,128.0,64.0,6400000.0,0.9409246575342465
1.0,1024.0,2.0,1.0,1.0,1.0,39.0,32.0,0,0.5015625,4096.0,0.0,6400000.0,0.5273919092465753
1024.0,1024.0,2.0,6.0,3494.0,3494.0,114230.0,427968.0,0,0.940625,128.0,0.015625,6400000.0,0.9409246575342465
1024.0,1024.0,2.0,5.0,2359.0,3145.0,77579.0,372128.0,0,0.940625,128.0,16.0,6400000.0,0.9409246575342465
1024.0,1024.0,1.0,5.0,1542.0,2048.0,50308.0,196608.0,0,0.940625,16.0,128.0,6400000.0,0.9409246575342465
1.0,1024.0,2.0,1.0,1.0,1.0,39.0,32.0,0,0.5015625,4096.0,0.5,6400000.0,0.5273919092465753
1024.0,1024.0,1.0,5.0,1544.0,2048.0,50372.0,196608.0,0,0.940625,256.0,0.5,6400000.0,0.9409246575342465
1024.0,1024.0,1.0,6.0,2053.0,2048.0,66640.0,196608.0,0,0.940625,64.0,8.0,6400000.0,0.9409246575342465
1.0,1024.0,2.0,1.0,1.0,1.0,39.0,32.0,0,0.5015625,0.5,8192.0,6400000.0,0.5273919092465753
1.0,1024.0,2.0,1.0,1.0,1.0,39.0,32.0,0,0.5015625,4096.0,512.0,6400000.0,0.5273919092465753
1024.0,1024.0,1.0,7.0,2054.0,2048.0,66651.0,196608.0,0,0.940625,64.0,0.0078125,6400000.0,0.9409246575342465
1.0,1024.0,2.0,1.0,1.0,1.0,39.0,32.0,0,0.5015625,8192.0,0.00390625,6400000.0,0.5273919092465753
1024.0,1024.0,1.0,9.0,2056.0,2048.0,66704.0,196608.0,0,0.9453125,0.000976562,32.0,6400000.0,0.945622859589041
1024.0,1024.0,2.0,8.0,3923.0,3916.0,128338.0,495488.0,0,0.95,2.0,64.0,6400000.0,0.9377981286692758
1.0,1024.0,1.0,1.0,1.0,1.0,35.0,32.0,0,0.5015625,2048.0,0.000976562,6400000.0,0.5273919092465753
1.0,1024.0,1.0,1.0,1.0,1.0,35.0,32.0,0,0.5015625,1024.0,0.125,6400000.0,0.5273919092465753
1.0,1024.0,1.0,1.0,1.0,1.0,35.0,32.0,0,0.5015625,1024.0,128.0,6400000.0,0.5273919092465753
1.0,1024.0,2.0,1.0,1.0,1.0,39.0,32.0,0,0.5015625,0.03125,1024.0,6400000.0,0.5273919092465753
1.0,1024.0,1.0,1.0,1.0,1.0,35.0,32.0,0,0.5015625,512.0,16384.0,6400000.0,0.5273919092465753
1.0,1024.0,1.0,1.0,1.0,1.0,35.0,32.0,0,0.5015625,2048.0,1024.0,6400000.0,0.5273919092465753
1024.0,1024.0,1.0,7.0,2054.0,2048.0,66651.0,196608.0,0,0.940625,0.125,64.0,6400000.0,0.9409246575342465
1.0,1024.0,2.0,1.0,1.0,1.0,39.0,32.0,0,0.5015625,8192.0,4096.0,6400000.0,0.5273919092465753
1.0,1024.0,1.0,1.0,1.0,1.0,35.0,32.0,0,0.5015625,2048.0,1.0,6400000.0,0.5273919092465753
1.0,1024.0,2.0,1.0,1.0,1.0,39.0,32.0,0,0.5015625,8192.0,4.0,6400000.0,0.5273919092465753
1024.0,1024.0,1.0,9.0,2057.0,2048.0,66705.0,196608.0,0,0.94375,32.0,0.00195312,6400000.0,0.945622859589041
1024.0,1024.0,2.0,5.0,2349.0,3144.0,77258.0,371968.0,0,0.940625,256.0,0.125,6400000.0,0.9409246575342465
1.0,1024.0,1.0,1.0,1.0,1.0,35.0,32.0,0,0.5015625,4096.0,0.0078125,6400000.0,0.5273919092465753
1.0,1024.0,1.0,1.0,1.0,1.0,35.0,32.0,0,0.5015625,32.0,2048.0,6400000.0,0.5273919092465753
1.0,1024.0,1.0,1.0,1.0,1.0,35.0,32.0,0,0.5015625,4096.0,8.0,6400000.0,0.5273919092465753
1.0,1024.0,2.0,1.0,1.0,1.0,39.0,32.0,0,0.5015625,16384.0,0.03125,6400000.0,0.5273919092465753
1.0,1024.0,1.0,1.0,1.0,1.0,35.0,32.0,0,0.5015625,4096.0,8192.0,6400000.0,0.5273919092465753
1024.0,1024.0,1.0,10.0,2058.0,2048.0,66717.0,196608.0,0,0.9453125,16.0,0.125,6400000.0,0.9452276479941292
1024.0,1024.0,1.0,27.0,2075.0,2048.0,66905.0,196608.0,0,0.95,0.0,0.00390625,6400000.0,0.9561781433463796
1024.0,1024.0,2.0,20.0,4106.0,4086.0,134118.0,522688.0,0,0.978125,0.0078125,4.0,6400000.0,0.9804381727005872
1.0,1024.0,1.0,1.0,1.0,1.0,35.0,32.0,0,0.5015625,8192.0,0.0625,6400000.0,0.5273919092465753
1.0,1024.0,2.0,1.0,1.0,1.0,39.0,32.0,0,0.5015625,16384.0,32.0,6400000.0,0.5273919092465753
1.0,1024.0,2.0,1.0,1.0,1.0,39.0,32.0,0,0.5015625,16384.0,32768.0,6400000.0,0.5273919092465753
1024.0,1024.0,2.0,6.0,3494.0,3494.0,114230.0,427968.0,0,0.940625,0.00195312,128.0,6400000.0,0.9409246575342465
1.0,1024.0,1.0,1.0,1.0,1.0,35.0,32.0,0,0.5015625,0.25,1024.0,6400000.0,0.5273919092465753
1.0,1024.0,1.0,1.0,1.0,1.0,35.0,32.0,0,0.5015625,512.0,0.015625,6400000.0,0.5273919092465753
1.0,1024.0,1.0,1.0,1.0,1.0,35.0,32.0,0,0.5015625,8192.0,64.0,6400000.0,0.5273919092465753
1024.0,1024.0,1.0,10.0,2058.0,2048.0,66717.0,196608.0,0,0.9453125,8.0,16.0,6400000.0,0.9499243211839529
1024.0,1024.0,1.0,27.0,2075.0,2048.0,66905.0,196608.0,0,0.95,0.00195312,0.000976562,6400000.0,0.9561781433463796
1.0,1024.0,2.0,1.0,1.0,1.0,39.0,32.0,0,0.5015625,32768.0,256.0,6400000.0,0.5273919092465753
1.0,1024.0,2.0,1.0,1.0,1.0,39.0,32.0,0,0.5015625,32768.0,0.25,6400000.0,0.5273919092465753
1.0,1024.0,1.0,1.0,1.0,1.0,35.0,32.0,0,0.5015625,0.0,32768.0,6400000.0,0.5273919092465753
1.0,1024.0,1.0,1.0,1.0,1.0,35.0,32.0,0,0.5015625,4.0,8192.0,6400000.0,0.5273919092465753
1024.0,1024.0,2.0,31.0,4081.0,4050.0,133051.0,516928.0,0,0.98125,0.0,1.0,6400000.0,0.9823958842954991
1.0,1024.0,1.0,1.0,1.0,1.0,35.0,32.0,0,0.5015625,16384.0,0.5,6400000.0,0.5273919092465753
1.0,1024.0,1.0,1.0,1.0,1.0,35.0,32.0,0,0.5015625,16384.0,0.0,6400000.0,0.5273919092465753
1.0,1024.0,2.0,1.0,1.0,1.0,39.0,32.0,0,0.5015625,512.0,0.00195312,6400000.0,0.5273919092465753
1.0,1024.0,1.0,1.0,1.0,1.0,35.0,32.0,0,0.5015625,32768.0,0.00390625,6400000.0,0.5273919092465753
1024.0,1024.0,1.0,9.0,2056.0,2048.0,66704.0,196608.0,0,0.9453125,1.0,32.0,6400000.0,0.945622859589041
1.0,1024.0,1.0,1.0,1.0,1.0,35.0,32.0,0,0.5015625,16384.0,512.0,6400000.0,0.5273919092465753
1024.0,1024.0,1.0,15.0,2063.0,2048.0,66772.0,196608.0,0,0.95,8.0,0.015625,6400000.0,0.9503126528864971
1024.0,1024.0,2.0,5.0,2314.0,3148.0,76142.0,372608.0,0,0.940625,256.0,128.0,6400000.0,0.9033657962328766
1.0,1024.0,1.0,1.0,1.0,1.0,35.0,32.0,0,0.5015625,512.0,16.0,6400000.0,0.5273919092465753
1024.0,1024.0,2.0,33.0,4075.0,4042.0,132809.0,515648.0,0,0.98125,0.00195312,0.0,6400000.0,0.9812209515655577
1024.0,1024.0,1.0,10.0,2058.0,2048.0,66717.0,196608.0,0,0.9453125,0.0078125,16.0,6400000.0,0.9479673740215263
1.0,1024.0,4.0,1.0,1.0,1.0,63.0,32.0,0,0.5015625,0.0,2048.0,6400000.0,0.5273919092465753
1.0,1024.0,1.0,1.0,1.0,1.0,35.0,32.0,0,0.5015625,0.00195312,512.0,6400000.0,0.5273919092465753
1.0,1024.0,1.0,1.0,1.0,1.0,35.0,32.0,0,0.5015625,32768.0,4096.0,6400000.0,0.5273919092465753
1024.0,1024.0,2.0,9.0,4094.0,4085.0,133958.0,522528.0,0,0.9625,32.0,0.25,6400000.0,0.9655768407534246
1.0,1024.0,4.0,1.0,1.0,1.0,63.0,32.0,0,0.5015625,0.000976562,16384.0,6400000.0,0.5273919092465753
1.0,1024.0,1.0,1.0,1.0,1.0,35.0,32.0,0,0.5015625,0.03125,4096.0,6400000.0,0.5273919092465753
1024.0,1024.0,1.0,27.0,2075.0,2048.0,66905.0,196608.0,0,0.95,0.03125,0.00195312,6400000.0,0.9561781433463796
1.0,1024.0,1.0,1.0,1.0,1.0,35.0,32.0,0,0.5015625,32768.0,4.0,6400000.0,0.5273919092465753
1024.0,1024.0,1.0,21.0,2069.0,2048.0,66839.0,196608.0,0,0.959375,2.0,0.000976562,6400000.0,0.9581335616438356
1024.0,1024.0,1.0,9.0,2057.0,2048.0,66705.0,196608.0,0,0.94375,32.0,1.0,6400000.0,0.945622859589041
1024.0,1024.0,2.0,31.0,4073.0,4042.0,132787.0,515648.0,0,0.978125,0.25,0.0,6400000.0,0.9812201871330725
1.0,1024.0,1.0,1.0,1.0,1.0,35.0,32.0,0,0.5015625,256.0,1024.0,6400000.0,0.5273919092465753
1024.0,1024.0,1.0,25.0,2073.0,2048.0,66883.0,196608.0,0,0.95,0.5,0.00390625,6400000.0,0.9561789077788649
1024.0,1024.0,2.0,19.0,4102.0,4083.0,134008.0,522208.0,0,0.9765625,1.0,8.0,6400000.0,0.9687041340508806
1.0,1024.0,2.0,1.0,1.0,1.0,39.0,32.0,0,0.5015625,512.0,2048.0,6400000.0,0.5273919092465753
1024.0,1024.0,2.0,9.0,4089.0,4080.0,133793.0,521728.0,0,0.9625,16.0,32.0,6400000.0,0.9593146098336593
1.0,1024.0,2.0,1.0,1.0,1.0,39.0,32.0,0,0.5015625,4.0,2048.0,6400000.0,0.5273919092465753
1024.0,1024.0,2.0,5.0,2349.0,3144.0,77258.0,371968.0,0,0.940625,0.25,256.0,6400000.0,0.9409246575342465
1024.0,1024.0,2.0,31.0,4076.0,4045.0,132886.0,516128.0,0,0.978125,0.00390625,0.5,6400000.0,0.9808303265655578
1.0,1024.0,2.0,1.0,1.0,1.0,39.0,32.0,0,0.5015625,0.0,32768.0,6400000.0,0.5273919092465753
1024.0,1024.0,2.0,15.0,4098.0,4083.0,133961.0,522208.0,0,0.971875,16.0,0.03125,6400000.0,0.9644026724559687
1.0,1024.0,2.0,1.0,1.0,1.0,39.0,32.0,0,0.5015625,0.00390625,8192.0,6400000.0,0.5273919092465753
1.0,1024.0,2.0,1.0,1.0,1.0,39.0,32.0,0,0.5015625,1024.0,0.015625,6400000.0,0.5273919092465753
1024.0,1024.0,1.0,26.0,2074.0,2048.0,66894.0,196608.0,0,0.95,0.125,0.0,6400000.0,0.9565695327788649
1.0,1024.0,2.0,1.0,1.0,1.0,39.0,32.0,0,0.5015625,0.0625,32768.0,6400000.0,0.5273919092465753
1024.0,1024.0,2.0,33.0,4078.0,4045.0,132908.0,516128.0,0,0.9796875,0.0,0.000976562,6400000.0,0.9812209515655577
1.0,1024.0,2.0,1.0,1.0,1.0,39.0,32.0,0,0.5015625,512.0,2.0,6400000.0,0.5273919092465753
1024.0,1024.0,1.0,16.0,2064.0,2048.0,66783.0,196608.0,0,0.9515625,4.0,2.0,6400000.0,0.9538321000489237
1.0,1024.0,1.0,1.0,1.0,1.0,35.0,32.0,0,0.5015625,0.5,32768.0,6400000.0,0.5273919092465753
1.0,1024.0,2.0,1.0,1.0,1.0,39.0,32.0,0,0.5015625,1024.0,16.0,6400000.0,0.5273919092465753
1.0,1024.0,2.0,1.0,1.0,1.0,39.0,32.0,0,0.5015625,1024.0,16384.0,6400000.0,0.5273919092465753
1024.0,1024.0,2.0,33.0,4090.0,4057.0,133304.0,518048.0,0,0.9796875,0.000976562,0.0078125,6400000.0,0.980828797700587
1.0,1024.0,2.0,1.0,1.0,1.0,39.0,32.0,0,0.5015625,64.0,8192.0,6400000.0,0.5273919092465753
1.0,1024.0,2.0,1.0,1.0,1.0,39.0,32.0,0,0.5015625,32.0,512.0,6400000.0,0.5273919092465753
1024.0,1024.0,1.0,16.0,2064.0,2048.0,66783.0,196608.0,0,0.9484375,0.0,4.0,6400000.0,0.9538321000489237
1.0,1024.0,4.0,1.0,1.0,1.0,63.0,32.0,0,0.5015625,0.00390625,512.0,6400000.0,0.5273919092465753
1024.0,1024.0,2.0,32.0,4078.0,4046.0,132930.0,516288.0,0,0.98125,0.00195312,0.0625,6400000.0,0.9800460188356164
1.0,1024.0,2.0,1.0,1.0,1.0,39.0,32.0,0,0.5015625,2048.0,0.125,6400000.0,0.5273919092465753
1.0,1024.0,2.0,1.0,1.0,1.0,39.0,32.0,0,0.5015625,2048.0,128.0,6400000.0,0.5273919092465753
1.0,1024.0,2.0,1.0,1.0,1.0,39.0,32.0,0,0.5015625,8.0,32768.0,6400000.0,0.5273919092465753
1024.0,1024.0,1.0,15.0,2063.0,2048.0,66772.0,196608.0,0,0.95,0.0625,8.0,6400000.0,0.9518751528864972
1024.0,1024.0,2.0,26.0,4092.0,4066.0,133524.0,519488.0,0,0.9796875,0.0625,2.0,6400000.0,0.9800467832681017
1024.0,1024.0,2.0,17.0,4100.0,4083.0,133983.0,522208.0,0,0.9734375,8.0,4.0,6400000.0,0.9683127446183952
1.0,1024.0,1.0,1.0,1.0,1.0,35.0,32.0,0,0.5015625,0.00390625,16384.0,6400000.0,0.5273919092465753
1.0,1024.0,2.0,1.0,1.0,1.0,39.0,32.0,0,0.5015625,4096.0,0.000976562,6400000.0,0.5273919092465753
1.0,1024.0,1.0,1.0,1.0,1.0,35.0,32.0,0,0.5015625,2.0,512.0,6400000.0,0.5273919092465753
1024.0,1024.0,1.0,16.0,2064.0,2048.0,66783.0,196608.0,0,0.9484375,4.0,0.00390625,6400000.0,0.9538321000489237
1024.0,1024.0,2.0,33.0,4090.0,4057.0,133304.0,518048.0,0,0.9796875,0.0078125,0.00390625,6400000.0,0.9800467832681017
1024.0,1024.0,2.0,8.0,4082.0,4074.0,133584.0,520768.0,0,0.959375,64.0,0.00195312,6400000.0,0.9518782106164382
512.0,512.0,4.0,19.0,5780.0,5782.0,190135.0,859584.0,0,0.9828125,2.0,8.0,6400000.0,0.9784819899706457
1.0,1024.0,2.0,1.0,1.0,1.0,39.0,32.0,0,0.5015625,0.5,16384.0,6400000.0,0.5273919092465753
1.0,1024.0,2.0,1.0,1.0,1.0,39.0,32.0,0,0.5015625,4096.0,1.0,6400000.0,0.5273919092465753
1.0,1024.0,2.0,1.0,1.0,1.0,39.0,32.0,0,0.5015625,4096.0,1024.0,6400000.0,0.5273919092465753
1.0,1024.0,2.0,1.0,1.0,1.0,39.0,32.0,0,0.5015625,8192.0,0.0078125,6400000.0,0.5273919092465753
1024.0,1024.0,1.0,5.0,1544.0,2048.0,50372.0,196608.0,0,0.940625,256.0,0.00195312,6400000.0,0.9409246575342465
1024.0,1024.0,2.0,19.0,4105.0,4086.0,134107.0,522688.0,0,0.978125,8.0,0.00390625,6400000.0,0.9757460861056751
1.0,1024.0,1.0,1.0,1.0,1.0,35.0,32.0,0,0.5015625,1024.0,0.25,6400000.0,0.5273919092465753
1.0,1024.0,1.0,1.0,1.0,1.0,35.0,32.0,0,0.5015625,512.0,32768.0,6400000.0,0.5273919092465753
1.0,1024.0,1.0,1.0,1.0,1.0,35.0,32.0,0,0.5015625,1024.0,256.0,6400000.0,0.5273919092465753
1024.0,1024.0,1.0,5.0,1544.0,2048.0,50372.0,196608.0,0,0.940625,0.015625,256.0,6400000.0,0.9409246575342465
1.0,1024.0,1.0,1.0,1.0,1.0,35.0,32.0,0,0.5015625,2048.0,0.00195312,6400000.0,0.5273919092465753
1024.0,1024.0,1.0,21.0,2069.0,2048.0,66839.0,196608.0,0,0.959375,2.0,0.25,6400000.0,0.9565695327788649
1.0,1024.0,2.0,1.0,1.0,1.0,39.0,32.0,0,0.5015625,0.03125,2048.0,6400000.0,0.5273919092465753
1024.0,1024.0,1.0,16.0,2064.0,2048.0,66783.0,196608.0,0,0.9484375,0.5,4.0,6400000.0,0.9538321000489237
1.0,1024.0,1.0,1.0,1.0,1.0,35.0,32.0,0,0.5015625,2048.0,2048.0,6400000.0,0.5273919092465753
1.0,1024.0,2.0,1.0,1.0,1.0,39.0,32.0,0,0.5015625,8192.0,8.0,6400000.0,0.5273919092465753
1024.0,1024.0,1.0,21.0,2069.0,2048.0,66839.0,196608.0,0,0.959375,0.00390625,2.0,6400000.0,0.9581335616438356
1.0,1024.0,2.0,1.0,1.0,1.0,39.0,32.0,0,0.5015625,8192.0,8192.0,6400000.0,0.5273919092465753
1.0,1024.0,1.0,1.0,1.0,1.0,35.0,32.0,0,0.5015625,2048.0,2.0,6400000.0,0.5273919092465753
1024.0,1024.0,2.0,8.0,4082.0,4074.0,133584.0,520768.0,0,0.959375,64.0,2.0,6400000.0,0.9569662732387474
1024.0,1024.0,1.0,5.0,1549.0,2048.0,50532.0,196608.0,0,0.940625,128.0,0.0,6400000.0,0.9409246575342465
1.0,1024.0,1.0,1.0,1.0,1.0,35.0,32.0,0,0.5015625,4096.0,0.015625,6400000.0,0.5273919092465753
1.0,1024.0,2.0,1.0,1.0,1.0,39.0,32.0,0,0.5015625,16384.0,0.0625,6400000.0,0.5273919092465753
1.0,1024.0,1.0,1.0,1.0,1.0,35.0,32.0,0,0.5015625,32.0,4096.0,6400000.0,0.5273919092465753
1.0,1024.0,1.0,1.0,1.0,1.0,35.0,32.0,0,0.5015625,4096.0,16.0,6400000.0,0.5273919092465753
1.0,1024.0,1.0,1.0,1.0,1.0,35.0,32.0,0,0.5015625,4096.0,16384.0,6400000.0,0.5273919092465753
1024.0,1024.0,2.0,8.0,3862.0,3858.0,126328.0,486208.0,0,0.95,0.015625,64.0,6400000.0,0.9377981286692758
1024.0,1024.0,1.0,27.0,2075.0,2048.0,66905.0,196608.0,0,0.95,0.000976562,0.03125,6400000.0,0.9561781433463796
1.0,1024.0,1.0,1.0,1.0,1.0,35.0,32.0,0,0.5015625,8192.0,0.125,6400000.0,0.5273919092465753
1024.0,1024.0,1.0,26.0,2074.0,2048.0,66894.0,196608.0,0,0.95,0.00195312,0.25,6400000.0,0.9561781433463796
1.0,1024.0,2.0,1.0,1.0,1.0,39.0,32.0,0,0.5015625,32768.0,0.0,6400000.0,0.5273919092465753
1024.0,1024.0,2.0,33.0,4079.0,4046.0,132941.0,516288.0,0,0.9796875,0.015625,0.03125,6400000.0,0.9796546294031312
1.0,1024.0,2.0,1.0,1.0,1.0,39.0,32.0,0,0.5015625,16384.0,64.0,6400000.0,0.5273919092465753
1.0,1024.0,4.0,1.0,1.0,1.0,63.0,32.0,0,0.5015625,0.0078125,4096.0,6400000.0,0.5273919092465753
1.0,1024.0,1.0,1.0,1.0,1.0,35.0,32.0,0,0.5015625,0.25,2048.0,6400000.0,0.5273919092465753
1.0,1024.0,1.0,1.0,1.0,1.0,35.0,32.0,0,0.5015625,8192.0,128.0,6400000.0,0.5273919092465753
1024.0,1024.0,2.0,5.0,2349.0,3144.0,77258.0,371968.0,0,0.940625,256.0,0.0,6400000.0,0.9409246575342465
1024.0,1024.0,1.0,5.0,1549.0,2048.0,50532.0,196608.0,0,0.940625,128.0,0.125,6400000.0,0.9409246575342465
1024.0,1024.0,1.0,25.0,2073.0,2048.0,66883.0,196608.0,0,0.95,1.0,0.03125,6400000.0,0.9585264799412915
1.0,1024.0,2.0,1.0,1.0,1.0,39.0,32.0,0,0.5015625,32768.0,512.0,6400000.0,0.5273919092465753
1.0,1024.0,1.0,1.0,1.0,1.0,35.0,32.0,0,0.5015625,512.0,0.03125,6400000.0,0.5273919092465753
1024.0,1024.0,1.0,27.0,2075.0,2048.0,66905.0,196608.0,0,0.95,0.00390625,0.00390625,6400000.0,0.9561781433463796
1.0,1024.0,2.0,1.0,1.0,1.0,39.0,32.0,0,0.5015625,32768.0,0.5,6400000.0,0.5273919092465753
1.0,1024.0,1.0,1.0,1.0,1.0,35.0,32.0,0,0.5015625,4.0,16384.0,6400000.0,0.5273919092465753
512.0,512.0,4.0,16.0,5638.0,5634.0,185491.0,835904.0,0,0.9765625,0.25,16.0,6400000.0,0.9679244129158512
1024.0,1024.0,2.0,20.0,4106.0,4086.0,134118.0,522688.0,0,0.978125,4.0,0.5,6400000.0,0.9800467832681019
1.0,1024.0,1.0,1.0,1.0,1.0,35.0,32.0,0,0.5015625,16384.0,1.0,6400000.0,0.5273919092465753
1024.0,1024.0,1.0,10.0,2058.0,2048.0,66717.0,196608.0,0,0.9453125,16.0,0.000976562,6400000.0,0.9452276479941292
1024.0,1024.0,1.0,25.0,2073.0,2048.0,66883.0,196608.0,0,0.9515625,0.03125,1.0,6400000.0,0.9585264799412915
1024.0,1024.0,1.0,26.0,2074.0,2048.0,66894.0,196608.0,0,0.95,0.015625,0.125,6400000.0,0.9565695327788649
1024.0,1024.0,1.0,5.0,1544.0,2048.0,50372.0,196608.0,0,0.940625,128.0,128.0,6400000.0,0.9409246575342465
1024.0,1024.0,1.0,27.0,2075.0,2048.0,66905.0,196608.0,0,0.95,0.015625,0.000976562,6400000.0,0.9561781433463796
1024.0,1024.0,2.0,31.0,4081.0,4050.0,133051.0,516928.0,0,0.9796875,0.03125,0.25,6400000.0,0.9804381727005872
1024.0,1024.0,2.0,29.0,4098.0,4069.0,133656.0,519968.0,0,0.9796875,0.5,1.0,6400000.0,0.9808303265655576
1.0,1024.0,1.0,1.0,1.0,1.0,35.0,32.0,0,0.5015625,32768.0,0.0078125,6400000.0,0.5273919092465753
1.0,1024.0,1.0,1.0,1.0,1.0,35.0,32.0,0,0.5015625,16384.0,0.000976562,6400000.0,0.5273919092465753
1024.0,1024.0,1.0,27.0,2075.0,2048.0,66905.0,196608.0,0,0.95,0.0078125,0.015625,6400000.0,0.9561781433463796
1024.0,1024.0,1.0,5.0,1620.0,2048.0,52804.0,196608.0,0,0.940625,16.0,256.0,6400000.0,0.9409246575342465
1.0,1024.0,1.0,1.0,1.0,1.0,35.0,32.0,0,0.5015625,16384.0,1024.0,6400000.0,0.5273919092465753
1024.0,1024.0,1.0,5.0,1544.0,2048.0,50372.0,196608.0,0,0.940625,256.0,1.0,6400000.0,0.9409246575342465
1024.0,1024.0,1.0,6.0,2053.0,2048.0,66640.0,196608.0,0,0.940625,64.0,16.0,6400000.0,0.9409246575342465
1.0,1024.0,2.0,1.0,1.0,1.0,39.0,32.0,0,0.5015625,512.0,0.00390625,6400000.0,0.5273919092465753
1.0,1024.0,4.0,1.0,1.0,1.0,63.0,32.0,0,0.5015625,0.0,4096.0,6400000.0,0.5273919092465753
1.0,1024.0,1.0,1.0,1.0,1.0,35.0,32.0,0,0.5015625,512.0,32.0,6400000.0,0.5273919092465753
1.0,1024.0,1.0,1.0,1.0,1.0,35.0,32.0,0,0.5015625,32768.0,8192.0,6400000.0,0.5273919092465753
1024.0,1024.0,1.0,7.0,2054.0,2048.0,66651.0,196608.0,0,0.940625,64.0,0.015625,6400000.0,0.9409246575342465
1024.0,1024.0,1.0,25.0,2073.0,2048.0,66883.0,196608.0,0,0.95,0.25,0.5,6400000.0,0.9573523116438356
1.0,1024.0,1.0,1.0,1.0,1.0,35.0,32.0,0,0.5015625,0.00195312,1024.0,6400000.0,0.5273919092465753
1.0,1024.0,1.0,1.0,1.0,1.0,35.0,32.0,0,0.5015625,0.03125,8192.0,6400000.0,0.5273919092465753
1024.0,1024.0,1.0,27.0,2075.0,2048.0,66905.0,196608.0,0,0.95,0.0625,0.0078125,6400000.0,0.9565695327788649
1024.0,1024.0,1.0,5.0,1549.0,2048.0,50532.0,196608.0,0,0.940625,0.125,128.0,6400000.0,0.9409246575342465
1.0,1024.0,4.0,1.0,1.0,1.0,63.0,32.0,0,0.5015625,0.000976562,32768.0,6400000.0,0.5273919092465753
1024.0,1024.0,1.0,26.0,2074.0,2048.0,66894.0,196608.0,0,0.95,0.25,0.00195312,6400000.0,0.9561781433463796
1024.0,1024.0,1.0,26.0,2074.0,2048.0,66894.0,196608.0,0,0.95,0.125,0.0625,6400000.0,0.9565695327788649
1024.0,1024.0,2.0,30.0,4094.0,4064.0,133502.0,519168.0,0,0.9796875,1.0,0.0078125,6400000.0,0.9804389371330725
1.0,1024.0,1.0,1.0,1.0,1.0,35.0,32.0,0,0.5015625,32768.0,8.0,6400000.0,0.5273919092465753
1024.0,1024.0,2.0,32.0,4078.0,4046.0,132930.0,516288.0,0,0.98125,0.0625,0.00195312,6400000.0,0.980828797700587
1024.0,1024.0,1.0,7.0,2054.0,2048.0,66651.0,196608.0,0,0.940625,0.000976562,64.0,6400000.0,0.9409246575342465
512.0,512.0,4.0,32.0,6211.0,6198.0,204070.0,926144.0,0,0.9890625,0.5,0.125,6400000.0,0.9788741438356163
1.0,1024.0,1.0,1.0,1.0,1.0,35.0,32.0,0,0.5015625,256.0,2048.0,6400000.0,0.5273919092465753
1.0,1024.0,2.0,1.0,1.0,1.0,39.0,32.0,0,0.5015625,512.0,4096.0,6400000.0,0.5273919092465753
1024.0,1024.0,2.0,31.0,4076.0,4045.0,132886.0,516128.0,0,0.978125,0.5,0.000976562,6400000.0,0.9796553938356164
1.0,1024.0,2.0,1.0,1.0,1.0,39.0,32.0,0,0.5015625,4.0,4096.0,6400000.0,0.5273919092465753
1024.0,1024.0,2.0,31.0,4073.0,4042.0,132787.0,515648.0,0,0.9796875,0.25,0.125,6400000.0,0.9800467832681017
1024.0,1024.0,2.0,6.0,3494.0,3494.0,114230.0,427968.0,0,0.940625,128.0,0.03125,6400000.0,0.9409246575342465
1024.0,1024.0,2.0,5.0,2362.0,3144.0,77674.0,371968.0,0,0.940625,128.0,32.0,6400000.0,0.9409246575342465
1024.0,1024.0,2.0,32.0,4087.0,4055.0,133227.0,517728.0,0,0.9796875,0.125,0.015625,6400000.0,0.9816115765655578
1.0,1024.0,2.0,1.0,1.0,1.0,39.0,32.0,0,0.5015625,1024.0,0.03125,6400000.0,0.5273919092465753
1.0,1024.0,2.0,1.0,1.0,1.0,39.0,32.0,0,0.5015625,0.00390625,16384.0,6400000.0,0.5273919092465753
1024.0,1024.0,1.0,9.0,2057.0,2048.0,66705.0,196608.0,0,0.94375,32.0,0.00390625,6400000.0,0.945622859589041
1024.0,1024.0,2.0,33.0,4085.0,4052.0,133139.0,517248.0,0,0.9796875,0.00390625,0.000976562,6400000.0,0.9816115765655578
1024.0,1024.0,1.0,10.0,2058.0,2048.0,66717.0,196608.0,0,0.9453125,16.0,0.25,6400000.0,0.9452276479941292
1.0,1024.0,2.0,1.0,1.0,1.0,39.0,32.0,0,0.5015625,1024.0,32.0,6400000.0,0.5273919092465753
1.0,1024.0,2.0,1.0,1.0,1.0,39.0,32.0,0,0.5015625,1024.0,32768.0,6400000.0,0.5273919092465753
1.0,1024.0,2.0,1.0,1.0,1.0,39.0,32.0,0,0.5015625,32.0,1024.0,6400000.0,0.5273919092465753
1024.0,1024.0,2.0,25.0,4113.0,4088.0,134239.0,523008.0,0,0.9765625,2.0,0.0625,6400000.0,0.9800467832681019
1.0,1024.0,2.0,1.0,1.0,1.0,39.0,32.0,0,0.5015625,64.0,16384.0,6400000.0,0.5273919092465753
1024.0,1024.0,1.0,8.0,2055.0,2048.0,66662.0,196608.0,0,0.9375,8.0,32.0,6400000.0,0.945622859589041
1.0,1024.0,2.0,1.0,1.0,1.0,39.0,32.0,0,0.5015625,512.0,4.0,6400000.0,0.5273919092465753
1.0,1024.0,2.0,1.0,1.0,1.0,39.0,32.0,0,0.5015625,256.0,256.0,6400000.0,0.5273919092465753
1.0,1024.0,2.0,1.0,1.0,1.0,39.0,32.0,0,0.5015625,2048.0,0.25,6400000.0,0.5273919092465753
1024.0,1024.0,2.0,5.0,2349.0,3144.0,77258.0,371968.0,0,0.940625,256.0,0.25,6400000.0,0.9409246575342465
1024.0,1024.0,1.0,27.0,2075.0,2048.0,66905.0,196608.0,0,0.95,0.000976562,0.0,6400000.0,0.9561781433463796
1.0,1024.0,4.0,1.0,1.0,1.0,63.0,32.0,0,0.5015625,0.00390625,1024.0,6400000.0,0.5273919092465753
1.0,1024.0,2.0,1.0,1.0,1.0,39.0,32.0,0,0.5015625,2048.0,256.0,6400000.0,0.5273919092465753
1024.0,1024.0,1.0,7.0,2054.0,2048.0,66651.0,196608.0,0,0.940625,1.0,64.0,6400000.0,0.9409246575342465
1024.0,1024.0,2.0,33.0,4090.0,4057.0,133304.0,518048.0,0,0.9796875,0.015625,0.0,6400000.0,0.9796553938356165
1.0,1024.0,2.0,1.0,1.0,1.0,39.0,32.0,0,0.5015625,4096.0,0.00195312,6400000.0,0.5273919092465753
1.0,1024.0,1.0,1.0,1.0,1.0,35.0,32.0,0,0.5015625,0.00390625,32768.0,6400000.0,0.5273919092465753
1.0,1024.0,1.0,1.0,1.0,1.0,35.0,32.0,0,0.5015625,2.0,1024.0,6400000.0,0.5273919092465753
1024.0,1024.0,2.0,5.0,2349.0,3144.0,77258.0,371968.0,0,0.940625,0.00195312,256.0,6400000.0,0.9409246575342465
1.0,1024.0,2.0,1.0,1.0,1.0,39.0,32.0,0,0.5015625,0.25,512.0,6400000.0,0.5273919092465753
1024.0,1024.0,2.0,25.0,4115.0,4090.0,134305.0,523328.0,0,0.9765625,2.0,0.0,6400000.0,0.9800467832681017
1024.0,1024.0,1.0,9.0,2056.0,2048.0,66704.0,196608.0,0,0.9453125,0.0078125,32.0,6400000.0,0.945622859589041
1.0,1024.0,4.0,1.0,1.0,1.0,63.0,32.0,0,0.5015625,0.015625,32768.0,6400000.0,0.5273919092465753
1.0,1024.0,2.0,1.0,1.0,1.0,39.0,32.0,0,0.5015625,4096.0,2.0,6400000.0,0.5273919092465753
1024.0,1024.0,1.0,15.0,2063.0,2048.0,66772.0,196608.0,0,0.95,8.0,0.03125,6400000.0,0.9503126528864971
1.0,1024.0,2.0,1.0,1.0,1.0,39.0,32.0,0,0.5015625,4096.0,2048.0,6400000.0,0.5273919092465753
1.0,1024.0,2.0,1.0,1.0,1.0,39.0,32.0,0,0.5015625,0.5,32768.0,6400000.0,0.5273919092465753
1.0,1024.0,2.0,1.0,1.0,1.0,39.0,32.0,0,0.5015625,8192.0,0.015625,6400000.0,0.5273919092465753
1.0,1024.0,1.0,1.0,1.0,1.0,35.0,32.0,0,0.5015625,1024.0,0.0,6400000.0,0.5273919092465753
1.0,1024.0,1.0,1.0,1.0,1.0,35.0,32.0,0,0.5015625,1024.0,0.5,6400000.0,0.5273919092465753
1.0,1024.0,2.0,1.0,1.0,1.0,39.0,32.0,0,0.5015625,0.03125,4096.0,6400000.0,0.5273919092465753
1.0,1024.0,1.0,1.0,1.0,1.0,35.0,32.0,0,0.5015625,2048.0,0.00390625,6400000.0,0.5273919092465753
1024.0,1024.0,1.0,27.0,2075.0,2048.0,66905.0,196608.0,0,0.95,0.0,0.0078125,6400000.0,0.9561781433463796
1.0,1024.0,1.0,1.0,1.0,1.0,35.0,32.0,0,0.5015625,1024.0,512.0,6400000.0,0.5273919092465753
1.0,1024.0,1.0,1.0,1.0,1.0,35.0,32.0,0,0.5015625,2048.0,4096.0,6400000.0,0.5273919092465753
1.0,1024.0,1.0,1.0,1.0,1.0,35.0,32.0,0,0.5015625,2048.0,4.0,6400000.0,0.5273919092465753
1.0,1024.0,2.0,1.0,1.0,1.0,39.0,32.0,0,0.5015625,8192.0,16384.0,6400000.0,0.5273919092465753
1024.0,1024.0,2.0,6.0,3513.0,3522.0,114866.0,432448.0,0,0.940625,2.0,128.0,6400000.0,0.9409246575342465
1024.0,1024.0,1.0,8.0,2055.0,2048.0,66662.0,196608.0,0,0.9375,32.0,2.0,6400000.0,0.945622859589041
1.0,1024.0,2.0,1.0,1.0,1.0,39.0,32.0,0,0.5015625,8192.0,16.0,6400000.0,0.5273919092465753
1024.0,1024.0,2.0,15.0,4095.0,4080.0,133862.0,521728.0,0,0.9734375,0.000976562,16.0,6400000.0,0.9647932974559688
1.0,1024.0,2.0,1.0,1.0,1.0,39.0,32.0,0,0.5015625,16384.0,0.125,6400000.0,0.5273919092465753
1.0,1024.0,1.0,1.0,1.0,1.0,35.0,32.0,0,0.5015625,4096.0,0.03125,6400000.0,0.5273919092465753
1.0,1024.0,1.0,1.0,1.0,1.0,35.0,32.0,0,0.5015625,32.0,8192.0,6400000.0,0.5273919092465753
1.0,1024.0,1.0,1.0,1.0,1.0,35.0,32.0,0,0.5015625,4096.0,32.0,6400000.0,0.5273919092465753
1024.0,1024.0,1.0,27.0,2075.0,2048.0,66905.0,196608.0,0,0.95,0.00195312,0.00195312,6400000.0,0.9561781433463796
1.0,1024.0,1.0,1.0,1.0,1.0,35.0,32.0,0,0.5015625,4096.0,32768.0,6400000.0,0.5273919092465753
1024.0,1024.0,1.0,25.0,2073.0,2048.0,66883.0,196608.0,0,0.95,1.0,0.0,6400000.0,0.9577437010763209
1.0,1024.0,2.0,1.0,1.0,1.0,39.0,32.0,0,0.5015625,32768.0,0.000976562,6400000.0,0.5273919092465753
1.0,1024.0,4.0,1.0,1.0,1.0,63.0,32.0,0,0.5015625,0.0078125,8192.0,6400000.0,0.5273919092465753
1.0,1024.0,2.0,1.0,1.0,1.0,39.0,32.0,0,0.5015625,16384.0,128.0,6400000.0,0.5273919092465753
1.0,1024.0,1.0,1.0,1.0,1.0,35.0,32.0,0,0.5015625,8192.0,0.25,6400000.0,0.5273919092465753
1.0,1024.0,1.0,1.0,1.0,1.0,35.0,32.0,0,0.5015625,0.015625,512.0,6400000.0,0.5273919092465753
1.0,1024.0,1.0,1.0,1.0,1.0,35.0,32.0,0,0.5015625,0.25,4096.0,6400000.0,0.5273919092465753
1.0,1024.0,1.0,1.0,1.0,1.0,35.0,32.0,0,0.5015625,8192.0,256.0,6400000.0,0.5273919092465753
1024.0,1024.0,1.0,21.0,2069.0,2048.0,66839.0,196608.0,0,0.959375,2.0,0.00195312,6400000.0,0.9581335616438356
1024.0,1024.0,2.0,9.0,4094.0,4085.0,133958.0,522528.0,0,0.9625,32.0,0.000976562,6400000.0,0.9655768407534246
1.0,1024.0,2.0,1.0,1.0,1.0,39.0,32.0,0,0.5015625,32768.0,1.0,6400000.0,0.5273919092465753
1.0,1024.0,2.0,1.0,1.0,1.0,39.0,32.0,0,0.5015625,32768.0,1024.0,6400000.0,0.5273919092465753
1024.0,1024.0,2.0,20.0,4107.0,4087.0,134151.0,522848.0,0,0.978125,4.0,0.000976562,6400000.0,0.9800467832681017
1.0,1024.0,1.0,1.0,1.0,1.0,35.0,32.0,0,0.5015625,4.0,32768.0,6400000.0,0.5273919092465753
1024.0,1024.0,1.0,15.0,2063.0,2048.0,66772.0,196608.0,0,0.95,4.0,4.0,6400000.0,0.9503126528864971
1.0,1024.0,1.0,1.0,1.0,1.0,35.0,32.0,0,0.5015625,512.0,0.0625,6400000.0,0.5273919092465753
1.0,1024.0,1.0,1.0,1.0,1.0,35.0,32.0,0,0.5015625,16384.0,2.0,6400000.0,0.5273919092465753
1.0,1024.0,1.0,1.0,1.0,1.0,35.0,32.0,0,0.5015625,32768.0,0.015625,6400000.0,0.5273919092465753
1024.0,1024.0,2.0,9.0,4089.0,4080.0,133793.0,521728.0,0,0.9625,0.125,32.0,6400000.0,0.9632285041585126
1.0,1024.0,1.0,1.0,1.0,1.0,35.0,32.0,0,0.5015625,16384.0,0.00195312,6400000.0,0.5273919092465753
1.0,1024.0,1.0,1.0,1.0,1.0,35.0,32.0,0,0.5015625,16384.0,2048.0,6400000.0,0.5273919092465753
1024.0,1024.0,1.0,27.0,2075.0,2048.0,66905.0,196608.0,0,0.95,0.03125,0.00390625,6400000.0,0.9561781433463796
1024.0,1024.0,1.0,25.0,2073.0,2048.0,66883.0,196608.0,0,0.95,0.5,0.0078125,6400000.0,0.9561789077788649
1024.0,1024.0,1.0,15.0,2063.0,2048.0,66772.0,196608.0,0,0.95,0.0,8.0,6400000.0,0.9503126528864971
1.0,1024.0,4.0,1.0,1.0,1.0,63.0,32.0,0,0.5015625,0.0,8192.0,6400000.0,0.5273919092465753
1024.0,1024.0,1.0,10.0,2058.0,2048.0,66717.0,196608.0,0,0.9453125,0.0625,16.0,6400000.0,0.9479673740215263
1.0,1024.0,1.0,1.0,1.0,1.0,35.0,32.0,0,0.5015625,512.0,64.0,6400000.0,0.5273919092465753
1024.0,1024.0,1.0,5.0,1544.0,2048.0,50372.0,196608.0,0,0.940625,256.0,0.00390625,6400000.0,0.9409246575342465
1.0,1024.0,1.0,1.0,1.0,1.0,35.0,32.0,0,0.5015625,0.00195312,2048.0,6400000.0,0.5273919092465753
1.0,1024.0,1.0,1.0,1.0,1.0,35.0,32.0,0,0.5015625,0.03125,16384.0,6400000.0,0.5273919092465753
1.0,1024.0,1.0,1.0,1.0,1.0,35.0,32.0,0,0.5015625,32768.0,16384.0,6400000.0,0.5273919092465753
512.0,512.0,4.0,32.0,6283.0,6270.0,206446.0,937664.0,0,0.990625,0.0625,0.25,6400000.0,0.978873379403131
1024.0,1024.0,1.0,5.0,1549.0,2048.0,50532.0,196608.0,0,0.940625,128.0,0.000976562,6400000.0,0.9409246575342465
1.0,1024.0,2.0,1.0,1.0,1.0,39.0,32.0,0,0.5015625,512.0,0.0078125,6400000.0,0.5273919092465753
1.0,1024.0,1.0,1.0,1.0,1.0,35.0,32.0,0,0.5015625,32768.0,16.0,6400000.0,0.5273919092465753
1024.0,1024.0,1.0,26.0,2074.0,2048.0,66894.0,196608.0,0,0.95,0.125,0.000976562,6400000.0,0.9565695327788649
1.0,1024.0,2.0,1.0,1.0,1.0,39.0,32.0,0,0.5015625,512.0,8192.0,6400000.0,0.5273919092465753
1.0,1024.0,1.0,1.0,1.0,1.0,35.0,32.0,0,0.5015625,16.0,512.0,6400000.0,0.5273919092465753
1.0,1024.0,1.0,1.0,1.0,1.0,35.0,32.0,0,0.5015625,256.0,4096.0,6400000.0,0.5273919092465753
1.0,1024.0,2.0,1.0,1.0,1.0,39.0,32.0,0,0.5015625,4.0,8192.0,6400000.0,0.5273919092465753
1024.0,1024.0,1.0,16.0,2064.0,2048.0,66783.0,196608.0,0,0.9484375,4.0,0.0078125,6400000.0,0.9538321000489237
512.0,512.0,4.0,27.0,6215.0,6202.0,204307.0,926784.0,0,0.9890625,0.125,2.0,6400000.0,0.9788733794031312
1.0,1024.0,2.0,1.0,1.0,1.0,39.0,32.0,0,0.5015625,0.00390625,32768.0,6400000.0,0.5273919092465753
1.0,1024.0,2.0,1.0,1.0,1.0,39.0,32.0,0,0.5015625,1024.0,0.0625,6400000.0,0.5273919092465753
1024.0,1024.0,1.0,5.0,1549.0,2048.0,50532.0,196608.0,0,0.940625,128.0,0.25,6400000.0,0.9409246575342465
1024.0,1024.0,1.0,15.0,2063.0,2048.0,66772.0,196608.0,0,0.95,0.5,8.0,6400000.0,0.9514875856164384
1.0,1024.0,2.0,1.0,1.0,1.0,39.0,32.0,0,0.5015625,1024.0,64.0,6400000.0,0.5273919092465753
1.0,1024.0,2.0,1.0,1.0,1.0,39.0,32.0,0,0.5015625,2048.0,0.0,6400000.0,0.5273919092465753
1.0,1024.0,2.0,1.0,1.0,1.0,39.0,32.0,0,0.5015625,32.0,2048.0,6400000.0,0.5273919092465753
1024.0,1024.0,1.0,5.0,1585.0,2048.0,51684.0,196608.0,0,0.940625,128.0,256.0,6400000.0,0.9033657962328766
1.0,1024.0,2.0,1.0,1.0,1.0,39.0,32.0,0,0.5015625,64.0,32768.0,6400000.0,0.5273919092465753
1024.0,1024.0,1.0,21.0,2069.0,2048.0,66839.0,196608.0,0,0.953125,2.0,0.5,6400000.0,0.9553961289138944
1024.0,1024.0,1.0,16.0,2064.0,2048.0,66783.0,196608.0,0,0.9484375,0.00390625,4.0,6400000.0,0.9538321000489237
1.0,1024.0,2.0,1.0,1.0,1.0,39.0,32.0,0,0.5015625,2048.0,0.5,6400000.0,0.5273919092465753
1024.0,1024.0,2.0,15.0,4097.0,4082.0,133928.0,522048.0,0,0.9734375,16.0,0.0,6400000.0,0.9644026724559687
1.0,1024.0,4.0,1.0,1.0,1.0,63.0,32.0,0,0.5015625,0.00390625,2048.0,6400000.0,0.5273919092465753
1024.0,1024.0,1.0,6.0,2053.0,2048.0,66640.0,196608.0,0,0.940625,64.0,32.0,6400000.0,0.9409246575342465
1.0,1024.0,2.0,1.0,1.0,1.0,39.0,32.0,0,0.5015625,256.0,512.0,6400000.0,0.5273919092465753
1.0,1024.0,2.0,1.0,1.0,1.0,39.0,32.0,0,0.5015625,2048.0,512.0,6400000.0,0.5273919092465753
1024.0,1024.0,1.0,5.0,1578.0,2048.0,51460.0,196608.0,0,0.940625,256.0,2.0,6400000.0,0.9409246575342465
1024.0,1024.0,1.0,7.0,2054.0,2048.0,66651.0,196608.0,0,0.940625,64.0,0.03125,6400000.0,0.9409246575342465
1024.0,1024.0,1.0,10.0,2058.0,2048.0,66717.0,196608.0,0,0.9453125,16.0,0.00195312,6400000.0,0.9452276479941292
1024.0,1024.0,1.0,5.0,1544.0,2048.0,50372.0,196608.0,0,0.940625,0.125,256.0,6400000.0,0.9409246575342465
1.0,1024.0,2.0,1.0,1.0,1.0,39.0,32.0,0,0.5015625,512.0,8.0,6400000.0,0.5273919092465753
1024.0,1024.0,2.0,9.0,4094.0,4085.0,133958.0,522528.0,0,0.9625,32.0,0.5,6400000.0,0.9655768407534246
1.0,1024.0,2.0,1.0,1.0,1.0,39.0,32.0,0,0.5015625,4096.0,0.00390625,6400000.0,0.5273919092465753
1.0,1024.0,4.0,1.0,1.0,1.0,63.0,32.0,0,0.5015625,0.0625,2048.0,6400000.0,0.5273919092465753
1.0,1024.0,1.0,1.0,1.0,1.0,35.0,32.0,0,0.5015625,2.0,2048.0,6400000.0,0.5273919092465753
1024.0,1024.0,2.0,8.0,3861.0,3854.0,126292.0,485568.0,0,0.95,16.0,64.0,6400000.0,0.9385763209393344
1024.0,1024.0,1.0,5.0,1549.0,2048.0,50532.0,196608.0,0,0.940625,0.000976562,128.0,6400000.0,0.9409246575342465
1024.0,1024.0,2.0,5.0,2349.0,3144.0,77258.0,371968.0,0,0.940625,256.0,0.000976562,6400000.0,0.9409246575342465
1.0,1024.0,2.0,1.0,1.0,1.0,39.0,32.0,0,0.5015625,0.25,1024.0,6400000.0,0.5273919092465753
1.0,1024.0,2.0,1.0,1.0,1.0,39.0,32.0,0,0.5015625,4096.0,4.0,6400000.0,0.5273919092465753
1024.0,1024.0,4.0,5.0,4396.0,5083.0,144885.0,682208.0,0,0.940625,0.03125,256.0,6400000.0,0.9409246575342465
1024.0,1024.0,2.0,33.0,4067.0,4034.0,132545.0,514368.0,0,0.9796875,0.03125,0.000976562,6400000.0,0.9808295621330725
1.0,1024.0,2.0,1.0,1.0,1.0,39.0,32.0,0,0.5015625,4096.0,4096.0,6400000.0,0.5273919092465753
1.0,1024.0,2.0,1.0,1.0,1.0,39.0,32.0,0,0.5015625,8192.0,0.03125,6400000.0,0.5273919092465753
1.0,1024.0,1.0,1.0,1.0,1.0,35.0,32.0,0,0.5015625,1024.0,0.000976562,6400000.0,0.5273919092465753
1.0,1024.0,2.0,1.0,1.0,1.0,39.0,32.0,0,0.5015625,0.03125,8192.0,6400000.0,0.5273919092465753
1.0,1024.0,1.0,1.0,1.0,1.0,35.0,32.0,0,0.5015625,1024.0,1.0,6400000.0,0.5273919092465753
1024.0,1024.0,1.0,25.0,2073.0,2048.0,66883.0,196608.0,0,0.95,0.00195312,0.5,6400000.0,0.9569609222113502
1.0,1024.0,1.0,1.0,1.0,1.0,35.0,32.0,0,0.5015625,2048.0,8192.0,6400000.0,0.5273919092465753
1.0,1024.0,2.0,1.0,1.0,1.0,39.0,32.0,0,0.5015625,8192.0,32.0,6400000.0,0.5273919092465753
1.0,1024.0,1.0,1.0,1.0,1.0,35.0,32.0,0,0.5015625,1024.0,1024.0,6400000.0,0.5273919092465753
1.0,1024.0,2.0,1.0,1.0,1.0,39.0,32.0,0,0.5015625,8192.0,32768.0,6400000.0,0.5273919092465753
1.0,1024.0,1.0,1.0,1.0,1.0,35.0,32.0,0,0.5015625,2048.0,0.0078125,6400000.0,0.5273919092465753
1024.0,1024.0,1.0,27.0,2075.0,2048.0,66905.0,196608.0,0,0.95,0.000976562,0.0625,6400000.0,0.9565695327788649
1.0,1024.0,1.0,1.0,1.0,1.0,35.0,32.0,0,0.5015625,2048.0,8.0,6400000.0,0.5273919092465753
1024.0,1024.0,1.0,21.0,2069.0,2048.0,66839.0,196608.0,0,0.959375,0.03125,2.0,6400000.0,0.9581335616438356
1024.0,1024.0,1.0,25.0,2073.0,2048.0,66883.0,196608.0,0,0.9515625,1.0,0.0625,6400000.0,0.9585264799412915
1.0,1024.0,2.0,1.0,1.0,1.0,39.0,32.0,0,0.5015625,16384.0,0.25,6400000.0,0.5273919092465753
1.0,1024.0,1.0,1.0,1.0,1.0,35.0,32.0,0,0.5015625,4096.0,64.0,6400000.0,0.5273919092465753
1.0,1024.0,1.0,1.0,1.0,1.0,35.0,32.0,0,0.5015625,32.0,16384.0,6400000.0,0.5273919092465753
1.0,1024.0,1.0,1.0,1.0,1.0,35.0,32.0,0,0.5015625,4096.0,0.0625,6400000.0,0.5273919092465753
1.0,1024.0,1.0,1.0,1.0,1.0,35.0,32.0,0,0.5015625,8192.0,0.0,6400000.0,0.5273919092465753
1.0,1024.0,2.0,1.0,1.0,1.0,39.0,32.0,0,0.5015625,32768.0,0.00195312,6400000.0,0.5273919092465753
1024.0,1024.0,1.0,27.0,2075.0,2048.0,66905.0,196608.0,0,0.95,0.00390625,0.0078125,6400000.0,0.9561781433463796
1.0,1024.0,4.0,1.0,1.0,1.0,63.0,32.0,0,0.5015625,0.0078125,16384.0,6400000.0,0.5273919092465753
1.0,1024.0,2.0,1.0,1.0,1.0,39.0,32.0,0,0.5015625,16384.0,256.0,6400000.0,0.5273919092465753
1024.0,1024.0,1.0,26.0,2074.0,2048.0,66894.0,196608.0,0,0.95,0.015625,0.25,6400000.0,0.9561781433463796
1024.0,1024.0,1.0,27.0,2075.0,2048.0,66905.0,196608.0,0,0.95,0.015625,0.00195312,6400000.0,0.9561781433463796
1.0,1024.0,1.0,1.0,1.0,1.0,35.0,32.0,0,0.5015625,8192.0,0.5,6400000.0,0.5273919092465753
1.0,1024.0,1.0,1.0,1.0,1.0,35.0,32.0,0,0.5015625,0.25,8192.0,6400000.0,0.5273919092465753
1024.0,1024.0,2.0,15.0,4098.0,4083.0,133961.0,522208.0,0,0.971875,16.0,0.0625,6400000.0,0.9644026724559687
1024.0,1024.0,1.0,27.0,2075.0,2048.0,66905.0,196608.0,0,0.95,0.0078125,0.03125,6400000.0,0.9561781433463796
1.0,1024.0,1.0,1.0,1.0,1.0,35.0,32.0,0,0.5015625,0.015625,1024.0,6400000.0,0.5273919092465753
1.0,1024.0,1.0,1.0,1.0,1.0,35.0,32.0,0,0.5015625,8192.0,512.0,6400000.0,0.5273919092465753
1.0,1024.0,4.0,1.0,1.0,1.0,63.0,32.0,0,0.5015625,0.125,16384.0,6400000.0,0.5273919092465753
1024.0,1024.0,1.0,10.0,2058.0,2048.0,66717.0,196608.0,0,0.9453125,16.0,0.5,6400000.0,0.9452276479941292
1024.0,1024.0,2.0,6.0,3494.0,3494.0,114230.0,427968.0,0,0.940625,0.015625,128.0,6400000.0,0.9409246575342465
1024.0,1024.0,1.0,9.0,2057.0,2048.0,66705.0,196608.0,0,0.94375,32.0,0.0078125,6400000.0,0.945622859589041
1024.0,1024.0,1.0,6.0,2053.0,2048.0,66640.0,196608.0,0,0.940625,8.0,64.0,6400000.0,0.9409246575342465
1024.0,1024.0,1.0,5.0,1534.0,2048.0,50052.0,196608.0,0,0.940625,1.0,128.0,6400000.0,0.9409246575342465
1024.0,1024.0,1.0,22.0,2070.0,2048.0,66850.0,196608.0,0,0.959375,0.25,1.0,6400000.0,0.9593092588062622
1024.0,1024.0,2.0,13.0,4087.0,4074.0,133642.0,520768.0,0,0.96875,1.0,16.0,6400000.0,0.9636198935909981
1.0,1024.0,2.0,1.0,1.0,1.0,39.0,32.0,0,0.5015625,32768.0,2048.0,6400000.0,0.5273919092465753
1.0,1024.0,2.0,1.0,1.0,1.0,39.0,32.0,0,0.5015625,32768.0,2.0,6400000.0,0.5273919092465753
1.0,1024.0,2.0,1.0,1.0,1.0,39.0,32.0,0,0.5015625,0.00195312,512.0,6400000.0,0.5273919092465753
1.0,1024.0,1.0,1.0,1.0,1.0,35.0,32.0,0,0.5015625,16384.0,4.0,6400000.0,0.5273919092465753
1024.0,1024.0,2.0,19.0,4107.0,4088.0,134173.0,523008.0,0,0.978125,0.0078125,8.0,6400000.0,0.9776976822407045
1.0,1024.0,1.0,1.0,1.0,1.0,35.0,32.0,0,0.5015625,16384.0,0.00390625,6400000.0,0.5273919092465753
1024.0,1024.0,1.0,26.0,2074.0,2048.0,66894.0,196608.0,0,0.95,0.25,0.00390625,6400000.0,0.9565695327788649
1.0,1024.0,1.0,1.0,1.0,1.0,35.0,32.0,0,0.5015625,512.0,0.125,6400000.0,0.5273919092465753
1024.0,1024.0,2.0,6.0,3494.0,3494.0,114230.0,427968.0,0,0.940625,128.0,0.0625,6400000.0,0.9409246575342465
1024.0,1024.0,1.0,27.0,2075.0,2048.0,66905.0,196608.0,0,0.95,0.0625,0.015625,6400000.0,0.9565695327788649
1024.0,1024.0,1.0,26.0,2074.0,2048.0,66894.0,196608.0,0,0.95,0.125,0.125,6400000.0,0.9561781433463796
1024.0,1024.0,2.0,5.0,2353.0,3143.0,77385.0,371808.0,0,0.940625,128.0,64.0,6400000.0,0.9409246575342465
1.0,1024.0,1.0,1.0,1.0,1.0,35.0,32.0,0,0.5015625,32768.0,0.03125,6400000.0,0.5273919092465753
1.0,1024.0,1.0,1.0,1.0,1.0,35.0,32.0,0,0.5015625,16384.0,4096.0,6400000.0,0.5273919092465753
1.0,1024.0,4.0,1.0,1.0,1.0,63.0,32.0,0,0.5015625,0.0,16384.0,6400000.0,0.5273919092465753
1.0,1024.0,1.0,1.0,1.0,1.0,35.0,32.0,0,0.5015625,512.0,128.0,6400000.0,0.5273919092465753
1.0,1024.0,1.0,1.0,1.0,1.0,35.0,32.0,0,0.5015625,0.00195312,4096.0,6400000.0,0.5273919092465753
1.0,1024.0,1.0,1.0,1.0,1.0,35.0,32.0,0,0.5015625,0.03125,32768.0,6400000.0,0.5273919092465753
512.0,512.0,4.0,27.0,6287.0,6274.0,206683.0,938304.0,0,0.9890625,1.0,1.0,6400000.0,0.9796561582681018
1024.0,1024.0,1.0,7.0,2054.0,2048.0,66651.0,196608.0,0,0.940625,0.0078125,64.0,6400000.0,0.9409246575342465
1024.0,1024.0,2.0,32.0,4087.0,4055.0,133227.0,517728.0,0,0.9796875,0.125,0.0,6400000.0,0.9808287977005872
1024.0,1024.0,2.0,33.0,4078.0,4045.0,132908.0,516128.0,0,0.9796875,0.000976562,0.0,6400000.0,0.9812209515655577
1.0,1024.0,1.0,1.0,1.0,1.0,35.0,32.0,0,0.5015625,32768.0,32768.0,6400000.0,0.5273919092465753
1024.0,1024.0,1.0,27.0,2075.0,2048.0,66905.0,196608.0,0,0.95,0.0078125,0.0,6400000.0,0.9561781433463796
1.0,1024.0,1.0,1.0,1.0,1.0,35.0,32.0,0,0.5015625,32768.0,32.0,6400000.0,0.5273919092465753
1.0,1024.0,2.0,1.0,1.0,1.0,39.0,32.0,0,0.5015625,512.0,16384.0,6400000.0,0.5273919092465753
1.0,1024.0,1.0,1.0,1.0,1.0,35.0,32.0,0,0.5015625,256.0,8192.0,6400000.0,0.5273919092465753
1024.0,1024.0,2.0,8.0,4076.0,4068.0,133386.0,519808.0,0,0.959375,64.0,4.0,6400000.0,0.9444532778864969
1024.0,1024.0,2.0,5.0,2349.0,3144.0,77258.0,371968.0,0,0.940625,256.0,0.5,6400000.0,0.9409246575342465
1024.0,1024.0,2.0,8.0,4082.0,4074.0,133584.0,520768.0,0,0.959375,64.0,0.00390625,6400000.0,0.9518782106164382
1.0,1024.0,1.0,1.0,1.0,1.0,35.0,32.0,0,0.5015625,16.0,1024.0,6400000.0,0.5273919092465753
1.0,1024.0,2.0,1.0,1.0,1.0,39.0,32.0,0,0.5015625,4.0,16384.0,6400000.0,0.5273919092465753
1.0,1024.0,2.0,1.0,1.0,1.0,39.0,32.0,0,0.5015625,512.0,0.015625,6400000.0,0.5273919092465753
1024.0,1024.0,2.0,16.0,4096.0,4080.0,133873.0,521728.0,0,0.978125,8.0,8.0,6400000.0,0.9640105185909981
1024.0,1024.0,1.0,15.0,2063.0,2048.0,66772.0,196608.0,0,0.95,8.0,0.0625,6400000.0,0.9518751528864972
1.0,1024.0,2.0,1.0,1.0,1.0,39.0,32.0,0,0.5015625,1024.0,0.125,6400000.0,0.5273919092465753
1024.0,1024.0,1.0,8.0,2055.0,2048.0,66662.0,196608.0,0,0.9375,32.0,4.0,6400000.0,0.945622859589041
1.0,1024.0,2.0,1.0,1.0,1.0,39.0,32.0,0,0.5015625,1024.0,128.0,6400000.0,0.5273919092465753
1024.0,1024.0,1.0,15.0,2063.0,2048.0,66772.0,196608.0,0,0.95,8.0,0.0,6400000.0,0.9503126528864971
1.0,1024.0,2.0,1.0,1.0,1.0,39.0,32.0,0,0.5015625,2048.0,0.000976562,6400000.0,0.5273919092465753
1024.0,1024.0,1.0,27.0,2075.0,2048.0,66905.0,196608.0,0,0.95,0.000976562,0.000976562,6400000.0,0.9561781433463796
1.0,1024.0,2.0,1.0,1.0,1.0,39.0,32.0,0,0.5015625,32.0,4096.0,6400000.0,0.5273919092465753
1.0,1024.0,2.0,1.0,1.0,1.0,39.0,32.0,0,0.5015625,2048.0,1024.0,6400000.0,0.5273919092465753
1024.0,1024.0,2.0,5.0,2349.0,3144.0,77258.0,371968.0,0,0.940625,2.0,256.0,6400000.0,0.9409246575342465
1.0,1024.0,4.0,1.0,1.0,1.0,63.0,32.0,0,0.5015625,0.00390625,4096.0,6400000.0,0.5273919092465753
1.0,1024.0,2.0,1.0,1.0,1.0,39.0,32.0,0,0.5015625,2048.0,1.0,6400000.0,0.5273919092465753
1024.0,1024.0,1.0,5.0,1544.0,2048.0,50372.0,196608.0,0,0.940625,256.0,0.0078125,6400000.0,0.9409246575342465
1.0,1024.0,2.0,1.0,1.0,1.0,39.0,32.0,0,0.5015625,256.0,1024.0,6400000.0,0.5273919092465753
1.0,1024.0,2.0,1.0,1.0,1.0,39.0,32.0,0,0.5015625,4096.0,0.0078125,6400000.0,0.5273919092465753
1.0,1024.0,4.0,1.0,1.0,1.0,63.0,32.0,0,0.5015625,0.0625,4096.0,6400000.0,0.5273919092465753
1.0,1024.0,1.0,1.0,1.0,1.0,35.0,32.0,0,0.5015625,2.0,4096.0,6400000.0,0.5273919092465753
1.0,1024.0,2.0,1.0,1.0,1.0,39.0,32.0,0,0.5015625,512.0,16.0,6400000.0,0.5273919092465753
1024.0,1024.0,1.0,5.0,1549.0,2048.0,50532.0,196608.0,0,0.940625,128.0,0.00195312,6400000.0,0.9409246575342465
1.0,1024.0,1.0,1.0,1.0,1.0,35.0,32.0,0,0.5015625,128.0,512.0,6400000.0,0.5273919092465753
1024.0,1024.0,1.0,11.0,2059.0,2048.0,66728.0,196608.0,0,0.95,4.0,8.0,6400000.0,0.946401816291585
1024.0,1024.0,1.0,10.0,2058.0,2048.0,66717.0,196608.0,0,0.9453125,0.0,16.0,6400000.0,0.9479673740215263
1.0,1024.0,2.0,1.0,1.0,1.0,39.0,32.0,0,0.5015625,4096.0,8.0,6400000.0,0.5273919092465753
1024.0,1024.0,1.0,27.0,2075.0,2048.0,66905.0,196608.0,0,0.95,0.0,0.015625,6400000.0,0.9561781433463796
1.0,1024.0,2.0,1.0,1.0,1.0,39.0,32.0,0,0.5015625,4096.0,8192.0,6400000.0,0.5273919092465753
1024.0,1024.0,2.0,25.0,4086.0,4061.0,133348.0,518688.0,0,0.978125,0.0,2.0,6400000.0,0.9808295621330723
1024.0,1024.0,1.0,9.0,2056.0,2048.0,66704.0,196608.0,0,0.9453125,0.0625,32.0,6400000.0,0.945622859589041
1.0,1024.0,2.0,1.0,1.0,1.0,39.0,32.0,0,0.5015625,8192.0,0.0625,6400000.0,0.5273919092465753
1.0,1024.0,2.0,1.0,1.0,1.0,39.0,32.0,0,0.5015625,0.25,2048.0,6400000.0,0.5273919092465753
1.0,1024.0,2.0,1.0,1.0,1.0,39.0,32.0,0,0.5015625,0.03125,16384.0,6400000.0,0.5273919092465753
1024.0,1024.0,1.0,25.0,2073.0,2048.0,66883.0,196608.0,0,0.95,1.0,0.000976562,6400000.0,0.9573523116438356
1.0,1024.0,2.0,1.0,1.0,1.0,39.0,32.0,0,0.5015625,16384.0,0.0,6400000.0,0.5273919092465753
1024.0,1024.0,1.0,21.0,2069.0,2048.0,66839.0,196608.0,0,0.959375,2.0,0.00390625,6400000.0,0.9581335616438356
1.0,1024.0,2.0,1.0,1.0,1.0,39.0,32.0,0,0.5015625,8192.0,64.0,6400000.0,0.5273919092465753
1024.0,1024.0,1.0,5.0,1549.0,2048.0,50532.0,196608.0,0,0.940625,128.0,0.5,6400000.0,0.9409246575342465
1.0,1024.0,4.0,1.0,1.0,1.0,63.0,32.0,0,0.5015625,0.5,1024.0,6400000.0,0.5273919092465753
1.0,1024.0,4.0,1.0,1.0,1.0,63.0,32.0,0,0.5015625,1.0,8192.0,6400000.0,0.5273919092465753
1024.0,1024.0,1.0,27.0,2075.0,2048.0,66905.0,196608.0,0,0.95,0.00195312,0.00390625,6400000.0,0.9561781433463796
1.0,1024.0,1.0,1.0,1.0,1.0,35.0,32.0,0,0.5015625,0.125,512.0,6400000.0,0.5273919092465753
1024.0,1024.0,4.0,8.0,7056.0,7692.0,232566.0,1099648.0,0,0.95,0.00195312,64.0,6400000.0,0.9393636863992171
1.0,1024.0,2.0,1.0,1.0,1.0,39.0,32.0,0,0.5015625,16384.0,0.5,6400000.0,0.5273919092465753
1024.0,1024.0,2.0,19.0,4105.0,4086.0,134107.0,522688.0,0,0.978125,8.0,0.0078125,6400000.0,0.9757460861056751
1.0,1024.0,1.0,1.0,1.0,1.0,35.0,32.0,0,0.5015625,32.0,32768.0,6400000.0,0.5273919092465753
1.0,1024.0,4.0,1.0,1.0,1.0,63.0,32.0,0,0.5015625,0.0078125,32768.0,6400000.0,0.5273919092465753
1.0,1024.0,2.0,1.0,1.0,1.0,39.0,32.0,0,0.5015625,32768.0,0.00390625,6400000.0,0.5273919092465753
1.0,1024.0,2.0,1.0,1.0,1.0,39.0,32.0,0,0.5015625,16384.0,512.0,6400000.0,0.5273919092465753
1.0,1024.0,1.0,1.0,1.0,1.0,35.0,32.0,0,0.5015625,0.25,16384.0,6400000.0,0.5273919092465753
1024.0,1024.0,1.0,5.0,1549.0,2048.0,50532.0,196608.0,0,0.940625,64.0,64.0,6400000.0,0.9409246575342465
1.0,1024.0,1.0,1.0,1.0,1.0,35.0,32.0,0,0.5015625,0.015625,2048.0,6400000.0,0.5273919092465753
1024.0,1024.0,2.0,6.0,3494.0,3494.0,114230.0,427968.0,0,0.940625,128.0,0.0,6400000.0,0.9409246575342465
1024.0,1024.0,1.0,25.0,2073.0,2048.0,66883.0,196608.0,0,0.95,0.5,0.015625,6400000.0,0.9561789077788649
1024.0,1024.0,1.0,5.0,1557.0,2048.0,50788.0,196608.0,0,0.940625,256.0,4.0,6400000.0,0.9409246575342465
1.0,1024.0,4.0,1.0,1.0,1.0,63.0,32.0,0,0.5015625,0.125,32768.0,6400000.0,0.5273919092465753
1024.0,1024.0,1.0,10.0,2058.0,2048.0,66717.0,196608.0,0,0.9453125,0.5,16.0,6400000.0,0.9479673740215263
1.0,1024.0,2.0,1.0,1.0,1.0,39.0,32.0,0,0.5015625,32768.0,4.0,6400000.0,0.5273919092465753
1.0,1024.0,2.0,1.0,1.0,1.0,39.0,32.0,0,0.5015625,32768.0,4096.0,6400000.0,0.5273919092465753
1024.0,1024.0,2.0,20.0,4106.0,4086.0,134118.0,522688.0,0,0.978125,0.0625,4.0,6400000.0,0.9792640044031311
1024.0,1024.0,1.0,27.0,2075.0,2048.0,66905.0,196608.0,0,0.95,0.03125,0.0078125,6400000.0,0.9561781433463796
1024.0,1024.0,1.0,7.0,2054.0,2048.0,66651.0,196608.0,0,0.940625,64.0,0.0625,6400000.0,0.9409246575342465
1.0,1024.0,2.0,1.0,1.0,1.0,39.0,32.0,0,0.5015625,0.00195312,1024.0,6400000.0,0.5273919092465753
1.0,1024.0,4.0,1.0,1.0,1.0,63.0,32.0,0,0.5015625,4.0,512.0,6400000.0,0.5273919092465753
1024.0,1024.0,1.0,16.0,2064.0,2048.0,66783.0,196608.0,0,0.9484375,4.0,0.015625,6400000.0,0.9538321000489237
1.0,1024.0,4.0,1.0,1.0,1.0,63.0,32.0,0,0.5015625,8.0,4096.0,6400000.0,0.5273919092465753
1024.0,1024.0,1.0,5.0,1544.0,2048.0,50372.0,196608.0,0,0.940625,0.000976562,256.0,6400000.0,0.9409246575342465
1.0,1024.0,4.0,1.0,1.0,1.0,63.0,32.0,0,0.5015625,0.0,32768.0,6400000.0,0.5273919092465753
1.0,1024.0,4.0,1.0,1.0,1.0,63.0,32.0,0,0.5015625,16.0,32768.0,6400000.0,0.5273919092465753
1024.0,1024.0,1.0,10.0,2058.0,2048.0,66717.0,196608.0,0,0.9453125,16.0,0.00390625,6400000.0,0.9452276479941292
1.0,1024.0,1.0,1.0,1.0,1.0,35.0,32.0,0,0.5015625,0.00195312,8192.0,6400000.0,0.5273919092465753
1024.0,1024.0,1.0,26.0,2074.0,2048.0,66894.0,196608.0,0,0.95,0.125,0.00195312,6400000.0,0.9565695327788649
1024.0,1024.0,1.0,15.0,2063.0,2048.0,66772.0,196608.0,0,0.95,0.00390625,8.0,6400000.0,0.9503126528864971
1024.0,1024.0,2.0,31.0,4072.0,4041.0,132754.0,515488.0,0,0.9796875,0.00390625,1.0,6400000.0,0.9820044948630138
1024.0,1024.0,4.0,6.0,5109.0,5126.0,167738.0,689088.0,0,0.940625,0.25,128.0,6400000.0,0.9409246575342465
1.0,1024.0,1.0,1.0,1.0,1.0,35.0,32.0,0,0.5015625,256.0,16384.0,6400000.0,0.5273919092465753
1.0,1024.0,1.0,1.0,1.0,1.0,35.0,32.0,0,0.5015625,16.0,2048.0,6400000.0,0.5273919092465753
1.0,1024.0,2.0,1.0,1.0,1.0,39.0,32.0,0,0.5015625,512.0,32768.0,6400000.0,0.5273919092465753
1024.0,1024.0,2.0,31.0,4073.0,4042.0,132787.0,515648.0,0,0.978125,0.25,0.000976562,6400000.0,0.9812201871330725
1024.0,1024.0,1.0,19.0,2067.0,2048.0,66817.0,196608.0,0,0.9515625,2.0,1.0,6400000.0,0.955397657778865
1.0,1024.0,2.0,1.0,1.0,1.0,39.0,32.0,0,0.5015625,4.0,32768.0,6400000.0,0.5273919092465753
1024.0,1024.0,2.0,33.0,4075.0,4042.0,132809.0,515648.0,0,0.98125,0.00195312,0.000976562,6400000.0,0.9816115765655576
1.0,1024.0,4.0,1.0,1.0,1.0,63.0,32.0,0,0.5015625,0.03125,512.0,6400000.0,0.5273919092465753
1024.0,1024.0,2.0,20.0,4107.0,4087.0,134151.0,522848.0,0,0.978125,4.0,1.0,6400000.0,0.9773070572407045
1024.0,1024.0,2.0,9.0,4089.0,4080.0,133793.0,521728.0,0,0.9625,0.000976562,32.0,6400000.0,0.9620543358610567
1.0,1024.0,2.0,1.0,1.0,1.0,39.0,32.0,0,0.5015625,1024.0,0.25,6400000.0,0.5273919092465753
1.0,1024.0,2.0,1.0,1.0,1.0,39.0,32.0,0,0.5015625,1024.0,256.0,6400000.0,0.5273919092465753
1.0,1024.0,2.0,1.0,1.0,1.0,39.0,32.0,0,0.5015625,512.0,0.03125,6400000.0,0.5273919092465753
1024.0,1024.0,4.0,21.0,11237.0,11230.0,369669.0,1665728.0,0,0.9828125,0.000976562,8.0,6400000.0,0.9800475477005872
1.0,1024.0,4.0,1.0,1.0,1.0,63.0,32.0,0,0.5015625,64.0,2048.0,6400000.0,0.5273919092465753
1024.0,1024.0,1.0,5.0,1544.0,2048.0,50372.0,196608.0,0,0.940625,1.0,256.0,6400000.0,0.9409246575342465
1024.0,1024.0,1.0,5.0,1571.0,2048.0,51236.0,196608.0,0,0.940625,8.0,128.0,6400000.0,0.9409246575342465
1.0,1024.0,2.0,1.0,1.0,1.0,39.0,32.0,0,0.5015625,32.0,8192.0,6400000.0,0.5273919092465753
1024.0,1024.0,2.0,5.0,2349.0,3144.0,77258.0,371968.0,0,0.940625,256.0,0.00195312,6400000.0,0.9409246575342465
1.0,1024.0,2.0,1.0,1.0,1.0,39.0,32.0,0,0.5015625,2048.0,0.00195312,6400000.0,0.5273919092465753
1024.0,1024.0,2.0,30.0,4094.0,4064.0,133502.0,519168.0,0,0.9796875,1.0,0.0,6400000.0,0.9812209515655578
1024.0,1024.0,2.0,9.0,4094.0,4085.0,133958.0,522528.0,0,0.9625,32.0,0.00195312,6400000.0,0.9655768407534246
1.0,1024.0,4.0,1.0,1.0,1.0,63.0,32.0,0,0.5015625,0.00390625,8192.0,6400000.0,0.5273919092465753
1.0,1024.0,2.0,1.0,1.0,1.0,39.0,32.0,0,0.5015625,2048.0,2048.0,6400000.0,0.5273919092465753
1024.0,1024.0,4.0,11.0,9202.0,9200.0,302714.0,1340928.0,0,0.96875,0.015625,32.0,6400000.0,0.965575311888454
1.0,1024.0,2.0,1.0,1.0,1.0,39.0,32.0,0,0.5015625,2048.0,2.0,6400000.0,0.5273919092465753
1024.0,1024.0,2.0,33.0,4075.0,4042.0,132809.0,515648.0,0,0.98125,0.0,0.00195312,6400000.0,0.9812209515655577
1024.0,1024.0,2.0,8.0,3862.0,3858.0,126328.0,486208.0,0,0.95,0.125,64.0,6400000.0,0.9377981286692758
1.0,1024.0,2.0,1.0,1.0,1.0,39.0,32.0,0,0.5015625,4096.0,0.015625,6400000.0,0.5273919092465753
1024.0,1024.0,1.0,16.0,2064.0,2048.0,66783.0,196608.0,0,0.9484375,0.03125,4.0,6400000.0,0.9538321000489237
1024.0,1024.0,2.0,5.0,2359.0,3145.0,77579.0,372128.0,0,0.940625,16.0,128.0,6400000.0,0.9409246575342465
1024.0,1024.0,1.0,9.0,2057.0,2048.0,66705.0,196608.0,0,0.94375,32.0,0.015625,6400000.0,0.945622859589041
1024.0,1024.0,1.0,10.0,2058.0,2048.0,66717.0,196608.0,0,0.9453125,16.0,1.0,6400000.0,0.9452276479941292
1.0,1024.0,2.0,1.0,1.0,1.0,39.0,32.0,0,0.5015625,256.0,2048.0,6400000.0,0.5273919092465753
1.0,1024.0,4.0,1.0,1.0,1.0,63.0,32.0,0,0.5015625,0.0625,8192.0,6400000.0,0.5273919092465753
1.0,1024.0,1.0,1.0,1.0,1.0,35.0,32.0,0,0.5015625,2.0,8192.0,6400000.0,0.5273919092465753
1024.0,1024.0,1.0,5.0,1549.0,2048.0,50532.0,196608.0,0,0.940625,0.0078125,128.0,6400000.0,0.9409246575342465
1024.0,1024.0,2.0,33.0,4090.0,4057.0,133304.0,518048.0,0,0.9796875,0.000976562,0.015625,6400000.0,0.9808295621330725
1024.0,1024.0,2.0,32.0,4087.0,4055.0,133227.0,517728.0,0,0.9796875,0.00195312,0.125,6400000.0,0.9816108121330723
1.0,1024.0,2.0,1.0,1.0,1.0,39.0,32.0,0,0.5015625,512.0,32.0,6400000.0,0.5273919092465753
1.0,1024.0,1.0,1.0,1.0,1.0,35.0,32.0,0,0.5015625,128.0,1024.0,6400000.0,0.5273919092465753
1024.0,1024.0,1.0,25.0,2073.0,2048.0,66883.0,196608.0,0,0.9515625,0.00195312,1.0,6400000.0,0.9573523116438356
1024.0,1024.0,2.0,25.0,4111.0,4086.0,134173.0,522688.0,0,0.9796875,0.5,2.0,6400000.0,0.9804397015655576
1.0,1024.0,2.0,1.0,1.0,1.0,39.0,32.0,0,0.5015625,4096.0,16.0,6400000.0,0.5273919092465753
1024.0,1024.0,1.0,23.0,2071.0,2048.0,66861.0,196608.0,0,0.959375,1.0,0.125,6400000.0,0.9581350905088062
1.0,1024.0,2.0,1.0,1.0,1.0,39.0,32.0,0,0.5015625,4096.0,16384.0,6400000.0,0.5273919092465753
1.0,1024.0,2.0,1.0,1.0,1.0,39.0,32.0,0,0.5015625,8192.0,0.125,6400000.0,0.5273919092465753
1.0,1024.0,2.0,1.0,1.0,1.0,39.0,32.0,0,0.5015625,0.25,4096.0,6400000.0,0.5273919092465753
1024.0,1024.0,1.0,26.0,2074.0,2048.0,66894.0,196608.0,0,0.95,0.000976562,0.125,6400000.0,0.9565695327788649
1.0,1024.0,2.0,1.0,1.0,1.0,39.0,32.0,0,0.5015625,0.03125,32768.0,6400000.0,0.5273919092465753
1.0,1024.0,2.0,1.0,1.0,1.0,39.0,32.0,0,0.5015625,16384.0,0.000976562,6400000.0,0.5273919092465753
1.0,1024.0,4.0,1.0,1.0,1.0,63.0,32.0,0,0.5015625,128.0,16384.0,6400000.0,0.5273919092465753
1.0,1024.0,2.0,1.0,1.0,1.0,39.0,32.0,0,0.5015625,8192.0,128.0,6400000.0,0.5273919092465753
1024.0,1024.0,2.0,5.0,2349.0,3144.0,77258.0,371968.0,0,0.940625,0.015625,256.0,6400000.0,0.9409246575342465
1.0,1024.0,4.0,1.0,1.0,1.0,63.0,32.0,0,0.5015625,0.5,2048.0,6400000.0,0.5273919092465753
1.0,1024.0,4.0,1.0,1.0,1.0,63.0,32.0,0,0.5015625,1.0,16384.0,6400000.0,0.5273919092465753
1.0,1024.0,1.0,1.0,1.0,1.0,35.0,32.0,0,0.5015625,0.125,1024.0,6400000.0,0.5273919092465753
1.0,1024.0,2.0,1.0,1.0,1.0,39.0,32.0,0,0.5015625,16384.0,1.0,6400000.0,0.5273919092465753
1024.0,1024.0,2.0,5.0,2349.0,3144.0,77258.0,371968.0,0,0.940625,128.0,128.0,6400000.0,0.9409246575342465
1024.0,1024.0,1.0,25.0,2073.0,2048.0,66883.0,196608.0,0,0.95,0.015625,0.5,6400000.0,0.9565695327788649
1024.0,1024.0,1.0,21.0,2069.0,2048.0,66839.0,196608.0,0,0.959375,0.25,2.0,6400000.0,0.9565695327788649
1024.0,1024.0,1.0,27.0,2075.0,2048.0,66905.0,196608.0,0,0.95,0.00390625,0.015625,6400000.0,0.9561781433463796
1024.0,1024.0,2.0,33.0,4090.0,4057.0,133304.0,518048.0,0,0.9796875,0.0078125,0.0078125,6400000.0,0.9796553938356165
1024.0,1024.0,2.0,6.0,3494.0,3494.0,114230.0,427968.0,0,0.940625,128.0,0.125,6400000.0,0.9409246575342465
1.0,1024.0,2.0,1.0,1.0,1.0,39.0,32.0,0,0.5015625,16384.0,1024.0,6400000.0,0.5273919092465753
1.0,1024.0,2.0,1.0,1.0,1.0,39.0,32.0,0,0.5015625,32768.0,0.0078125,6400000.0,0.5273919092465753
1.0,1024.0,2.0,1.0,1.0,1.0,39.0,32.0,0,0.5015625,2.0,512.0,6400000.0,0.5273919092465753
1024.0,1024.0,1.0,27.0,2075.0,2048.0,66905.0,196608.0,0,0.95,0.015625,0.00390625,6400000.0,0.9561781433463796
1024.0,1024.0,4.0,5.0,4389.0,5072.0,144650.0,680448.0,0,0.940625,32.0,256.0,6400000.0,0.9409246575342465
1024.0,1024.0,1.0,27.0,2075.0,2048.0,66905.0,196608.0,0,0.95,0.0078125,0.0625,6400000.0,0.9565695327788649
1.0,1024.0,1.0,1.0,1.0,1.0,35.0,32.0,0,0.5015625,0.015625,4096.0,6400000.0,0.5273919092465753
1024.0,1024.0,1.0,8.0,2055.0,2048.0,66662.0,196608.0,0,0.9375,32.0,8.0,6400000.0,0.945622859589041
1024.0,1024.0,1.0,15.0,2063.0,2048.0,66772.0,196608.0,0,0.95,8.0,0.125,6400000.0,0.9518751528864972
1.0,1024.0,4.0,1.0,1.0,1.0,63.0,32.0,0,0.5015625,512.0,0.000976562,6400000.0,0.5273919092465753
1.0,1024.0,2.0,1.0,1.0,1.0,39.0,32.0,0,0.5015625,32768.0,8.0,6400000.0,0.5273919092465753
1.0,1024.0,2.0,1.0,1.0,1.0,39.0,32.0,0,0.5015625,32768.0,8192.0,6400000.0,0.5273919092465753
1024.0,1024.0,1.0,25.0,2073.0,2048.0,66883.0,196608.0,0,0.95,0.125,0.25,6400000.0,0.9565702972113502
1024.0,1024.0,1.0,26.0,2074.0,2048.0,66894.0,196608.0,0,0.95,0.25,0.0078125,6400000.0,0.9565687683463796
1024.0,1024.0,1.0,5.0,1544.0,2048.0,50372.0,196608.0,0,0.940625,256.0,0.015625,6400000.0,0.9409246575342465
1.0,1024.0,2.0,1.0,1.0,1.0,39.0,32.0,0,0.5015625,0.00195312,2048.0,6400000.0,0.5273919092465753
1024.0,1024.0,2.0,5.0,2349.0,3144.0,77258.0,371968.0,0,0.940625,256.0,1.0,6400000.0,0.9409246575342465
1024.0,1024.0,1.0,27.0,2075.0,2048.0,66905.0,196608.0,0,0.95,0.0625,0.03125,6400000.0,0.9565695327788649
1.0,1024.0,4.0,1.0,1.0,1.0,63.0,32.0,0,0.5015625,8.0,8192.0,6400000.0,0.5273919092465753
1.0,1024.0,4.0,1.0,1.0,1.0,63.0,32.0,0,0.5015625,512.0,1.0,6400000.0,0.5273919092465753
1024.0,1024.0,2.0,31.0,4092.0,4061.0,133414.0,518688.0,0,0.9796875,0.03125,0.5,6400000.0,0.9820037304305285
1024.0,1024.0,2.0,32.0,4090.0,4058.0,133326.0,518208.0,0,0.9796875,0.015625,0.0625,6400000.0,0.980828797700587
1.0,1024.0,4.0,1.0,1.0,1.0,63.0,32.0,0,0.5015625,512.0,1024.0,6400000.0,0.5273919092465753
1.0,1024.0,4.0,1.0,1.0,1.0,63.0,32.0,0,0.5015625,4.0,1024.0,6400000.0,0.5273919092465753
1024.0,1024.0,2.0,30.0,4095.0,4065.0,133535.0,519328.0,0,0.9796875,1.0,0.015625,6400000.0,0.9800483121330725
1.0,1024.0,4.0,1.0,1.0,1.0,63.0,32.0,0,0.5015625,1024.0,0.0078125,6400000.0,0.5273919092465753
1024.0,1024.0,2.0,25.0,4112.0,4087.0,134206.0,522848.0,0,0.978125,2.0,0.125,6400000.0,0.9796569227005871
1024.0,1024.0,2.0,9.0,4094.0,4085.0,133958.0,522528.0,0,0.9625,32.0,1.0,6400000.0,0.9655768407534246
1024.0,1024.0,1.0,5.0,1534.0,2048.0,50052.0,196608.0,0,0.940625,128.0,1.0,6400000.0,0.9409246575342465
1.0,1024.0,1.0,1.0,1.0,1.0,35.0,32.0,0,0.5015625,16.0,4096.0,6400000.0,0.5273919092465753
1.0,1024.0,2.0,1.0,1.0,1.0,39.0,32.0,0,0.5015625,1024.0,0.0,6400000.0,0.5273919092465753
1024.0,1024.0,1.0,7.0,2054.0,2048.0,66651.0,196608.0,0,0.940625,0.0625,64.0,6400000.0,0.9409246575342465
1.0,1024.0,4.0,1.0,1.0,1.0,63.0,32.0,0,0.5015625,1024.0,8.0,6400000.0,0.5273919092465753
1024.0,1024.0,1.0,10.0,2058.0,2048.0,66717.0,196608.0,0,0.9453125,4.0,16.0,6400000.0,0.9561865521037181
1024.0,1024.0,2.0,15.0,4097.0,4082.0,133928.0,522048.0,0,0.9734375,16.0,0.000976562,6400000.0,0.9644026724559687
1024.0,1024.0,1.0,9.0,2056.0,2048.0,66704.0,196608.0,0,0.9453125,0.0,32.0,6400000.0,0.945622859589041
1024.0,1024.0,2.0,31.0,4076.0,4045.0,132886.0,516128.0,0,0.978125,0.5,0.00195312,6400000.0,0.9796553938356164
1.0,1024.0,1.0,1.0,1.0,1.0,35.0,32.0,0,0.5015625,0.000976562,512.0,6400000.0,0.5273919092465753
1.0,1024.0,2.0,1.0,1.0,1.0,39.0,32.0,0,0.5015625,1024.0,0.5,6400000.0,0.5273919092465753
1.0,1024.0,4.0,1.0,1.0,1.0,63.0,32.0,0,0.5015625,0.03125,1024.0,6400000.0,0.5273919092465753
1.0,1024.0,4.0,1.0,1.0,1.0,63.0,32.0,0,0.5015625,1024.0,8192.0,6400000.0,0.5273919092465753
1024.0,1024.0,2.0,31.0,4076.0,4045.0,132886.0,516128.0,0,0.978125,0.25,0.25,6400000.0,0.981612340998043
1024.0,1024.0,2.0,33.0,4090.0,4057.0,133304.0,518048.0,0,0.9796875,0.0078125,0.0,6400000.0,0.9812209515655577
1024.0,1024.0,2.0,25.0,4115.0,4090.0,134305.0,523328.0,0,0.9765625,2.0,0.000976562,6400000.0,0.9800467832681017
1024.0,1024.0,1.0,5.0,1513.0,2048.0,49380.0,196608.0,0,0.940625,64.0,128.0,6400000.0,0.9409246575342465
1.0,1024.0,4.0,1.0,1.0,1.0,63.0,32.0,0,0.5015625,2048.0,0.0625,6400000.0,0.5273919092465753
1.0,1024.0,2.0,1.0,1.0,1.0,39.0,32.0,0,0.5015625,1024.0,512.0,6400000.0,0.5273919092465753
1024.0,1024.0,1.0,5.0,1527.0,2048.0,49828.0,196608.0,0,0.940625,256.0,8.0,6400000.0,0.9409246575342465
1.0,1024.0,4.0,1.0,1.0,1.0,63.0,32.0,0,0.5015625,64.0,4096.0,6400000.0,0.5273919092465753
1024.0,1024.0,4.0,5.0,4396.0,5083.0,144885.0,682208.0,0,0.940625,128.0,16.0,6400000.0,0.9409246575342465
1024.0,1024.0,2.0,32.0,4078.0,4046.0,132930.0,516288.0,0,0.98125,0.0625,0.00390625,6400000.0,0.980828797700587
1.0,1024.0,2.0,1.0,1.0,1.0,39.0,32.0,0,0.5015625,32.0,16384.0,6400000.0,0.5273919092465753
1024.0,1024.0,2.0,20.0,4107.0,4087.0,134151.0,522848.0,0,0.978125,4.0,0.00195312,6400000.0,0.9800467832681017
1.0,1024.0,2.0,1.0,1.0,1.0,39.0,32.0,0,0.5015625,2048.0,0.00390625,6400000.0,0.5273919092465753
1.0,1024.0,2.0,1.0,1.0,1.0,39.0,32.0,0,0.5015625,512.0,0.0625,6400000.0,0.5273919092465753
1.0,1024.0,2.0,1.0,1.0,1.0,39.0,32.0,0,0.5015625,2048.0,4096.0,6400000.0,0.5273919092465753
1024.0,1024.0,4.0,6.0,5197.0,5216.0,170644.0,703488.0,0,0.940625,128.0,0.015625,6400000.0,0.9409246575342465
1.0,1024.0,4.0,1.0,1.0,1.0,63.0,32.0,0,0.5015625,0.00390625,16384.0,6400000.0,0.5273919092465753
1024.0,1024.0,1.0,7.0,2054.0,2048.0,66651.0,196608.0,0,0.940625,64.0,0.125,6400000.0,0.9409246575342465
1.0,1024.0,2.0,1.0,1.0,1.0,39.0,32.0,0,0.5015625,2048.0,4.0,6400000.0,0.5273919092465753
1024.0,1024.0,4.0,5.0,4396.0,5083.0,144885.0,682208.0,0,0.940625,256.0,0.125,6400000.0,0.9409246575342465
1.0,1024.0,4.0,1.0,1.0,1.0,63.0,32.0,0,0.5015625,2048.0,64.0,6400000.0,0.5273919092465753
1024.0,1024.0,2.0,32.0,4087.0,4055.0,133227.0,517728.0,0,0.9796875,0.125,0.03125,6400000.0,0.9808295621330725
1.0,1024.0,2.0,1.0,1.0,1.0,39.0,32.0,0,0.5015625,4096.0,0.03125,6400000.0,0.5273919092465753
1.0,1024.0,2.0,1.0,1.0,1.0,39.0,32.0,0,0.5015625,256.0,4096.0,6400000.0,0.5273919092465753
1024.0,1024.0,1.0,21.0,2069.0,2048.0,66839.0,196608.0,0,0.959375,2.0,0.0078125,6400000.0,0.9581335616438356
1.0,1024.0,4.0,1.0,1.0,1.0,63.0,32.0,0,0.5015625,0.0625,16384.0,6400000.0,0.5273919092465753
1.0,1024.0,4.0,1.0,1.0,1.0,63.0,32.0,0,0.5015625,4096.0,0.0,6400000.0,0.5273919092465753
1024.0,1024.0,2.0,9.0,4089.0,4080.0,133793.0,521728.0,0,0.9625,1.0,32.0,6400000.0,0.9632285041585126
1024.0,1024.0,1.0,9.0,2056.0,2048.0,66704.0,196608.0,0,0.9453125,0.5,32.0,6400000.0,0.945622859589041
1.0,1024.0,1.0,1.0,1.0,1.0,35.0,32.0,0,0.5015625,1.0,512.0,6400000.0,0.5273919092465753
1.0,1024.0,1.0,1.0,1.0,1.0,35.0,32.0,0,0.5015625,128.0,2048.0,6400000.0,0.5273919092465753
1.0,1024.0,2.0,1.0,1.0,1.0,39.0,32.0,0,0.5015625,4096.0,32.0,6400000.0,0.5273919092465753
1024.0,1024.0,2.0,33.0,4087.0,4054.0,133205.0,517568.0,0,0.9796875,0.00390625,0.00195312,6400000.0,0.9820029659980432
1.0,1024.0,2.0,1.0,1.0,1.0,39.0,32.0,0,0.5015625,4096.0,32768.0,6400000.0,0.5273919092465753
1.0,1024.0,2.0,1.0,1.0,1.0,39.0,32.0,0,0.5015625,512.0,64.0,6400000.0,0.5273919092465753
1.0,1024.0,2.0,1.0,1.0,1.0,39.0,32.0,0,0.5015625,0.25,8192.0,6400000.0,0.5273919092465753
1024.0,1024.0,1.0,27.0,2075.0,2048.0,66905.0,196608.0,0,0.95,0.0,0.03125,6400000.0,0.9561781433463796
1.0,1024.0,2.0,1.0,1.0,1.0,39.0,32.0,0,0.5015625,8192.0,0.25,6400000.0,0.5273919092465753
1.0,1024.0,2.0,1.0,1.0,1.0,39.0,32.0,0,0.5015625,16384.0,0.00195312,6400000.0,0.5273919092465753
1.0,1024.0,4.0,1.0,1.0,1.0,63.0,32.0,0,0.5015625,128.0,32768.0,6400000.0,0.5273919092465753
1.0,1024.0,4.0,1.0,1.0,1.0,63.0,32.0,0,0.5015625,0.5,4096.0,6400000.0,0.5273919092465753
1024.0,1024.0,2.0,6.0,3494.0,3494.0,114230.0,427968.0,0,0.940625,128.0,0.000976562,6400000.0,0.9409246575342465
1024.0,1024.0,2.0,15.0,4097.0,4082.0,133928.0,522048.0,0,0.9734375,16.0,0.125,6400000.0,0.9644026724559687
1.0,1024.0,4.0,1.0,1.0,1.0,63.0,32.0,0,0.5015625,1.0,32768.0,6400000.0,0.5273919092465753
1.0,1024.0,2.0,1.0,1.0,1.0,39.0,32.0,0,0.5015625,8192.0,256.0,6400000.0,0.5273919092465753
1024.0,1024.0,1.0,27.0,2075.0,2048.0,66905.0,196608.0,0,0.95,0.00195312,0.0078125,6400000.0,0.9561781433463796
1024.0,1024.0,2.0,8.0,3889.0,3881.0,127215.0,489888.0,0,0.959375,64.0,8.0,6400000.0,0.9471930039138943
1.0,1024.0,1.0,1.0,1.0,1.0,35.0,32.0,0,0.5015625,0.125,2048.0,6400000.0,0.5273919092465753
1.0,1024.0,2.0,1.0,1.0,1.0,39.0,32.0,0,0.5015625,16384.0,2.0,6400000.0,0.5273919092465753
1024.0,1024.0,1.0,10.0,2058.0,2048.0,66717.0,196608.0,0,0.9453125,0.00390625,16.0,6400000.0,0.9479673740215263
1024.0,1024.0,1.0,16.0,2064.0,2048.0,66783.0,196608.0,0,0.9484375,4.0,0.03125,6400000.0,0.9538321000489237
1.0,1024.0,2.0,1.0,1.0,1.0,39.0,32.0,0,0.5015625,16384.0,2048.0,6400000.0,0.5273919092465753
1024.0,1024.0,2.0,33.0,4090.0,4057.0,133304.0,518048.0,0,0.9796875,0.015625,0.000976562,6400000.0,0.9796553938356165
1024.0,1024.0,1.0,5.0,1527.0,2048.0,49828.0,196608.0,0,0.940625,8.0,256.0,6400000.0,0.9409246575342465
1.0,1024.0,2.0,1.0,1.0,1.0,39.0,32.0,0,0.5015625,32768.0,0.015625,6400000.0,0.5273919092465753
1.0,1024.0,2.0,1.0,1.0,1.0,39.0,32.0,0,0.5015625,2.0,1024.0,6400000.0,0.5273919092465753
1024.0,1024.0,1.0,25.0,2073.0,2048.0,66883.0,196608.0,0,0.95,0.5,0.03125,6400000.0,0.9573523116438356
1.0,1024.0,4.0,1.0,1.0,1.0,63.0,32.0,0,0.5015625,4096.0,0.5,6400000.0,0.5273919092465753
1.0,1024.0,2.0,1.0,1.0,1.0,39.0,32.0,0,0.5015625,32768.0,16.0,6400000.0,0.5273919092465753
1.0,1024.0,2.0,1.0,1.0,1.0,39.0,32.0,0,0.5015625,32768.0,16384.0,6400000.0,0.5273919092465753
1024.0,1024.0,2.0,12.0,4020.0,4008.0,131453.0,510208.0,0,0.96875,8.0,16.0,6400000.0,0.9644026724559687
1024.0,1024.0,2.0,8.0,4082.0,4074.0,133584.0,520768.0,0,0.959375,64.0,0.0078125,6400000.0,0.9518782106164382
1024.0,1024.0,2.0,13.0,4081.0,4068.0,133444.0,519808.0,0,0.96875,0.0078125,16.0,6400000.0,0.9647932974559688
1024.0,1024.0,1.0,27.0,2075.0,2048.0,66905.0,196608.0,0,0.95,0.03125,0.015625,6400000.0,0.9561781433463796
1024.0,1024.0,1.0,16.0,2064.0,2048.0,66783.0,196608.0,0,0.9484375,2.0,2.0,6400000.0,0.9538321000489237
1.0,1024.0,2.0,1.0,1.0,1.0,39.0,32.0,0,0.5015625,0.00195312,4096.0,6400000.0,0.5273919092465753
1024.0,1024.0,4.0,5.0,2509.0,3384.0,82786.0,410368.0,0,0.940625,256.0,128.0,6400000.0,0.9033657962328766
1.0,1024.0,4.0,1.0,1.0,1.0,63.0,32.0,0,0.5015625,8.0,16384.0,6400000.0,0.5273919092465753
1024.0,1024.0,1.0,5.0,1544.0,2048.0,50372.0,196608.0,0,0.940625,0.0078125,256.0,6400000.0,0.9409246575342465
1.0,1024.0,4.0,1.0,1.0,1.0,63.0,32.0,0,0.5015625,4.0,2048.0,6400000.0,0.5273919092465753
1.0,1024.0,4.0,1.0,1.0,1.0,63.0,32.0,0,0.5015625,512.0,2048.0,6400000.0,0.5273919092465753
1.0,1024.0,2.0,1.0,1.0,1.0,39.0,32.0,0,0.5015625,0.015625,512.0,6400000.0,0.5273919092465753
1.0,1024.0,4.0,1.0,1.0,1.0,63.0,32.0,0,0.5015625,1024.0,0.015625,6400000.0,0.5273919092465753
1.0,1024.0,4.0,1.0,1.0,1.0,63.0,32.0,0,0.5015625,4096.0,512.0,6400000.0,0.5273919092465753
1024.0,1024.0,1.0,10.0,2058.0,2048.0,66717.0,196608.0,0,0.9453125,16.0,2.0,6400000.0,0.9452276479941292
1.0,1024.0,4.0,1.0,1.0,1.0,63.0,32.0,0,0.5015625,512.0,0.00195312,6400000.0,0.5273919092465753
1.0,1024.0,4.0,1.0,1.0,1.0,63.0,32.0,0,0.5015625,8192.0,0.00390625,6400000.0,0.5273919092465753
1024.0,1024.0,1.0,9.0,2057.0,2048.0,66705.0,196608.0,0,0.94375,32.0,0.03125,6400000.0,0.945622859589041
1.0,1024.0,4.0,1.0,1.0,1.0,63.0,32.0,0,0.5015625,8192.0,4.0,6400000.0,0.5273919092465753
1.0,1024.0,2.0,1.0,1.0,1.0,39.0,32.0,0,0.5015625,1024.0,0.000976562,6400000.0,0.5273919092465753
1.0,1024.0,4.0,1.0,1.0,1.0,63.0,32.0,0,0.5015625,1024.0,16.0,6400000.0,0.5273919092465753
1024.0,1024.0,2.0,5.0,2349.0,3144.0,77258.0,371968.0,0,0.940625,256.0,0.00390625,6400000.0,0.9409246575342465
1.0,1024.0,4.0,1.0,1.0,1.0,63.0,32.0,0,0.5015625,512.0,2.0,6400000.0,0.5273919092465753
1.0,1024.0,4.0,1.0,1.0,1.0,63.0,32.0,0,0.5015625,8192.0,4096.0,6400000.0,0.5273919092465753
1024.0,1024.0,1.0,15.0,2063.0,2048.0,66772.0,196608.0,0,0.95,0.03125,8.0,6400000.0,0.9503126528864971
1.0,1024.0,1.0,1.0,1.0,1.0,35.0,32.0,0,0.5015625,0.000976562,1024.0,6400000.0,0.5273919092465753
1.0,1024.0,2.0,1.0,1.0,1.0,39.0,32.0,0,0.5015625,1024.0,1.0,6400000.0,0.5273919092465753
1.0,1024.0,4.0,1.0,1.0,1.0,63.0,32.0,0,0.5015625,0.03125,2048.0,6400000.0,0.5273919092465753
1.0,1024.0,4.0,1.0,1.0,1.0,63.0,32.0,0,0.5015625,1024.0,16384.0,6400000.0,0.5273919092465753
1.0,1024.0,2.0,1.0,1.0,1.0,39.0,32.0,0,0.5015625,1024.0,1024.0,6400000.0,0.5273919092465753
1024.0,1024.0,2.0,5.0,2348.0,3143.0,77225.0,371808.0,0,0.940625,16.0,256.0,6400000.0,0.9409246575342465
1.0,1024.0,4.0,1.0,1.0,1.0,63.0,32.0,0,0.5015625,2048.0,0.125,6400000.0,0.5273919092465753
1.0,1024.0,4.0,1.0,1.0,1.0,63.0,32.0,0,0.5015625,32.0,512.0,6400000.0,0.5273919092465753
1.0,1024.0,2.0,1.0,1.0,1.0,39.0,32.0,0,0.5015625,32.0,32768.0,6400000.0,0.5273919092465753
1.0,1024.0,2.0,1.0,1.0,1.0,39.0,32.0,0,0.5015625,2048.0,0.0078125,6400000.0,0.5273919092465753
1.0,1024.0,4.0,1.0,1.0,1.0,63.0,32.0,0,0.5015625,64.0,8192.0,6400000.0,0.5273919092465753
1.0,1024.0,2.0,1.0,1.0,1.0,39.0,32.0,0,0.5015625,2048.0,8192.0,6400000.0,0.5273919092465753
1.0,1024.0,4.0,1.0,1.0,1.0,63.0,32.0,0,0.5015625,0.00390625,32768.0,6400000.0,0.5273919092465753
1.0,1024.0,2.0,1.0,1.0,1.0,39.0,32.0,0,0.5015625,2048.0,8.0,6400000.0,0.5273919092465753
1024.0,1024.0,1.0,8.0,2055.0,2048.0,66662.0,196608.0,0,0.9375,32.0,16.0,6400000.0,0.946404109589041
1.0,1024.0,2.0,1.0,1.0,1.0,39.0,32.0,0,0.5015625,4096.0,0.0625,6400000.0,0.5273919092465753
1024.0,1024.0,1.0,21.0,2069.0,2048.0,66839.0,196608.0,0,0.959375,0.00195312,2.0,6400000.0,0.9581335616438356
1.0,1024.0,4.0,1.0,1.0,1.0,63.0,32.0,0,0.5015625,2048.0,128.0,6400000.0,0.5273919092465753
1.0,1024.0,2.0,1.0,1.0,1.0,39.0,32.0,0,0.5015625,512.0,0.125,6400000.0,0.5273919092465753
1024.0,1024.0,1.0,23.0,2071.0,2048.0,66861.0,196608.0,0,0.959375,1.0,0.25,6400000.0,0.9581350905088062
1.0,1024.0,2.0,1.0,1.0,1.0,39.0,32.0,0,0.5015625,256.0,8192.0,6400000.0,0.5273919092465753
1.0,1024.0,4.0,1.0,1.0,1.0,63.0,32.0,0,0.5015625,0.0625,32768.0,6400000.0,0.5273919092465753
1.0,1024.0,4.0,1.0,1.0,1.0,63.0,32.0,0,0.5015625,4096.0,0.000976562,6400000.0,0.5273919092465753
1024.0,1024.0,4.0,5.0,4396.0,5083.0,144885.0,682208.0,0,0.940625,0.25,256.0,6400000.0,0.9409246575342465
1024.0,1024.0,1.0,16.0,2064.0,2048.0,66783.0,196608.0,0,0.9484375,0.25,4.0,6400000.0,0.9538321000489237
1024.0,1024.0,1.0,5.0,1534.0,2048.0,50052.0,196608.0,0,0.940625,128.0,2.0,6400000.0,0.9409246575342465
1.0,1024.0,2.0,1.0,1.0,1.0,39.0,32.0,0,0.5015625,8192.0,0.0,6400000.0,0.5273919092465753
1.0,1024.0,2.0,1.0,1.0,1.0,39.0,32.0,0,0.5015625,4096.0,64.0,6400000.0,0.5273919092465753
1.0,1024.0,1.0,1.0,1.0,1.0,35.0,32.0,0,0.5015625,1.0,1024.0,6400000.0,0.5273919092465753
1024.0,1024.0,2.0,19.0,4105.0,4086.0,134107.0,522688.0,0,0.978125,8.0,0.0,6400000.0,0.9757460861056751
1024.0,1024.0,1.0,15.0,2063.0,2048.0,66772.0,196608.0,0,0.95,8.0,0.25,6400000.0,0.9514875856164384
1024.0,1024.0,2.0,6.0,3494.0,3494.0,114230.0,427968.0,0,0.940625,128.0,0.25,6400000.0,0.9409246575342465
1.0,1024.0,4.0,1.0,1.0,1.0,63.0,32.0,0,0.5015625,16384.0,0.03125,6400000.0,0.5273919092465753
1.0,1024.0,2.0,1.0,1.0,1.0,39.0,32.0,0,0.5015625,0.25,16384.0,6400000.0,0.5273919092465753
1024.0,1024.0,1.0,5.0,1549.0,2048.0,50532.0,196608.0,0,0.940625,0.0625,128.0,6400000.0,0.9409246575342465
1.0,1024.0,2.0,1.0,1.0,1.0,39.0,32.0,0,0.5015625,512.0,128.0,6400000.0,0.5273919092465753
1024.0,1024.0,1.0,26.0,2074.0,2048.0,66894.0,196608.0,0,0.95,0.000976562,0.25,6400000.0,0.9561781433463796
1.0,1024.0,2.0,1.0,1.0,1.0,39.0,32.0,0,0.5015625,8192.0,0.5,6400000.0,0.5273919092465753
1.0,1024.0,2.0,1.0,1.0,1.0,39.0,32.0,0,0.5015625,16384.0,0.00390625,6400000.0,0.5273919092465753
1.0,1024.0,4.0,1.0,1.0,1.0,63.0,32.0,0,0.5015625,0.5,8192.0,6400000.0,0.5273919092465753
1.0,1024.0,2.0,1.0,1.0,1.0,39.0,32.0,0,0.5015625,8192.0,512.0,6400000.0,0.5273919092465753
1024.0,1024.0,2.0,6.0,3494.0,3494.0,114230.0,427968.0,0,0.940625,0.125,128.0,6400000.0,0.9409246575342465
1024.0,1024.0,1.0,25.0,2073.0,2048.0,66883.0,196608.0,0,0.95,0.015625,1.0,6400000.0,0.9581350905088062
1024.0,1024.0,2.0,5.0,2314.0,3148.0,76142.0,372608.0,0,0.940625,128.0,256.0,6400000.0,0.9033657962328766
1.0,1024.0,4.0,1.0,1.0,1.0,63.0,32.0,0,0.5015625,16384.0,32.0,6400000.0,0.5273919092465753
1.0,1024.0,2.0,1.0,1.0,1.0,39.0,32.0,0,0.5015625,16384.0,4.0,6400000.0,0.5273919092465753
1024.0,1024.0,1.0,27.0,2075.0,2048.0,66905.0,196608.0,0,0.95,0.00390625,0.03125,6400000.0,0.9561781433463796
1024.0,1024.0,2.0,5.0,2349.0,3144.0,77258.0,371968.0,0,0.940625,256.0,2.0,6400000.0,0.9409246575342465
1024.0,1024.0,1.0,7.0,2054.0,2048.0,66651.0,196608.0,0,0.940625,0.0,64.0,6400000.0,0.9409246575342465
1.0,1024.0,2.0,1.0,1.0,1.0,39.0,32.0,0,0.5015625,16384.0,4096.0,6400000.0,0.5273919092465753
1024.0,1024.0,1.0,5.0,1620.0,2048.0,52804.0,196608.0,0,0.940625,256.0,16.0,6400000.0,0.9409246575342465
1024.0,1024.0,1.0,5.0,1509.0,2048.0,49252.0,196608.0,0,0.940625,64.0,256.0,6400000.0,0.9303571428571427
1.0,1024.0,2.0,1.0,1.0,1.0,39.0,32.0,0,0.5015625,32768.0,0.03125,6400000.0,0.5273919092465753
1024.0,1024.0,1.0,8.0,2055.0,2048.0,66662.0,196608.0,0,0.9375,4.0,32.0,6400000.0,0.945622859589041
1024.0,1024.0,1.0,26.0,2074.0,2048.0,66894.0,196608.0,0,0.95,0.0078125,0.125,6400000.0,0.9565695327788649
1.0,1024.0,2.0,1.0,1.0,1.0,39.0,32.0,0,0.5015625,2.0,2048.0,6400000.0,0.5273919092465753
1024.0,1024.0,2.0,8.0,3862.0,3858.0,126328.0,486208.0,0,0.95,0.000976562,64.0,6400000.0,0.9377981286692758
1.0,1024.0,4.0,1.0,1.0,1.0,63.0,32.0,0,0.5015625,4096.0,1.0,6400000.0,0.5273919092465753
1.0,1024.0,4.0,1.0,1.0,1.0,63.0,32.0,0,0.5015625,16384.0,32768.0,6400000.0,0.5273919092465753
1024.0,1024.0,1.0,26.0,2074.0,2048.0,66894.0,196608.0,0,0.95,0.25,0.015625,6400000.0,0.9565687683463796
1.0,1024.0,2.0,1.0,1.0,1.0,39.0,32.0,0,0.5015625,32768.0,32768.0,6400000.0,0.5273919092465753
1.0,1024.0,2.0,1.0,1.0,1.0,39.0,32.0,0,0.5015625,32768.0,32.0,6400000.0,0.5273919092465753
1024.0,1024.0,1.0,25.0,2073.0,2048.0,66883.0,196608.0,0,0.95,0.125,0.5,6400000.0,0.9573523116438356
1024.0,1024.0,4.0,30.0,13025.0,13015.0,428481.0,1951328.0,0,0.990625,0.0,1.0,6400000.0,0.9792655332681018
1024.0,1024.0,1.0,7.0,2054.0,2048.0,66651.0,196608.0,0,0.940625,64.0,0.25,6400000.0,0.9409246575342465
1.0,1024.0,2.0,1.0,1.0,1.0,39.0,32.0,0,0.5015625,0.00195312,8192.0,6400000.0,0.5273919092465753
1.0,1024.0,4.0,1.0,1.0,1.0,63.0,32.0,0,0.5015625,8.0,32768.0,6400000.0,0.5273919092465753
1024.0,1024.0,1.0,26.0,2074.0,2048.0,66894.0,196608.0,0,0.95,0.0625,0.0625,6400000.0,0.9565695327788649
1024.0,1024.0,2.0,33.0,4067.0,4034.0,132545.0,514368.0,0,0.9796875,0.03125,0.00195312,6400000.0,0.9808295621330725
1.0,1024.0,1.0,1.0,1.0,1.0,35.0,32.0,0,0.5015625,8.0,512.0,6400000.0,0.5273919092465753
1.0,1024.0,4.0,1.0,1.0,1.0,63.0,32.0,0,0.5015625,512.0,4096.0,6400000.0,0.5273919092465753
1.0,1024.0,4.0,1.0,1.0,1.0,63.0,32.0,0,0.5015625,4.0,4096.0,6400000.0,0.5273919092465753
1024.0,1024.0,2.0,9.0,4094.0,4085.0,133958.0,522528.0,0,0.9625,32.0,0.00390625,6400000.0,0.9655768407534246
1024.0,1024.0,2.0,19.0,4105.0,4086.0,134107.0,522688.0,0,0.978125,8.0,0.015625,6400000.0,0.9757430283757339
1.0,1024.0,4.0,1.0,1.0,1.0,63.0,32.0,0,0.5015625,1024.0,0.03125,6400000.0,0.5273919092465753
1024.0,1024.0,1.0,7.0,2054.0,2048.0,66651.0,196608.0,0,0.940625,0.5,64.0,6400000.0,0.9409246575342465
1.0,1024.0,2.0,1.0,1.0,1.0,39.0,32.0,0,0.5015625,0.015625,1024.0,6400000.0,0.5273919092465753
1.0,1024.0,4.0,1.0,1.0,1.0,63.0,32.0,0,0.5015625,32768.0,0.25,6400000.0,0.5273919092465753
1.0,1024.0,4.0,1.0,1.0,1.0,63.0,32.0,0,0.5015625,4096.0,1024.0,6400000.0,0.5273919092465753
1.0,1024.0,4.0,1.0,1.0,1.0,63.0,32.0,0,0.5015625,8192.0,0.0078125,6400000.0,0.5273919092465753
1.0,1024.0,2.0,1.0,1.0,1.0,39.0,32.0,0,0.5015625,1024.0,0.00195312,6400000.0,0.5273919092465753
1.0,1024.0,4.0,1.0,1.0,1.0,63.0,32.0,0,0.5015625,8192.0,8.0,6400000.0,0.5273919092465753
1.0,1024.0,4.0,1.0,1.0,1.0,63.0,32.0,0,0.5015625,1024.0,32.0,6400000.0,0.5273919092465753
1.0,1024.0,1.0,1.0,1.0,1.0,35.0,32.0,0,0.5015625,0.0078125,512.0,6400000.0,0.5273919092465753
1.0,1024.0,4.0,1.0,1.0,1.0,63.0,32.0,0,0.5015625,8192.0,8192.0,6400000.0,0.5273919092465753
1.0,1024.0,4.0,1.0,1.0,1.0,63.0,32.0,0,0.5015625,32768.0,256.0,6400000.0,0.5273919092465753
1.0,1024.0,2.0,1.0,1.0,1.0,39.0,32.0,0,0.5015625,1024.0,2.0,6400000.0,0.5273919092465753
1024.0,1024.0,2.0,20.0,4106.0,4086.0,134118.0,522688.0,0,0.978125,0.0,4.0,6400000.0,0.9804381727005872
1.0,1024.0,4.0,1.0,1.0,1.0,63.0,32.0,0,0.5015625,0.03125,4096.0,6400000.0,0.5273919092465753
1.0,1024.0,2.0,1.0,1.0,1.0,39.0,32.0,0,0.5015625,1024.0,2048.0,6400000.0,0.5273919092465753
1.0,1024.0,4.0,1.0,1.0,1.0,63.0,32.0,0,0.5015625,1024.0,32768.0,6400000.0,0.5273919092465753
1.0,1024.0,4.0,1.0,1.0,1.0,63.0,32.0,0,0.5015625,2048.0,0.25,6400000.0,0.5273919092465753
1024.0,1024.0,4.0,16.0,10883.0,10879.0,358080.0,1609568.0,0,0.9765625,0.125,16.0,6400000.0,0.9687071917808219
1.0,1024.0,4.0,1.0,1.0,1.0,63.0,32.0,0,0.5015625,512.0,0.00390625,6400000.0,0.5273919092465753
1024.0,1024.0,2.0,19.0,4110.0,4091.0,134272.0,523488.0,0,0.978125,0.0625,8.0,6400000.0,0.9753516389432486
1.0,1024.0,4.0,1.0,1.0,1.0,63.0,32.0,0,0.5015625,32.0,1024.0,6400000.0,0.5273919092465753
1.0,1024.0,2.0,1.0,1.0,1.0,39.0,32.0,0,0.5015625,2048.0,0.015625,6400000.0,0.5273919092465753
1024.0,1024.0,4.0,26.0,12940.0,12928.0,425758.0,1937408.0,0,0.990625,0.0078125,4.0,6400000.0,0.9780906005381602
1.0,1024.0,4.0,1.0,1.0,1.0,63.0,32.0,0,0.5015625,64.0,16384.0,6400000.0,0.5273919092465753
1024.0,1024.0,1.0,9.0,2056.0,2048.0,66704.0,196608.0,0,0.9453125,0.00390625,32.0,6400000.0,0.945622859589041
1024.0,1024.0,4.0,33.0,13097.0,13085.0,430792.0,1962528.0,0,0.9890625,0.0,0.000976562,6400000.0,0.9784827544031313
1.0,1024.0,2.0,1.0,1.0,1.0,39.0,32.0,0,0.5015625,2048.0,16384.0,6400000.0,0.5273919092465753
1.0,1024.0,4.0,1.0,1.0,1.0,63.0,32.0,0,0.5015625,512.0,4.0,6400000.0,0.5273919092465753
1024.0,1024.0,4.0,5.0,4396.0,5083.0,144885.0,682208.0,0,0.940625,256.0,0.0,6400000.0,0.9409246575342465
1.0,1024.0,2.0,1.0,1.0,1.0,39.0,32.0,0,0.5015625,2048.0,16.0,6400000.0,0.5273919092465753
1024.0,1024.0,2.0,32.0,4087.0,4055.0,133227.0,517728.0,0,0.9796875,0.125,0.000976562,6400000.0,0.9812194227005872
1.0,1024.0,4.0,1.0,1.0,1.0,63.0,32.0,0,0.5015625,2048.0,256.0,6400000.0,0.5273919092465753
1024.0,1024.0,2.0,6.0,3494.0,3494.0,114230.0,427968.0,0,0.940625,128.0,0.00195312,6400000.0,0.9409246575342465
1.0,1024.0,2.0,1.0,1.0,1.0,39.0,32.0,0,0.5015625,4096.0,0.125,6400000.0,0.5273919092465753
1.0,1024.0,2.0,1.0,1.0,1.0,39.0,32.0,0,0.5015625,256.0,16384.0,6400000.0,0.5273919092465753
1.0,1024.0,4.0,1.0,1.0,1.0,63.0,32.0,0,0.5015625,4096.0,0.00195312,6400000.0,0.5273919092465753
1024.0,1024.0,2.0,33.0,4075.0,4042.0,132809.0,515648.0,0,0.98125,0.000976562,0.000976562,6400000.0,0.9812209515655577
1024.0,1024.0,1.0,16.0,2064.0,2048.0,66783.0,196608.0,0,0.9484375,4.0,0.0625,6400000.0,0.9538321000489237
1.0,1024.0,2.0,1.0,1.0,1.0,39.0,32.0,0,0.5015625,8192.0,0.000976562,6400000.0,0.5273919092465753
1.0,1024.0,2.0,1.0,1.0,1.0,39.0,32.0,0,0.5015625,4096.0,128.0,6400000.0,0.5273919092465753
1.0,1024.0,2.0,1.0,1.0,1.0,39.0,32.0,0,0.5015625,512.0,0.25,6400000.0,0.5273919092465753
1.0,1024.0,4.0,1.0,1.0,1.0,63.0,32.0,0,0.5015625,16384.0,0.0625,6400000.0,0.5273919092465753
1.0,1024.0,2.0,1.0,1.0,1.0,39.0,32.0,0,0.5015625,0.25,32768.0,6400000.0,0.5273919092465753
1024.0,1024.0,1.0,27.0,2075.0,2048.0,66905.0,196608.0,0,0.95,0.0,0.0625,6400000.0,0.9565695327788649
1.0,1024.0,2.0,1.0,1.0,1.0,39.0,32.0,0,0.5015625,8192.0,1.0,6400000.0,0.5273919092465753
1.0,1024.0,2.0,1.0,1.0,1.0,39.0,32.0,0,0.5015625,512.0,256.0,6400000.0,0.5273919092465753
1024.0,1024.0,4.0,33.0,13012.0,13000.0,427987.0,1948928.0,0,0.9890625,0.000976562,0.0078125,6400000.0,0.9792655332681018
1.0,1024.0,2.0,1.0,1.0,1.0,39.0,32.0,0,0.5015625,16384.0,0.0078125,6400000.0,0.5273919092465753
1024.0,1024.0,2.0,20.0,4107.0,4087.0,134151.0,522848.0,0,0.978125,4.0,2.0,6400000.0,0.97730782167319
1.0,1024.0,2.0,1.0,1.0,1.0,39.0,32.0,0,0.5015625,16.0,512.0,6400000.0,0.5273919092465753
1.0,1024.0,4.0,1.0,1.0,1.0,63.0,32.0,0,0.5015625,0.5,16384.0,6400000.0,0.5273919092465753
1024.0,1024.0,4.0,5.0,4396.0,5083.0,144885.0,682208.0,0,0.940625,128.0,32.0,6400000.0,0.9409246575342465
1024.0,1024.0,4.0,32.0,13143.0,13131.0,432331.0,1969888.0,0,0.990625,0.00195312,0.0625,6400000.0,0.979656922700587
1024.0,1024.0,2.0,33.0,4079.0,4046.0,132941.0,516288.0,0,0.98125,0.0625,0.0,6400000.0,0.9804374082681017
1.0,1024.0,2.0,1.0,1.0,1.0,39.0,32.0,0,0.5015625,8192.0,1024.0,6400000.0,0.5273919092465753
1.0,1024.0,4.0,1.0,1.0,1.0,63.0,32.0,0,0.5015625,16384.0,64.0,6400000.0,0.5273919092465753
1024.0,1024.0,1.0,10.0,2058.0,2048.0,66717.0,196608.0,0,0.9453125,16.0,4.0,6400000.0,0.9514898789138944
1024.0,1024.0,1.0,16.0,2064.0,2048.0,66783.0,196608.0,0,0.9515625,2.0,4.0,6400000.0,0.954223489481409
1.0,1024.0,2.0,1.0,1.0,1.0,39.0,32.0,0,0.5015625,16384.0,8.0,6400000.0,0.5273919092465753
1024.0,1024.0,4.0,11.0,9335.0,9333.0,307103.0,1362208.0,0,0.96875,32.0,0.25,6400000.0,0.9655760763209393
1024.0,1024.0,2.0,9.0,4094.0,4085.0,133958.0,522528.0,0,0.9625,32.0,2.0,6400000.0,0.9644026724559686
1024.0,1024.0,4.0,5.0,4396.0,5083.0,144885.0,682208.0,0,0.940625,256.0,0.25,6400000.0,0.9409246575342465
1.0,1024.0,2.0,1.0,1.0,1.0,39.0,32.0,0,0.5015625,16384.0,8192.0,6400000.0,0.5273919092465753
1.0,1024.0,2.0,1.0,1.0,1.0,39.0,32.0,0,0.5015625,32768.0,0.0625,6400000.0,0.5273919092465753
1024.0,1024.0,1.0,25.0,2073.0,2048.0,66883.0,196608.0,0,0.95,0.5,0.0625,6400000.0,0.9569616866438355
1.0,1024.0,2.0,1.0,1.0,1.0,39.0,32.0,0,0.5015625,2.0,4096.0,6400000.0,0.5273919092465753
1.0,1024.0,4.0,1.0,1.0,1.0,63.0,32.0,0,0.5015625,4096.0,2.0,6400000.0,0.5273919092465753
1.0,1024.0,4.0,1.0,1.0,1.0,63.0,32.0,0,0.5015625,32768.0,0.0,6400000.0,0.5273919092465753
1024.0,1024.0,1.0,10.0,2058.0,2048.0,66717.0,196608.0,0,0.9453125,0.03125,16.0,6400000.0,0.9479673740215263
1024.0,1024.0,4.0,8.0,7703.0,8136.0,253714.0,1170688.0,0,0.95,2.0,64.0,6400000.0,0.9377981286692758
1.0,1024.0,2.0,1.0,1.0,1.0,39.0,32.0,0,0.5015625,32768.0,64.0,6400000.0,0.5273919092465753
1.0,1024.0,4.0,1.0,1.0,1.0,63.0,32.0,0,0.5015625,256.0,256.0,6400000.0,0.5273919092465753
1024.0,1024.0,4.0,6.0,5197.0,5216.0,170644.0,703488.0,0,0.940625,128.0,0.03125,6400000.0,0.9409246575342465
1.0,1024.0,2.0,1.0,1.0,1.0,39.0,32.0,0,0.5015625,0.00195312,16384.0,6400000.0,0.5273919092465753
1024.0,1024.0,1.0,27.0,2075.0,2048.0,66905.0,196608.0,0,0.95,0.03125,0.03125,6400000.0,0.9565695327788649
1024.0,1024.0,4.0,9.0,9640.0,9639.0,317196.0,1411168.0,0,0.9625,16.0,32.0,6400000.0,0.9585318309686887
1024.0,1024.0,1.0,7.0,2054.0,2048.0,66651.0,196608.0,0,0.940625,32.0,32.0,6400000.0,0.9409246575342465
1024.0,1024.0,2.0,5.0,2349.0,3144.0,77258.0,371968.0,0,0.940625,256.0,0.0078125,6400000.0,0.9409246575342465
1.0,1024.0,4.0,1.0,1.0,1.0,63.0,32.0,0,0.5015625,512.0,8192.0,6400000.0,0.5273919092465753
1.0,1024.0,4.0,1.0,1.0,1.0,63.0,32.0,0,0.5015625,4.0,8192.0,6400000.0,0.5273919092465753
1.0,1024.0,4.0,1.0,1.0,1.0,63.0,32.0,0,0.5015625,1024.0,0.0625,6400000.0,0.5273919092465753
1.0,1024.0,2.0,1.0,1.0,1.0,39.0,32.0,0,0.5015625,0.015625,2048.0,6400000.0,0.5273919092465753
1.0,1024.0,2.0,1.0,1.0,1.0,39.0,32.0,0,0.5015625,128.0,512.0,6400000.0,0.5273919092465753
1024.0,1024.0,1.0,5.0,1544.0,2048.0,50372.0,196608.0,0,0.940625,0.0625,256.0,6400000.0,0.9409246575342465
1.0,1024.0,4.0,1.0,1.0,1.0,63.0,32.0,0,0.5015625,32768.0,0.5,6400000.0,0.5273919092465753
1024.0,1024.0,2.0,15.0,4098.0,4083.0,133961.0,522208.0,0,0.971875,16.0,0.00195312,6400000.0,0.9644026724559687
1024.0,1024.0,2.0,25.0,4086.0,4061.0,133348.0,518688.0,0,0.978125,0.00390625,2.0,6400000.0,0.9800467832681017
1024.0,1024.0,2.0,8.0,3878.0,3870.0,126852.0,488128.0,0,0.959375,64.0,16.0,6400000.0,0.9385763209393344
1.0,1024.0,4.0,1.0,1.0,1.0,63.0,32.0,0,0.5015625,4096.0,2048.0,6400000.0,0.5273919092465753
1.0,1024.0,4.0,1.0,1.0,1.0,63.0,32.0,0,0.5015625,8192.0,0.015625,6400000.0,0.5273919092465753
1.0,1024.0,4.0,1.0,1.0,1.0,63.0,32.0,0,0.5015625,8192.0,16.0,6400000.0,0.5273919092465753
1.0,1024.0,4.0,1.0,1.0,1.0,63.0,32.0,0,0.5015625,0.25,512.0,6400000.0,0.5273919092465753
1.0,1024.0,4.0,1.0,1.0,1.0,63.0,32.0,0,0.5015625,1024.0,64.0,6400000.0,0.5273919092465753
1024.0,1024.0,2.0,8.0,3934.0,3927.0,128701.0,497248.0,0,0.95,1.0,64.0,6400000.0,0.9377981286692758
1.0,1024.0,4.0,1.0,1.0,1.0,63.0,32.0,0,0.5015625,8192.0,16384.0,6400000.0,0.5273919092465753
1024.0,1024.0,2.0,20.0,4106.0,4086.0,134118.0,522688.0,0,0.98125,0.5,4.0,6400000.0,0.9804381727005872
1.0,1024.0,4.0,1.0,1.0,1.0,63.0,32.0,0,0.5015625,32768.0,512.0,6400000.0,0.5273919092465753
1024.0,1024.0,1.0,5.0,1549.0,2048.0,50532.0,196608.0,0,0.940625,0.0,128.0,6400000.0,0.9409246575342465
1024.0,1024.0,4.0,8.0,8768.0,8777.0,288451.0,1273248.0,0,0.959375,64.0,2.0,6400000.0,0.9518782106164382
1.0,1024.0,4.0,1.0,1.0,1.0,63.0,32.0,0,0.5015625,0.03125,8192.0,6400000.0,0.5273919092465753
1024.0,1024.0,1.0,15.0,2063.0,2048.0,66772.0,196608.0,0,0.95,0.25,8.0,6400000.0,0.9514875856164384
1.0,1024.0,4.0,1.0,1.0,1.0,63.0,32.0,0,0.5015625,2048.0,0.0,6400000.0,0.5273919092465753
1024.0,1024.0,1.0,15.0,2063.0,2048.0,66772.0,196608.0,0,0.95,8.0,0.5,6400000.0,0.9514875856164384
1024.0,1024.0,4.0,33.0,13133.0,13121.0,431980.0,1968288.0,0,0.9890625,0.00390625,0.0,6400000.0,0.9796561582681018
1.0,1024.0,4.0,1.0,1.0,1.0,63.0,32.0,0,0.5015625,2048.0,0.5,6400000.0,0.5273919092465753
1024.0,1024.0,1.0,16.0,2064.0,2048.0,66783.0,196608.0,0,0.9484375,0.00195312,4.0,6400000.0,0.9538321000489237
1.0,1024.0,4.0,1.0,1.0,1.0,63.0,32.0,0,0.5015625,32.0,2048.0,6400000.0,0.5273919092465753
1.0,1024.0,4.0,1.0,1.0,1.0,63.0,32.0,0,0.5015625,64.0,32768.0,6400000.0,0.5273919092465753
1024.0,1024.0,1.0,7.0,2054.0,2048.0,66651.0,196608.0,0,0.940625,4.0,64.0,6400000.0,0.9409246575342465
1024.0,1024.0,1.0,22.0,2070.0,2048.0,66850.0,196608.0,0,0.959375,1.0,0.5,6400000.0,0.9589171049412915
1024.0,1024.0,2.0,8.0,4082.0,4074.0,133584.0,520768.0,0,0.959375,64.0,0.0,6400000.0,0.9518782106164382
1024.0,1024.0,2.0,6.0,3464.0,3471.0,113247.0,424288.0,0,0.940625,128.0,0.5,6400000.0,0.9409246575342465
1.0,1024.0,4.0,1.0,1.0,1.0,63.0,32.0,0,0.5015625,2048.0,512.0,6400000.0,0.5273919092465753
1.0,1024.0,2.0,1.0,1.0,1.0,39.0,32.0,0,0.5015625,256.0,32768.0,6400000.0,0.5273919092465753
1.0,1024.0,4.0,1.0,1.0,1.0,63.0,32.0,0,0.5015625,4096.0,0.00390625,6400000.0,0.5273919092465753
1024.0,1024.0,2.0,14.0,4097.0,4083.0,133950.0,522208.0,0,0.975,16.0,0.25,6400000.0,0.9647932974559688
1024.0,1024.0,2.0,5.0,2349.0,3144.0,77258.0,371968.0,0,0.940625,0.125,256.0,6400000.0,0.9409246575342465
1024.0,1024.0,2.0,31.0,4073.0,4042.0,132787.0,515648.0,0,0.978125,0.25,0.00195312,6400000.0,0.9812201871330725
1024.0,1024.0,2.0,30.0,4094.0,4064.0,133502.0,519168.0,0,0.9796875,1.0,0.000976562,6400000.0,0.9808303265655578
1.0,1024.0,4.0,1.0,1.0,1.0,63.0,32.0,0,0.5015625,512.0,0.0078125,6400000.0,0.5273919092465753
1024.0,1024.0,1.0,5.0,1549.0,2048.0,50532.0,196608.0,0,0.940625,0.5,128.0,6400000.0,0.9409246575342465
1.0,1024.0,4.0,1.0,1.0,1.0,63.0,32.0,0,0.5015625,16384.0,0.125,6400000.0,0.5273919092465753
1024.0,1024.0,2.0,5.0,2349.0,3144.0,77258.0,371968.0,0,0.940625,256.0,4.0,6400000.0,0.9409246575342465
1.0,1024.0,8.0,1.0,1.0,1.0,543.0,32.0,0,0.5015625,0.0,2048.0,6400000.0,0.5273919092465753
1.0,1024.0,8.0,1.0,1.0,1.0,543.0,32.0,0,0.5015625,0.0,1024.0,6400000.0,0.5273919092465753
1024.0,1024.0,2.0,9.0,4089.0,4080.0,133793.0,521728.0,0,0.9625,0.0078125,32.0,6400000.0,0.9620543358610567
1024.0,1024.0,1.0,25.0,2073.0,2048.0,66883.0,196608.0,0,0.95,0.000976562,0.5,6400000.0,0.9569609222113502
1.0,1024.0,2.0,1.0,1.0,1.0,39.0,32.0,0,0.5015625,16.0,1024.0,6400000.0,0.5273919092465753
1.0,1024.0,4.0,1.0,1.0,1.0,63.0,32.0,0,0.5015625,512.0,8.0,6400000.0,0.5273919092465753
1024.0,1024.0,4.0,32.0,13209.0,13196.0,434508.0,1980288.0,0,0.9890625,0.00390625,0.5,6400000.0,0.9784835188356166
1024.0,1024.0,1.0,21.0,2069.0,2048.0,66839.0,196608.0,0,0.959375,0.015625,2.0,6400000.0,0.9581335616438356
1.0,1024.0,4.0,1.0,1.0,1.0,63.0,32.0,0,0.5015625,0.5,32768.0,6400000.0,0.5273919092465753
1.0,1024.0,4.0,1.0,1.0,1.0,63.0,32.0,0,0.5015625,16384.0,128.0,6400000.0,0.5273919092465753
1.0,1024.0,8.0,1.0,1.0,1.0,543.0,32.0,0,0.5015625,0.0,4096.0,6400000.0,0.5273919092465753
1024.0,1024.0,2.0,9.0,4087.0,4078.0,133727.0,521408.0,0,0.9625,8.0,32.0,6400000.0,0.9636198935909979
1.0,1024.0,8.0,1.0,1.0,1.0,543.0,32.0,0,0.5015625,0.0,8192.0,6400000.0,0.5273919092465753
1024.0,1024.0,2.0,33.0,4075.0,4042.0,132809.0,515648.0,0,0.98125,0.00195312,0.00195312,6400000.0,0.9812201871330724
1024.0,1024.0,4.0,16.0,10880.0,10874.0,357979.0,1608768.0,0,0.9765625,16.0,0.03125,6400000.0,0.9690985812133072
1024.0,1024.0,2.0,8.0,4082.0,4074.0,133584.0,520768.0,0,0.959375,64.0,0.015625,6400000.0,0.9518782106164382
1.0,1024.0,8.0,1.0,1.0,1.0,543.0,32.0,0,0.5015625,0.0,16384.0,6400000.0,0.5273919092465753
1024.0,1024.0,4.0,11.0,9335.0,9333.0,307103.0,1362208.0,0,0.96875,32.0,0.0,6400000.0,0.9659667013209393
1.0,1024.0,8.0,1.0,1.0,1.0,543.0,32.0,0,0.5015625,0.0,512.0,6400000.0,0.5273919092465753
1.0,1024.0,8.0,1.0,1.0,1.0,543.0,32.0,0,0.5015625,0.0,32768.0,6400000.0,0.5273919092465753
1024.0,1024.0,1.0,27.0,2075.0,2048.0,66905.0,196608.0,0,0.95,0.00390625,0.0625,6400000.0,0.9565695327788649
1.0,1024.0,2.0,1.0,1.0,1.0,39.0,32.0,0,0.5015625,2.0,8192.0,6400000.0,0.5273919092465753
1.0,1024.0,4.0,1.0,1.0,1.0,63.0,32.0,0,0.5015625,32768.0,0.000976562,6400000.0,0.5273919092465753
1024.0,1024.0,1.0,26.0,2074.0,2048.0,66894.0,196608.0,0,0.95,0.0078125,0.25,6400000.0,0.9565695327788649
1.0,1024.0,4.0,1.0,1.0,1.0,63.0,32.0,0,0.5015625,4096.0,4.0,6400000.0,0.5273919092465753
1024.0,1024.0,1.0,23.0,2071.0,2048.0,66861.0,196608.0,0,0.959375,0.125,1.0,6400000.0,0.9581350905088062
1024.0,1024.0,1.0,7.0,2054.0,2048.0,66651.0,196608.0,0,0.940625,0.00390625,64.0,6400000.0,0.9409246575342465
1.0,1024.0,4.0,1.0,1.0,1.0,63.0,32.0,0,0.5015625,256.0,512.0,6400000.0,0.5273919092465753
1.0,1024.0,4.0,1.0,1.0,1.0,63.0,32.0,0,0.5015625,512.0,16384.0,6400000.0,0.5273919092465753
1024.0,1024.0,2.0,25.0,4118.0,4093.0,134404.0,523808.0,0,0.978125,2.0,0.25,6400000.0,0.9792640044031312
1024.0,1024.0,2.0,31.0,4073.0,4042.0,132787.0,515648.0,0,0.978125,0.00195312,0.25,6400000.0,0.9823943554305284
1024.0,1024.0,1.0,26.0,2074.0,2048.0,66894.0,196608.0,0,0.95,0.0625,0.125,6400000.0,0.9565695327788649
1.0,1024.0,4.0,1.0,1.0,1.0,63.0,32.0,0,0.5015625,4.0,16384.0,6400000.0,0.5273919092465753
1024.0,1024.0,2.0,20.0,4107.0,4087.0,134151.0,522848.0,0,0.978125,4.0,0.00390625,6400000.0,0.9800467832681017
1024.0,1024.0,2.0,33.0,4075.0,4042.0,132809.0,515648.0,0,0.98125,0.0,0.00390625,6400000.0,0.9812201871330724
1.0,1024.0,2.0,1.0,1.0,1.0,39.0,32.0,0,0.5015625,0.015625,4096.0,6400000.0,0.5273919092465753
1.0,1024.0,2.0,1.0,1.0,1.0,39.0,32.0,0,0.5015625,128.0,1024.0,6400000.0,0.5273919092465753
1.0,1024.0,4.0,1.0,1.0,1.0,63.0,32.0,0,0.5015625,1024.0,0.125,6400000.0,0.5273919092465753
1024.0,1024.0,2.0,33.0,4067.0,4034.0,132545.0,514368.0,0,0.9796875,0.000976562,0.03125,6400000.0,0.9808295621330725
1.0,1024.0,4.0,1.0,1.0,1.0,63.0,32.0,0,0.5015625,32768.0,1.0,6400000.0,0.5273919092465753
1.0,1024.0,4.0,1.0,1.0,1.0,63.0,32.0,0,0.5015625,4096.0,4096.0,6400000.0,0.5273919092465753
1.0,1024.0,4.0,1.0,1.0,1.0,63.0,32.0,0,0.5015625,8192.0,0.03125,6400000.0,0.5273919092465753
1.0,1024.0,4.0,1.0,1.0,1.0,63.0,32.0,0,0.5015625,8192.0,32.0,6400000.0,0.5273919092465753
1.0,1024.0,4.0,1.0,1.0,1.0,63.0,32.0,0,0.5015625,1024.0,128.0,6400000.0,0.5273919092465753
1.0,1024.0,4.0,1.0,1.0,1.0,63.0,32.0,0,0.5015625,8192.0,32768.0,6400000.0,0.5273919092465753
1024.0,1024.0,2.0,6.0,3494.0,3494.0,114230.0,427968.0,0,0.940625,0.000976562,128.0,6400000.0,0.9409246575342465
1.0,1024.0,4.0,1.0,1.0,1.0,63.0,32.0,0,0.5015625,0.25,1024.0,6400000.0,0.5273919092465753
1.0,1024.0,4.0,1.0,1.0,1.0,63.0,32.0,0,0.5015625,32768.0,1024.0,6400000.0,0.5273919092465753
1.0,1024.0,4.0,1.0,1.0,1.0,63.0,32.0,0,0.5015625,0.03125,16384.0,6400000.0,0.5273919092465753
1.0,1024.0,4.0,1.0,1.0,1.0,63.0,32.0,0,0.5015625,2048.0,0.000976562,6400000.0,0.5273919092465753
1.0,1024.0,4.0,1.0,1.0,1.0,63.0,32.0,0,0.5015625,2048.0,1.0,6400000.0,0.5273919092465753
1024.0,1024.0,4.0,8.0,8747.0,8758.0,287760.0,1270208.0,0,0.959375,64.0,0.00195312,6400000.0,0.9628371147260273
1024.0,1024.0,2.0,30.0,4095.0,4065.0,133535.0,519328.0,0,0.9796875,1.0,0.03125,6400000.0,0.9804389371330725
1024.0,1024.0,2.0,30.0,4088.0,4058.0,133304.0,518208.0,0,0.98125,0.03125,1.0,6400000.0,0.9808303265655578
1024.0,1024.0,2.0,25.0,4115.0,4090.0,134305.0,523328.0,0,0.9765625,2.0,0.00195312,6400000.0,0.9796553938356164
1.0,1024.0,4.0,1.0,1.0,1.0,63.0,32.0,0,0.5015625,32.0,4096.0,6400000.0,0.5273919092465753
1024.0,1024.0,2.0,6.0,3494.0,3494.0,114230.0,427968.0,0,0.940625,128.0,0.00390625,6400000.0,0.9409246575342465
1024.0,1024.0,2.0,33.0,4092.0,4059.0,133370.0,518368.0,0,0.9796875,0.0078125,0.015625,6400000.0,0.9804381727005872
1024.0,1024.0,4.0,33.0,13133.0,13121.0,431980.0,1968288.0,0,0.9890625,0.0078125,0.00390625,6400000.0,0.9788741438356163
1.0,1024.0,4.0,1.0,1.0,1.0,63.0,32.0,0,0.5015625,2048.0,1024.0,6400000.0,0.5273919092465753
1024.0,1024.0,1.0,13.0,2061.0,2048.0,66750.0,196608.0,0,0.9515625,2.0,8.0,6400000.0,0.947575984589041
1024.0,1024.0,8.0,5.0,4396.0,5083.0,148485.0,682208.0,0,0.940625,0.0,256.0,6400000.0,0.9409246575342465
1.0,1024.0,4.0,1.0,1.0,1.0,63.0,32.0,0,0.5015625,4096.0,0.0078125,6400000.0,0.5273919092465753
1024.0,1024.0,1.0,9.0,2056.0,2048.0,66704.0,196608.0,0,0.9453125,0.03125,32.0,6400000.0,0.945622859589041
1024.0,1024.0,4.0,21.0,11191.0,11190.0,368157.0,1659328.0,0,0.9828125,1.0,8.0,6400000.0,0.9773078216731899
1.0,1024.0,4.0,1.0,1.0,1.0,63.0,32.0,0,0.5015625,16384.0,0.25,6400000.0,0.5273919092465753
1024.0,1024.0,2.0,32.0,4087.0,4055.0,133227.0,517728.0,0,0.9796875,0.015625,0.125,6400000.0,0.9820029659980432
1.0,1024.0,2.0,1.0,1.0,1.0,39.0,32.0,0,0.5015625,16.0,2048.0,6400000.0,0.5273919092465753
1.0,1024.0,4.0,1.0,1.0,1.0,63.0,32.0,0,0.5015625,16384.0,256.0,6400000.0,0.5273919092465753
1024.0,1024.0,2.0,31.0,4076.0,4045.0,132886.0,516128.0,0,0.978125,0.5,0.00390625,6400000.0,0.9792647688356164
1024.0,1024.0,2.0,31.0,4093.0,4062.0,133447.0,518848.0,0,0.978125,0.25,0.5,6400000.0,0.9820037304305285
1.0,1024.0,4.0,1.0,1.0,1.0,63.0,32.0,0,0.5015625,512.0,16.0,6400000.0,0.5273919092465753
1024.0,1024.0,1.0,26.0,2074.0,2048.0,66894.0,196608.0,0,0.95,0.0,0.125,6400000.0,0.9565695327788649
1024.0,1024.0,4.0,5.0,4396.0,5083.0,144885.0,682208.0,0,0.940625,256.0,0.000976562,6400000.0,0.9409246575342465
1.0,1024.0,2.0,1.0,1.0,1.0,39.0,32.0,0,0.5015625,2.0,16384.0,6400000.0,0.5273919092465753
1.0,1024.0,4.0,1.0,1.0,1.0,63.0,32.0,0,0.5015625,32768.0,0.00195312,6400000.0,0.5273919092465753
1.0,1024.0,4.0,1.0,1.0,1.0,63.0,32.0,0,0.5015625,4096.0,8.0,6400000.0,0.5273919092465753
1.0,1024.0,4.0,1.0,1.0,1.0,63.0,32.0,0,0.5015625,512.0,0.015625,6400000.0,0.5273919092465753
1024.0,1024.0,2.0,9.0,4094.0,4085.0,133958.0,522528.0,0,0.9625,32.0,0.0078125,6400000.0,0.9655768407534246
1024.0,1024.0,1.0,25.0,2073.0,2048.0,66883.0,196608.0,0,0.95,0.5,0.125,6400000.0,0.9573523116438356
1024.0,1024.0,4.0,32.0,13006.0,12994.0,427810.0,1947968.0,0,0.990625,0.015625,0.03125,6400000.0,0.9784835188356166
1024.0,1024.0,2.0,5.0,2349.0,3144.0,77258.0,371968.0,0,0.940625,256.0,0.015625,6400000.0,0.9409246575342465
1024.0,1024.0,4.0,21.0,11141.0,11134.0,366501.0,1650368.0,0,0.9828125,8.0,0.00390625,6400000.0,0.9792647688356165
1.0,1024.0,4.0,1.0,1.0,1.0,63.0,32.0,0,0.5015625,256.0,1024.0,6400000.0,0.5273919092465753
1.0,1024.0,4.0,1.0,1.0,1.0,63.0,32.0,0,0.5015625,512.0,32768.0,6400000.0,0.5273919092465753
1.0,1024.0,2.0,1.0,1.0,1.0,39.0,32.0,0,0.5015625,0.125,512.0,6400000.0,0.5273919092465753
1024.0,1024.0,1.0,10.0,2058.0,2048.0,66717.0,196608.0,0,0.9453125,0.25,16.0,6400000.0,0.9479673740215263
1024.0,1024.0,2.0,33.0,4090.0,4057.0,133304.0,518048.0,0,0.9796875,0.0078125,0.000976562,6400000.0,0.980828797700587
1024.0,1024.0,2.0,32.0,4090.0,4058.0,133326.0,518208.0,0,0.9796875,0.0625,0.0078125,6400000.0,0.980828797700587
1.0,1024.0,4.0,1.0,1.0,1.0,63.0,32.0,0,0.5015625,4.0,32768.0,6400000.0,0.5273919092465753
1024.0,1024.0,4.0,6.0,5197.0,5216.0,170644.0,703488.0,0,0.940625,0.00195312,128.0,6400000.0,0.9409246575342465
1.0,1024.0,2.0,1.0,1.0,1.0,39.0,32.0,0,0.5015625,128.0,2048.0,6400000.0,0.5273919092465753
1.0,1024.0,2.0,1.0,1.0,1.0,39.0,32.0,0,0.5015625,0.015625,8192.0,6400000.0,0.5273919092465753
1.0,1024.0,4.0,1.0,1.0,1.0,63.0,32.0,0,0.5015625,1024.0,0.25,6400000.0,0.5273919092465753
1024.0,1024.0,2.0,31.0,4081.0,4050.0,133051.0,516928.0,0,0.98125,0.125,0.0625,6400000.0,0.9796553938356165
1.0,1024.0,4.0,1.0,1.0,1.0,63.0,32.0,0,0.5015625,32768.0,2.0,6400000.0,0.5273919092465753
1.0,1024.0,4.0,1.0,1.0,1.0,63.0,32.0,0,0.5015625,4096.0,8192.0,6400000.0,0.5273919092465753
1.0,1024.0,4.0,1.0,1.0,1.0,63.0,32.0,0,0.5015625,8192.0,0.0625,6400000.0,0.5273919092465753
1024.0,1024.0,2.0,19.0,4105.0,4086.0,134107.0,522688.0,0,0.978125,8.0,0.000976562,6400000.0,0.9757460861056751
1.0,1024.0,4.0,1.0,1.0,1.0,63.0,32.0,0,0.5015625,8192.0,64.0,6400000.0,0.5273919092465753
1.0,1024.0,4.0,1.0,1.0,1.0,63.0,32.0,0,0.5015625,1024.0,256.0,6400000.0,0.5273919092465753
1024.0,1024.0,4.0,5.0,4396.0,5083.0,144885.0,682208.0,0,0.940625,256.0,0.5,6400000.0,0.9409246575342465
1024.0,1024.0,1.0,15.0,2063.0,2048.0,66772.0,196608.0,0,0.95,0.00195312,8.0,6400000.0,0.9503126528864971
1024.0,1024.0,4.0,5.0,4396.0,5083.0,144885.0,682208.0,0,0.940625,128.0,64.0,6400000.0,0.9409246575342465
1.0,1024.0,4.0,1.0,1.0,1.0,63.0,32.0,0,0.5015625,16384.0,0.0,6400000.0,0.5273919092465753
1.0,1024.0,4.0,1.0,1.0,1.0,63.0,32.0,0,0.5015625,0.25,2048.0,6400000.0,0.5273919092465753
1.0,1024.0,4.0,1.0,1.0,1.0,63.0,32.0,0,0.5015625,0.03125,32768.0,6400000.0,0.5273919092465753
1.0,1024.0,4.0,1.0,1.0,1.0,63.0,32.0,0,0.5015625,32768.0,2048.0,6400000.0,0.5273919092465753
1.0,1024.0,4.0,1.0,1.0,1.0,63.0,32.0,0,0.5015625,2048.0,2.0,6400000.0,0.5273919092465753
1.0,1024.0,4.0,1.0,1.0,1.0,63.0,32.0,0,0.5015625,2048.0,0.00195312,6400000.0,0.5273919092465753
1.0,1024.0,4.0,1.0,1.0,1.0,63.0,32.0,0,0.5015625,32.0,8192.0,6400000.0,0.5273919092465753
1.0,1024.0,8.0,1.0,1.0,1.0,543.0,32.0,0,0.5015625,0.000976562,1024.0,6400000.0,0.5273919092465753
1024.0,1024.0,4.0,19.0,10709.0,10704.0,352289.0,1581568.0,0,0.9828125,8.0,4.0,6400000.0,0.9702696917808218
1024.0,1024.0,2.0,33.0,4090.0,4057.0,133304.0,518048.0,0,0.9796875,0.00390625,0.00390625,6400000.0,0.9812209515655577
1024.0,1024.0,2.0,6.0,3505.0,3508.0,114596.0,430208.0,0,0.940625,128.0,1.0,6400000.0,0.9409246575342465
1024.0,1024.0,4.0,6.0,5197.0,5216.0,170644.0,703488.0,0,0.940625,128.0,0.0,6400000.0,0.9409246575342465
1.0,1024.0,4.0,1.0,1.0,1.0,63.0,32.0,0,0.5015625,2048.0,2048.0,6400000.0,0.5273919092465753
1024.0,1024.0,1.0,21.0,2069.0,2048.0,66839.0,196608.0,0,0.959375,1.0,1.0,6400000.0,0.9581335616438356
1024.0,1024.0,2.0,6.0,3485.0,3483.0,113931.0,426208.0,0,0.940625,64.0,32.0,6400000.0,0.9409246575342465
1.0,1024.0,8.0,1.0,1.0,1.0,543.0,32.0,0,0.5015625,0.000976562,512.0,6400000.0,0.5273919092465753
1.0,1024.0,4.0,1.0,1.0,1.0,63.0,32.0,0,0.5015625,4096.0,0.015625,6400000.0,0.5273919092465753
1024.0,1024.0,2.0,5.0,2348.0,3143.0,77225.0,371808.0,0,0.940625,256.0,8.0,6400000.0,0.9409246575342465
1024.0,1024.0,2.0,6.0,3505.0,3508.0,114596.0,430208.0,0,0.940625,1.0,128.0,6400000.0,0.9409246575342465
1024.0,1024.0,2.0,33.0,4090.0,4057.0,133304.0,518048.0,0,0.9796875,0.015625,0.00195312,6400000.0,0.9796553938356165
1.0,1024.0,4.0,1.0,1.0,1.0,63.0,32.0,0,0.5015625,16384.0,0.5,6400000.0,0.5273919092465753
1024.0,1024.0,1.0,16.0,2064.0,2048.0,66783.0,196608.0,0,0.9484375,0.015625,4.0,6400000.0,0.9538321000489237
1024.0,1024.0,2.0,13.0,4081.0,4068.0,133444.0,519808.0,0,0.96875,0.0625,16.0,6400000.0,0.9651846868884538
1024.0,1024.0,8.0,8.0,8468.0,9062.0,283247.0,1318848.0,0,0.959375,0.0,128.0,6400000.0,0.9409246575342465
1.0,1024.0,2.0,1.0,1.0,1.0,39.0,32.0,0,0.5015625,16.0,4096.0,6400000.0,0.5273919092465753
1024.0,1024.0,4.0,6.0,5197.0,5216.0,170644.0,703488.0,0,0.940625,128.0,0.0625,6400000.0,0.9409246575342465
1024.0,1024.0,2.0,9.0,4093.0,4084.0,133925.0,522368.0,0,0.9625,32.0,4.0,6400000.0,0.9644026724559686
1.0,1024.0,4.0,1.0,1.0,1.0,63.0,32.0,0,0.5015625,16384.0,512.0,6400000.0,0.5273919092465753
1024.0,1024.0,2.0,19.0,4105.0,4086.0,134107.0,522688.0,0,0.978125,8.0,0.03125,6400000.0,0.9757430283757339
1.0,1024.0,8.0,1.0,1.0,1.0,543.0,32.0,0,0.5015625,0.000976562,2048.0,6400000.0,0.5273919092465753
1.0,1024.0,8.0,1.0,1.0,1.0,543.0,32.0,0,0.5015625,0.000976562,4096.0,6400000.0,0.5273919092465753
1024.0,1024.0,1.0,25.0,2073.0,2048.0,66883.0,196608.0,0,0.9515625,0.000976562,1.0,6400000.0,0.9573523116438356
1.0,1024.0,8.0,1.0,1.0,1.0,543.0,32.0,0,0.5015625,0.000976562,8192.0,6400000.0,0.5273919092465753
1024.0,1024.0,4.0,28.0,13064.0,13050.0,429806.0,1956928.0,0,0.9890625,0.0625,2.0,6400000.0,0.9757430283757339
1.0,1024.0,4.0,1.0,1.0,1.0,63.0,32.0,0,0.5015625,512.0,32.0,6400000.0,0.5273919092465753
1.0,1024.0,4.0,1.0,1.0,1.0,63.0,32.0,0,0.5015625,32768.0,0.00390625,6400000.0,0.5273919092465753
1.0,1024.0,4.0,1.0,1.0,1.0,63.0,32.0,0,0.5015625,4096.0,16.0,6400000.0,0.5273919092465753
1.0,1024.0,8.0,1.0,1.0,1.0,543.0,32.0,0,0.5015625,0.000976562,16384.0,6400000.0,0.5273919092465753
1024.0,1024.0,1.0,21.0,2069.0,2048.0,66839.0,196608.0,0,0.959375,0.125,2.0,6400000.0,0.9581335616438356
1.0,1024.0,4.0,1.0,1.0,1.0,63.0,32.0,0,0.5015625,1024.0,0.0,6400000.0,0.5273919092465753
1024.0,1024.0,2.0,19.0,4107.0,4088.0,134173.0,523008.0,0,0.978125,0.0,8.0,6400000.0,0.9773062928082192
1.0,1024.0,4.0,1.0,1.0,1.0,63.0,32.0,0,0.5015625,256.0,2048.0,6400000.0,0.5273919092465753
1024.0,1024.0,1.0,25.0,2073.0,2048.0,66883.0,196608.0,0,0.95,0.0078125,0.5,6400000.0,0.9557875183463796
1.0,1024.0,2.0,1.0,1.0,1.0,39.0,32.0,0,0.5015625,0.125,1024.0,6400000.0,0.5273919092465753
1.0,1024.0,8.0,1.0,1.0,1.0,543.0,32.0,0,0.5015625,0.000976562,32768.0,6400000.0,0.5273919092465753
1.0,1024.0,4.0,1.0,1.0,1.0,63.0,32.0,0,0.5015625,1024.0,0.5,6400000.0,0.5273919092465753
1.0,1024.0,2.0,1.0,1.0,1.0,39.0,32.0,0,0.5015625,128.0,4096.0,6400000.0,0.5273919092465753
1.0,1024.0,4.0,1.0,1.0,1.0,63.0,32.0,0,0.5015625,4096.0,16384.0,6400000.0,0.5273919092465753
1.0,1024.0,4.0,1.0,1.0,1.0,63.0,32.0,0,0.5015625,32768.0,4.0,6400000.0,0.5273919092465753
1.0,1024.0,4.0,1.0,1.0,1.0,63.0,32.0,0,0.5015625,8192.0,0.125,6400000.0,0.5273919092465753
1.0,1024.0,4.0,1.0,1.0,1.0,63.0,32.0,0,0.5015625,512.0,0.03125,6400000.0,0.5273919092465753
1.0,1024.0,4.0,1.0,1.0,1.0,63.0,32.0,0,0.5015625,8192.0,128.0,6400000.0,0.5273919092465753
1024.0,1024.0,2.0,5.0,2349.0,3144.0,77258.0,371968.0,0,0.940625,0.000976562,256.0,6400000.0,0.9409246575342465
1.0,1024.0,4.0,1.0,1.0,1.0,63.0,32.0,0,0.5015625,1024.0,512.0,6400000.0,0.5273919092465753
1024.0,1024.0,8.0,5.0,4396.0,5083.0,148485.0,682208.0,0,0.940625,0.000976562,256.0,6400000.0,0.9409246575342465
1.0,1024.0,4.0,1.0,1.0,1.0,63.0,32.0,0,0.5015625,16384.0,0.000976562,6400000.0,0.5273919092465753
1.0,1024.0,4.0,1.0,1.0,1.0,63.0,32.0,0,0.5015625,0.25,4096.0,6400000.0,0.5273919092465753
1024.0,1024.0,1.0,25.0,2073.0,2048.0,66883.0,196608.0,0,0.95,0.0625,0.25,6400000.0,0.9565687683463796
1024.0,1024.0,4.0,32.0,13144.0,13131.0,432363.0,1969888.0,0,0.990625,0.03125,0.25,6400000.0,0.9777007399706455
1024.0,1024.0,2.0,15.0,4098.0,4083.0,133961.0,522208.0,0,0.971875,16.0,0.00390625,6400000.0,0.9644026724559687
1.0,1024.0,4.0,1.0,1.0,1.0,63.0,32.0,0,0.5015625,32768.0,4096.0,6400000.0,0.5273919092465753
1.0,1024.0,4.0,1.0,1.0,1.0,63.0,32.0,0,0.5015625,2048.0,4.0,6400000.0,0.5273919092465753
1.0,1024.0,4.0,1.0,1.0,1.0,63.0,32.0,0,0.5015625,2048.0,0.00390625,6400000.0,0.5273919092465753
1.0,1024.0,4.0,1.0,1.0,1.0,63.0,32.0,0,0.5015625,32.0,16384.0,6400000.0,0.5273919092465753
1024.0,1024.0,4.0,25.0,12652.0,12641.0,416276.0,1891488.0,0,0.984375,4.0,0.5,6400000.0,0.980047547700587
1024.0,1024.0,2.0,19.0,4104.0,4085.0,134074.0,522528.0,0,0.978125,4.0,4.0,6400000.0,0.9737891389432486
1.0,1024.0,4.0,1.0,1.0,1.0,63.0,32.0,0,0.5015625,2048.0,4096.0,6400000.0,0.5273919092465753
1024.0,1024.0,4.0,26.0,11259.0,11247.0,370285.0,1668448.0,0,0.9859375,4.0,0.0,6400000.0,0.9773078216731899
1.0,1024.0,4.0,1.0,1.0,1.0,63.0,32.0,0,0.5015625,4096.0,0.03125,6400000.0,0.5273919092465753
1024.0,1024.0,2.0,8.0,3914.0,3907.0,128041.0,494048.0,0,0.95,8.0,64.0,6400000.0,0.9354513209393345
1024.0,1024.0,2.0,8.0,3862.0,3858.0,126328.0,486208.0,0,0.95,0.0078125,64.0,6400000.0,0.9377981286692758
1.0,1024.0,4.0,1.0,1.0,1.0,63.0,32.0,0,0.5015625,16384.0,1.0,6400000.0,0.5273919092465753
1.0,1024.0,2.0,1.0,1.0,1.0,39.0,32.0,0,0.5015625,16.0,8192.0,6400000.0,0.5273919092465753
1024.0,1024.0,2.0,15.0,4094.0,4079.0,133829.0,521568.0,0,0.9734375,16.0,0.5,6400000.0,0.9647932974559688
1.0,1024.0,4.0,1.0,1.0,1.0,63.0,32.0,0,0.5015625,16384.0,1024.0,6400000.0,0.5273919092465753
1024.0,1024.0,4.0,33.0,13093.0,13081.0,430660.0,1961888.0,0,0.990625,0.00195312,0.0,6400000.0,0.978481989970646
1.0,1024.0,4.0,1.0,1.0,1.0,63.0,32.0,0,0.5015625,512.0,64.0,6400000.0,0.5273919092465753
1.0,1024.0,4.0,1.0,1.0,1.0,63.0,32.0,0,0.5015625,32768.0,0.0078125,6400000.0,0.5273919092465753
1.0,1024.0,4.0,1.0,1.0,1.0,63.0,32.0,0,0.5015625,4096.0,32.0,6400000.0,0.5273919092465753
1024.0,1024.0,2.0,5.0,2349.0,3144.0,77258.0,371968.0,0,0.940625,256.0,0.03125,6400000.0,0.9409246575342465
1024.0,1024.0,2.0,8.0,4082.0,4074.0,133584.0,520768.0,0,0.959375,64.0,0.03125,6400000.0,0.9518782106164382
1.0,1024.0,4.0,1.0,1.0,1.0,63.0,32.0,0,0.5015625,1024.0,0.000976562,6400000.0,0.5273919092465753
1.0,1024.0,4.0,1.0,1.0,1.0,63.0,32.0,0,0.5015625,256.0,4096.0,6400000.0,0.5273919092465753
1024.0,1024.0,8.0,8.0,8468.0,9062.0,283247.0,1318848.0,0,0.959375,0.000976562,128.0,6400000.0,0.9409246575342465
1.0,1024.0,2.0,1.0,1.0,1.0,39.0,32.0,0,0.5015625,0.125,2048.0,6400000.0,0.5273919092465753
1024.0,1024.0,2.0,33.0,4079.0,4046.0,132941.0,516288.0,0,0.978125,0.03125,0.00390625,6400000.0,0.980438172700587
1.0,1024.0,4.0,1.0,1.0,1.0,63.0,32.0,0,0.5015625,1024.0,1.0,6400000.0,0.5273919092465753
1024.0,1024.0,2.0,19.0,4106.0,4087.0,134140.0,522848.0,0,0.978125,0.5,8.0,6400000.0,0.9749602495107631
1024.0,1024.0,4.0,32.0,13143.0,13131.0,432331.0,1969888.0,0,0.990625,0.0625,0.00195312,6400000.0,0.979656922700587
1.0,1024.0,4.0,1.0,1.0,1.0,63.0,32.0,0,0.5015625,8192.0,256.0,6400000.0,0.5273919092465753
1.0,1024.0,4.0,1.0,1.0,1.0,63.0,32.0,0,0.5015625,8192.0,0.25,6400000.0,0.5273919092465753
1.0,1024.0,4.0,1.0,1.0,1.0,63.0,32.0,0,0.5015625,32768.0,8.0,6400000.0,0.5273919092465753
1.0,1024.0,4.0,1.0,1.0,1.0,63.0,32.0,0,0.5015625,1024.0,1024.0,6400000.0,0.5273919092465753
1.0,1024.0,4.0,1.0,1.0,1.0,63.0,32.0,0,0.5015625,4096.0,32768.0,6400000.0,0.5273919092465753
1.0,1024.0,4.0,1.0,1.0,1.0,63.0,32.0,0,0.5015625,16384.0,0.00195312,6400000.0,0.5273919092465753
1.0,1024.0,4.0,1.0,1.0,1.0,63.0,32.0,0,0.5015625,0.25,8192.0,6400000.0,0.5273919092465753
1.0,1024.0,4.0,1.0,1.0,1.0,63.0,32.0,0,0.5015625,32768.0,8192.0,6400000.0,0.5273919092465753
1.0,1024.0,4.0,1.0,1.0,1.0,63.0,32.0,0,0.5015625,2048.0,8.0,6400000.0,0.5273919092465753
1024.0,1024.0,2.0,20.0,4106.0,4086.0,134118.0,522688.0,0,0.978125,0.00390625,4.0,6400000.0,0.9804381727005872
1.0,1024.0,4.0,1.0,1.0,1.0,63.0,32.0,0,0.5015625,2048.0,0.0078125,6400000.0,0.5273919092465753
1.0,1024.0,4.0,1.0,1.0,1.0,63.0,32.0,0,0.5015625,32.0,32768.0,6400000.0,0.5273919092465753
1024.0,1024.0,4.0,32.0,13023.0,13011.0,428371.0,1950688.0,0,0.9890625,0.125,0.015625,6400000.0,0.9784819899706457
1024.0,1024.0,4.0,5.0,4396.0,5083.0,144885.0,682208.0,0,0.940625,256.0,0.00195312,6400000.0,0.9409246575342465
1024.0,1024.0,2.0,6.0,3513.0,3522.0,114866.0,432448.0,0,0.940625,128.0,2.0,6400000.0,0.9409246575342465
1.0,1024.0,4.0,1.0,1.0,1.0,63.0,32.0,0,0.5015625,512.0,0.0625,6400000.0,0.5273919092465753
1.0,1024.0,4.0,1.0,1.0,1.0,63.0,32.0,0,0.5015625,2048.0,8192.0,6400000.0,0.5273919092465753
1024.0,1024.0,4.0,33.0,13098.0,13085.0,430824.0,1962528.0,0,0.990625,0.03125,0.0,6400000.0,0.9788741438356166
1024.0,1024.0,2.0,32.0,4087.0,4055.0,133227.0,517728.0,0,0.9796875,0.125,0.00195312,6400000.0,0.9812194227005872
1.0,1024.0,4.0,1.0,1.0,1.0,63.0,32.0,0,0.5015625,4096.0,0.0625,6400000.0,0.5273919092465753
1024.0,1024.0,2.0,5.0,2348.0,3143.0,77225.0,371808.0,0,0.940625,256.0,16.0,6400000.0,0.9409246575342465
1024.0,1024.0,2.0,5.0,2349.0,3144.0,77258.0,371968.0,0,0.940625,1.0,256.0,6400000.0,0.9409246575342465
1024.0,1024.0,2.0,6.0,3494.0,3494.0,114230.0,427968.0,0,0.940625,64.0,64.0,6400000.0,0.9409246575342465
1.0,1024.0,4.0,1.0,1.0,1.0,63.0,32.0,0,0.5015625,16384.0,2.0,6400000.0,0.5273919092465753
1.0,1024.0,2.0,1.0,1.0,1.0,39.0,32.0,0,0.5015625,0.000976562,512.0,6400000.0,0.5273919092465753
1024.0,1024.0,2.0,33.0,4075.0,4042.0,132809.0,515648.0,0,0.98125,0.000976562,0.00195312,6400000.0,0.9816115765655576
1024.0,1024.0,4.0,28.0,13064.0,13050.0,429806.0,1956928.0,0,0.9890625,2.0,0.0625,6400000.0,0.978482754403131
1.0,1024.0,4.0,1.0,1.0,1.0,63.0,32.0,0,0.5015625,16384.0,2048.0,6400000.0,0.5273919092465753
1024.0,1024.0,4.0,5.0,4396.0,5083.0,144885.0,682208.0,0,0.940625,256.0,1.0,6400000.0,0.9409246575342465
1024.0,1024.0,4.0,29.0,13040.0,13025.0,428992.0,1952928.0,0,0.990625,0.5,1.0,6400000.0,0.9784819899706457
1024.0,1024.0,4.0,5.0,4396.0,5083.0,144885.0,682208.0,0,0.940625,128.0,128.0,6400000.0,0.9409246575342465
1024.0,1024.0,4.0,5.0,4396.0,5083.0,144885.0,682208.0,0,0.940625,0.00195312,256.0,6400000.0,0.9409246575342465
1.0,1024.0,4.0,1.0,1.0,1.0,63.0,32.0,0,0.5015625,512.0,128.0,6400000.0,0.5273919092465753
1.0,1024.0,4.0,1.0,1.0,1.0,63.0,32.0,0,0.5015625,32768.0,0.015625,6400000.0,0.5273919092465753
1.0,1024.0,4.0,1.0,1.0,1.0,63.0,32.0,0,0.5015625,4096.0,64.0,6400000.0,0.5273919092465753
1024.0,1024.0,2.0,9.0,4094.0,4085.0,133958.0,522528.0,0,0.9625,32.0,0.015625,6400000.0,0.9655768407534246
1.0,1024.0,4.0,1.0,1.0,1.0,63.0,32.0,0,0.5015625,1024.0,0.00195312,6400000.0,0.5273919092465753
1.0,1024.0,8.0,1.0,1.0,1.0,543.0,32.0,0,0.5015625,0.00195312,512.0,6400000.0,0.5273919092465753
1.0,1024.0,8.0,1.0,1.0,1.0,543.0,32.0,0,0.5015625,0.00195312,1024.0,6400000.0,0.5273919092465753
1.0,1024.0,4.0,1.0,1.0,1.0,63.0,32.0,0,0.5015625,256.0,8192.0,6400000.0,0.5273919092465753
1024.0,1024.0,4.0,32.0,13110.0,13097.0,431241.0,1964448.0,0,0.9890625,0.25,0.125,6400000.0,0.978481989970646
1.0,1024.0,2.0,1.0,1.0,1.0,39.0,32.0,0,0.5015625,0.125,4096.0,6400000.0,0.5273919092465753
1.0,1024.0,4.0,1.0,1.0,1.0,63.0,32.0,0,0.5015625,1024.0,2.0,6400000.0,0.5273919092465753
1024.0,1024.0,4.0,30.0,12931.0,12921.0,425379.0,1936288.0,0,0.990625,1.0,0.0078125,6400000.0,0.9792655332681018
1.0,1024.0,4.0,1.0,1.0,1.0,63.0,32.0,0,0.5015625,8192.0,0.5,6400000.0,0.5273919092465753
1.0,1024.0,4.0,1.0,1.0,1.0,63.0,32.0,0,0.5015625,32768.0,16.0,6400000.0,0.5273919092465753
1.0,1024.0,4.0,1.0,1.0,1.0,63.0,32.0,0,0.5015625,8192.0,512.0,6400000.0,0.5273919092465753
1.0,1024.0,4.0,1.0,1.0,1.0,63.0,32.0,0,0.5015625,1024.0,2048.0,6400000.0,0.5273919092465753
1.0,1024.0,4.0,1.0,1.0,1.0,63.0,32.0,0,0.5015625,8192.0,0.0,6400000.0,0.5273919092465753
1.0,1024.0,4.0,1.0,1.0,1.0,63.0,32.0,0,0.5015625,16384.0,0.00390625,6400000.0,0.5273919092465753
1.0,1024.0,4.0,1.0,1.0,1.0,63.0,32.0,0,0.5015625,0.25,16384.0,6400000.0,0.5273919092465753
1024.0,1024.0,2.0,20.0,4107.0,4087.0,134151.0,522848.0,0,0.978125,4.0,0.0078125,6400000.0,0.9800467832681017
1024.0,1024.0,4.0,6.0,5197.0,5216.0,170644.0,703488.0,0,0.940625,128.0,0.000976562,6400000.0,0.9409246575342465
1.0,1024.0,4.0,1.0,1.0,1.0,63.0,32.0,0,0.5015625,32768.0,16384.0,6400000.0,0.5273919092465753
1.0,1024.0,4.0,1.0,1.0,1.0,63.0,32.0,0,0.5015625,2048.0,16.0,6400000.0,0.5273919092465753
1024.0,1024.0,4.0,32.0,13209.0,13196.0,434508.0,1980288.0,0,0.9890625,0.5,0.000976562,6400000.0,0.9784835188356166
1.0,1024.0,4.0,1.0,1.0,1.0,63.0,32.0,0,0.5015625,2048.0,0.015625,6400000.0,0.5273919092465753
1.0,1024.0,4.0,1.0,1.0,1.0,63.0,32.0,0,0.5015625,2048.0,16384.0,6400000.0,0.5273919092465753
1024.0,1024.0,2.0,30.0,4094.0,4064.0,133502.0,519168.0,0,0.9796875,1.0,0.00195312,6400000.0,0.9808303265655578
1024.0,1024.0,2.0,24.0,4111.0,4087.0,134195.0,522848.0,0,0.9765625,2.0,0.5,6400000.0,0.9800483121330723
1.0,1024.0,4.0,1.0,1.0,1.0,63.0,32.0,0,0.5015625,4096.0,0.125,6400000.0,0.5273919092465753
1024.0,1024.0,4.0,6.0,5197.0,5216.0,170644.0,703488.0,0,0.940625,128.0,0.125,6400000.0,0.9409246575342465
1024.0,1024.0,4.0,16.0,10880.0,10874.0,357979.0,1608768.0,0,0.9765625,16.0,0.0,6400000.0,0.9683158023483365
1.0,1024.0,4.0,1.0,1.0,1.0,63.0,32.0,0,0.5015625,16384.0,4.0,6400000.0,0.5273919092465753
1.0,1024.0,8.0,1.0,1.0,1.0,543.0,32.0,0,0.5015625,0.00195312,2048.0,6400000.0,0.5273919092465753
1.0,1024.0,2.0,1.0,1.0,1.0,39.0,32.0,0,0.5015625,0.000976562,1024.0,6400000.0,0.5273919092465753
1024.0,1024.0,2.0,31.0,4073.0,4042.0,132787.0,515648.0,0,0.978125,0.25,0.00390625,6400000.0,0.980828797700587
1.0,1024.0,4.0,1.0,1.0,1.0,63.0,32.0,0,0.5015625,512.0,0.125,6400000.0,0.5273919092465753
1024.0,1024.0,2.0,9.0,4089.0,4080.0,133793.0,521728.0,0,0.9625,0.0625,32.0,6400000.0,0.9620543358610567
1024.0,1024.0,8.0,5.0,4396.0,5083.0,148485.0,682208.0,0,0.940625,0.00195312,256.0,6400000.0,0.9409246575342465
1.0,1024.0,4.0,1.0,1.0,1.0,63.0,32.0,0,0.5015625,16384.0,4096.0,6400000.0,0.5273919092465753
1.0,1024.0,4.0,1.0,1.0,1.0,63.0,32.0,0,0.5015625,512.0,256.0,6400000.0,0.5273919092465753
1.0,1024.0,4.0,1.0,1.0,1.0,63.0,32.0,0,0.5015625,32768.0,0.03125,6400000.0,0.5273919092465753
1.0,1024.0,8.0,1.0,1.0,1.0,543.0,32.0,0,0.5015625,0.00195312,4096.0,6400000.0,0.5273919092465753
1.0,1024.0,4.0,1.0,1.0,1.0,63.0,32.0,0,0.5015625,4096.0,128.0,6400000.0,0.5273919092465753
1024.0,1024.0,2.0,25.0,4115.0,4090.0,134305.0,523328.0,0,0.9765625,2.0,0.00390625,6400000.0,0.9796553938356165
1.0,1024.0,8.0,1.0,1.0,1.0,543.0,32.0,0,0.5015625,0.00195312,8192.0,6400000.0,0.5273919092465753
1024.0,1024.0,2.0,9.0,4092.0,4083.0,133892.0,522208.0,0,0.9625,32.0,8.0,6400000.0,0.9636198935909979
1.0,1024.0,4.0,1.0,1.0,1.0,63.0,32.0,0,0.5015625,1024.0,0.00390625,6400000.0,0.5273919092465753
1.0,1024.0,8.0,1.0,1.0,1.0,543.0,32.0,0,0.5015625,0.00195312,16384.0,6400000.0,0.5273919092465753
1024.0,1024.0,2.0,25.0,4086.0,4061.0,133348.0,518688.0,0,0.978125,0.03125,2.0,6400000.0,0.9792655332681017
1.0,1024.0,4.0,1.0,1.0,1.0,63.0,32.0,0,0.5015625,256.0,16384.0,6400000.0,0.5273919092465753
1024.0,1024.0,2.0,5.0,2359.0,3145.0,77579.0,372128.0,0,0.940625,8.0,128.0,6400000.0,0.9409246575342465
1.0,1024.0,8.0,1.0,1.0,1.0,543.0,32.0,0,0.5015625,0.00195312,32768.0,6400000.0,0.5273919092465753
1024.0,1024.0,2.0,33.0,4087.0,4054.0,133205.0,517568.0,0,0.9796875,0.00195312,0.00390625,6400000.0,0.9820029659980432
1.0,1024.0,2.0,1.0,1.0,1.0,39.0,32.0,0,0.5015625,1.0,512.0,6400000.0,0.5273919092465753
1.0,1024.0,4.0,1.0,1.0,1.0,63.0,32.0,0,0.5015625,1024.0,4.0,6400000.0,0.5273919092465753
1.0,1024.0,4.0,1.0,1.0,1.0,63.0,32.0,0,0.5015625,8192.0,1.0,6400000.0,0.5273919092465753
1.0,1024.0,4.0,1.0,1.0,1.0,63.0,32.0,0,0.5015625,32768.0,32.0,6400000.0,0.5273919092465753
1024.0,1024.0,4.0,8.0,7056.0,7692.0,232566.0,1099648.0,0,0.95,0.015625,64.0,6400000.0,0.9393636863992171
1024.0,1024.0,2.0,31.0,4076.0,4045.0,132886.0,516128.0,0,0.978125,0.00195312,0.5,6400000.0,0.9808303265655578
1.0,1024.0,4.0,1.0,1.0,1.0,63.0,32.0,0,0.5015625,1024.0,4096.0,6400000.0,0.5273919092465753
1.0,1024.0,4.0,1.0,1.0,1.0,63.0,32.0,0,0.5015625,8192.0,1024.0,6400000.0,0.5273919092465753
1.0,1024.0,4.0,1.0,1.0,1.0,63.0,32.0,0,0.5015625,8192.0,0.000976562,6400000.0,0.5273919092465753
1024.0,1024.0,2.0,6.0,3494.0,3494.0,114230.0,427968.0,0,0.940625,0.0078125,128.0,6400000.0,0.9409246575342465
1024.0,1024.0,2.0,31.0,4088.0,4057.0,133282.0,518048.0,0,0.9796875,1.0,0.0625,6400000.0,0.9808318554305284
1.0,1024.0,4.0,1.0,1.0,1.0,63.0,32.0,0,0.5015625,16384.0,0.0078125,6400000.0,0.5273919092465753
1.0,1024.0,4.0,1.0,1.0,1.0,63.0,32.0,0,0.5015625,0.25,32768.0,6400000.0,0.5273919092465753
1.0,1024.0,4.0,1.0,1.0,1.0,63.0,32.0,0,0.5015625,32768.0,32768.0,6400000.0,0.5273919092465753
1.0,1024.0,4.0,1.0,1.0,1.0,63.0,32.0,0,0.5015625,2048.0,32.0,6400000.0,0.5273919092465753
1.0,1024.0,4.0,1.0,1.0,1.0,63.0,32.0,0,0.5015625,2048.0,0.03125,6400000.0,0.5273919092465753
1024.0,1024.0,2.0,6.0,3514.0,3519.0,114895.0,431968.0,0,0.940625,128.0,4.0,6400000.0,0.9409246575342465
1.0,1024.0,4.0,1.0,1.0,1.0,63.0,32.0,0,0.5015625,2048.0,32768.0,6400000.0,0.5273919092465753
1024.0,1024.0,2.0,32.0,4094.0,4062.0,133458.0,518848.0,0,0.9796875,0.000976562,0.0625,6400000.0,0.9804374082681017
1024.0,1024.0,2.0,33.0,4090.0,4057.0,133304.0,518048.0,0,0.9796875,0.0,0.0078125,6400000.0,0.9812209515655577
1.0,1024.0,4.0,1.0,1.0,1.0,63.0,32.0,0,0.5015625,4096.0,0.25,6400000.0,0.5273919092465753
1024.0,1024.0,2.0,15.0,4095.0,4080.0,133862.0,521728.0,0,0.9734375,0.0,16.0,6400000.0,0.9647932974559688
1.0,1024.0,4.0,1.0,1.0,1.0,63.0,32.0,0,0.5015625,0.00195312,512.0,6400000.0,0.5273919092465753
1024.0,1024.0,2.0,5.0,2340.0,3145.0,76971.0,372128.0,0,0.940625,256.0,32.0,6400000.0,0.9409246575342465
1024.0,1024.0,2.0,5.0,2353.0,3143.0,77385.0,371808.0,0,0.940625,64.0,128.0,6400000.0,0.9409246575342465
1024.0,1024.0,2.0,15.0,4098.0,4083.0,133961.0,522208.0,0,0.971875,16.0,0.0078125,6400000.0,0.9644026724559687
1024.0,1024.0,2.0,19.0,4105.0,4086.0,134107.0,522688.0,0,0.978125,8.0,0.0625,6400000.0,0.9753516389432486
1024.0,1024.0,2.0,30.0,4073.0,4043.0,132809.0,515808.0,0,0.98125,0.25,1.0,6400000.0,0.9812217159980431
1.0,1024.0,4.0,1.0,1.0,1.0,63.0,32.0,0,0.5015625,16384.0,8.0,6400000.0,0.5273919092465753
1.0,1024.0,2.0,1.0,1.0,1.0,39.0,32.0,0,0.5015625,0.000976562,2048.0,6400000.0,0.5273919092465753
1.0,1024.0,4.0,1.0,1.0,1.0,63.0,32.0,0,0.5015625,16384.0,8192.0,6400000.0,0.5273919092465753
1024.0,1024.0,2.0,33.0,4079.0,4046.0,132941.0,516288.0,0,0.9796875,0.0078125,0.03125,6400000.0,0.980438172700587
1.0,1024.0,4.0,1.0,1.0,1.0,63.0,32.0,0,0.5015625,512.0,512.0,6400000.0,0.5273919092465753
1024.0,1024.0,2.0,31.0,4076.0,4045.0,132886.0,516128.0,0,0.978125,0.5,0.0078125,6400000.0,0.9796561582681017
1.0,1024.0,4.0,1.0,1.0,1.0,63.0,32.0,0,0.5015625,32768.0,0.0625,6400000.0,0.5273919092465753
1024.0,1024.0,2.0,32.0,4092.0,4060.0,133392.0,518528.0,0,0.9796875,0.015625,0.25,6400000.0,0.9812201871330725
1.0,1024.0,4.0,1.0,1.0,1.0,63.0,32.0,0,0.5015625,4096.0,256.0,6400000.0,0.5273919092465753
1024.0,1024.0,4.0,5.0,4396.0,5083.0,144885.0,682208.0,0,0.940625,256.0,0.00390625,6400000.0,0.9409246575342465
1024.0,1024.0,8.0,8.0,8468.0,9062.0,283247.0,1318848.0,0,0.959375,0.00195312,128.0,6400000.0,0.9409246575342465
1024.0,1024.0,4.0,7.0,7430.0,8113.0,244976.0,1167008.0,0,0.946875,2.0,128.0,6400000.0,0.9409246575342465
1.0,1024.0,4.0,1.0,1.0,1.0,63.0,32.0,0,0.5015625,512.0,0.25,6400000.0,0.5273919092465753
1024.0,1024.0,2.0,15.0,4096.0,4081.0,133895.0,521888.0,0,0.9734375,16.0,1.0,6400000.0,0.9647925330234834
1.0,1024.0,4.0,1.0,1.0,1.0,63.0,32.0,0,0.5015625,256.0,32768.0,6400000.0,0.5273919092465753
1024.0,1024.0,2.0,17.0,4102.0,4085.0,134049.0,522528.0,0,0.9734375,4.0,8.0,6400000.0,0.9698760090508806
1.0,1024.0,2.0,1.0,1.0,1.0,39.0,32.0,0,0.5015625,1.0,1024.0,6400000.0,0.5273919092465753
1024.0,1024.0,4.0,13.0,10267.0,10266.0,337818.0,1511488.0,0,0.9703125,0.000976562,16.0,6400000.0,0.9690985812133072
1.0,1024.0,4.0,1.0,1.0,1.0,63.0,32.0,0,0.5015625,8192.0,2.0,6400000.0,0.5273919092465753
1.0,1024.0,4.0,1.0,1.0,1.0,63.0,32.0,0,0.5015625,32768.0,64.0,6400000.0,0.5273919092465753
1.0,1024.0,4.0,1.0,1.0,1.0,63.0,32.0,0,0.5015625,8192.0,0.00195312,6400000.0,0.5273919092465753
1.0,1024.0,4.0,1.0,1.0,1.0,63.0,32.0,0,0.5015625,8192.0,2048.0,6400000.0,0.5273919092465753
1024.0,1024.0,2.0,8.0,4082.0,4074.0,133584.0,520768.0,0,0.959375,64.0,0.0625,6400000.0,0.9518782106164382
1.0,1024.0,4.0,1.0,1.0,1.0,63.0,32.0,0,0.5015625,16384.0,0.015625,6400000.0,0.5273919092465753
1024.0,1024.0,4.0,32.0,13093.0,13080.0,430680.0,1961728.0,0,0.990625,0.25,0.0,6400000.0,0.978091364970646
1024.0,1024.0,4.0,5.0,4396.0,5083.0,144885.0,682208.0,0,0.940625,256.0,2.0,6400000.0,0.9409246575342465
1024.0,1024.0,2.0,31.0,4073.0,4042.0,132787.0,515648.0,0,0.978125,0.125,0.125,6400000.0,0.9816115765655578
1024.0,1024.0,2.0,32.0,4090.0,4058.0,133326.0,518208.0,0,0.9796875,0.0625,0.015625,6400000.0,0.980828797700587
1024.0,1024.0,4.0,33.0,13225.0,13212.0,435015.0,1982848.0,0,0.9890625,0.015625,0.0,6400000.0,0.9788741438356163
1.0,1024.0,4.0,1.0,1.0,1.0,63.0,32.0,0,0.5015625,16384.0,16.0,6400000.0,0.5273919092465753
1.0,1024.0,4.0,1.0,1.0,1.0,63.0,32.0,0,0.5015625,0.00195312,1024.0,6400000.0,0.5273919092465753
1024.0,1024.0,4.0,33.0,13097.0,13085.0,430792.0,1962528.0,0,0.9890625,0.000976562,0.0,6400000.0,0.9784827544031313
1024.0,1024.0,2.0,13.0,4047.0,4034.0,132322.0,514368.0,0,0.96875,0.5,16.0,6400000.0,0.9644026724559687
1.0,1024.0,4.0,1.0,1.0,1.0,63.0,32.0,0,0.5015625,16384.0,16384.0,6400000.0,0.5273919092465753
1024.0,1024.0,2.0,33.0,4090.0,4057.0,133304.0,518048.0,0,0.9796875,0.00390625,0.0078125,6400000.0,0.9800467832681017
1.0,1024.0,4.0,1.0,1.0,1.0,63.0,32.0,0,0.5015625,32768.0,0.125,6400000.0,0.5273919092465753
1024.0,1024.0,4.0,5.0,2509.0,3384.0,82786.0,410368.0,0,0.940625,128.0,256.0,6400000.0,0.9033657962328766
1024.0,1024.0,2.0,9.0,4094.0,4085.0,133958.0,522528.0,0,0.9625,32.0,0.03125,6400000.0,0.9655768407534246
1.0,1024.0,8.0,1.0,1.0,1.0,543.0,32.0,0,0.5015625,0.00390625,1024.0,6400000.0,0.5273919092465753
1024.0,1024.0,2.0,33.0,4090.0,4057.0,133304.0,518048.0,0,0.9796875,0.015625,0.00390625,6400000.0,0.980828797700587
1.0,1024.0,8.0,1.0,1.0,1.0,543.0,32.0,0,0.5015625,0.00390625,2048.0,6400000.0,0.5273919092465753
1.0,1024.0,8.0,1.0,1.0,1.0,543.0,32.0,0,0.5015625,0.00390625,512.0,6400000.0,0.5273919092465753
1024.0,1024.0,2.0,5.0,2348.0,3143.0,77225.0,371808.0,0,0.940625,8.0,256.0,6400000.0,0.9409246575342465
1.0,1024.0,2.0,1.0,1.0,1.0,39.0,32.0,0,0.5015625,1.0,2048.0,6400000.0,0.5273919092465753
1.0,1024.0,8.0,1.0,1.0,1.0,543.0,32.0,0,0.5015625,0.00390625,4096.0,6400000.0,0.5273919092465753
1.0,1024.0,8.0,1.0,1.0,1.0,543.0,32.0,0,0.5015625,0.00390625,8192.0,6400000.0,0.5273919092465753
1.0,1024.0,4.0,1.0,1.0,1.0,63.0,32.0,0,0.5015625,32768.0,128.0,6400000.0,0.5273919092465753
1024.0,1024.0,4.0,6.0,5197.0,5216.0,170644.0,703488.0,0,0.940625,128.0,0.00195312,6400000.0,0.9409246575342465
1.0,1024.0,8.0,1.0,1.0,1.0,543.0,32.0,0,0.5015625,0.00390625,16384.0,6400000.0,0.5273919092465753
1024.0,1024.0,2.0,5.0,2349.0,3144.0,77258.0,371968.0,0,0.940625,0.0078125,256.0,6400000.0,0.9409246575342465
1.0,1024.0,4.0,1.0,1.0,1.0,63.0,32.0,0,0.5015625,512.0,0.0,6400000.0,0.5273919092465753
1.0,1024.0,4.0,1.0,1.0,1.0,63.0,32.0,0,0.5015625,512.0,0.5,6400000.0,0.5273919092465753
1024.0,1024.0,4.0,11.0,9202.0,9200.0,302714.0,1340928.0,0,0.96875,0.125,32.0,6400000.0,0.965575311888454
1024.0,1024.0,4.0,11.0,9203.0,9201.0,302747.0,1341088.0,0,0.96875,32.0,0.5,6400000.0,0.9655760763209393
1024.0,1024.0,2.0,19.0,4107.0,4088.0,134173.0,523008.0,0,0.978125,0.00390625,8.0,6400000.0,0.9773062928082192
1024.0,1024.0,4.0,6.0,5109.0,5126.0,167738.0,689088.0,0,0.940625,128.0,0.25,6400000.0,0.9409246575342465
1.0,1024.0,8.0,1.0,1.0,1.0,543.0,32.0,0,0.5015625,0.00390625,32768.0,6400000.0,0.5273919092465753
1024.0,1024.0,4.0,28.0,13176.0,13162.0,433502.0,1974848.0,0,0.990625,2.0,0.0,6400000.0,0.9776992111056751
1.0,1024.0,4.0,1.0,1.0,1.0,63.0,32.0,0,0.5015625,0.00195312,2048.0,6400000.0,0.5273919092465753
1024.0,1024.0,2.0,5.0,2341.0,3144.0,77002.0,371968.0,0,0.940625,64.0,256.0,6400000.0,0.9409246575342465
1024.0,1024.0,8.0,5.0,4396.0,5083.0,148485.0,682208.0,0,0.940625,0.00390625,256.0,6400000.0,0.9409246575342465
1024.0,1024.0,2.0,8.0,3862.0,3858.0,126328.0,486208.0,0,0.95,0.0625,64.0,6400000.0,0.9377981286692758
1024.0,1024.0,2.0,9.0,4089.0,4080.0,133793.0,521728.0,0,0.9625,32.0,16.0,6400000.0,0.9593146098336593
1024.0,1024.0,2.0,33.0,4079.0,4046.0,132941.0,516288.0,0,0.9796875,0.03125,0.0078125,6400000.0,0.980438172700587
1.0,1024.0,2.0,1.0,1.0,1.0,39.0,32.0,0,0.5015625,8.0,512.0,6400000.0,0.5273919092465753
1024.0,1024.0,4.0,5.0,4396.0,5083.0,144885.0,682208.0,0,0.940625,256.0,0.0078125,6400000.0,0.9409246575342465
1024.0,1024.0,4.0,11.0,9335.0,9333.0,307103.0,1362208.0,0,0.96875,32.0,0.000976562,6400000.0,0.9659667013209393
1024.0,1024.0,2.0,20.0,4107.0,4087.0,134151.0,522848.0,0,0.978125,4.0,0.015625,6400000.0,0.9800467832681017
1.0,1024.0,4.0,1.0,1.0,1.0,63.0,32.0,0,0.5015625,0.00195312,4096.0,6400000.0,0.5273919092465753
1024.0,1024.0,4.0,8.0,7322.0,7985.0,241371.0,1146528.0,0,0.95,16.0,64.0,6400000.0,0.9389677103718199
1.0,1024.0,2.0,1.0,1.0,1.0,39.0,32.0,0,0.5015625,0.0078125,512.0,6400000.0,0.5273919092465753
1024.0,1024.0,2.0,9.0,4089.0,4080.0,133793.0,521728.0,0,0.9625,0.0,32.0,6400000.0,0.9620543358610567
1024.0,1024.0,4.0,5.0,4396.0,5083.0,144885.0,682208.0,0,0.940625,2.0,256.0,6400000.0,0.9409246575342465
1024.0,1024.0,4.0,5.0,4396.0,5083.0,144885.0,682208.0,0,0.940625,256.0,4.0,6400000.0,0.9409246575342465
1.0,1024.0,4.0,1.0,1.0,1.0,63.0,32.0,0,0.5015625,128.0,512.0,6400000.0,0.5273919092465753
1024.0,1024.0,2.0,32.0,4087.0,4055.0,133227.0,517728.0,0,0.9796875,0.125,0.00390625,6400000.0,0.9808280332681016
1024.0,1024.0,2.0,24.0,4109.0,4085.0,134129.0,522528.0,0,0.98125,2.0,1.0,6400000.0,0.980438172700587
1024.0,1024.0,8.0,13.0,16986.0,17088.0,564224.0,2603008.0,0,0.9703125,0.0,32.0,6400000.0,0.9659667013209393
1024.0,1024.0,8.0,8.0,8468.0,9062.0,283247.0,1318848.0,0,0.959375,0.00390625,128.0,6400000.0,0.9409246575342465
1.0,1024.0,2.0,1.0,1.0,1.0,39.0,32.0,0,0.5015625,64.0,512.0,6400000.0,0.5273919092465753
1024.0,1024.0,2.0,13.0,4093.0,4080.0,133840.0,521728.0,0,0.9703125,16.0,2.0,6400000.0,0.9644026724559687
1024.0,1024.0,2.0,8.0,4082.0,4074.0,133584.0,520768.0,0,0.959375,64.0,0.125,6400000.0,0.9518782106164382
1024.0,1024.0,2.0,13.0,4098.0,4085.0,134005.0,522528.0,0,0.9703125,4.0,16.0,6400000.0,0.9628371147260275
1.0,1024.0,2.0,1.0,1.0,1.0,39.0,32.0,0,0.5015625,8.0,1024.0,6400000.0,0.5273919092465753
1024.0,1024.0,2.0,20.0,4106.0,4086.0,134118.0,522688.0,0,0.978125,0.03125,4.0,6400000.0,0.9804381727005872
1.0,1024.0,4.0,1.0,1.0,1.0,63.0,32.0,0,0.5015625,0.00195312,8192.0,6400000.0,0.5273919092465753
1024.0,1024.0,2.0,19.0,4106.0,4087.0,134140.0,522848.0,0,0.978125,8.0,0.125,6400000.0,0.9737860812133071
1024.0,1024.0,4.0,21.0,11141.0,11134.0,366501.0,1650368.0,0,0.9828125,8.0,0.0,6400000.0,0.9792647688356165
1.0,1024.0,2.0,1.0,1.0,1.0,39.0,32.0,0,0.5015625,0.0078125,1024.0,6400000.0,0.5273919092465753
1024.0,1024.0,2.0,25.0,4115.0,4090.0,134305.0,523328.0,0,0.9765625,2.0,0.0078125,6400000.0,0.9796569227005871
1024.0,1024.0,2.0,9.0,4089.0,4080.0,133793.0,521728.0,0,0.9625,0.5,32.0,6400000.0,0.9632285041585126
1.0,1024.0,4.0,1.0,1.0,1.0,63.0,32.0,0,0.5015625,128.0,1024.0,6400000.0,0.5273919092465753
1024.0,1024.0,4.0,32.0,13111.0,13099.0,431275.0,1964768.0,0,0.990625,0.125,0.0,6400000.0,0.9784827544031313
1024.0,1024.0,4.0,33.0,13012.0,13000.0,427987.0,1948928.0,0,0.9890625,0.0078125,0.0,6400000.0,0.9796569227005871
1024.0,1024.0,8.0,8.0,10444.0,10479.0,347865.0,1545568.0,0,0.959375,0.0,64.0,6400000.0,0.9499312010763209
1024.0,1024.0,4.0,13.0,10289.0,10286.0,338542.0,1514688.0,0,0.9703125,16.0,0.0625,6400000.0,0.9683158023483365
1024.0,1024.0,2.0,31.0,4073.0,4042.0,132787.0,515648.0,0,0.978125,0.25,0.0078125,6400000.0,0.980828797700587
1024.0,1024.0,4.0,6.0,5197.0,5216.0,170644.0,703488.0,0,0.940625,128.0,0.00390625,6400000.0,0.9409246575342465
1024.0,1024.0,2.0,9.0,4094.0,4085.0,133958.0,522528.0,0,0.9625,32.0,0.0625,6400000.0,0.9655768407534246
1024.0,1024.0,2.0,30.0,4094.0,4064.0,133502.0,519168.0,0,0.9796875,1.0,0.125,6400000.0,0.9796561582681018
1024.0,1024.0,2.0,31.0,4073.0,4042.0,132787.0,515648.0,0,0.98125,0.00195312,1.0,6400000.0,0.9820044948630138
1024.0,1024.0,4.0,6.0,5109.0,5126.0,167738.0,689088.0,0,0.940625,128.0,0.5,6400000.0,0.9409246575342465
1024.0,1024.0,2.0,6.0,3494.0,3494.0,114230.0,427968.0,0,0.940625,0.0625,128.0,6400000.0,0.9409246575342465
1024.0,1024.0,2.0,23.0,4111.0,4088.0,134217.0,523008.0,0,0.9796875,0.25,2.0,6400000.0,0.9800467832681019
1.0,1024.0,4.0,1.0,1.0,1.0,63.0,32.0,0,0.5015625,0.00195312,16384.0,6400000.0,0.5273919092465753
1.0,1024.0,4.0,1.0,1.0,1.0,63.0,32.0,0,0.5015625,2.0,512.0,6400000.0,0.5273919092465753
1024.0,1024.0,4.0,33.0,13123.0,13114.0,431653.0,1967168.0,0,0.9890625,0.0,0.0,6400000.0,0.9788741438356166
1024.0,1024.0,8.0,13.0,16986.0,17088.0,564224.0,2603008.0,0,0.9703125,0.000976562,32.0,6400000.0,0.9659667013209393
1024.0,1024.0,2.0,33.0,4090.0,4057.0,133304.0,518048.0,0,0.9796875,0.00195312,0.0078125,6400000.0,0.9804374082681017
1.0,1024.0,8.0,1.0,1.0,1.0,543.0,32.0,0,0.5015625,0.0078125,1024.0,6400000.0,0.5273919092465753
1.0,1024.0,8.0,1.0,1.0,1.0,543.0,32.0,0,0.5015625,0.0078125,512.0,6400000.0,0.5273919092465753
1024.0,1024.0,4.0,8.0,8785.0,8796.0,289014.0,1276288.0,0,0.959375,64.0,4.0,6400000.0,0.9518782106164382
1.0,1024.0,4.0,1.0,1.0,1.0,63.0,32.0,0,0.5015625,128.0,2048.0,6400000.0,0.5273919092465753
1024.0,1024.0,4.0,8.0,8748.0,8759.0,287793.0,1270368.0,0,0.959375,64.0,0.0,6400000.0,0.9628371147260273
1.0,1024.0,8.0,1.0,1.0,1.0,543.0,32.0,0,0.5015625,0.0078125,2048.0,6400000.0,0.5273919092465753
1024.0,1024.0,2.0,32.0,4087.0,4055.0,133227.0,517728.0,0,0.9796875,0.000976562,0.125,6400000.0,0.9816108121330723
1024.0,1024.0,2.0,33.0,4090.0,4057.0,133304.0,518048.0,0,0.9796875,0.0,0.015625,6400000.0,0.9808295621330725
1024.0,1024.0,2.0,13.0,4081.0,4068.0,133444.0,519808.0,0,0.96875,0.00390625,16.0,6400000.0,0.9647932974559688
1024.0,1024.0,2.0,31.0,4079.0,4048.0,132985.0,516608.0,0,0.9796875,0.5,0.015625,6400000.0,0.9800475477005872
1024.0,1024.0,4.0,5.0,4396.0,5083.0,144885.0,682208.0,0,0.940625,256.0,0.015625,6400000.0,0.9409246575342465
1024.0,1024.0,2.0,31.0,4079.0,4048.0,132985.0,516608.0,0,0.9796875,0.015625,0.5,6400000.0,0.9816123409980431
1024.0,1024.0,2.0,32.0,4090.0,4058.0,133326.0,518208.0,0,0.9796875,0.0078125,0.0625,6400000.0,0.9800460188356164
1024.0,1024.0,8.0,5.0,4396.0,5083.0,148485.0,682208.0,0,0.940625,0.0078125,256.0,6400000.0,0.9409246575342465
1024.0,1024.0,8.0,8.0,10444.0,10479.0,347865.0,1545568.0,0,0.959375,0.000976562,64.0,6400000.0,0.9499312010763209
1024.0,1024.0,4.0,5.0,4396.0,5083.0,144885.0,682208.0,0,0.940625,256.0,8.0,6400000.0,0.9409246575342465
1.0,1024.0,4.0,1.0,1.0,1.0,63.0,32.0,0,0.5015625,0.00195312,32768.0,6400000.0,0.5273919092465753
1.0,1024.0,8.0,1.0,1.0,1.0,543.0,32.0,0,0.5015625,0.0078125,4096.0,6400000.0,0.5273919092465753
1.0,1024.0,8.0,1.0,1.0,1.0,543.0,32.0,0,0.5015625,0.0078125,8192.0,6400000.0,0.5273919092465753
1.0,1024.0,4.0,1.0,1.0,1.0,63.0,32.0,0,0.5015625,2.0,1024.0,6400000.0,0.5273919092465753
1.0,1024.0,8.0,1.0,1.0,1.0,543.0,32.0,0,0.5015625,0.0078125,16384.0,6400000.0,0.5273919092465753
1.0,1024.0,8.0,1.0,1.0,1.0,543.0,32.0,0,0.5015625,0.0078125,32768.0,6400000.0,0.5273919092465753
1024.0,1024.0,2.0,31.0,4073.0,4042.0,132787.0,515648.0,0,0.9796875,0.125,0.25,6400000.0,0.9808295621330723
1024.0,1024.0,4.0,30.0,13025.0,13015.0,428481.0,1951328.0,0,0.990625,1.0,0.0,6400000.0,0.9792655332681018
1.0,1024.0,4.0,1.0,1.0,1.0,63.0,32.0,0,0.5015625,128.0,4096.0,6400000.0,0.5273919092465753
1024.0,1024.0,2.0,8.0,3862.0,3858.0,126328.0,486208.0,0,0.95,0.0,64.0,6400000.0,0.9377981286692758
1024.0,1024.0,2.0,8.0,4082.0,4074.0,133584.0,520768.0,0,0.959375,32.0,32.0,6400000.0,0.9518782106164382
1024.0,1024.0,2.0,32.0,4069.0,4037.0,132633.0,514848.0,0,0.98125,0.0625,0.03125,6400000.0,0.980438172700587
1024.0,1024.0,4.0,13.0,10384.0,10381.0,341677.0,1529888.0,0,0.9703125,1.0,16.0,6400000.0,0.9659667013209393
1024.0,1024.0,2.0,33.0,4090.0,4057.0,133304.0,518048.0,0,0.9796875,0.00390625,0.015625,6400000.0,0.9820029659980432
1024.0,1024.0,8.0,8.0,8468.0,9062.0,283247.0,1318848.0,0,0.959375,0.0078125,128.0,6400000.0,0.9409246575342465
1024.0,1024.0,2.0,5.0,2349.0,3144.0,77258.0,371968.0,0,0.940625,0.0625,256.0,6400000.0,0.9409246575342465
1.0,1024.0,4.0,1.0,1.0,1.0,63.0,32.0,0,0.5015625,2.0,2048.0,6400000.0,0.5273919092465753
1024.0,1024.0,2.0,9.0,4087.0,4078.0,133727.0,521408.0,0,0.9625,4.0,32.0,6400000.0,0.9620543358610567
1024.0,1024.0,2.0,13.0,4089.0,4076.0,133708.0,521088.0,0,0.9703125,16.0,4.0,6400000.0,0.9632285041585128
1024.0,1024.0,2.0,33.0,4092.0,4059.0,133370.0,518368.0,0,0.9796875,0.015625,0.0078125,6400000.0,0.9800467832681017
1024.0,1024.0,4.0,21.0,11237.0,11230.0,369669.0,1665728.0,0,0.9828125,0.0078125,8.0,6400000.0,0.9792647688356165
1024.0,1024.0,2.0,8.0,4082.0,4074.0,133584.0,520768.0,0,0.959375,64.0,0.25,6400000.0,0.9518782106164382
1.0,1024.0,4.0,1.0,1.0,1.0,63.0,32.0,0,0.5015625,128.0,8192.0,6400000.0,0.5273919092465753
1024.0,1024.0,4.0,6.0,5197.0,5216.0,170644.0,703488.0,0,0.940625,0.015625,128.0,6400000.0,0.9409246575342465
1024.0,1024.0,2.0,20.0,4107.0,4087.0,134151.0,522848.0,0,0.978125,4.0,0.03125,6400000.0,0.9808295621330723
1024.0,1024.0,4.0,15.0,10846.0,10841.0,356879.0,1603488.0,0,0.971875,8.0,8.0,6400000.0,0.9671416340508806
1024.0,1024.0,2.0,8.0,3862.0,3858.0,126328.0,486208.0,0,0.95,0.5,64.0,6400000.0,0.9377981286692758
1024.0,1024.0,4.0,6.0,5197.0,5216.0,170644.0,703488.0,0,0.940625,128.0,0.0078125,6400000.0,0.9409246575342465
1024.0,1024.0,4.0,6.0,5099.0,5122.0,167414.0,688448.0,0,0.940625,128.0,1.0,6400000.0,0.9409246575342465
1024.0,1024.0,2.0,20.0,4107.0,4087.0,134151.0,522848.0,0,0.978125,2.0,2.0,6400000.0,0.9804374082681019
1.0,1024.0,4.0,1.0,1.0,1.0,63.0,32.0,0,0.5015625,2.0,4096.0,6400000.0,0.5273919092465753
1024.0,1024.0,8.0,13.0,16986.0,17088.0,564224.0,2603008.0,0,0.9703125,0.00195312,32.0,6400000.0,0.9659667013209393
1024.0,1024.0,2.0,19.0,4105.0,4086.0,134107.0,522688.0,0,0.98125,8.0,0.25,6400000.0,0.9757430283757339
1024.0,1024.0,2.0,19.0,4110.0,4091.0,134272.0,523488.0,0,0.978125,0.03125,8.0,6400000.0,0.9769149033757338
1024.0,1024.0,4.0,5.0,4396.0,5083.0,144885.0,682208.0,0,0.940625,256.0,0.03125,6400000.0,0.9409246575342465
1.0,1024.0,2.0,1.0,1.0,1.0,39.0,32.0,0,0.5015625,0.0625,512.0,6400000.0,0.5273919092465753
1024.0,1024.0,4.0,8.0,8747.0,8758.0,287760.0,1270208.0,0,0.959375,64.0,0.00390625,6400000.0,0.9628371147260273
1024.0,1024.0,4.0,5.0,4402.0,5082.0,145076.0,682048.0,0,0.940625,256.0,16.0,6400000.0,0.9409246575342465
1024.0,1024.0,2.0,33.0,4079.0,4046.0,132941.0,516288.0,0,0.9796875,0.03125,0.015625,6400000.0,0.9796546294031312
1024.0,1024.0,2.0,9.0,4089.0,4080.0,133793.0,521728.0,0,0.9625,0.00390625,32.0,6400000.0,0.9620543358610567
1024.0,1024.0,4.0,32.0,13143.0,13131.0,432331.0,1969888.0,0,0.990625,0.0625,0.0,6400000.0,0.979656922700587
1024.0,1024.0,2.0,6.0,3494.0,3494.0,114230.0,427968.0,0,0.940625,0.0,128.0,6400000.0,0.9409246575342465
1.0,1024.0,4.0,1.0,1.0,1.0,63.0,32.0,0,0.5015625,2.0,8192.0,6400000.0,0.5273919092465753
1024.0,1024.0,2.0,25.0,4115.0,4090.0,134305.0,523328.0,0,0.9765625,2.0,0.015625,6400000.0,0.9796569227005871
1024.0,1024.0,8.0,8.0,10444.0,10479.0,347865.0,1545568.0,0,0.959375,0.00195312,64.0,6400000.0,0.9499312010763209
1024.0,1024.0,4.0,21.0,11141.0,11134.0,366501.0,1650368.0,0,0.9828125,8.0,0.0078125,6400000.0,0.9792647688356165
1024.0,1024.0,4.0,5.0,4396.0,5083.0,144885.0,682208.0,0,0.940625,16.0,128.0,6400000.0,0.9409246575342465
1024.0,1024.0,2.0,6.0,3485.0,3483.0,113931.0,426208.0,0,0.940625,32.0,64.0,6400000.0,0.9409246575342465
1024.0,1024.0,2.0,20.0,4106.0,4086.0,134118.0,522688.0,0,0.978125,0.25,4.0,6400000.0,0.980438172700587
1024.0,1024.0,2.0,25.0,4086.0,4061.0,133348.0,518688.0,0,0.978125,0.00195312,2.0,6400000.0,0.9808295621330723
1024.0,1024.0,2.0,30.0,4097.0,4067.0,133601.0,519648.0,0,0.978125,1.0,0.25,6400000.0,0.9812217159980431
1.0,1024.0,4.0,1.0,1.0,1.0,63.0,32.0,0,0.5015625,2.0,16384.0,6400000.0,0.5273919092465753
1024.0,1024.0,2.0,32.0,4092.0,4060.0,133392.0,518528.0,0,0.9796875,0.25,0.015625,6400000.0,0.9816115765655578
1024.0,1024.0,4.0,16.0,10880.0,10874.0,357979.0,1608768.0,0,0.9765625,16.0,0.000976562,6400000.0,0.9683158023483365
1024.0,1024.0,2.0,6.0,3464.0,3471.0,113247.0,424288.0,0,0.940625,0.5,128.0,6400000.0,0.9409246575342465
1024.0,1024.0,2.0,8.0,3887.0,3880.0,127150.0,489728.0,0,0.95,4.0,64.0,6400000.0,0.9358427103718199
1024.0,1024.0,4.0,5.0,4396.0,5083.0,144885.0,682208.0,0,0.940625,0.015625,256.0,6400000.0,0.9409246575342465
1024.0,1024.0,2.0,12.0,4051.0,4039.0,132476.0,515168.0,0,0.96875,16.0,8.0,6400000.0,0.9636198935909981
1024.0,1024.0,4.0,11.0,9202.0,9200.0,302714.0,1340928.0,0,0.96875,0.000976562,32.0,6400000.0,0.965575311888454
1024.0,1024.0,2.0,8.0,4082.0,4074.0,133584.0,520768.0,0,0.959375,64.0,0.5,6400000.0,0.9569662732387474
1024.0,1024.0,2.0,33.0,4090.0,4057.0,133304.0,518048.0,0,0.9796875,0.00195312,0.015625,6400000.0,0.9808295621330725
1024.0,1024.0,4.0,7.0,7430.0,8113.0,244976.0,1167008.0,0,0.946875,128.0,2.0,6400000.0,0.9409246575342465
1.0,1024.0,4.0,1.0,1.0,1.0,63.0,32.0,0,0.5015625,2.0,32768.0,6400000.0,0.5273919092465753
1024.0,1024.0,4.0,5.0,4396.0,5083.0,144885.0,682208.0,0,0.940625,256.0,0.0625,6400000.0,0.9409246575342465
1024.0,1024.0,2.0,31.0,4088.0,4057.0,133282.0,518048.0,0,0.9828125,0.015625,1.0,6400000.0,0.9812217159980431
1024.0,1024.0,2.0,5.0,2349.0,3144.0,77258.0,371968.0,0,0.940625,0.0,256.0,6400000.0,0.9409246575342465
1024.0,1024.0,2.0,31.0,4073.0,4042.0,132787.0,515648.0,0,0.978125,0.000976562,0.25,6400000.0,0.9823943554305284
1024.0,1024.0,4.0,11.0,9166.0,9164.0,301526.0,1335168.0,0,0.96875,32.0,1.0,6400000.0,0.9655760763209393
1024.0,1024.0,2.0,31.0,4092.0,4061.0,133414.0,518688.0,0,0.9796875,0.5,0.03125,6400000.0,0.9816123409980431
1024.0,1024.0,4.0,5.0,4389.0,5072.0,144650.0,680448.0,0,0.940625,256.0,32.0,6400000.0,0.9409246575342465
1024.0,1024.0,2.0,33.0,4067.0,4034.0,132545.0,514368.0,0,0.9796875,0.0,0.03125,6400000.0,0.9808295621330725
1024.0,1024.0,8.0,13.0,16986.0,17088.0,564224.0,2603008.0,0,0.9703125,0.00390625,32.0,6400000.0,0.9659667013209393
1024.0,1024.0,4.0,28.0,13116.0,13102.0,431522.0,1965248.0,0,0.990625,0.0,2.0,6400000.0,0.9765250428082192
1024.0,1024.0,2.0,32.0,4087.0,4055.0,133227.0,517728.0,0,0.9796875,0.0078125,0.125,6400000.0,0.9820037304305282
1024.0,1024.0,2.0,31.0,4090.0,4059.0,133348.0,518368.0,0,0.9796875,0.125,0.5,6400000.0,0.9823943554305284
1024.0,1024.0,2.0,8.0,3862.0,3858.0,126328.0,486208.0,0,0.95,0.00390625,64.0,6400000.0,0.9377981286692758
1024.0,1024.0,2.0,13.0,4081.0,4068.0,133444.0,519808.0,0,0.96875,0.03125,16.0,6400000.0,0.9647932974559688
1024.0,1024.0,4.0,5.0,4402.0,5082.0,145076.0,682048.0,0,0.940625,16.0,256.0,6400000.0,0.9409246575342465
1024.0,1024.0,2.0,20.0,4107.0,4087.0,134151.0,522848.0,0,0.978125,4.0,0.0625,6400000.0,0.980047547700587
1.0,1024.0,8.0,1.0,1.0,1.0,543.0,32.0,0,0.5015625,0.015625,512.0,6400000.0,0.5273919092465753
1024.0,1024.0,2.0,32.0,4087.0,4055.0,133227.0,517728.0,0,0.9796875,0.0625,0.0625,6400000.0,0.9816115765655578
1.0,1024.0,4.0,1.0,1.0,1.0,63.0,32.0,0,0.5015625,0.015625,512.0,6400000.0,0.5273919092465753
1.0,1024.0,8.0,1.0,1.0,1.0,543.0,32.0,0,0.5015625,0.015625,1024.0,6400000.0,0.5273919092465753
1024.0,1024.0,2.0,5.0,2349.0,3144.0,77258.0,371968.0,0,0.940625,0.5,256.0,6400000.0,0.9409246575342465
1.0,1024.0,8.0,1.0,1.0,1.0,543.0,32.0,0,0.5015625,0.015625,2048.0,6400000.0,0.5273919092465753
1024.0,1024.0,8.0,8.0,10444.0,10479.0,347865.0,1545568.0,0,0.959375,0.00390625,64.0,6400000.0,0.9499312010763209
1024.0,1024.0,2.0,19.0,4107.0,4088.0,134173.0,523008.0,0,0.978125,8.0,0.5,6400000.0,0.9757430283757339
1024.0,1024.0,2.0,20.0,4108.0,4088.0,134184.0,523008.0,0,0.978125,2.0,4.0,6400000.0,0.9773070572407043
1024.0,1024.0,4.0,11.0,9335.0,9333.0,307103.0,1362208.0,0,0.96875,32.0,0.00195312,6400000.0,0.9659667013209393
1.0,1024.0,8.0,1.0,1.0,1.0,543.0,32.0,0,0.5015625,0.015625,4096.0,6400000.0,0.5273919092465753
1024.0,1024.0,8.0,16.0,21721.0,21816.0,720409.0,3359488.0,0,0.9765625,0.0,16.0,6400000.0,0.9710524706457926
1.0,1024.0,8.0,1.0,1.0,1.0,543.0,32.0,0,0.5015625,0.015625,8192.0,6400000.0,0.5273919092465753
1024.0,1024.0,8.0,5.0,4396.0,5083.0,148485.0,682208.0,0,0.940625,0.015625,256.0,6400000.0,0.9409246575342465
1024.0,1024.0,2.0,33.0,4079.0,4046.0,132941.0,516288.0,0,0.978125,0.00390625,0.03125,6400000.0,0.980438172700587
1.0,1024.0,8.0,1.0,1.0,1.0,543.0,32.0,0,0.5015625,0.015625,16384.0,6400000.0,0.5273919092465753
1024.0,1024.0,4.0,32.0,13209.0,13196.0,434508.0,1980288.0,0,0.9890625,0.5,0.0,6400000.0,0.9784835188356166
1.0,1024.0,8.0,1.0,1.0,1.0,543.0,32.0,0,0.5015625,0.015625,32768.0,6400000.0,0.5273919092465753
1024.0,1024.0,2.0,6.0,3514.0,3519.0,114895.0,431968.0,0,0.940625,4.0,128.0,6400000.0,0.9409246575342465
1024.0,1024.0,4.0,8.0,7703.0,8136.0,253714.0,1170688.0,0,0.95,0.125,64.0,6400000.0,0.9393636863992171
1.0,1024.0,4.0,1.0,1.0,1.0,63.0,32.0,0,0.5015625,0.015625,1024.0,6400000.0,0.5273919092465753
1024.0,1024.0,4.0,25.0,12653.0,12642.0,416309.0,1891648.0,0,0.984375,4.0,1.0,6400000.0,0.9792655332681017
1.0,1024.0,4.0,1.0,1.0,1.0,63.0,32.0,0,0.5015625,16.0,512.0,6400000.0,0.5273919092465753
1024.0,1024.0,8.0,8.0,8468.0,9062.0,283247.0,1318848.0,0,0.959375,0.015625,128.0,6400000.0,0.9409246575342465
1024.0,1024.0,2.0,19.0,4108.0,4089.0,134206.0,523168.0,0,0.978125,0.25,8.0,6400000.0,0.9769149033757338
1024.0,1024.0,4.0,5.0,4599.0,5182.0,151480.0,698048.0,0,0.940625,256.0,64.0,6400000.0,0.9409246575342465
1024.0,1024.0,4.0,26.0,11259.0,11247.0,370285.0,1668448.0,0,0.9859375,4.0,0.000976562,6400000.0,0.9773078216731899
1024.0,1024.0,4.0,7.0,7575.0,8204.0,249707.0,1181568.0,0,0.946875,128.0,4.0,6400000.0,0.9409246575342465
1024.0,1024.0,4.0,33.0,13093.0,13081.0,430660.0,1961888.0,0,0.990625,0.0,0.00195312,6400000.0,0.978481989970646
1024.0,1024.0,8.0,13.0,16986.0,17088.0,564224.0,2603008.0,0,0.9703125,0.0078125,32.0,6400000.0,0.9659667013209393
1024.0,1024.0,8.0,16.0,21721.0,21816.0,720409.0,3359488.0,0,0.9765625,0.000976562,16.0,6400000.0,0.9710524706457926
1024.0,1024.0,4.0,32.0,13111.0,13099.0,431275.0,1964768.0,0,0.990625,0.00195312,0.125,6400000.0,0.9784827544031313
1.0,1024.0,4.0,1.0,1.0,1.0,63.0,32.0,0,0.5015625,0.015625,2048.0,6400000.0,0.5273919092465753
1024.0,1024.0,4.0,30.0,13025.0,13015.0,428481.0,1951328.0,0,0.990625,0.00390625,1.0,6400000.0,0.9792655332681018
1024.0,1024.0,2.0,33.0,4079.0,4046.0,132941.0,516288.0,0,0.98125,0.03125,0.03125,6400000.0,0.9804374082681017
1024.0,1024.0,4.0,26.0,12940.0,12928.0,425758.0,1937408.0,0,0.990625,0.0625,4.0,6400000.0,0.9749594850782778
1024.0,1024.0,2.0,20.0,4106.0,4086.0,134118.0,522688.0,0,0.978125,0.00195312,4.0,6400000.0,0.9804381727005872
1024.0,1024.0,4.0,33.0,13225.0,13212.0,435015.0,1982848.0,0,0.9890625,0.000976562,0.015625,6400000.0,0.9788741438356163
1024.0,1024.0,2.0,6.0,3494.0,3494.0,114230.0,427968.0,0,0.940625,0.00390625,128.0,6400000.0,0.9409246575342465
1.0,1024.0,4.0,1.0,1.0,1.0,63.0,32.0,0,0.5015625,16.0,1024.0,6400000.0,0.5273919092465753
1024.0,1024.0,2.0,29.0,4095.0,4066.0,133557.0,519488.0,0,0.9765625,1.0,0.5,6400000.0,0.980047547700587
1024.0,1024.0,8.0,8.0,10444.0,10479.0,347865.0,1545568.0,0,0.959375,0.0078125,64.0,6400000.0,0.9499312010763209
1024.0,1024.0,2.0,9.0,4089.0,4080.0,133793.0,521728.0,0,0.9625,0.03125,32.0,6400000.0,0.9620543358610567
1.0,1024.0,4.0,1.0,1.0,1.0,63.0,32.0,0,0.5015625,0.015625,4096.0,6400000.0,0.5273919092465753
1024.0,1024.0,4.0,33.0,13133.0,13121.0,431980.0,1968288.0,0,0.9890625,0.00390625,0.000976562,6400000.0,0.9804389371330725
1.0,1024.0,4.0,1.0,1.0,1.0,63.0,32.0,0,0.5015625,16.0,2048.0,6400000.0,0.5273919092465753
1024.0,1024.0,2.0,31.0,4081.0,4050.0,133051.0,516928.0,0,0.9796875,0.25,0.03125,6400000.0,0.980438172700587
1024.0,1024.0,2.0,25.0,4086.0,4061.0,133348.0,518688.0,0,0.978125,0.015625,2.0,6400000.0,0.9792655332681017
1024.0,1024.0,4.0,16.0,10950.0,10944.0,360289.0,1619968.0,0,0.9765625,16.0,0.125,6400000.0,0.9683158023483365
1.0,1024.0,4.0,1.0,1.0,1.0,63.0,32.0,0,0.5015625,0.015625,8192.0,6400000.0,0.5273919092465753
1024.0,1024.0,2.0,19.0,4106.0,4087.0,134140.0,522848.0,0,0.98125,8.0,1.0,6400000.0,0.9706587879158513
1024.0,1024.0,2.0,18.0,4101.0,4083.0,133997.0,522208.0,0,0.975,2.0,8.0,6400000.0,0.9706595523483366
1024.0,1024.0,2.0,20.0,4107.0,4087.0,134151.0,522848.0,0,0.978125,4.0,0.125,6400000.0,0.9800467832681019
1024.0,1024.0,4.0,11.0,9070.0,9068.0,298358.0,1319808.0,0,0.96875,1.0,32.0,6400000.0,0.9655760763209393
1024.0,1024.0,2.0,31.0,4084.0,4053.0,133150.0,517408.0,0,0.9796875,0.5,0.0625,6400000.0,0.9816115765655578
1.0,1024.0,4.0,1.0,1.0,1.0,63.0,32.0,0,0.5015625,16.0,4096.0,6400000.0,0.5273919092465753
1024.0,1024.0,2.0,31.0,4076.0,4045.0,132886.0,516128.0,0,0.978125,0.000976562,0.5,6400000.0,0.9812209515655578
1024.0,1024.0,4.0,33.0,13225.0,13212.0,435015.0,1982848.0,0,0.9890625,0.0078125,0.0078125,6400000.0,0.9788741438356163
1024.0,1024.0,4.0,32.0,13206.0,13194.0,434410.0,1979968.0,0,0.990625,0.015625,0.0625,6400000.0,0.978482754403131
1024.0,1024.0,2.0,33.0,4079.0,4046.0,132941.0,516288.0,0,0.98125,0.0,0.0625,6400000.0,0.9804374082681017
1024.0,1024.0,4.0,7.0,7701.0,8371.0,253906.0,1208288.0,0,0.946875,128.0,8.0,6400000.0,0.9409246575342465
1024.0,1024.0,2.0,30.0,4092.0,4062.0,133436.0,518848.0,0,0.98125,0.125,1.0,6400000.0,0.9808303265655578
1024.0,1024.0,2.0,31.0,4073.0,4042.0,132787.0,515648.0,0,0.978125,0.0078125,0.25,6400000.0,0.9816115765655576
1.0,1024.0,4.0,1.0,1.0,1.0,63.0,32.0,0,0.5015625,0.015625,16384.0,6400000.0,0.5273919092465753
1024.0,1024.0,8.0,16.0,21721.0,21816.0,720409.0,3359488.0,0,0.9765625,0.00195312,16.0,6400000.0,0.9710524706457926
1024.0,1024.0,2.0,13.0,4098.0,4085.0,134005.0,522528.0,0,0.9703125,0.25,16.0,6400000.0,0.9644019080234834
1024.0,1024.0,4.0,8.0,8676.0,8687.0,285417.0,1258848.0,0,0.959375,64.0,8.0,6400000.0,0.9518782106164382
1.0,1024.0,4.0,1.0,1.0,1.0,63.0,32.0,0,0.5015625,16.0,8192.0,6400000.0,0.5273919092465753
1024.0,1024.0,4.0,28.0,13004.0,12990.0,427826.0,1947328.0,0,0.990625,0.5,2.0,6400000.0,0.978873379403131
1024.0,1024.0,4.0,12.0,10290.0,10289.0,338598.0,1515168.0,0,0.96875,8.0,16.0,6400000.0,0.9694899706457925
1024.0,1024.0,4.0,31.0,12997.0,12985.0,427534.0,1946528.0,0,0.990625,0.03125,0.5,6400000.0,0.9788741438356166
1024.0,1024.0,4.0,28.0,13059.0,13045.0,429641.0,1956128.0,0,0.9890625,2.0,0.125,6400000.0,0.9773078216731899
1024.0,1024.0,2.0,31.0,4081.0,4050.0,133051.0,516928.0,0,0.98125,0.0625,0.125,6400000.0,0.9796553938356165
1024.0,1024.0,2.0,8.0,3862.0,3858.0,126328.0,486208.0,0,0.95,0.03125,64.0,6400000.0,0.9377981286692758
1024.0,1024.0,2.0,32.0,4078.0,4046.0,132930.0,516288.0,0,0.98125,0.00390625,0.0625,6400000.0,0.9800460188356164
1.0,1024.0,4.0,1.0,1.0,1.0,63.0,32.0,0,0.5015625,16.0,16384.0,6400000.0,0.5273919092465753
1024.0,1024.0,4.0,21.0,11141.0,11134.0,366501.0,1650368.0,0,0.9828125,8.0,0.000976562,6400000.0,0.9792647688356165
1024.0,1024.0,2.0,19.0,4107.0,4088.0,134173.0,523008.0,0,0.978125,0.00195312,8.0,6400000.0,0.9773062928082192
1.0,1024.0,8.0,1.0,1.0,1.0,543.0,32.0,0,0.5015625,0.03125,1024.0,6400000.0,0.5273919092465753
1.0,1024.0,8.0,1.0,1.0,1.0,543.0,32.0,0,0.5015625,0.03125,512.0,6400000.0,0.5273919092465753
1.0,1024.0,8.0,1.0,1.0,1.0,543.0,32.0,0,0.5015625,0.03125,2048.0,6400000.0,0.5273919092465753
1024.0,1024.0,4.0,33.0,13133.0,13121.0,431980.0,1968288.0,0,0.9890625,0.00195312,0.000976562,6400000.0,0.978481989970646
1024.0,1024.0,4.0,30.0,12931.0,12921.0,425379.0,1936288.0,0,0.990625,1.0,0.015625,6400000.0,0.9792655332681018
1024.0,1024.0,4.0,32.0,13049.0,13037.0,429229.0,1954848.0,0,0.9890625,0.125,0.03125,6400000.0,0.9780913649706457
1.0,1024.0,8.0,1.0,1.0,1.0,543.0,32.0,0,0.5015625,0.03125,4096.0,6400000.0,0.5273919092465753
1024.0,1024.0,4.0,32.0,13143.0,13131.0,432331.0,1969888.0,0,0.990625,0.0625,0.00390625,6400000.0,0.979656922700587
1024.0,1024.0,8.0,5.0,4396.0,5083.0,148485.0,682208.0,0,0.940625,0.03125,256.0,6400000.0,0.9409246575342465
1024.0,1024.0,4.0,32.0,13209.0,13196.0,434508.0,1980288.0,0,0.9890625,0.25,0.25,6400000.0,0.9784835188356166
1.0,1024.0,8.0,1.0,1.0,1.0,543.0,32.0,0,0.5015625,0.03125,8192.0,6400000.0,0.5273919092465753
1024.0,1024.0,4.0,8.0,8747.0,8758.0,287760.0,1270208.0,0,0.959375,64.0,0.000976562,6400000.0,0.9628371147260273
1.0,1024.0,8.0,1.0,1.0,1.0,543.0,32.0,0,0.5015625,0.03125,16384.0,6400000.0,0.5273919092465753
1024.0,1024.0,4.0,33.0,13098.0,13085.0,430824.0,1962528.0,0,0.990625,0.03125,0.000976562,6400000.0,0.9784827544031313
1.0,1024.0,8.0,1.0,1.0,1.0,543.0,32.0,0,0.5015625,0.03125,32768.0,6400000.0,0.5273919092465753
1024.0,1024.0,4.0,13.0,10267.0,10266.0,337818.0,1511488.0,0,0.9703125,0.0078125,16.0,6400000.0,0.9690985812133072
1024.0,1024.0,2.0,32.0,4069.0,4037.0,132633.0,514848.0,0,0.98125,0.03125,0.0625,6400000.0,0.980438172700587
1024.0,1024.0,4.0,32.0,13209.0,13196.0,434508.0,1980288.0,0,0.9890625,0.5,0.00195312,6400000.0,0.9784835188356166
1024.0,1024.0,2.0,13.0,4092.0,4079.0,133807.0,521568.0,0,0.9703125,2.0,16.0,6400000.0,0.9651839224559687
1024.0,1024.0,2.0,27.0,4085.0,4058.0,133271.0,518208.0,0,0.9765625,1.0,1.0,6400000.0,0.980438172700587
1024.0,1024.0,8.0,16.0,21721.0,21816.0,720409.0,3359488.0,0,0.9765625,0.00390625,16.0,6400000.0,0.9710524706457926
1024.0,1024.0,8.0,8.0,8468.0,9062.0,283247.0,1318848.0,0,0.959375,0.03125,128.0,6400000.0,0.9409246575342465
1024.0,1024.0,4.0,11.0,9158.0,9156.0,301262.0,1333888.0,0,0.96875,32.0,2.0,6400000.0,0.9655760763209393
1024.0,1024.0,2.0,9.0,4089.0,4080.0,133793.0,521728.0,0,0.9625,0.25,32.0,6400000.0,0.9632285041585126
1024.0,1024.0,2.0,20.0,4106.0,4086.0,134118.0,522688.0,0,0.978125,0.015625,4.0,6400000.0,0.9804381727005872
1024.0,1024.0,8.0,13.0,16986.0,17088.0,564224.0,2603008.0,0,0.9703125,0.015625,32.0,6400000.0,0.9659667013209393
1024.0,1024.0,4.0,6.0,5197.0,5216.0,170644.0,703488.0,0,0.940625,0.125,128.0,6400000.0,0.9409246575342465
1024.0,1024.0,4.0,16.0,10880.0,10874.0,357979.0,1608768.0,0,0.9765625,16.0,0.00195312,6400000.0,0.9683158023483365
1024.0,1024.0,4.0,28.0,13176.0,13162.0,433502.0,1974848.0,0,0.990625,2.0,0.000976562,6400000.0,0.9776992111056751
1024.0,1024.0,8.0,23.0,27406.0,27558.0,908179.0,4278208.0,0,0.984375,0.0,8.0,6400000.0,0.9780906005381607
1024.0,1024.0,4.0,11.0,9335.0,9333.0,307103.0,1362208.0,0,0.96875,32.0,0.00390625,6400000.0,0.9659667013209393
1024.0,1024.0,4.0,8.0,7056.0,7692.0,232566.0,1099648.0,0,0.95,0.000976562,64.0,6400000.0,0.9393636863992171
1024.0,1024.0,2.0,31.0,4073.0,4042.0,132787.0,515648.0,0,0.98125,0.000976562,1.0,6400000.0,0.9823958842954991
1024.0,1024.0,2.0,31.0,4090.0,4059.0,133348.0,518368.0,0,0.9796875,0.5,0.125,6400000.0,0.9820029659980432
1024.0,1024.0,8.0,8.0,10444.0,10479.0,347865.0,1545568.0,0,0.959375,0.015625,64.0,6400000.0,0.9499312010763209
1024.0,1024.0,2.0,26.0,4113.0,4087.0,134217.0,522848.0,0,0.98125,0.125,2.0,6400000.0,0.9792655332681018
1024.0,1024.0,4.0,32.0,13093.0,13080.0,430680.0,1961728.0,0,0.990625,0.25,0.000976562,6400000.0,0.978091364970646
1024.0,1024.0,2.0,13.0,4081.0,4068.0,133444.0,519808.0,0,0.96875,0.00195312,16.0,6400000.0,0.9647932974559688
1024.0,1024.0,2.0,32.0,4087.0,4055.0,133227.0,517728.0,0,0.9796875,0.0,0.125,6400000.0,0.9812201871330724
1024.0,1024.0,2.0,31.0,4076.0,4045.0,132886.0,516128.0,0,0.978125,0.0078125,0.5,6400000.0,0.9808303265655578
1024.0,1024.0,4.0,8.0,8747.0,8758.0,287760.0,1270208.0,0,0.959375,64.0,0.0078125,6400000.0,0.9628371147260273
1024.0,1024.0,8.0,16.0,21721.0,21816.0,720409.0,3359488.0,0,0.9765625,0.0078125,16.0,6400000.0,0.9710524706457926
1024.0,1024.0,4.0,33.0,13225.0,13212.0,435015.0,1982848.0,0,0.9890625,0.015625,0.000976562,6400000.0,0.9788741438356163
1024.0,1024.0,8.0,23.0,27406.0,27558.0,908179.0,4278208.0,0,0.984375,0.000976562,8.0,6400000.0,0.9780906005381607
1024.0,1024.0,2.0,32.0,4086.0,4054.0,133194.0,517568.0,0,0.9796875,0.0625,0.25,6400000.0,0.9816115765655578
1024.0,1024.0,4.0,33.0,13093.0,13081.0,430660.0,1961888.0,0,0.990625,0.000976562,0.000976562,6400000.0,0.978481989970646
1024.0,1024.0,4.0,21.0,11141.0,11134.0,366501.0,1650368.0,0,0.9828125,8.0,0.015625,6400000.0,0.9792647688356165
1024.0,1024.0,2.0,32.0,4087.0,4055.0,133227.0,517728.0,0,0.9796875,0.00390625,0.125,6400000.0,0.9816108121330723
1024.0,1024.0,4.0,5.0,4396.0,5083.0,144885.0,682208.0,0,0.940625,0.125,256.0,6400000.0,0.9409246575342465
1024.0,1024.0,2.0,23.0,4111.0,4088.0,134217.0,523008.0,0,0.978125,1.0,2.0,6400000.0,0.9796553938356164
1024.0,1024.0,2.0,19.0,4110.0,4091.0,134272.0,523488.0,0,0.978125,0.015625,8.0,6400000.0,0.9780890716731898
1.0,1024.0,4.0,1.0,1.0,1.0,63.0,32.0,0,0.5015625,0.125,512.0,6400000.0,0.5273919092465753
1024.0,1024.0,8.0,23.0,27406.0,27558.0,908179.0,4278208.0,0,0.984375,0.00195312,8.0,6400000.0,0.9780906005381607
1024.0,1024.0,4.0,32.0,13111.0,13099.0,431275.0,1964768.0,0,0.990625,0.125,0.000976562,6400000.0,0.9784827544031313
1024.0,1024.0,4.0,33.0,13012.0,13000.0,427987.0,1948928.0,0,0.9890625,0.0078125,0.000976562,6400000.0,0.9792655332681018
1024.0,1024.0,2.0,20.0,4106.0,4086.0,134118.0,522688.0,0,0.978125,0.125,4.0,6400000.0,0.9784812255381603
1024.0,1024.0,4.0,8.0,7703.0,8136.0,253714.0,1170688.0,0,0.95,1.0,64.0,6400000.0,0.9377981286692758
1024.0,1024.0,2.0,25.0,4086.0,4061.0,133348.0,518688.0,0,0.978125,0.000976562,2.0,6400000.0,0.9808295621330723
1.0,1024.0,4.0,1.0,1.0,1.0,63.0,32.0,0,0.5015625,0.125,1024.0,6400000.0,0.5273919092465753
1024.0,1024.0,4.0,30.0,13025.0,13015.0,428481.0,1951328.0,0,0.990625,1.0,0.000976562,6400000.0,0.9792655332681018
1.0,1024.0,8.0,1.0,1.0,1.0,543.0,32.0,0,0.5015625,0.0625,512.0,6400000.0,0.5273919092465753
1024.0,1024.0,4.0,11.0,9125.0,9123.0,300173.0,1328608.0,0,0.96875,8.0,32.0,6400000.0,0.964010518590998
1.0,1024.0,8.0,1.0,1.0,1.0,543.0,32.0,0,0.5015625,0.0625,1024.0,6400000.0,0.5273919092465753
1.0,1024.0,8.0,1.0,1.0,1.0,543.0,32.0,0,0.5015625,0.0625,2048.0,6400000.0,0.5273919092465753
1.0,1024.0,8.0,1.0,1.0,1.0,543.0,32.0,0,0.5015625,0.0625,4096.0,6400000.0,0.5273919092465753
1024.0,1024.0,2.0,31.0,4093.0,4062.0,133447.0,518848.0,0,0.978125,0.5,0.25,6400000.0,0.9823951198630138
1024.0,1024.0,8.0,5.0,4396.0,5083.0,148485.0,682208.0,0,0.940625,0.0625,256.0,6400000.0,0.9409246575342465
1024.0,1024.0,8.0,13.0,16986.0,17088.0,564224.0,2603008.0,0,0.9703125,0.03125,32.0,6400000.0,0.9659667013209393
1024.0,1024.0,4.0,16.0,10950.0,10944.0,360289.0,1619968.0,0,0.9765625,16.0,0.25,6400000.0,0.9683158023483365
1024.0,1024.0,2.0,31.0,4072.0,4041.0,132754.0,515488.0,0,0.9796875,0.0078125,1.0,6400000.0,0.9812217159980431
1.0,1024.0,4.0,1.0,1.0,1.0,63.0,32.0,0,0.5015625,0.125,2048.0,6400000.0,0.5273919092465753
1.0,1024.0,8.0,1.0,1.0,1.0,543.0,32.0,0,0.5015625,0.0625,8192.0,6400000.0,0.5273919092465753
1024.0,1024.0,8.0,8.0,8468.0,9062.0,283247.0,1318848.0,0,0.959375,0.0625,128.0,6400000.0,0.9409246575342465
1.0,1024.0,8.0,1.0,1.0,1.0,543.0,32.0,0,0.5015625,0.0625,16384.0,6400000.0,0.5273919092465753
1024.0,1024.0,2.0,31.0,4073.0,4042.0,132787.0,515648.0,0,0.978125,0.0,0.25,6400000.0,0.9823943554305284
1.0,1024.0,8.0,1.0,1.0,1.0,543.0,32.0,0,0.5015625,0.0625,32768.0,6400000.0,0.5273919092465753
1024.0,1024.0,4.0,8.0,8688.0,8698.0,285812.0,1260608.0,0,0.959375,64.0,16.0,6400000.0,0.9424902152641877
1024.0,1024.0,2.0,31.0,4084.0,4053.0,133150.0,517408.0,0,0.9796875,0.0625,0.5,6400000.0,0.9812224804305284
1.0,1024.0,4.0,1.0,1.0,1.0,63.0,32.0,0,0.5015625,0.125,4096.0,6400000.0,0.5273919092465753
1024.0,1024.0,8.0,27.0,29479.0,29598.0,976471.0,4604608.0,0,0.9875,0.0,4.0,6400000.0,0.9792647688356164
1024.0,1024.0,8.0,23.0,27406.0,27558.0,908179.0,4278208.0,0,0.984375,0.00390625,8.0,6400000.0,0.978481989970646
1024.0,1024.0,8.0,8.0,10444.0,10479.0,347865.0,1545568.0,0,0.959375,0.03125,64.0,6400000.0,0.9499312010763209
1024.0,1024.0,8.0,16.0,21721.0,21816.0,720409.0,3359488.0,0,0.9765625,0.015625,16.0,6400000.0,0.9710524706457926
1024.0,1024.0,4.0,23.0,12042.0,12033.0,396190.0,1794208.0,0,0.984375,4.0,2.0,6400000.0,0.9800475477005872
1024.0,1024.0,4.0,26.0,12940.0,12928.0,425758.0,1937408.0,0,0.990625,0.0,4.0,6400000.0,0.9780906005381602
1.0,1024.0,4.0,1.0,1.0,1.0,63.0,32.0,0,0.5015625,0.125,8192.0,6400000.0,0.5273919092465753
1024.0,1024.0,4.0,11.0,9202.0,9200.0,302714.0,1340928.0,0,0.96875,0.0078125,32.0,6400000.0,0.965575311888454
1024.0,1024.0,4.0,6.0,5197.0,5216.0,170644.0,703488.0,0,0.940625,0.000976562,128.0,6400000.0,0.9409246575342465
1024.0,1024.0,4.0,23.0,11787.0,11778.0,387775.0,1753408.0,0,0.9828125,0.0625,8.0,6400000.0,0.9800475477005872
1024.0,1024.0,4.0,11.0,9255.0,9253.0,304463.0,1349408.0,0,0.96875,32.0,4.0,6400000.0,0.9640112830234834
1024.0,1024.0,4.0,32.0,13143.0,13131.0,432331.0,1969888.0,0,0.990625,0.0625,0.000976562,6400000.0,0.979656922700587
1024.0,1024.0,8.0,27.0,29479.0,29598.0,976471.0,4604608.0,0,0.9875,0.000976562,4.0,6400000.0,0.9792647688356164
1024.0,1024.0,4.0,11.0,9335.0,9333.0,307103.0,1362208.0,0,0.96875,32.0,0.0078125,6400000.0,0.9659667013209393
1024.0,1024.0,4.0,26.0,11259.0,11247.0,370285.0,1668448.0,0,0.9859375,4.0,0.00195312,6400000.0,0.9773078216731899
1024.0,1024.0,8.0,23.0,27406.0,27558.0,908179.0,4278208.0,0,0.984375,0.0078125,8.0,6400000.0,0.978481989970646
1024.0,1024.0,8.0,29.0,30182.0,30310.0,999637.0,4718528.0,0,0.98125,0.0,2.0,6400000.0,0.9808295621330723
1024.0,1024.0,8.0,30.0,29621.0,29721.0,981075.0,4624288.0,0,0.9859375,0.0,1.0,6400000.0,0.9796546294031311
1024.0,1024.0,8.0,33.0,29851.0,29943.0,988594.0,4659808.0,0,0.9875,0.0,0.0,6400000.0,0.9816108121330723
1024.0,1024.0,4.0,16.0,10880.0,10874.0,357979.0,1608768.0,0,0.9765625,16.0,0.00390625,6400000.0,0.9683158023483365
1024.0,1024.0,4.0,21.0,11141.0,11134.0,366501.0,1650368.0,0,0.9828125,8.0,0.00195312,6400000.0,0.9792647688356165
1024.0,1024.0,4.0,5.0,4396.0,5083.0,144885.0,682208.0,0,0.940625,0.000976562,256.0,6400000.0,0.9409246575342465
1024.0,1024.0,8.0,31.0,29341.0,29438.0,971811.0,4579008.0,0,0.984375,0.0,0.5,6400000.0,0.9808280332681016
1024.0,1024.0,8.0,32.0,30050.0,30140.0,995180.0,4691328.0,0,0.9875,0.0,0.000976562,6400000.0,0.9816108121330723
1024.0,1024.0,8.0,31.0,29744.0,29843.0,985112.0,4643808.0,0,0.984375,0.0,0.125,6400000.0,0.9804366438356166
1024.0,1024.0,8.0,31.0,29683.0,29782.0,983099.0,4634048.0,0,0.9859375,0.0,0.25,6400000.0,0.980828797700587
1024.0,1024.0,8.0,32.0,29854.0,29944.0,988712.0,4659968.0,0,0.9859375,0.0,0.00195312,6400000.0,0.9800460188356164
1024.0,1024.0,8.0,32.0,29854.0,29944.0,988712.0,4659968.0,0,0.9859375,0.0,0.00390625,6400000.0,0.9812201871330724
1024.0,1024.0,8.0,32.0,29311.0,29399.0,970791.0,4572768.0,0,0.984375,0.0,0.015625,6400000.0,0.9812201871330725
1024.0,1024.0,8.0,13.0,16986.0,17088.0,564224.0,2603008.0,0,0.9703125,0.0625,32.0,6400000.0,0.9659667013209393
1024.0,1024.0,8.0,32.0,29548.0,29638.0,978614.0,4611008.0,0,0.9859375,0.0,0.03125,6400000.0,0.9808287977005872
1024.0,1024.0,8.0,27.0,29479.0,29598.0,976471.0,4604608.0,0,0.9875,0.00195312,4.0,6400000.0,0.9792647688356164
1024.0,1024.0,8.0,32.0,29151.0,29244.0,965516.0,4547968.0,0,0.9859375,0.0,0.0625,6400000.0,0.9800460188356166
1024.0,1024.0,8.0,32.0,29850.0,29940.0,988580.0,4659328.0,0,0.9875,0.0,0.0078125,6400000.0,0.9816115765655576
1024.0,1024.0,8.0,29.0,30182.0,30310.0,999637.0,4718528.0,0,0.98125,0.000976562,2.0,6400000.0,0.9808295621330723
1024.0,1024.0,8.0,30.0,29621.0,29721.0,981075.0,4624288.0,0,0.9859375,0.000976562,1.0,6400000.0,0.9796546294031311
1024.0,1024.0,8.0,31.0,29683.0,29782.0,983099.0,4634048.0,0,0.9859375,0.000976562,0.25,6400000.0,0.980828797700587
1024.0,1024.0,8.0,32.0,29726.0,29816.0,984488.0,4639488.0,0,0.9875,0.000976562,0.00390625,6400000.0,0.980828797700587
1024.0,1024.0,8.0,31.0,29341.0,29438.0,971811.0,4579008.0,0,0.984375,0.000976562,0.5,6400000.0,0.9808280332681016
1024.0,1024.0,4.0,6.0,5099.0,5122.0,167414.0,688448.0,0,0.940625,1.0,128.0,6400000.0,0.9409246575342465
1024.0,1024.0,8.0,32.0,29854.0,29944.0,988712.0,4659968.0,0,0.9859375,0.000976562,0.000976562,6400000.0,0.9800460188356164
1024.0,1024.0,4.0,28.0,13116.0,13102.0,431522.0,1965248.0,0,0.990625,0.00390625,2.0,6400000.0,0.9761336533757339
1024.0,1024.0,8.0,32.0,30050.0,30140.0,995180.0,4691328.0,0,0.9875,0.000976562,0.0,6400000.0,0.9816108121330723
1.0,1024.0,4.0,1.0,1.0,1.0,63.0,32.0,0,0.5015625,0.000976562,512.0,6400000.0,0.5273919092465753
1024.0,1024.0,8.0,32.0,29854.0,29944.0,988712.0,4659968.0,0,0.9859375,0.000976562,0.00195312,6400000.0,0.9800460188356164
1024.0,1024.0,8.0,31.0,29744.0,29843.0,985112.0,4643808.0,0,0.984375,0.000976562,0.125,6400000.0,0.9804366438356166
1024.0,1024.0,8.0,32.0,29850.0,29940.0,988580.0,4659328.0,0,0.9875,0.000976562,0.0078125,6400000.0,0.9820029659980432
1024.0,1024.0,8.0,32.0,29548.0,29638.0,978614.0,4611008.0,0,0.9859375,0.000976562,0.03125,6400000.0,0.9808287977005872
1024.0,1024.0,8.0,32.0,29737.0,29828.0,984852.0,4641408.0,0,0.9859375,0.000976562,0.015625,6400000.0,0.9816115765655578
1024.0,1024.0,8.0,32.0,29151.0,29244.0,965516.0,4547968.0,0,0.9859375,0.000976562,0.0625,6400000.0,0.9800460188356166
1.0,1024.0,4.0,1.0,1.0,1.0,63.0,32.0,0,0.5015625,0.000976562,1024.0,6400000.0,0.5273919092465753
1024.0,1024.0,4.0,25.0,12652.0,12641.0,416276.0,1891488.0,0,0.984375,0.5,4.0,6400000.0,0.9776992111056749
1024.0,1024.0,8.0,8.0,10444.0,10479.0,347865.0,1545568.0,0,0.959375,0.0625,64.0,6400000.0,0.9499312010763209
1024.0,1024.0,4.0,32.0,13093.0,13080.0,430680.0,1961728.0,0,0.990625,0.00195312,0.25,6400000.0,0.978091364970646
1024.0,1024.0,8.0,16.0,21721.0,21816.0,720409.0,3359488.0,0,0.9765625,0.03125,16.0,6400000.0,0.9710524706457926
1024.0,1024.0,4.0,6.0,5070.0,5135.0,166499.0,690528.0,0,0.940625,64.0,32.0,6400000.0,0.9409246575342465
1024.0,1024.0,4.0,33.0,13133.0,13121.0,431980.0,1968288.0,0,0.9890625,0.0,0.00390625,6400000.0,0.9796561582681018
1024.0,1024.0,8.0,29.0,30182.0,30310.0,999637.0,4718528.0,0,0.98125,0.00195312,2.0,6400000.0,0.9808295621330723
1.0,1024.0,4.0,1.0,1.0,1.0,63.0,32.0,0,0.5015625,0.000976562,2048.0,6400000.0,0.5273919092465753
1024.0,1024.0,8.0,27.0,29479.0,29598.0,976471.0,4604608.0,0,0.9875,0.00390625,4.0,6400000.0,0.9792647688356164
1024.0,1024.0,4.0,33.0,13098.0,13085.0,430824.0,1962528.0,0,0.990625,0.000976562,0.03125,6400000.0,0.9784827544031313
1024.0,1024.0,8.0,32.0,29854.0,29944.0,988712.0,4659968.0,0,0.9859375,0.00195312,0.0,6400000.0,0.9800460188356164
1024.0,1024.0,8.0,30.0,29621.0,29721.0,981075.0,4624288.0,0,0.9859375,0.00195312,1.0,6400000.0,0.9796546294031311
1024.0,1024.0,8.0,32.0,29737.0,29828.0,984852.0,4641408.0,0,0.9859375,0.00195312,0.015625,6400000.0,0.9823943554305284
1024.0,1024.0,8.0,31.0,29683.0,29782.0,983099.0,4634048.0,0,0.9859375,0.00195312,0.25,6400000.0,0.980828797700587
1024.0,1024.0,8.0,31.0,29744.0,29843.0,985112.0,4643808.0,0,0.984375,0.00195312,0.125,6400000.0,0.9804366438356166
1024.0,1024.0,8.0,32.0,29850.0,29940.0,988580.0,4659328.0,0,0.9875,0.00195312,0.00390625,6400000.0,0.980828797700587
1024.0,1024.0,4.0,28.0,13125.0,13111.0,431819.0,1966688.0,0,0.9890625,2.0,0.25,6400000.0,0.9780906005381604
1024.0,1024.0,8.0,32.0,29850.0,29940.0,988580.0,4659328.0,0,0.9875,0.00195312,0.0078125,6400000.0,0.9820029659980432
1024.0,1024.0,4.0,8.0,8747.0,8758.0,287760.0,1270208.0,0,0.959375,64.0,0.015625,6400000.0,0.9628371147260273
1024.0,1024.0,8.0,32.0,29854.0,29944.0,988712.0,4659968.0,0,0.9859375,0.00195312,0.000976562,6400000.0,0.9800460188356164
1024.0,1024.0,8.0,31.0,29341.0,29438.0,971811.0,4579008.0,0,0.984375,0.00195312,0.5,6400000.0,0.9808280332681016
1024.0,1024.0,4.0,5.0,4396.0,5083.0,144885.0,682208.0,0,0.940625,1.0,256.0,6400000.0,0.9409246575342465
1024.0,1024.0,8.0,8.0,8468.0,9062.0,283247.0,1318848.0,0,0.959375,0.125,128.0,6400000.0,0.9409246575342465
1024.0,1024.0,4.0,33.0,13133.0,13121.0,431980.0,1968288.0,0,0.9890625,0.00390625,0.00195312,6400000.0,0.9792655332681018
1024.0,1024.0,8.0,32.0,29854.0,29944.0,988712.0,4659968.0,0,0.9859375,0.00195312,0.00195312,6400000.0,0.9812201871330724
1.0,1024.0,4.0,1.0,1.0,1.0,63.0,32.0,0,0.5015625,0.000976562,4096.0,6400000.0,0.5273919092465753
1024.0,1024.0,8.0,5.0,4396.0,5083.0,148485.0,682208.0,0,0.940625,0.125,256.0,6400000.0,0.9409246575342465
1024.0,1024.0,8.0,32.0,29548.0,29638.0,978614.0,4611008.0,0,0.9859375,0.00195312,0.03125,6400000.0,0.9808287977005872
1024.0,1024.0,4.0,21.0,11141.0,11134.0,366501.0,1650368.0,0,0.9828125,8.0,0.03125,6400000.0,0.9796561582681018
1024.0,1024.0,8.0,32.0,29151.0,29244.0,965516.0,4547968.0,0,0.9859375,0.00195312,0.0625,6400000.0,0.9796546294031312
1024.0,1024.0,4.0,8.0,7324.0,7943.0,241393.0,1139808.0,0,0.95,8.0,64.0,6400000.0,0.9377981286692758
1.0,1024.0,8.0,1.0,1.0,1.0,543.0,32.0,0,0.5015625,0.125,512.0,6400000.0,0.5273919092465753
1024.0,1024.0,4.0,15.0,10853.0,10847.0,357109.0,1604448.0,0,0.971875,16.0,0.5,6400000.0,0.965184686888454
1024.0,1024.0,8.0,23.0,27406.0,27558.0,908179.0,4278208.0,0,0.984375,0.015625,8.0,6400000.0,0.978481989970646
1.0,1024.0,8.0,1.0,1.0,1.0,543.0,32.0,0,0.5015625,0.125,1024.0,6400000.0,0.5273919092465753
1024.0,1024.0,4.0,30.0,13042.0,13032.0,429042.0,1954048.0,0,0.990625,0.03125,1.0,6400000.0,0.9788741438356166
1024.0,1024.0,4.0,32.0,13023.0,13011.0,428371.0,1950688.0,0,0.9890625,0.015625,0.125,6400000.0,0.9784819899706457
1024.0,1024.0,4.0,33.0,13129.0,13116.0,431847.0,1967488.0,0,0.990625,0.0078125,0.015625,6400000.0,0.9792647688356165
1024.0,1024.0,8.0,27.0,29479.0,29598.0,976471.0,4604608.0,0,0.9875,0.0078125,4.0,6400000.0,0.9792647688356164
1.0,1024.0,8.0,1.0,1.0,1.0,543.0,32.0,0,0.5015625,0.125,2048.0,6400000.0,0.5273919092465753
1.0,1024.0,8.0,1.0,1.0,1.0,543.0,32.0,0,0.5015625,0.125,4096.0,6400000.0,0.5273919092465753
1.0,1024.0,4.0,1.0,1.0,1.0,63.0,32.0,0,0.5015625,1.0,512.0,6400000.0,0.5273919092465753
1.0,1024.0,8.0,1.0,1.0,1.0,543.0,32.0,0,0.5015625,0.125,8192.0,6400000.0,0.5273919092465753
1.0,1024.0,8.0,1.0,1.0,1.0,543.0,32.0,0,0.5015625,0.125,16384.0,6400000.0,0.5273919092465753
1.0,1024.0,8.0,1.0,1.0,1.0,543.0,32.0,0,0.5015625,0.125,32768.0,6400000.0,0.5273919092465753
1024.0,1024.0,4.0,30.0,13042.0,13032.0,429042.0,1954048.0,0,0.990625,1.0,0.03125,6400000.0,0.9788741438356166
1024.0,1024.0,8.0,29.0,30182.0,30310.0,999637.0,4718528.0,0,0.98125,0.00390625,2.0,6400000.0,0.9808295621330723
1.0,1024.0,4.0,1.0,1.0,1.0,63.0,32.0,0,0.5015625,1.0,1024.0,6400000.0,0.5273919092465753
1024.0,1024.0,8.0,30.0,29621.0,29721.0,981075.0,4624288.0,0,0.9859375,0.00390625,1.0,6400000.0,0.9796546294031311
1024.0,1024.0,8.0,32.0,29726.0,29816.0,984488.0,4639488.0,0,0.9875,0.00390625,0.000976562,6400000.0,0.980828797700587
1024.0,1024.0,8.0,32.0,29850.0,29940.0,988580.0,4659328.0,0,0.9875,0.00390625,0.00195312,6400000.0,0.980828797700587
1024.0,1024.0,4.0,11.0,9335.0,9333.0,307103.0,1362208.0,0,0.96875,32.0,0.015625,6400000.0,0.9659667013209393
1024.0,1024.0,8.0,32.0,29854.0,29944.0,988712.0,4659968.0,0,0.9859375,0.00390625,0.0,6400000.0,0.9812201871330724
1024.0,1024.0,8.0,31.0,29341.0,29438.0,971811.0,4579008.0,0,0.984375,0.00390625,0.5,6400000.0,0.9808280332681016
1024.0,1024.0,8.0,31.0,29683.0,29782.0,983099.0,4634048.0,0,0.9859375,0.00390625,0.25,6400000.0,0.980828797700587
1024.0,1024.0,4.0,11.0,9449.0,9447.0,310865.0,1380448.0,0,0.96875,32.0,8.0,6400000.0,0.964010518590998
1024.0,1024.0,4.0,31.0,13014.0,13003.0,428096.0,1949408.0,0,0.990625,0.25,0.5,6400000.0,0.9792655332681018
1024.0,1024.0,8.0,31.0,29744.0,29843.0,985112.0,4643808.0,0,0.984375,0.00390625,0.125,6400000.0,0.9804374082681019
1024.0,1024.0,8.0,32.0,29850.0,29940.0,988580.0,4659328.0,0,0.9875,0.00390625,0.0078125,6400000.0,0.9812201871330725
1024.0,1024.0,8.0,32.0,29691.0,29782.0,983334.0,4634048.0,0,0.9859375,0.00390625,0.015625,6400000.0,0.9823943554305284
1024.0,1024.0,8.0,32.0,29850.0,29940.0,988580.0,4659328.0,0,0.9875,0.00390625,0.00390625,6400000.0,0.9816115765655576
1024.0,1024.0,4.0,32.0,13208.0,13196.0,434476.0,1980288.0,0,0.9890625,0.125,0.0625,6400000.0,0.9788749082681016
1024.0,1024.0,4.0,6.0,5197.0,5216.0,170644.0,703488.0,0,0.940625,64.0,64.0,6400000.0,0.9409246575342465
1024.0,1024.0,4.0,33.0,13133.0,13121.0,431980.0,1968288.0,0,0.9890625,0.00195312,0.00195312,6400000.0,0.9796561582681018
1.0,1024.0,4.0,1.0,1.0,1.0,63.0,32.0,0,0.5015625,1.0,2048.0,6400000.0,0.5273919092465753
1024.0,1024.0,8.0,32.0,29151.0,29244.0,965516.0,4547968.0,0,0.9859375,0.00390625,0.0625,6400000.0,0.9804374082681019
1024.0,1024.0,8.0,32.0,29548.0,29638.0,978614.0,4611008.0,0,0.9859375,0.00390625,0.03125,6400000.0,0.9804374082681019
1024.0,1024.0,4.0,28.0,13176.0,13162.0,433502.0,1974848.0,0,0.990625,2.0,0.00195312,6400000.0,0.9776992111056751
1024.0,1024.0,4.0,8.0,7056.0,7692.0,232566.0,1099648.0,0,0.95,0.0078125,64.0,6400000.0,0.9393636863992171
1024.0,1024.0,4.0,32.0,13209.0,13196.0,434508.0,1980288.0,0,0.9890625,0.5,0.00390625,6400000.0,0.9784835188356166
1024.0,1024.0,4.0,33.0,13135.0,13122.0,432045.0,1968448.0,0,0.990625,0.0625,0.0078125,6400000.0,0.9788741438356163
1024.0,1024.0,8.0,29.0,30429.0,30549.0,1007780.0,4756768.0,0,0.984375,0.0078125,2.0,6400000.0,0.9808295621330723
1.0,1024.0,4.0,1.0,1.0,1.0,63.0,32.0,0,0.5015625,1.0,4096.0,6400000.0,0.5273919092465753
1024.0,1024.0,4.0,33.0,13098.0,13085.0,430824.0,1962528.0,0,0.990625,0.03125,0.00195312,6400000.0,0.9784827544031313
1024.0,1024.0,8.0,30.0,29621.0,29721.0,981075.0,4624288.0,0,0.9859375,0.0078125,1.0,6400000.0,0.9796546294031311
1024.0,1024.0,8.0,31.0,29683.0,29782.0,983099.0,4634048.0,0,0.9859375,0.0078125,0.25,6400000.0,0.9800460188356164
1024.0,1024.0,8.0,13.0,16986.0,17088.0,564224.0,2603008.0,0,0.9703125,0.125,32.0,6400000.0,0.9659667013209393
1024.0,1024.0,8.0,31.0,29341.0,29438.0,971811.0,4579008.0,0,0.984375,0.0078125,0.5,6400000.0,0.9808280332681016
1024.0,1024.0,4.0,16.0,10883.0,10879.0,358080.0,1609568.0,0,0.9765625,0.0625,16.0,6400000.0,0.9690985812133072
1024.0,1024.0,8.0,16.0,21721.0,21816.0,720409.0,3359488.0,0,0.9765625,0.0625,16.0,6400000.0,0.9710524706457926
1024.0,1024.0,8.0,32.0,29850.0,29940.0,988580.0,4659328.0,0,0.9875,0.0078125,0.000976562,6400000.0,0.9820029659980432
1024.0,1024.0,8.0,32.0,29850.0,29940.0,988580.0,4659328.0,0,0.9875,0.0078125,0.00390625,6400000.0,0.9812201871330725
1024.0,1024.0,8.0,32.0,29850.0,29940.0,988580.0,4659328.0,0,0.9875,0.0078125,0.00195312,6400000.0,0.9820029659980432
1024.0,1024.0,8.0,31.0,29744.0,29843.0,985112.0,4643808.0,0,0.984375,0.0078125,0.125,6400000.0,0.9812194227005872
1024.0,1024.0,8.0,32.0,29151.0,29244.0,965516.0,4547968.0,0,0.9859375,0.0078125,0.0625,6400000.0,0.9808287977005872
1024.0,1024.0,8.0,32.0,29850.0,29940.0,988580.0,4659328.0,0,0.9875,0.0078125,0.0,6400000.0,0.9816115765655576
1024.0,1024.0,8.0,32.0,29548.0,29638.0,978614.0,4611008.0,0,0.9859375,0.0078125,0.03125,6400000.0,0.9804374082681019
1024.0,1024.0,8.0,32.0,29691.0,29782.0,983334.0,4634048.0,0,0.9859375,0.0078125,0.015625,6400000.0,0.9823943554305284
1024.0,1024.0,8.0,32.0,29311.0,29399.0,970791.0,4572768.0,0,0.984375,0.0078125,0.0078125,6400000.0,0.9812201871330725
1024.0,1024.0,4.0,32.0,13093.0,13080.0,430680.0,1961728.0,0,0.990625,0.25,0.00195312,6400000.0,0.978091364970646
1024.0,1024.0,4.0,16.0,10880.0,10874.0,357979.0,1608768.0,0,0.9765625,16.0,0.0078125,6400000.0,0.9683158023483365
1024.0,1024.0,4.0,5.0,4396.0,5083.0,144885.0,682208.0,0,0.940625,64.0,128.0,6400000.0,0.9409246575342465
1024.0,1024.0,8.0,23.0,27406.0,27558.0,908179.0,4278208.0,0,0.984375,0.03125,8.0,6400000.0,0.978481989970646
1024.0,1024.0,4.0,21.0,11141.0,11134.0,366501.0,1650368.0,0,0.9828125,4.0,4.0,6400000.0,0.9796561582681018
1024.0,1024.0,8.0,8.0,10444.0,10479.0,347865.0,1545568.0,0,0.959375,0.125,64.0,6400000.0,0.9499312010763209
1024.0,1024.0,4.0,21.0,11237.0,11230.0,369669.0,1665728.0,0,0.9828125,0.0,8.0,6400000.0,0.9800475477005872
1024.0,1024.0,4.0,33.0,13225.0,13212.0,435015.0,1982848.0,0,0.9890625,0.015625,0.00195312,6400000.0,0.9788741438356163
1024.0,1024.0,4.0,33.0,13133.0,13121.0,431980.0,1968288.0,0,0.9890625,0.000976562,0.00195312,6400000.0,0.978481989970646
1024.0,1024.0,8.0,27.0,29479.0,29598.0,976471.0,4604608.0,0,0.9875,0.015625,4.0,6400000.0,0.9792640044031311
1024.0,1024.0,4.0,7.0,7701.0,8371.0,253906.0,1208288.0,0,0.946875,8.0,128.0,6400000.0,0.9409246575342465
1024.0,1024.0,4.0,5.0,4599.0,5182.0,151480.0,698048.0,0,0.940625,64.0,256.0,6400000.0,0.9409246575342465
1024.0,1024.0,8.0,32.0,29737.0,29828.0,984852.0,4641408.0,0,0.9859375,0.015625,0.000976562,6400000.0,0.9816115765655578
1024.0,1024.0,8.0,32.0,29311.0,29399.0,970791.0,4572768.0,0,0.984375,0.015625,0.0,6400000.0,0.9812201871330725
1024.0,1024.0,4.0,30.0,13025.0,13015.0,428481.0,1951328.0,0,0.990625,1.0,0.00195312,6400000.0,0.9792655332681018
1024.0,1024.0,8.0,31.0,29683.0,29782.0,983099.0,4634048.0,0,0.9859375,0.015625,0.25,6400000.0,0.9800460188356164
1024.0,1024.0,8.0,31.0,29310.0,29407.0,970788.0,4574048.0,0,0.984375,0.015625,0.125,6400000.0,0.9812201871330725
1024.0,1024.0,4.0,32.0,13111.0,13099.0,431275.0,1964768.0,0,0.990625,0.125,0.00195312,6400000.0,0.9784827544031313
1024.0,1024.0,8.0,32.0,29737.0,29828.0,984852.0,4641408.0,0,0.9859375,0.015625,0.00195312,6400000.0,0.9823943554305284
1024.0,1024.0,8.0,32.0,29151.0,29244.0,965516.0,4547968.0,0,0.9859375,0.015625,0.0625,6400000.0,0.9796546294031312
1024.0,1024.0,8.0,32.0,29691.0,29782.0,983334.0,4634048.0,0,0.9859375,0.015625,0.0078125,6400000.0,0.9823943554305284
1024.0,1024.0,8.0,32.0,29548.0,29638.0,978614.0,4611008.0,0,0.9859375,0.015625,0.015625,6400000.0,0.9808287977005872
1024.0,1024.0,8.0,32.0,29151.0,29244.0,965516.0,4547968.0,0,0.9859375,0.015625,0.03125,6400000.0,0.9804374082681019
1024.0,1024.0,8.0,32.0,29691.0,29782.0,983334.0,4634048.0,0,0.9859375,0.015625,0.00390625,6400000.0,0.9823943554305284
1024.0,1024.0,8.0,31.0,29341.0,29438.0,971811.0,4579008.0,0,0.984375,0.015625,0.5,6400000.0,0.9796538649706458
1024.0,1024.0,4.0,26.0,11259.0,11247.0,370285.0,1668448.0,0,0.9859375,4.0,0.00390625,6400000.0,0.9773078216731899
1.0,1024.0,4.0,1.0,1.0,1.0,63.0,32.0,0,0.5015625,64.0,512.0,6400000.0,0.5273919092465753
1024.0,1024.0,4.0,5.0,4396.0,5083.0,144885.0,682208.0,0,0.940625,8.0,256.0,6400000.0,0.9409246575342465
1024.0,1024.0,8.0,29.0,30429.0,30549.0,1007780.0,4756768.0,0,0.984375,0.015625,2.0,6400000.0,0.980438172700587
1024.0,1024.0,4.0,33.0,13133.0,13121.0,431980.0,1968288.0,0,0.9890625,0.0078125,0.00195312,6400000.0,0.9788741438356166
1024.0,1024.0,8.0,30.0,29621.0,29721.0,981075.0,4624288.0,0,0.9859375,0.015625,1.0,6400000.0,0.9796546294031311
1024.0,1024.0,4.0,13.0,10457.0,10453.0,344085.0,1541408.0,0,0.9703125,16.0,1.0,6400000.0,0.9655760763209393
1024.0,1024.0,4.0,6.0,5197.0,5216.0,170644.0,703488.0,0,0.940625,0.0078125,128.0,6400000.0,0.9409246575342465
1.0,1024.0,4.0,1.0,1.0,1.0,63.0,32.0,0,0.5015625,64.0,1024.0,6400000.0,0.5273919092465753
1024.0,1024.0,4.0,11.0,9335.0,9333.0,307103.0,1362208.0,0,0.96875,32.0,0.03125,6400000.0,0.9659667013209393
1.0,1024.0,4.0,1.0,1.0,1.0,63.0,32.0,0,0.5015625,8.0,512.0,6400000.0,0.5273919092465753
1024.0,1024.0,8.0,16.0,21721.0,21816.0,720409.0,3359488.0,0,0.9765625,0.125,16.0,6400000.0,0.9698783023483365
1024.0,1024.0,8.0,23.0,27406.0,27558.0,908179.0,4278208.0,0,0.984375,0.0625,8.0,6400000.0,0.9792647688356165
1024.0,1024.0,4.0,21.0,11312.0,11308.0,372147.0,1678208.0,0,0.9828125,0.5,8.0,6400000.0,0.9800475477005872
1.0,1024.0,4.0,1.0,1.0,1.0,63.0,32.0,0,0.5015625,8.0,1024.0,6400000.0,0.5273919092465753
1024.0,1024.0,4.0,8.0,8747.0,8758.0,287760.0,1270208.0,0,0.959375,64.0,0.03125,6400000.0,0.9628371147260273
1024.0,1024.0,4.0,9.0,9640.0,9639.0,317196.0,1411168.0,0,0.9625,32.0,16.0,6400000.0,0.9585318309686887
1024.0,1024.0,4.0,21.0,11141.0,11134.0,366501.0,1650368.0,0,0.9828125,8.0,0.0625,6400000.0,0.9800475477005872
1024.0,1024.0,4.0,5.0,4396.0,5083.0,144885.0,682208.0,0,0.940625,0.0078125,256.0,6400000.0,0.9409246575342465
1024.0,1024.0,8.0,27.0,29369.0,29488.0,972841.0,4587008.0,0,0.9890625,0.03125,4.0,6400000.0,0.980438172700587
1.0,1024.0,4.0,1.0,1.0,1.0,63.0,32.0,0,0.5015625,8.0,2048.0,6400000.0,0.5273919092465753
1024.0,1024.0,4.0,11.0,9202.0,9200.0,302714.0,1340928.0,0,0.96875,0.0625,32.0,6400000.0,0.965575311888454
1024.0,1024.0,4.0,26.0,12940.0,12928.0,425758.0,1937408.0,0,0.990625,0.00390625,4.0,6400000.0,0.9780906005381602
1.0,1024.0,8.0,1.0,1.0,1.0,543.0,32.0,0,0.5015625,0.25,1024.0,6400000.0,0.5273919092465753
1.0,1024.0,8.0,1.0,1.0,1.0,543.0,32.0,0,0.5015625,0.25,512.0,6400000.0,0.5273919092465753
1024.0,1024.0,8.0,5.0,4396.0,5083.0,148485.0,682208.0,0,0.940625,0.25,256.0,6400000.0,0.9409246575342465
1024.0,1024.0,8.0,32.0,29548.0,29638.0,978614.0,4611008.0,0,0.9859375,0.03125,0.000976562,6400000.0,0.9808287977005872
1024.0,1024.0,8.0,32.0,29548.0,29638.0,978614.0,4611008.0,0,0.9859375,0.03125,0.00195312,6400000.0,0.9808287977005872
1.0,1024.0,4.0,1.0,1.0,1.0,63.0,32.0,0,0.5015625,0.0078125,512.0,6400000.0,0.5273919092465753
1024.0,1024.0,8.0,32.0,29548.0,29638.0,978614.0,4611008.0,0,0.9859375,0.03125,0.0,6400000.0,0.9808287977005872
1.0,1024.0,8.0,1.0,1.0,1.0,543.0,32.0,0,0.5015625,0.25,2048.0,6400000.0,0.5273919092465753
1024.0,1024.0,8.0,8.0,8468.0,9062.0,283247.0,1318848.0,0,0.959375,0.25,128.0,6400000.0,0.9409246575342465
1024.0,1024.0,8.0,32.0,29548.0,29638.0,978614.0,4611008.0,0,0.9859375,0.03125,0.00390625,6400000.0,0.9804374082681019
1024.0,1024.0,8.0,32.0,29151.0,29244.0,965516.0,4547968.0,0,0.9859375,0.03125,0.015625,6400000.0,0.9804374082681019
1024.0,1024.0,8.0,32.0,29548.0,29638.0,978614.0,4611008.0,0,0.9859375,0.03125,0.0078125,6400000.0,0.9804374082681019
1024.0,1024.0,8.0,30.0,29621.0,29721.0,981075.0,4624288.0,0,0.9859375,0.03125,1.0,6400000.0,0.9784804611056751
1024.0,1024.0,8.0,31.0,29341.0,29438.0,971811.0,4579008.0,0,0.984375,0.03125,0.5,6400000.0,0.9788718505381604
1024.0,1024.0,8.0,32.0,29151.0,29244.0,965516.0,4547968.0,0,0.9859375,0.03125,0.0625,6400000.0,0.9804366438356166
1024.0,1024.0,8.0,31.0,29683.0,29782.0,983099.0,4634048.0,0,0.9859375,0.03125,0.25,6400000.0,0.9796538649706458
1024.0,1024.0,8.0,32.0,29151.0,29244.0,965516.0,4547968.0,0,0.9859375,0.03125,0.03125,6400000.0,0.9800460188356166
1024.0,1024.0,8.0,31.0,29310.0,29407.0,970788.0,4574048.0,0,0.984375,0.03125,0.125,6400000.0,0.9800460188356166
1024.0,1024.0,8.0,29.0,30429.0,30549.0,1007780.0,4756768.0,0,0.984375,0.03125,2.0,6400000.0,0.9800467832681019
1.0,1024.0,8.0,1.0,1.0,1.0,543.0,32.0,0,0.5015625,0.25,4096.0,6400000.0,0.5273919092465753
1.0,1024.0,4.0,1.0,1.0,1.0,63.0,32.0,0,0.5015625,0.0078125,1024.0,6400000.0,0.5273919092465753
1.0,1024.0,8.0,1.0,1.0,1.0,543.0,32.0,0,0.5015625,0.25,8192.0,6400000.0,0.5273919092465753
1.0,1024.0,8.0,1.0,1.0,1.0,543.0,32.0,0,0.5015625,0.25,16384.0,6400000.0,0.5273919092465753
1024.0,1024.0,4.0,16.0,10880.0,10874.0,357979.0,1608768.0,0,0.9765625,16.0,0.015625,6400000.0,0.9683158023483365
1.0,1024.0,8.0,1.0,1.0,1.0,543.0,32.0,0,0.5015625,0.25,32768.0,6400000.0,0.5273919092465753
1.0,1024.0,4.0,1.0,1.0,1.0,63.0,32.0,0,0.5015625,0.0078125,2048.0,6400000.0,0.5273919092465753
1024.0,1024.0,4.0,28.0,13004.0,12990.0,427826.0,1947328.0,0,0.990625,2.0,0.5,6400000.0,0.9784819899706457
1024.0,1024.0,4.0,32.0,13209.0,13196.0,434508.0,1980288.0,0,0.9890625,0.00195312,0.5,6400000.0,0.9784835188356166
1024.0,1024.0,4.0,13.0,10267.0,10266.0,337818.0,1511488.0,0,0.9703125,0.0,16.0,6400000.0,0.9690985812133072
1024.0,1024.0,4.0,33.0,13012.0,13000.0,427987.0,1948928.0,0,0.9890625,0.0,0.0078125,6400000.0,0.9796569227005871
1024.0,1024.0,4.0,28.0,13064.0,13050.0,429806.0,1956928.0,0,0.9890625,0.03125,2.0,6400000.0,0.9765250428082192
1024.0,1024.0,4.0,19.0,10709.0,10704.0,352289.0,1581568.0,0,0.9828125,4.0,8.0,6400000.0,0.9698783023483365
1024.0,1024.0,4.0,32.0,13143.0,13131.0,432331.0,1969888.0,0,0.990625,0.000976562,0.0625,6400000.0,0.979656922700587
1024.0,1024.0,8.0,23.0,27406.0,27558.0,908179.0,4278208.0,0,0.984375,0.125,8.0,6400000.0,0.9776992111056753
1024.0,1024.0,4.0,11.0,9335.0,9333.0,307103.0,1362208.0,0,0.96875,32.0,0.0625,6400000.0,0.9659667013209393
1024.0,1024.0,8.0,27.0,30186.0,30305.0,999802.0,4717728.0,0,0.9859375,0.0625,4.0,6400000.0,0.9804389371330723
1024.0,1024.0,4.0,33.0,13012.0,13000.0,427987.0,1948928.0,0,0.9890625,0.00390625,0.00390625,6400000.0,0.9796569227005871
1024.0,1024.0,4.0,13.0,10292.0,10288.0,338640.0,1515008.0,0,0.9703125,16.0,2.0,6400000.0,0.9659667013209393
1024.0,1024.0,4.0,32.0,13122.0,13109.0,431637.0,1966368.0,0,0.990625,0.015625,0.25,6400000.0,0.9792655332681017
1024.0,1024.0,4.0,30.0,13041.0,13025.0,429003.0,1952928.0,0,0.990625,1.0,0.0625,6400000.0,0.978091364970646
1024.0,1024.0,8.0,13.0,16986.0,17088.0,564224.0,2603008.0,0,0.9703125,0.25,32.0,6400000.0,0.9659667013209393
1024.0,1024.0,8.0,32.0,29151.0,29244.0,965516.0,4547968.0,0,0.9859375,0.0625,0.0,6400000.0,0.9800460188356166
1024.0,1024.0,4.0,32.0,13090.0,13078.0,430582.0,1961408.0,0,0.9890625,0.0078125,0.03125,6400000.0,0.9792655332681017
1024.0,1024.0,4.0,28.0,13176.0,13162.0,433502.0,1974848.0,0,0.990625,2.0,0.00390625,6400000.0,0.9780906005381604
1.0,1024.0,8.0,1.0,1.0,1.0,543.0,32.0,0,0.5015625,0.5,1024.0,6400000.0,0.5273919092465753
1024.0,1024.0,8.0,32.0,29151.0,29244.0,965516.0,4547968.0,0,0.9859375,0.0625,0.000976562,6400000.0,0.9800460188356166
1.0,1024.0,8.0,1.0,1.0,1.0,543.0,32.0,0,0.5015625,0.5,512.0,6400000.0,0.5273919092465753
1024.0,1024.0,8.0,32.0,29151.0,29244.0,965516.0,4547968.0,0,0.9859375,0.0625,0.00390625,6400000.0,0.9804374082681019
1024.0,1024.0,8.0,32.0,29151.0,29244.0,965516.0,4547968.0,0,0.9859375,0.0625,0.015625,6400000.0,0.9796546294031312
1024.0,1024.0,8.0,32.0,29151.0,29244.0,965516.0,4547968.0,0,0.9859375,0.0625,0.0078125,6400000.0,0.9808287977005872
1024.0,1024.0,8.0,32.0,29151.0,29244.0,965516.0,4547968.0,0,0.9859375,0.0625,0.03125,6400000.0,0.9804366438356166
1024.0,1024.0,8.0,32.0,29151.0,29244.0,965516.0,4547968.0,0,0.9859375,0.0625,0.00195312,6400000.0,0.9796546294031312
1024.0,1024.0,4.0,30.0,12956.0,12941.0,426199.0,1939488.0,0,0.990625,0.25,1.0,6400000.0,0.9776992111056753
1.0,1024.0,8.0,1.0,1.0,1.0,543.0,32.0,0,0.5015625,0.5,2048.0,6400000.0,0.5273919092465753
1.0,1024.0,8.0,1.0,1.0,1.0,543.0,32.0,0,0.5015625,0.5,4096.0,6400000.0,0.5273919092465753
1.0,1024.0,8.0,1.0,1.0,1.0,543.0,32.0,0,0.5015625,0.5,8192.0,6400000.0,0.5273919092465753
1024.0,1024.0,8.0,5.0,4396.0,5083.0,148485.0,682208.0,0,0.940625,0.5,256.0,6400000.0,0.9409246575342465
1024.0,1024.0,8.0,31.0,29744.0,29843.0,985112.0,4643808.0,0,0.984375,0.0625,0.0625,6400000.0,0.9804366438356166
1.0,1024.0,8.0,1.0,1.0,1.0,543.0,32.0,0,0.5015625,0.5,16384.0,6400000.0,0.5273919092465753
1024.0,1024.0,8.0,29.0,30429.0,30549.0,1007780.0,4756768.0,0,0.984375,0.0625,2.0,6400000.0,0.9800467832681019
1024.0,1024.0,8.0,8.0,10444.0,10479.0,347865.0,1545568.0,0,0.959375,0.25,64.0,6400000.0,0.9499312010763209
1.0,1024.0,8.0,1.0,1.0,1.0,543.0,32.0,0,0.5015625,0.5,32768.0,6400000.0,0.5273919092465753
1024.0,1024.0,8.0,31.0,29433.0,29530.0,974847.0,4593728.0,0,0.984375,0.0625,0.125,6400000.0,0.9816115765655576
1024.0,1024.0,8.0,30.0,29621.0,29721.0,981075.0,4624288.0,0,0.9859375,0.0625,1.0,6400000.0,0.9792632399706458
1024.0,1024.0,4.0,32.0,13209.0,13196.0,434508.0,1980288.0,0,0.9890625,0.5,0.0078125,6400000.0,0.9784835188356166
1024.0,1024.0,8.0,31.0,29367.0,29465.0,972670.0,4583328.0,0,0.9859375,0.0625,0.25,6400000.0,0.9800452544031311
1024.0,1024.0,8.0,31.0,29648.0,29748.0,981945.0,4628608.0,0,0.9875,0.0625,0.5,6400000.0,0.9804374082681019
1024.0,1024.0,4.0,32.0,13093.0,13080.0,430680.0,1961728.0,0,0.990625,0.125,0.125,6400000.0,0.978091364970646
1024.0,1024.0,4.0,13.0,10295.0,10292.0,338740.0,1515648.0,0,0.9703125,0.5,16.0,6400000.0,0.9675322590508806
1024.0,1024.0,4.0,32.0,13206.0,13194.0,434410.0,1979968.0,0,0.990625,0.0625,0.015625,6400000.0,0.978482754403131
1024.0,1024.0,4.0,33.0,13133.0,13121.0,431980.0,1968288.0,0,0.9890625,0.00195312,0.00390625,6400000.0,0.9792655332681018
1024.0,1024.0,8.0,8.0,8468.0,9062.0,283247.0,1318848.0,0,0.959375,0.5,128.0,6400000.0,0.9409246575342465
1024.0,1024.0,4.0,8.0,7703.0,8136.0,253714.0,1170688.0,0,0.95,0.0625,64.0,6400000.0,0.9393636863992171
1024.0,1024.0,4.0,32.0,13090.0,13078.0,430582.0,1961408.0,0,0.9890625,0.03125,0.00390625,6400000.0,0.9792655332681017
1.0,1024.0,8.0,1.0,1.0,1.0,543.0,32.0,0,0.5015625,1.0,1024.0,6400000.0,0.5273919092465753
1.0,1024.0,8.0,1.0,1.0,1.0,543.0,32.0,0,0.5015625,1.0,512.0,6400000.0,0.5273919092465753
1.0,1024.0,8.0,1.0,1.0,1.0,543.0,32.0,0,0.5015625,1.0,2048.0,6400000.0,0.5273919092465753
1.0,1024.0,8.0,1.0,1.0,1.0,543.0,32.0,0,0.5015625,1.0,4096.0,6400000.0,0.5273919092465753
1.0,1024.0,8.0,1.0,1.0,1.0,543.0,32.0,0,0.5015625,1.0,8192.0,6400000.0,0.5273919092465753
1024.0,1024.0,4.0,8.0,8747.0,8758.0,287760.0,1270208.0,0,0.959375,32.0,32.0,6400000.0,0.9628371147260273
1.0,1024.0,8.0,1.0,1.0,1.0,543.0,32.0,0,0.5015625,1.0,16384.0,6400000.0,0.5273919092465753
1.0,1024.0,8.0,1.0,1.0,1.0,543.0,32.0,0,0.5015625,1.0,32768.0,6400000.0,0.5273919092465753
1024.0,1024.0,4.0,32.0,13093.0,13080.0,430680.0,1961728.0,0,0.990625,0.25,0.00390625,6400000.0,0.978091364970646
1024.0,1024.0,8.0,5.0,4396.0,5083.0,148485.0,682208.0,0,0.940625,1.0,256.0,6400000.0,0.9409246575342465
1024.0,1024.0,4.0,8.0,8768.0,8777.0,288451.0,1273248.0,0,0.959375,64.0,0.0625,6400000.0,0.9628371147260273
1024.0,1024.0,4.0,26.0,11259.0,11247.0,370285.0,1668448.0,0,0.9859375,4.0,0.0078125,6400000.0,0.9769164322407045
1024.0,1024.0,4.0,21.0,11141.0,11134.0,366501.0,1650368.0,0,0.9828125,8.0,0.125,6400000.0,0.9796561582681018
1024.0,1024.0,8.0,8.0,8346.0,9066.0,279347.0,1319488.0,0,0.959375,1.0,128.0,6400000.0,0.9409246575342465
1024.0,1024.0,8.0,26.0,29536.0,29656.0,978374.0,4613888.0,0,0.9875,0.125,4.0,6400000.0,0.9808295621330723
1024.0,1024.0,4.0,33.0,13133.0,13121.0,431980.0,1968288.0,0,0.9890625,0.000976562,0.00390625,6400000.0,0.9804389371330725
1024.0,1024.0,4.0,33.0,13225.0,13212.0,435015.0,1982848.0,0,0.9890625,0.015625,0.00390625,6400000.0,0.9784827544031313
1024.0,1024.0,4.0,11.0,9202.0,9200.0,302714.0,1340928.0,0,0.96875,0.0,32.0,6400000.0,0.965575311888454
1024.0,1024.0,4.0,21.0,11237.0,11230.0,369669.0,1665728.0,0,0.9828125,0.00390625,8.0,6400000.0,0.9796561582681018
1024.0,1024.0,4.0,30.0,13025.0,13015.0,428481.0,1951328.0,0,0.990625,1.0,0.00390625,6400000.0,0.9792655332681018
1024.0,1024.0,4.0,11.0,9335.0,9333.0,307103.0,1362208.0,0,0.96875,32.0,0.125,6400000.0,0.9659667013209393
1.0,1024.0,8.0,1.0,1.0,1.0,543.0,32.0,0,0.5015625,2.0,1024.0,6400000.0,0.5273919092465753
1024.0,1024.0,8.0,16.0,21583.0,21678.0,715855.0,3337408.0,0,0.9765625,0.25,16.0,6400000.0,0.9710524706457926
1.0,1024.0,8.0,1.0,1.0,1.0,543.0,32.0,0,0.5015625,2.0,2048.0,6400000.0,0.5273919092465753
1.0,1024.0,8.0,1.0,1.0,1.0,543.0,32.0,0,0.5015625,2.0,512.0,6400000.0,0.5273919092465753
1.0,1024.0,8.0,1.0,1.0,1.0,543.0,32.0,0,0.5015625,2.0,4096.0,6400000.0,0.5273919092465753
1.0,1024.0,8.0,1.0,1.0,1.0,543.0,32.0,0,0.5015625,2.0,8192.0,6400000.0,0.5273919092465753
1.0,1024.0,8.0,1.0,1.0,1.0,543.0,32.0,0,0.5015625,2.0,16384.0,6400000.0,0.5273919092465753
1024.0,1024.0,8.0,31.0,29744.0,29843.0,985112.0,4643808.0,0,0.984375,0.125,0.00390625,6400000.0,0.9804374082681019
1024.0,1024.0,8.0,31.0,29744.0,29843.0,985112.0,4643808.0,0,0.984375,0.125,0.0,6400000.0,0.9804366438356166
1.0,1024.0,8.0,1.0,1.0,1.0,543.0,32.0,0,0.5015625,2.0,32768.0,6400000.0,0.5273919092465753
1024.0,1024.0,8.0,29.0,30281.0,30401.0,1002896.0,4733088.0,0,0.984375,0.125,2.0,6400000.0,0.9796546294031312
1024.0,1024.0,8.0,31.0,29310.0,29407.0,970788.0,4574048.0,0,0.984375,0.125,0.03125,6400000.0,0.9800460188356166
1024.0,1024.0,8.0,31.0,29744.0,29843.0,985112.0,4643808.0,0,0.984375,0.125,0.000976562,6400000.0,0.9804366438356166
1024.0,1024.0,4.0,32.0,13156.0,13144.0,432760.0,1971968.0,0,0.990625,0.125,0.00390625,6400000.0,0.9784827544031313
1024.0,1024.0,8.0,5.0,4396.0,5083.0,148485.0,682208.0,0,0.940625,2.0,256.0,6400000.0,0.9409246575342465
1024.0,1024.0,8.0,31.0,29310.0,29407.0,970788.0,4574048.0,0,0.984375,0.125,0.015625,6400000.0,0.9812201871330725
1024.0,1024.0,8.0,31.0,29744.0,29843.0,985112.0,4643808.0,0,0.984375,0.125,0.0078125,6400000.0,0.9812194227005872
1024.0,1024.0,8.0,31.0,29683.0,29782.0,983099.0,4634048.0,0,0.9859375,0.125,0.125,6400000.0,0.980828797700587
1024.0,1024.0,8.0,31.0,29433.0,29530.0,974847.0,4593728.0,0,0.984375,0.125,0.0625,6400000.0,0.9816115765655576
1024.0,1024.0,8.0,31.0,29744.0,29843.0,985112.0,4643808.0,0,0.984375,0.125,0.00195312,6400000.0,0.9804366438356166
1024.0,1024.0,8.0,29.0,30253.0,30353.0,1001952.0,4725408.0,0,0.9859375,0.125,1.0,6400000.0,0.9804381727005872
1024.0,1024.0,8.0,31.0,29737.0,29836.0,984881.0,4642688.0,0,0.984375,0.125,0.25,6400000.0,0.9800460188356164
1024.0,1024.0,4.0,13.0,10252.0,10248.0,337320.0,1508608.0,0,0.9703125,4.0,16.0,6400000.0,0.9679236484833659
1024.0,1024.0,4.0,13.0,10252.0,10248.0,337320.0,1508608.0,0,0.9703125,16.0,4.0,6400000.0,0.9679236484833659
1024.0,1024.0,8.0,8.0,8492.0,9046.0,283999.0,1316288.0,0,0.959375,2.0,128.0,6400000.0,0.9409246575342465
1024.0,1024.0,8.0,13.0,16639.0,16743.0,552775.0,2547808.0,0,0.9703125,0.5,32.0,6400000.0,0.9659667013209393
1024.0,1024.0,8.0,31.0,29814.0,29916.0,987425.0,4655488.0,0,0.9859375,0.125,0.5,6400000.0,0.9816115765655578
1.0,1024.0,8.0,1.0,1.0,1.0,543.0,32.0,0,0.5015625,4.0,512.0,6400000.0,0.5273919092465753
1.0,1024.0,8.0,1.0,1.0,1.0,543.0,32.0,0,0.5015625,4.0,1024.0,6400000.0,0.5273919092465753
1024.0,1024.0,8.0,8.0,10409.0,10442.0,346708.0,1539648.0,0,0.959375,0.5,64.0,6400000.0,0.9499312010763209
1024.0,1024.0,4.0,6.0,5197.0,5216.0,170644.0,703488.0,0,0.940625,0.0625,128.0,6400000.0,0.9409246575342465
1024.0,1024.0,8.0,5.0,4396.0,5083.0,148485.0,682208.0,0,0.940625,4.0,256.0,6400000.0,0.9409246575342465
1.0,1024.0,8.0,1.0,1.0,1.0,543.0,32.0,0,0.5015625,4.0,2048.0,6400000.0,0.5273919092465753
1.0,1024.0,8.0,1.0,1.0,1.0,543.0,32.0,0,0.5015625,4.0,4096.0,6400000.0,0.5273919092465753
1.0,1024.0,8.0,1.0,1.0,1.0,543.0,32.0,0,0.5015625,4.0,8192.0,6400000.0,0.5273919092465753
1024.0,1024.0,4.0,11.0,9247.0,9245.0,304199.0,1348128.0,0,0.96875,0.5,32.0,6400000.0,0.9655760763209393
1.0,1024.0,8.0,1.0,1.0,1.0,543.0,32.0,0,0.5015625,4.0,16384.0,6400000.0,0.5273919092465753
1.0,1024.0,8.0,1.0,1.0,1.0,543.0,32.0,0,0.5015625,4.0,32768.0,6400000.0,0.5273919092465753
1024.0,1024.0,8.0,8.0,8426.0,9043.0,281884.0,1315808.0,0,0.959375,4.0,128.0,6400000.0,0.9409246575342465
1024.0,1024.0,8.0,13.0,16978.0,17083.0,563963.0,2602208.0,0,0.9703125,1.0,32.0,6400000.0,0.9671408696183953
1024.0,1024.0,8.0,8.0,10409.0,10442.0,346708.0,1539648.0,0,0.959375,1.0,64.0,6400000.0,0.9483656433463796
1024.0,1024.0,4.0,6.0,5070.0,5135.0,166499.0,690528.0,0,0.940625,32.0,64.0,6400000.0,0.9409246575342465
1024.0,1024.0,4.0,28.0,13058.0,13044.0,429608.0,1955968.0,0,0.990625,2.0,1.0,6400000.0,0.9765258072407044
1024.0,1024.0,4.0,5.0,4396.0,5083.0,144885.0,682208.0,0,0.940625,0.0625,256.0,6400000.0,0.9409246575342465
1024.0,1024.0,8.0,13.0,17365.0,17462.0,576726.0,2662848.0,0,0.9703125,0.5,16.0,6400000.0,0.9702696917808218
1024.0,1024.0,8.0,23.0,26346.0,26497.0,873198.0,4108448.0,0,0.9828125,0.25,8.0,6400000.0,0.9780906005381607
1.0,1024.0,4.0,1.0,1.0,1.0,63.0,32.0,0,0.5015625,0.0625,512.0,6400000.0,0.5273919092465753
1.0,1024.0,8.0,1.0,1.0,1.0,543.0,32.0,0,0.5015625,8.0,512.0,6400000.0,0.5273919092465753
1.0,1024.0,8.0,1.0,1.0,1.0,543.0,32.0,0,0.5015625,8.0,1024.0,6400000.0,0.5273919092465753
1024.0,1024.0,4.0,26.0,12940.0,12928.0,425758.0,1937408.0,0,0.990625,0.03125,4.0,6400000.0,0.9788718505381603
1.0,1024.0,8.0,1.0,1.0,1.0,543.0,32.0,0,0.5015625,8.0,2048.0,6400000.0,0.5273919092465753
1024.0,1024.0,8.0,5.0,4396.0,5083.0,148485.0,682208.0,0,0.940625,8.0,256.0,6400000.0,0.9409246575342465
1024.0,1024.0,8.0,8.0,8110.0,8832.0,271305.0,1282048.0,0,0.959375,8.0,128.0,6400000.0,0.9409246575342465
1.0,1024.0,4.0,1.0,1.0,1.0,63.0,32.0,0,0.5015625,0.0625,1024.0,6400000.0,0.5273919092465753
1.0,1024.0,8.0,1.0,1.0,1.0,543.0,32.0,0,0.5015625,8.0,4096.0,6400000.0,0.5273919092465753
1.0,1024.0,8.0,1.0,1.0,1.0,543.0,32.0,0,0.5015625,8.0,8192.0,6400000.0,0.5273919092465753
1.0,1024.0,8.0,1.0,1.0,1.0,543.0,32.0,0,0.5015625,8.0,16384.0,6400000.0,0.5273919092465753
1024.0,1024.0,8.0,8.0,10409.0,10442.0,346708.0,1539648.0,0,0.959375,2.0,64.0,6400000.0,0.9483656433463796
1.0,1024.0,8.0,1.0,1.0,1.0,543.0,32.0,0,0.5015625,8.0,32768.0,6400000.0,0.5273919092465753
1024.0,1024.0,4.0,30.0,13025.0,13015.0,428481.0,1951328.0,0,0.990625,0.00195312,1.0,6400000.0,0.9792655332681018
1024.0,1024.0,8.0,13.0,17237.0,17345.0,572513.0,2644128.0,0,0.9703125,2.0,32.0,6400000.0,0.9659667013209393
1024.0,1024.0,4.0,8.0,7056.0,7692.0,232566.0,1099648.0,0,0.95,0.0,64.0,6400000.0,0.9393636863992171
1024.0,1024.0,4.0,5.0,4396.0,5083.0,144885.0,682208.0,0,0.940625,32.0,128.0,6400000.0,0.9409246575342465
1024.0,1024.0,8.0,13.0,17365.0,17462.0,576726.0,2662848.0,0,0.9703125,1.0,16.0,6400000.0,0.9698790667808218
1024.0,1024.0,4.0,8.0,8768.0,8777.0,288451.0,1273248.0,0,0.959375,64.0,0.125,6400000.0,0.9628371147260273
1024.0,1024.0,8.0,13.0,17194.0,17305.0,571097.0,2637728.0,0,0.9703125,4.0,32.0,6400000.0,0.9663580907534246
1024.0,1024.0,8.0,31.0,29683.0,29782.0,983099.0,4634048.0,0,0.9859375,0.25,0.0078125,6400000.0,0.9800460188356164
1024.0,1024.0,4.0,12.0,10051.0,10050.0,330711.0,1476928.0,0,0.96875,16.0,8.0,6400000.0,0.9671416340508806
1024.0,1024.0,8.0,31.0,29683.0,29782.0,983099.0,4634048.0,0,0.9859375,0.25,0.0,6400000.0,0.980828797700587
1024.0,1024.0,8.0,31.0,29683.0,29782.0,983099.0,4634048.0,0,0.9859375,0.25,0.00195312,6400000.0,0.980828797700587
1024.0,1024.0,4.0,11.0,9075.0,9073.0,298523.0,1320608.0,0,0.96875,4.0,32.0,6400000.0,0.9640112830234834
1024.0,1024.0,8.0,31.0,29683.0,29782.0,983099.0,4634048.0,0,0.9859375,0.25,0.000976562,6400000.0,0.980828797700587
1024.0,1024.0,4.0,21.0,11241.0,11235.0,369802.0,1666528.0,0,0.9828125,8.0,0.25,6400000.0,0.9804389371330725
1024.0,1024.0,8.0,31.0,29683.0,29782.0,983099.0,4634048.0,0,0.9859375,0.25,0.00390625,6400000.0,0.980828797700587
1024.0,1024.0,4.0,32.0,13111.0,13099.0,431275.0,1964768.0,0,0.990625,0.000976562,0.125,6400000.0,0.9784827544031313
1024.0,1024.0,4.0,33.0,13225.0,13212.0,435015.0,1982848.0,0,0.9890625,0.0,0.015625,6400000.0,0.9788741438356163
1024.0,1024.0,4.0,28.0,13176.0,13162.0,433502.0,1974848.0,0,0.990625,2.0,0.0078125,6400000.0,0.9780906005381604
1024.0,1024.0,4.0,13.0,10267.0,10266.0,337818.0,1511488.0,0,0.9703125,0.00390625,16.0,6400000.0,0.9690985812133072
1024.0,1024.0,8.0,31.0,29683.0,29782.0,983099.0,4634048.0,0,0.9859375,0.25,0.015625,6400000.0,0.9800460188356164
1024.0,1024.0,4.0,30.0,13009.0,12992.0,427946.0,1947648.0,0,0.990625,1.0,0.125,6400000.0,0.9788726149706457
1024.0,1024.0,8.0,8.0,10410.0,10443.0,346741.0,1539808.0,0,0.959375,4.0,64.0,6400000.0,0.9483656433463796
1024.0,1024.0,4.0,28.0,13125.0,13111.0,431819.0,1966688.0,0,0.9890625,0.25,2.0,6400000.0,0.9780906005381604
1024.0,1024.0,4.0,32.0,13209.0,13196.0,434508.0,1980288.0,0,0.9890625,0.015625,0.5,6400000.0,0.9776992111056751
1024.0,1024.0,8.0,31.0,29367.0,29465.0,972670.0,4583328.0,0,0.9859375,0.25,0.0625,6400000.0,0.9800452544031311
1024.0,1024.0,8.0,31.0,29683.0,29782.0,983099.0,4634048.0,0,0.9859375,0.25,0.03125,6400000.0,0.9796538649706458
1024.0,1024.0,4.0,33.0,13133.0,13121.0,431980.0,1968288.0,0,0.9890625,0.00390625,0.0078125,6400000.0,0.9788741438356163
1.0,1024.0,8.0,1.0,1.0,1.0,543.0,32.0,0,0.5015625,16.0,512.0,6400000.0,0.5273919092465753
1.0,1024.0,8.0,1.0,1.0,1.0,543.0,32.0,0,0.5015625,16.0,1024.0,6400000.0,0.5273919092465753
1.0,1024.0,8.0,1.0,1.0,1.0,543.0,32.0,0,0.5015625,16.0,2048.0,6400000.0,0.5273919092465753
1.0,1024.0,8.0,1.0,1.0,1.0,543.0,32.0,0,0.5015625,16.0,8192.0,6400000.0,0.5273919092465753
1.0,1024.0,8.0,1.0,1.0,1.0,543.0,32.0,0,0.5015625,16.0,4096.0,6400000.0,0.5273919092465753
1.0,1024.0,8.0,1.0,1.0,1.0,543.0,32.0,0,0.5015625,16.0,16384.0,6400000.0,0.5273919092465753
1.0,1024.0,8.0,1.0,1.0,1.0,543.0,32.0,0,0.5015625,16.0,32768.0,6400000.0,0.5273919092465753
1024.0,1024.0,8.0,5.0,4402.0,5082.0,148676.0,682048.0,0,0.940625,16.0,256.0,6400000.0,0.9409246575342465
1024.0,1024.0,8.0,29.0,30545.0,30645.0,1011588.0,4772128.0,0,0.9859375,0.25,1.0,6400000.0,0.9792640044031311
1024.0,1024.0,8.0,31.0,29737.0,29836.0,984881.0,4642688.0,0,0.984375,0.25,0.125,6400000.0,0.9800460188356164
1024.0,1024.0,8.0,5.0,4396.0,5083.0,148485.0,682208.0,0,0.940625,16.0,128.0,6400000.0,0.9409246575342465
1024.0,1024.0,8.0,31.0,29423.0,29521.0,974518.0,4592288.0,0,0.984375,0.25,0.5,6400000.0,0.980828797700587
1024.0,1024.0,4.0,26.0,11259.0,11247.0,370285.0,1668448.0,0,0.9859375,4.0,0.015625,6400000.0,0.9773078216731896
1024.0,1024.0,4.0,33.0,13135.0,13122.0,432045.0,1968448.0,0,0.990625,0.0078125,0.0625,6400000.0,0.9788741438356163
1024.0,1024.0,8.0,31.0,29341.0,29438.0,971811.0,4579008.0,0,0.984375,0.25,0.25,6400000.0,0.9808280332681016
1024.0,1024.0,8.0,27.0,30416.0,30533.0,1007390.0,4754208.0,0,0.9828125,0.25,4.0,6400000.0,0.9812209515655577
1024.0,1024.0,8.0,13.0,16997.0,17097.0,564585.0,2604448.0,0,0.9703125,2.0,16.0,6400000.0,0.9702696917808218
1024.0,1024.0,4.0,8.0,7703.0,8136.0,253714.0,1170688.0,0,0.95,0.5,64.0,6400000.0,0.9377981286692758
1024.0,1024.0,4.0,32.0,13209.0,13196.0,434508.0,1980288.0,0,0.9890625,0.5,0.015625,6400000.0,0.9776992111056751
1024.0,1024.0,8.0,29.0,30085.0,30205.0,996428.0,4701728.0,0,0.984375,0.25,2.0,6400000.0,0.9780898361056751
1024.0,1024.0,4.0,32.0,13110.0,13097.0,431241.0,1964448.0,0,0.9890625,0.125,0.25,6400000.0,0.978481989970646
1024.0,1024.0,8.0,10.0,13064.0,13163.0,434602.0,1975008.0,0,0.9640625,8.0,32.0,6400000.0,0.9632277397260273
1024.0,1024.0,4.0,32.0,13103.0,13091.0,431011.0,1963488.0,0,0.990625,0.0625,0.03125,6400000.0,0.9788741438356163
1024.0,1024.0,4.0,33.0,13133.0,13121.0,431980.0,1968288.0,0,0.9890625,0.00195312,0.0078125,6400000.0,0.9788741438356166
1024.0,1024.0,8.0,8.0,10447.0,10474.0,347956.0,1544768.0,0,0.959375,8.0,64.0,6400000.0,0.9483656433463796
1024.0,1024.0,8.0,13.0,17672.0,17772.0,586860.0,2712448.0,0,0.9703125,4.0,16.0,6400000.0,0.9663603840508805
1024.0,1024.0,4.0,32.0,13090.0,13078.0,430582.0,1961408.0,0,0.9890625,0.03125,0.0078125,6400000.0,0.9792655332681017
1024.0,1024.0,4.0,32.0,13093.0,13080.0,430680.0,1961728.0,0,0.990625,0.25,0.0078125,6400000.0,0.978482754403131
1024.0,1024.0,4.0,6.0,5197.0,5216.0,170644.0,703488.0,0,0.940625,0.0,128.0,6400000.0,0.9409246575342465
1024.0,1024.0,8.0,22.0,25619.0,25772.0,849230.0,3992448.0,0,0.98125,0.5,8.0,6400000.0,0.9792647688356165
1.0,1024.0,8.0,1.0,1.0,1.0,543.0,32.0,0,0.5015625,32.0,1024.0,6400000.0,0.5273919092465753
1.0,1024.0,8.0,1.0,1.0,1.0,543.0,32.0,0,0.5015625,32.0,2048.0,6400000.0,0.5273919092465753
1024.0,1024.0,8.0,23.0,26297.0,26450.0,871583.0,4100928.0,0,0.9828125,1.0,8.0,6400000.0,0.9792655332681018
1.0,1024.0,8.0,1.0,1.0,1.0,543.0,32.0,0,0.5015625,32.0,512.0,6400000.0,0.5273919092465753
1.0,1024.0,8.0,1.0,1.0,1.0,543.0,32.0,0,0.5015625,32.0,4096.0,6400000.0,0.5273919092465753
1024.0,1024.0,8.0,13.0,17691.0,17792.0,587488.0,2715648.0,0,0.9703125,8.0,16.0,6400000.0,0.9663573263209392
1.0,1024.0,8.0,1.0,1.0,1.0,543.0,32.0,0,0.5015625,32.0,8192.0,6400000.0,0.5273919092465753
1.0,1024.0,8.0,1.0,1.0,1.0,543.0,32.0,0,0.5015625,32.0,16384.0,6400000.0,0.5273919092465753
1.0,1024.0,8.0,1.0,1.0,1.0,543.0,32.0,0,0.5015625,32.0,32768.0,6400000.0,0.5273919092465753
1024.0,1024.0,4.0,33.0,13129.0,13116.0,431847.0,1967488.0,0,0.990625,0.015625,0.0078125,6400000.0,0.9792647688356165
1024.0,1024.0,4.0,11.0,9335.0,9333.0,307103.0,1362208.0,0,0.96875,16.0,16.0,6400000.0,0.9659667013209393
1024.0,1024.0,8.0,5.0,4396.0,5083.0,148485.0,682208.0,0,0.940625,32.0,128.0,6400000.0,0.9409246575342465
1024.0,1024.0,4.0,5.0,4396.0,5083.0,144885.0,682208.0,0,0.940625,0.0,256.0,6400000.0,0.9409246575342465
1024.0,1024.0,8.0,5.0,4389.0,5072.0,148250.0,680448.0,0,0.940625,32.0,256.0,6400000.0,0.9409246575342465
1024.0,1024.0,8.0,9.0,12195.0,12287.0,405684.0,1834848.0,0,0.959375,16.0,32.0,6400000.0,0.9628371147260273
1024.0,1024.0,4.0,11.0,9202.0,9200.0,302714.0,1340928.0,0,0.96875,0.00390625,32.0,6400000.0,0.965575311888454
1024.0,1024.0,4.0,8.0,7204.0,7806.0,237416.0,1117888.0,0,0.95,4.0,64.0,6400000.0,0.9377981286692758
1024.0,1024.0,4.0,32.0,13156.0,13144.0,432760.0,1971968.0,0,0.990625,0.125,0.0078125,6400000.0,0.9777007399706458
1.0,1024.0,4.0,1.0,1.0,1.0,63.0,32.0,0,0.5015625,0.0,512.0,6400000.0,0.5273919092465753
1024.0,1024.0,8.0,13.0,16986.0,17088.0,564224.0,2603008.0,0,0.9703125,16.0,16.0,6400000.0,0.9659667013209393
1024.0,1024.0,4.0,6.0,5109.0,5126.0,167738.0,689088.0,0,0.940625,0.5,128.0,6400000.0,0.9409246575342465
1024.0,1024.0,8.0,8.0,10409.0,10431.0,346697.0,1537888.0,0,0.959375,16.0,64.0,6400000.0,0.9483656433463796
1024.0,1024.0,4.0,21.0,11237.0,11230.0,369669.0,1665728.0,0,0.9828125,0.03125,8.0,6400000.0,0.9800475477005872
1024.0,1024.0,4.0,26.0,12940.0,12928.0,425758.0,1937408.0,0,0.990625,2.0,2.0,6400000.0,0.9761336533757339
1024.0,1024.0,8.0,21.0,22411.0,22547.0,743370.0,3476448.0,0,0.9796875,2.0,8.0,6400000.0,0.9800475477005872
1024.0,1024.0,8.0,13.0,16984.0,17087.0,564159.0,2602848.0,0,0.9703125,32.0,0.0,6400000.0,0.96674948018591
1024.0,1024.0,8.0,13.0,16984.0,17087.0,564159.0,2602848.0,0,0.9703125,32.0,0.00390625,6400000.0,0.96674948018591
1024.0,1024.0,8.0,13.0,17736.0,17835.0,588971.0,2722528.0,0,0.9703125,8.0,8.0,6400000.0,0.9710524706457926
1024.0,1024.0,8.0,13.0,16984.0,17087.0,564159.0,2602848.0,0,0.9703125,32.0,0.00195312,6400000.0,0.96674948018591
1024.0,1024.0,8.0,13.0,16984.0,17087.0,564159.0,2602848.0,0,0.9703125,32.0,0.000976562,6400000.0,0.96674948018591
1024.0,1024.0,4.0,8.0,8768.0,8777.0,288451.0,1273248.0,0,0.959375,64.0,0.25,6400000.0,0.9569662732387474
1024.0,1024.0,8.0,13.0,16984.0,17087.0,564159.0,2602848.0,0,0.9703125,32.0,0.015625,6400000.0,0.96674948018591
1024.0,1024.0,8.0,13.0,16984.0,17087.0,564159.0,2602848.0,0,0.9703125,32.0,0.03125,6400000.0,0.96674948018591
1024.0,1024.0,8.0,13.0,16984.0,17087.0,564159.0,2602848.0,0,0.9703125,32.0,0.0078125,6400000.0,0.96674948018591
1024.0,1024.0,8.0,13.0,16984.0,17087.0,564159.0,2602848.0,0,0.9703125,32.0,0.0625,6400000.0,0.96674948018591
1024.0,1024.0,8.0,13.0,16984.0,17087.0,564159.0,2602848.0,0,0.9703125,32.0,0.25,6400000.0,0.9671408696183953
1024.0,1024.0,4.0,20.0,10773.0,10768.0,354380.0,1591808.0,0,0.9859375,8.0,0.5,6400000.0,0.9769164322407045
1024.0,1024.0,8.0,13.0,16639.0,16741.0,552773.0,2547488.0,0,0.9703125,32.0,0.5,6400000.0,0.9671408696183953
1024.0,1024.0,8.0,13.0,16984.0,17087.0,564159.0,2602848.0,0,0.9703125,32.0,0.125,6400000.0,0.96674948018591
1024.0,1024.0,4.0,5.0,4396.0,5083.0,144885.0,682208.0,0,0.940625,0.5,256.0,6400000.0,0.9409246575342465
1024.0,1024.0,8.0,13.0,17339.0,17444.0,575876.0,2659968.0,0,0.9703125,16.0,8.0,6400000.0,0.9651831580234832
1024.0,1024.0,8.0,13.0,17029.0,17133.0,565645.0,2610208.0,0,0.9703125,32.0,1.0,6400000.0,0.9671408696183953
1024.0,1024.0,8.0,13.0,17749.0,17856.0,589408.0,2725888.0,0,0.9703125,32.0,2.0,6400000.0,0.9659667013209393
1024.0,1024.0,8.0,31.0,29341.0,29438.0,971811.0,4579008.0,0,0.984375,0.5,0.000976562,6400000.0,0.9808280332681016
1024.0,1024.0,8.0,27.0,30153.0,30270.0,998711.0,4712128.0,0,0.9859375,0.5,4.0,6400000.0,0.9784812255381604
1024.0,1024.0,8.0,13.0,17736.0,17835.0,588971.0,2722528.0,0,0.9703125,16.0,0.0,6400000.0,0.9710524706457926
1024.0,1024.0,8.0,31.0,29341.0,29438.0,971811.0,4579008.0,0,0.984375,0.5,0.0,6400000.0,0.9808280332681016
1024.0,1024.0,8.0,31.0,29341.0,29438.0,971811.0,4579008.0,0,0.984375,0.5,0.00195312,6400000.0,0.9808280332681016
1024.0,1024.0,8.0,13.0,17103.0,17201.0,568081.0,2621088.0,0,0.9703125,16.0,1.0,6400000.0,0.9702696917808218
1024.0,1024.0,8.0,13.0,16954.0,17056.0,563168.0,2597888.0,0,0.9703125,16.0,4.0,6400000.0,0.96557760518591
1.0,1024.0,8.0,1.0,1.0,1.0,543.0,32.0,0,0.5015625,64.0,512.0,6400000.0,0.5273919092465753
1024.0,1024.0,8.0,13.0,17033.0,17132.0,565772.0,2610048.0,0,0.9703125,16.0,2.0,6400000.0,0.9702696917808218
1.0,1024.0,4.0,1.0,1.0,1.0,63.0,32.0,0,0.5015625,0.5,512.0,6400000.0,0.5273919092465753
1024.0,1024.0,8.0,5.0,4396.0,5083.0,148485.0,682208.0,0,0.940625,64.0,128.0,6400000.0,0.9409246575342465
1024.0,1024.0,8.0,13.0,17736.0,17835.0,588971.0,2722528.0,0,0.9703125,16.0,0.000976562,6400000.0,0.9710524706457926
1024.0,1024.0,8.0,13.0,17401.0,17514.0,577930.0,2671168.0,0,0.9703125,32.0,4.0,6400000.0,0.9651839224559687
1024.0,1024.0,8.0,13.0,17736.0,17835.0,588971.0,2722528.0,0,0.9703125,16.0,0.00390625,6400000.0,0.9710524706457926
1024.0,1024.0,8.0,13.0,17736.0,17835.0,588971.0,2722528.0,0,0.9703125,16.0,0.00195312,6400000.0,0.9710524706457926
1024.0,1024.0,8.0,25.0,27404.0,27526.0,908041.0,4273088.0,0,0.98125,1.0,4.0,6400000.0,0.9776984466731898
1024.0,1024.0,8.0,31.0,29341.0,29438.0,971811.0,4579008.0,0,0.984375,0.5,0.00390625,6400000.0,0.9808280332681016
1024.0,1024.0,8.0,13.0,17736.0,17835.0,588971.0,2722528.0,0,0.9703125,16.0,0.015625,6400000.0,0.9710524706457926
1024.0,1024.0,8.0,13.0,17736.0,17835.0,588971.0,2722528.0,0,0.9703125,16.0,0.0078125,6400000.0,0.9710524706457926
1.0,1024.0,8.0,1.0,1.0,1.0,543.0,32.0,0,0.5015625,64.0,1024.0,6400000.0,0.5273919092465753
1.0,1024.0,8.0,1.0,1.0,1.0,543.0,32.0,0,0.5015625,64.0,2048.0,6400000.0,0.5273919092465753
1024.0,1024.0,8.0,5.0,4599.0,5182.0,155080.0,698048.0,0,0.940625,64.0,256.0,6400000.0,0.9409246575342465
1.0,1024.0,8.0,1.0,1.0,1.0,543.0,32.0,0,0.5015625,64.0,4096.0,6400000.0,0.5273919092465753
1024.0,1024.0,8.0,9.0,12195.0,12287.0,405684.0,1834848.0,0,0.959375,32.0,16.0,6400000.0,0.9628371147260273
1024.0,1024.0,8.0,31.0,29341.0,29438.0,971811.0,4579008.0,0,0.984375,0.5,0.0078125,6400000.0,0.9808280332681016
1024.0,1024.0,8.0,31.0,29341.0,29438.0,971811.0,4579008.0,0,0.984375,0.5,0.015625,6400000.0,0.9796538649706458
1024.0,1024.0,8.0,13.0,17736.0,17835.0,588971.0,2722528.0,0,0.9703125,16.0,0.03125,6400000.0,0.9710524706457926
1.0,1024.0,8.0,1.0,1.0,1.0,543.0,32.0,0,0.5015625,64.0,8192.0,6400000.0,0.5273919092465753
1.0,1024.0,8.0,1.0,1.0,1.0,543.0,32.0,0,0.5015625,64.0,16384.0,6400000.0,0.5273919092465753
1.0,1024.0,8.0,1.0,1.0,1.0,543.0,32.0,0,0.5015625,64.0,32768.0,6400000.0,0.5273919092465753
1024.0,1024.0,8.0,21.0,22499.0,22578.0,746217.0,3481408.0,0,0.98125,4.0,8.0,6400000.0,0.9745719178082192
1024.0,1024.0,8.0,13.0,17736.0,17835.0,588971.0,2722528.0,0,0.9703125,16.0,0.125,6400000.0,0.9698783023483365
1024.0,1024.0,8.0,8.0,10459.0,10461.0,348327.0,1542688.0,0,0.959375,64.0,64.0,6400000.0,0.9409246575342465
1024.0,1024.0,8.0,13.0,17736.0,17835.0,588971.0,2722528.0,0,0.9703125,16.0,0.0625,6400000.0,0.9710524706457926
1024.0,1024.0,8.0,10.0,12690.0,12790.0,422261.0,1915328.0,0,0.9640625,32.0,8.0,6400000.0,0.9636183647260272
1024.0,1024.0,8.0,13.0,17103.0,17201.0,568081.0,2621088.0,0,0.9703125,16.0,0.5,6400000.0,0.9710524706457926
1024.0,1024.0,8.0,8.0,10545.0,10597.0,351215.0,1564448.0,0,0.959375,32.0,64.0,6400000.0,0.9495413405088062
1024.0,1024.0,8.0,31.0,29648.0,29748.0,981945.0,4628608.0,0,0.9875,0.5,0.0625,6400000.0,0.9804374082681019
1024.0,1024.0,8.0,31.0,29341.0,29438.0,971811.0,4579008.0,0,0.984375,0.5,0.03125,6400000.0,0.9788718505381604
1024.0,1024.0,4.0,7.0,7575.0,8204.0,249707.0,1181568.0,0,0.946875,4.0,128.0,6400000.0,0.9409246575342465
1024.0,1024.0,4.0,28.0,13116.0,13102.0,431522.0,1965248.0,0,0.990625,0.00195312,2.0,6400000.0,0.9765250428082192
1024.0,1024.0,8.0,16.0,21463.0,21559.0,711896.0,3318368.0,0,0.9765625,16.0,0.25,6400000.0,0.9710524706457926
1024.0,1024.0,8.0,29.0,30307.0,30429.0,1003756.0,4737568.0,0,0.9859375,0.5,2.0,6400000.0,0.9796553938356165
1024.0,1024.0,4.0,27.0,13048.0,13035.0,429300.0,1954528.0,0,0.990625,0.25,4.0,6400000.0,0.9765250428082191
1024.0,1024.0,8.0,26.0,27052.0,27181.0,896411.0,4217888.0,0,0.984375,2.0,4.0,6400000.0,0.9780913649706457
1024.0,1024.0,8.0,23.0,27406.0,27558.0,908179.0,4278208.0,0,0.984375,4.0,4.0,6400000.0,0.9773078216731899
1024.0,1024.0,8.0,31.0,29814.0,29916.0,987425.0,4655488.0,0,0.9859375,0.5,0.125,6400000.0,0.9816115765655578
1024.0,1024.0,8.0,31.0,29423.0,29521.0,974518.0,4592288.0,0,0.984375,0.5,0.25,6400000.0,0.980828797700587
1024.0,1024.0,8.0,21.0,22411.0,22547.0,743370.0,3476448.0,0,0.9796875,8.0,2.0,6400000.0,0.9784819899706457
1024.0,1024.0,8.0,29.0,30138.0,30270.0,998189.0,4712128.0,0,0.984375,0.5,1.0,6400000.0,0.9800467832681019
1024.0,1024.0,8.0,30.0,29621.0,29721.0,981075.0,4624288.0,0,0.9859375,0.5,0.5,6400000.0,0.9796546294031311
1024.0,1024.0,8.0,5.0,4396.0,5083.0,148485.0,682208.0,0,0.940625,128.0,16.0,6400000.0,0.9409246575342465
1024.0,1024.0,8.0,5.0,4396.0,5083.0,148485.0,682208.0,0,0.940625,128.0,32.0,6400000.0,0.9409246575342465
1024.0,1024.0,8.0,8.0,10584.0,10586.0,352452.0,1562688.0,0,0.959375,128.0,0.0,6400000.0,0.9409246575342465
1024.0,1024.0,8.0,8.0,10584.0,10586.0,352452.0,1562688.0,0,0.959375,128.0,0.000976562,6400000.0,0.9409246575342465
1024.0,1024.0,4.0,26.0,11367.0,11355.0,373849.0,1685728.0,0,0.9859375,4.0,0.03125,6400000.0,0.9780890716731896
1024.0,1024.0,8.0,8.0,10351.0,10352.0,344762.0,1525248.0,0,0.959375,128.0,8.0,6400000.0,0.9409246575342465
1024.0,1024.0,8.0,8.0,10584.0,10586.0,352452.0,1562688.0,0,0.959375,128.0,0.00195312,6400000.0,0.9409246575342465
1.0,1024.0,8.0,1.0,1.0,1.0,543.0,32.0,0,0.5015625,128.0,512.0,6400000.0,0.5273919092465753
1024.0,1024.0,8.0,28.0,30136.0,30236.0,998112.0,4706688.0,0,0.9828125,1.0,2.0,6400000.0,0.9796561582681017
1024.0,1024.0,8.0,8.0,10584.0,10586.0,352452.0,1562688.0,0,0.959375,128.0,0.00390625,6400000.0,0.9409246575342465
1024.0,1024.0,8.0,8.0,10584.0,10586.0,352452.0,1562688.0,0,0.959375,128.0,0.0078125,6400000.0,0.9409246575342465
1024.0,1024.0,8.0,8.0,10584.0,10586.0,352452.0,1562688.0,0,0.959375,128.0,0.015625,6400000.0,0.9409246575342465
1024.0,1024.0,4.0,28.0,13176.0,13162.0,433502.0,1974848.0,0,0.990625,2.0,0.015625,6400000.0,0.978873379403131
1024.0,1024.0,8.0,8.0,10584.0,10586.0,352452.0,1562688.0,0,0.959375,128.0,0.03125,6400000.0,0.9409246575342465
1.0,1024.0,8.0,1.0,1.0,1.0,543.0,32.0,0,0.5015625,128.0,1024.0,6400000.0,0.5273919092465753
1024.0,1024.0,8.0,5.0,4396.0,5083.0,148485.0,682208.0,0,0.940625,128.0,64.0,6400000.0,0.9409246575342465
1024.0,1024.0,8.0,8.0,10584.0,10586.0,352452.0,1562688.0,0,0.959375,128.0,0.0625,6400000.0,0.9409246575342465
1024.0,1024.0,8.0,5.0,4396.0,5083.0,148485.0,682208.0,0,0.940625,128.0,128.0,6400000.0,0.9409246575342465
1024.0,1024.0,8.0,8.0,10584.0,10586.0,352452.0,1562688.0,0,0.959375,128.0,0.125,6400000.0,0.9409246575342465
1024.0,1024.0,8.0,8.0,10584.0,10586.0,352452.0,1562688.0,0,0.959375,128.0,0.25,6400000.0,0.9409246575342465
1024.0,1024.0,8.0,8.0,10482.0,10487.0,349089.0,1546848.0,0,0.959375,128.0,1.0,6400000.0,0.9409246575342465
1024.0,1024.0,8.0,8.0,10584.0,10586.0,352452.0,1562688.0,0,0.959375,128.0,0.5,6400000.0,0.9409246575342465
1024.0,1024.0,8.0,8.0,10571.0,10570.0,352020.0,1560128.0,0,0.959375,128.0,2.0,6400000.0,0.9409246575342465
1024.0,1024.0,8.0,23.0,26297.0,26450.0,871583.0,4100928.0,0,0.9828125,8.0,1.0,6400000.0,0.9792655332681018
1024.0,1024.0,8.0,8.0,10470.0,10473.0,348691.0,1544608.0,0,0.959375,128.0,4.0,6400000.0,0.9409246575342465
1.0,1024.0,8.0,1.0,1.0,1.0,543.0,32.0,0,0.5015625,128.0,2048.0,6400000.0,0.5273919092465753
1024.0,1024.0,4.0,5.0,4396.0,5083.0,144885.0,682208.0,0,0.940625,4.0,256.0,6400000.0,0.9409246575342465
1.0,1024.0,8.0,1.0,1.0,1.0,543.0,32.0,0,0.5015625,128.0,4096.0,6400000.0,0.5273919092465753
1024.0,1024.0,4.0,30.0,12956.0,12941.0,426199.0,1939488.0,0,0.990625,1.0,0.25,6400000.0,0.9780906005381607
1024.0,1024.0,8.0,8.0,10472.0,10508.0,348790.0,1550208.0,0,0.959375,32.0,32.0,6400000.0,0.9628371147260273
1024.0,1024.0,8.0,21.0,22499.0,22578.0,746217.0,3481408.0,0,0.98125,8.0,4.0,6400000.0,0.9745719178082192
1024.0,1024.0,8.0,5.0,2509.0,3384.0,86146.0,410368.0,0,0.940625,128.0,256.0,6400000.0,0.9033657962328766
1.0,1024.0,8.0,1.0,1.0,1.0,543.0,32.0,0,0.5015625,128.0,8192.0,6400000.0,0.5273919092465753
1.0,1024.0,8.0,1.0,1.0,1.0,543.0,32.0,0,0.5015625,128.0,16384.0,6400000.0,0.5273919092465753
1.0,1024.0,8.0,1.0,1.0,1.0,543.0,32.0,0,0.5015625,128.0,32768.0,6400000.0,0.5273919092465753
1024.0,1024.0,8.0,30.0,29621.0,29721.0,981075.0,4624288.0,0,0.9859375,1.0,0.0,6400000.0,0.9796546294031311
1024.0,1024.0,8.0,26.0,27052.0,27181.0,896411.0,4217888.0,0,0.984375,4.0,2.0,6400000.0,0.9780913649706457
1024.0,1024.0,8.0,30.0,29621.0,29721.0,981075.0,4624288.0,0,0.9859375,1.0,0.03125,6400000.0,0.9784804611056751
1024.0,1024.0,8.0,30.0,29621.0,29721.0,981075.0,4624288.0,0,0.9859375,1.0,0.000976562,6400000.0,0.9796546294031311
1024.0,1024.0,8.0,29.0,30182.0,30310.0,999637.0,4718528.0,0,0.98125,1.0,1.0,6400000.0,0.9808295621330723
1024.0,1024.0,4.0,8.0,7056.0,7692.0,232566.0,1099648.0,0,0.95,0.00390625,64.0,6400000.0,0.9393636863992171
1024.0,1024.0,8.0,29.0,30545.0,30645.0,1011588.0,4772128.0,0,0.9859375,1.0,0.25,6400000.0,0.9792640044031311
1024.0,1024.0,8.0,30.0,29621.0,29721.0,981075.0,4624288.0,0,0.9859375,1.0,0.00195312,6400000.0,0.9796546294031311
1024.0,1024.0,8.0,30.0,29621.0,29721.0,981075.0,4624288.0,0,0.9859375,1.0,0.00390625,6400000.0,0.9796546294031311
1024.0,1024.0,4.0,30.0,12931.0,12921.0,425379.0,1936288.0,0,0.990625,0.015625,1.0,6400000.0,0.9792655332681018
1024.0,1024.0,8.0,29.0,30138.0,30270.0,998189.0,4712128.0,0,0.984375,1.0,0.5,6400000.0,0.9800467832681019
1024.0,1024.0,8.0,30.0,29621.0,29721.0,981075.0,4624288.0,0,0.9859375,1.0,0.0078125,6400000.0,0.9796546294031311
1024.0,1024.0,8.0,30.0,29621.0,29721.0,981075.0,4624288.0,0,0.9859375,1.0,0.0625,6400000.0,0.9792632399706458
1024.0,1024.0,8.0,30.0,29621.0,29721.0,981075.0,4624288.0,0,0.9859375,1.0,0.015625,6400000.0,0.9796546294031311
1024.0,1024.0,8.0,29.0,30253.0,30353.0,1001952.0,4725408.0,0,0.9859375,1.0,0.125,6400000.0,0.9804381727005872
1024.0,1024.0,8.0,8.0,10460.0,10496.0,348394.0,1548288.0,0,0.959375,64.0,2.0,6400000.0,0.9569662732387474
1024.0,1024.0,4.0,32.0,13093.0,13080.0,430680.0,1961728.0,0,0.990625,0.000976562,0.25,6400000.0,0.978091364970646
1024.0,1024.0,8.0,23.0,27406.0,27558.0,908179.0,4278208.0,0,0.984375,8.0,0.0,6400000.0,0.9773078216731899
1024.0,1024.0,8.0,8.0,10583.0,10636.0,352470.0,1570688.0,0,0.959375,64.0,32.0,6400000.0,0.9495413405088062
1024.0,1024.0,8.0,22.0,25619.0,25772.0,849230.0,3992448.0,0,0.98125,8.0,0.5,6400000.0,0.9773078216731899
1024.0,1024.0,8.0,8.0,10492.0,10529.0,349451.0,1553568.0,0,0.959375,64.0,0.000976562,6400000.0,0.9628371147260273
1024.0,1024.0,8.0,8.0,10492.0,10529.0,349451.0,1553568.0,0,0.959375,64.0,0.0,6400000.0,0.9628371147260273
1024.0,1024.0,8.0,23.0,27406.0,27558.0,908179.0,4278208.0,0,0.984375,8.0,0.000976562,6400000.0,0.9773078216731899
1024.0,1024.0,4.0,33.0,13098.0,13085.0,430824.0,1962528.0,0,0.990625,0.0,0.03125,6400000.0,0.9788741438356166
1024.0,1024.0,8.0,23.0,27406.0,27558.0,908179.0,4278208.0,0,0.984375,8.0,0.00195312,6400000.0,0.9773078216731899
1024.0,1024.0,8.0,5.0,4396.0,5083.0,148485.0,682208.0,0,0.940625,256.0,0.0,6400000.0,0.9409246575342465
1024.0,1024.0,8.0,23.0,27406.0,27558.0,908179.0,4278208.0,0,0.984375,8.0,0.00390625,6400000.0,0.9769164322407045
1024.0,1024.0,8.0,23.0,26346.0,26497.0,873198.0,4108448.0,0,0.9828125,8.0,0.25,6400000.0,0.9769164322407045
1024.0,1024.0,8.0,8.0,10492.0,10529.0,349451.0,1553568.0,0,0.959375,64.0,0.00390625,6400000.0,0.9628371147260273
1024.0,1024.0,8.0,8.0,10460.0,10496.0,348394.0,1548288.0,0,0.959375,64.0,1.0,6400000.0,0.9569662732387474
1024.0,1024.0,8.0,8.0,10492.0,10529.0,349451.0,1553568.0,0,0.959375,64.0,0.0078125,6400000.0,0.9628371147260273
1024.0,1024.0,8.0,23.0,27406.0,27558.0,908179.0,4278208.0,0,0.984375,8.0,0.015625,6400000.0,0.9769164322407045
1024.0,1024.0,8.0,8.0,10492.0,10529.0,349451.0,1553568.0,0,0.959375,64.0,0.015625,6400000.0,0.9628371147260273
1024.0,1024.0,8.0,8.0,10492.0,10529.0,349451.0,1553568.0,0,0.959375,64.0,0.00195312,6400000.0,0.9628371147260273
1.0,1024.0,8.0,1.0,1.0,1.0,543.0,32.0,0,0.5015625,256.0,512.0,6400000.0,0.5273919092465753
1024.0,1024.0,8.0,8.0,10492.0,10529.0,349451.0,1553568.0,0,0.959375,64.0,0.03125,6400000.0,0.9628371147260273
1024.0,1024.0,8.0,5.0,4396.0,5083.0,148485.0,682208.0,0,0.940625,256.0,0.000976562,6400000.0,0.9409246575342465
1024.0,1024.0,8.0,23.0,27406.0,27558.0,908179.0,4278208.0,0,0.984375,8.0,0.0078125,6400000.0,0.9769164322407045
1.0,1024.0,8.0,1.0,1.0,1.0,543.0,32.0,0,0.5015625,256.0,1024.0,6400000.0,0.5273919092465753
1024.0,1024.0,8.0,5.0,4396.0,5083.0,148485.0,682208.0,0,0.940625,256.0,0.00195312,6400000.0,0.9409246575342465
1.0,1024.0,8.0,1.0,1.0,1.0,543.0,32.0,0,0.5015625,256.0,256.0,6400000.0,0.5273919092465753
1.0,1024.0,8.0,1.0,1.0,1.0,543.0,32.0,0,0.5015625,256.0,2048.0,6400000.0,0.5273919092465753
1024.0,1024.0,8.0,5.0,4396.0,5083.0,148485.0,682208.0,0,0.940625,256.0,0.00390625,6400000.0,0.9409246575342465
1024.0,1024.0,8.0,8.0,10492.0,10529.0,349451.0,1553568.0,0,0.959375,64.0,0.0625,6400000.0,0.9628371147260273
1024.0,1024.0,8.0,28.0,30136.0,30236.0,998112.0,4706688.0,0,0.9828125,2.0,1.0,6400000.0,0.9796561582681017
1024.0,1024.0,8.0,27.0,29479.0,29598.0,976471.0,4604608.0,0,0.9875,2.0,2.0,6400000.0,0.9792647688356164
1.0,1024.0,8.0,1.0,1.0,1.0,543.0,32.0,0,0.5015625,256.0,4096.0,6400000.0,0.5273919092465753
1.0,1024.0,8.0,1.0,1.0,1.0,543.0,32.0,0,0.5015625,256.0,8192.0,6400000.0,0.5273919092465753
1.0,1024.0,8.0,1.0,1.0,1.0,543.0,32.0,0,0.5015625,256.0,16384.0,6400000.0,0.5273919092465753
1024.0,1024.0,8.0,8.0,10492.0,10529.0,349451.0,1553568.0,0,0.959375,64.0,0.125,6400000.0,0.9628371147260273
1.0,1024.0,8.0,1.0,1.0,1.0,543.0,32.0,0,0.5015625,256.0,32768.0,6400000.0,0.5273919092465753
1024.0,1024.0,8.0,5.0,4396.0,5083.0,148485.0,682208.0,0,0.940625,256.0,0.0078125,6400000.0,0.9409246575342465
1024.0,1024.0,8.0,5.0,4396.0,5083.0,148485.0,682208.0,0,0.940625,256.0,0.015625,6400000.0,0.9409246575342465
1024.0,1024.0,8.0,5.0,4396.0,5083.0,148485.0,682208.0,0,0.940625,256.0,0.03125,6400000.0,0.9409246575342465
1024.0,1024.0,8.0,8.0,10460.0,10491.0,348389.0,1547488.0,0,0.959375,64.0,4.0,6400000.0,0.9569662732387474
1024.0,1024.0,8.0,23.0,27406.0,27558.0,908179.0,4278208.0,0,0.984375,8.0,0.0625,6400000.0,0.9769164322407047
1024.0,1024.0,8.0,5.0,4396.0,5083.0,148485.0,682208.0,0,0.940625,256.0,0.0625,6400000.0,0.9409246575342465
1024.0,1024.0,8.0,5.0,4396.0,5083.0,148485.0,682208.0,0,0.940625,256.0,0.125,6400000.0,0.9409246575342465
1024.0,1024.0,8.0,5.0,4396.0,5083.0,148485.0,682208.0,0,0.940625,256.0,0.25,6400000.0,0.9409246575342465
1024.0,1024.0,8.0,8.0,10492.0,10529.0,349451.0,1553568.0,0,0.959375,64.0,0.25,6400000.0,0.9628371147260273
1.0,1024.0,8.0,1.0,1.0,1.0,543.0,32.0,0,0.5015625,512.0,0.0,6400000.0,0.5273919092465753
1.0,1024.0,8.0,1.0,1.0,1.0,543.0,32.0,0,0.5015625,512.0,0.000976562,6400000.0,0.5273919092465753
1.0,1024.0,8.0,1.0,1.0,1.0,543.0,32.0,0,0.5015625,512.0,0.00195312,6400000.0,0.5273919092465753
1024.0,1024.0,8.0,5.0,4396.0,5083.0,148485.0,682208.0,0,0.940625,256.0,0.5,6400000.0,0.9409246575342465
1024.0,1024.0,8.0,23.0,27406.0,27558.0,908179.0,4278208.0,0,0.984375,8.0,0.03125,6400000.0,0.9769164322407045
1024.0,1024.0,8.0,25.0,27404.0,27526.0,908041.0,4273088.0,0,0.98125,4.0,1.0,6400000.0,0.9776984466731898
1024.0,1024.0,8.0,5.0,4396.0,5083.0,148485.0,682208.0,0,0.940625,256.0,1.0,6400000.0,0.9409246575342465
1024.0,1024.0,4.0,33.0,13225.0,13212.0,435015.0,1982848.0,0,0.9890625,0.00390625,0.015625,6400000.0,0.9784827544031313
1.0,1024.0,8.0,1.0,1.0,1.0,543.0,32.0,0,0.5015625,512.0,0.00390625,6400000.0,0.5273919092465753
1024.0,1024.0,8.0,5.0,4396.0,5083.0,148485.0,682208.0,0,0.940625,256.0,2.0,6400000.0,0.9409246575342465
1024.0,1024.0,8.0,23.0,27406.0,27558.0,908179.0,4278208.0,0,0.984375,8.0,0.125,6400000.0,0.9765250428082194
1024.0,1024.0,8.0,5.0,4396.0,5083.0,148485.0,682208.0,0,0.940625,256.0,8.0,6400000.0,0.9409246575342465
1024.0,1024.0,8.0,5.0,4396.0,5083.0,148485.0,682208.0,0,0.940625,256.0,4.0,6400000.0,0.9409246575342465
1024.0,1024.0,8.0,5.0,4402.0,5082.0,148676.0,682048.0,0,0.940625,256.0,16.0,6400000.0,0.9409246575342465
1024.0,1024.0,8.0,5.0,4389.0,5072.0,148250.0,680448.0,0,0.940625,256.0,32.0,6400000.0,0.9409246575342465
1.0,1024.0,8.0,1.0,1.0,1.0,543.0,32.0,0,0.5015625,512.0,0.0078125,6400000.0,0.5273919092465753
1.0,1024.0,8.0,1.0,1.0,1.0,543.0,32.0,0,0.5015625,512.0,0.015625,6400000.0,0.5273919092465753
1024.0,1024.0,8.0,5.0,4599.0,5182.0,155080.0,698048.0,0,0.940625,256.0,64.0,6400000.0,0.9409246575342465
1024.0,1024.0,8.0,29.0,30182.0,30310.0,999637.0,4718528.0,0,0.98125,2.0,0.0,6400000.0,0.9808295621330723
1.0,1024.0,8.0,1.0,1.0,1.0,543.0,32.0,0,0.5015625,512.0,0.03125,6400000.0,0.5273919092465753
1.0,1024.0,8.0,1.0,1.0,1.0,543.0,32.0,0,0.5015625,512.0,0.0625,6400000.0,0.5273919092465753
1024.0,1024.0,8.0,8.0,10460.0,10496.0,348394.0,1548288.0,0,0.959375,64.0,0.5,6400000.0,0.9628371147260273
1.0,1024.0,8.0,1.0,1.0,1.0,543.0,32.0,0,0.5015625,512.0,0.125,6400000.0,0.5273919092465753
1.0,1024.0,8.0,1.0,1.0,1.0,543.0,32.0,0,0.5015625,512.0,0.25,6400000.0,0.5273919092465753
1.0,1024.0,8.0,1.0,1.0,1.0,543.0,32.0,0,0.5015625,512.0,0.5,6400000.0,0.5273919092465753
1.0,1024.0,8.0,1.0,1.0,1.0,543.0,32.0,0,0.5015625,512.0,1.0,6400000.0,0.5273919092465753
1.0,1024.0,8.0,1.0,1.0,1.0,543.0,32.0,0,0.5015625,512.0,2.0,6400000.0,0.5273919092465753
1.0,1024.0,8.0,1.0,1.0,1.0,543.0,32.0,0,0.5015625,512.0,4.0,6400000.0,0.5273919092465753
1024.0,1024.0,8.0,5.0,2509.0,3384.0,86146.0,410368.0,0,0.940625,256.0,128.0,6400000.0,0.9033657962328766
1024.0,1024.0,8.0,29.0,30281.0,30401.0,1002896.0,4733088.0,0,0.984375,2.0,0.125,6400000.0,0.9796546294031312
1.0,1024.0,8.0,1.0,1.0,1.0,543.0,32.0,0,0.5015625,512.0,8.0,6400000.0,0.5273919092465753
1024.0,1024.0,8.0,29.0,30429.0,30549.0,1007780.0,4756768.0,0,0.984375,2.0,0.0078125,6400000.0,0.9808295621330723
1.0,1024.0,8.0,1.0,1.0,1.0,543.0,32.0,0,0.5015625,512.0,16.0,6400000.0,0.5273919092465753
1024.0,1024.0,8.0,29.0,30182.0,30310.0,999637.0,4718528.0,0,0.98125,2.0,0.000976562,6400000.0,0.9808295621330723
1.0,1024.0,8.0,1.0,1.0,1.0,543.0,32.0,0,0.5015625,512.0,64.0,6400000.0,0.5273919092465753
1.0,1024.0,8.0,1.0,1.0,1.0,543.0,32.0,0,0.5015625,512.0,128.0,6400000.0,0.5273919092465753
1024.0,1024.0,8.0,29.0,30429.0,30549.0,1007780.0,4756768.0,0,0.984375,2.0,0.03125,6400000.0,0.9800467832681019
1024.0,1024.0,8.0,29.0,30429.0,30549.0,1007780.0,4756768.0,0,0.984375,2.0,0.015625,6400000.0,0.980438172700587
1.0,1024.0,8.0,1.0,1.0,1.0,543.0,32.0,0,0.5015625,512.0,256.0,6400000.0,0.5273919092465753
1024.0,1024.0,8.0,29.0,30182.0,30310.0,999637.0,4718528.0,0,0.98125,2.0,0.00195312,6400000.0,0.9808295621330723
1024.0,1024.0,4.0,32.0,13156.0,13144.0,432760.0,1971968.0,0,0.990625,0.0078125,0.125,6400000.0,0.9777007399706458
1.0,1024.0,8.0,1.0,1.0,1.0,543.0,32.0,0,0.5015625,512.0,32.0,6400000.0,0.5273919092465753
1.0,1024.0,8.0,1.0,1.0,1.0,543.0,32.0,0,0.5015625,512.0,512.0,6400000.0,0.5273919092465753
1.0,1024.0,8.0,1.0,1.0,1.0,543.0,32.0,0,0.5015625,512.0,1024.0,6400000.0,0.5273919092465753
1024.0,1024.0,4.0,31.0,12997.0,12985.0,427534.0,1946528.0,0,0.990625,0.5,0.03125,6400000.0,0.9788741438356166
1.0,1024.0,8.0,1.0,1.0,1.0,543.0,32.0,0,0.5015625,512.0,2048.0,6400000.0,0.5273919092465753
1024.0,1024.0,8.0,29.0,30182.0,30310.0,999637.0,4718528.0,0,0.98125,2.0,0.00390625,6400000.0,0.9808295621330723
1024.0,1024.0,8.0,29.0,30307.0,30429.0,1003756.0,4737568.0,0,0.9859375,2.0,0.5,6400000.0,0.9796553938356165
1.0,1024.0,8.0,1.0,1.0,1.0,543.0,32.0,0,0.5015625,512.0,4096.0,6400000.0,0.5273919092465753
1024.0,1024.0,8.0,29.0,30085.0,30205.0,996428.0,4701728.0,0,0.984375,2.0,0.25,6400000.0,0.9780898361056751
1024.0,1024.0,8.0,8.0,10421.0,10448.0,347098.0,1540608.0,0,0.959375,64.0,8.0,6400000.0,0.9569662732387474
1024.0,1024.0,4.0,13.0,10267.0,10266.0,337818.0,1511488.0,0,0.9703125,0.03125,16.0,6400000.0,0.9690985812133072
1.0,1024.0,8.0,1.0,1.0,1.0,543.0,32.0,0,0.5015625,512.0,8192.0,6400000.0,0.5273919092465753
1.0,1024.0,8.0,1.0,1.0,1.0,543.0,32.0,0,0.5015625,512.0,16384.0,6400000.0,0.5273919092465753
1.0,1024.0,8.0,1.0,1.0,1.0,543.0,32.0,0,0.5015625,512.0,32768.0,6400000.0,0.5273919092465753
1024.0,1024.0,8.0,29.0,30429.0,30549.0,1007780.0,4756768.0,0,0.984375,2.0,0.0625,6400000.0,0.9800467832681019
1.0,1024.0,8.0,1.0,1.0,1.0,543.0,32.0,0,0.5015625,1024.0,0.0,6400000.0,0.5273919092465753
1.0,1024.0,8.0,1.0,1.0,1.0,543.0,32.0,0,0.5015625,1024.0,0.000976562,6400000.0,0.5273919092465753
1.0,1024.0,8.0,1.0,1.0,1.0,543.0,32.0,0,0.5015625,1024.0,0.00195312,6400000.0,0.5273919092465753
1.0,1024.0,8.0,1.0,1.0,1.0,543.0,32.0,0,0.5015625,1024.0,0.00390625,6400000.0,0.5273919092465753
1024.0,1024.0,8.0,8.0,10424.0,10448.0,347194.0,1540608.0,0,0.959375,64.0,16.0,6400000.0,0.9569662732387474
1024.0,1024.0,8.0,27.0,30153.0,30270.0,998711.0,4712128.0,0,0.9859375,4.0,0.5,6400000.0,0.9784812255381604
1.0,1024.0,8.0,1.0,1.0,1.0,543.0,32.0,0,0.5015625,1024.0,0.0078125,6400000.0,0.5273919092465753
1.0,1024.0,8.0,1.0,1.0,1.0,543.0,32.0,0,0.5015625,1024.0,0.015625,6400000.0,0.5273919092465753
1.0,1024.0,8.0,1.0,1.0,1.0,543.0,32.0,0,0.5015625,1024.0,0.03125,6400000.0,0.5273919092465753
1.0,1024.0,8.0,1.0,1.0,1.0,543.0,32.0,0,0.5015625,1024.0,0.0625,6400000.0,0.5273919092465753
1.0,1024.0,8.0,1.0,1.0,1.0,543.0,32.0,0,0.5015625,1024.0,0.125,6400000.0,0.5273919092465753
1.0,1024.0,8.0,1.0,1.0,1.0,543.0,32.0,0,0.5015625,1024.0,0.25,6400000.0,0.5273919092465753
1.0,1024.0,8.0,1.0,1.0,1.0,543.0,32.0,0,0.5015625,1024.0,0.5,6400000.0,0.5273919092465753
1.0,1024.0,8.0,1.0,1.0,1.0,543.0,32.0,0,0.5015625,1024.0,1.0,6400000.0,0.5273919092465753
1.0,1024.0,8.0,1.0,1.0,1.0,543.0,32.0,0,0.5015625,1024.0,2.0,6400000.0,0.5273919092465753
1.0,1024.0,8.0,1.0,1.0,1.0,543.0,32.0,0,0.5015625,1024.0,4.0,6400000.0,0.5273919092465753
1024.0,1024.0,4.0,32.0,13106.0,13093.0,431109.0,1963808.0,0,0.990625,0.125,0.5,6400000.0,0.978091364970646
1.0,1024.0,8.0,1.0,1.0,1.0,543.0,32.0,0,0.5015625,1024.0,8.0,6400000.0,0.5273919092465753
1.0,1024.0,8.0,1.0,1.0,1.0,543.0,32.0,0,0.5015625,1024.0,16.0,6400000.0,0.5273919092465753
1024.0,1024.0,8.0,27.0,30416.0,30533.0,1007390.0,4754208.0,0,0.9828125,4.0,0.25,6400000.0,0.9812209515655577
1024.0,1024.0,8.0,27.0,29479.0,29598.0,976471.0,4604608.0,0,0.9875,4.0,0.00195312,6400000.0,0.9792647688356164
1024.0,1024.0,8.0,27.0,29479.0,29598.0,976471.0,4604608.0,0,0.9875,4.0,0.0,6400000.0,0.9792647688356164
1.0,1024.0,8.0,1.0,1.0,1.0,543.0,32.0,0,0.5015625,1024.0,32.0,6400000.0,0.5273919092465753
1024.0,1024.0,8.0,27.0,29479.0,29598.0,976471.0,4604608.0,0,0.9875,4.0,0.0078125,6400000.0,0.9792647688356164
1.0,1024.0,8.0,1.0,1.0,1.0,543.0,32.0,0,0.5015625,1024.0,64.0,6400000.0,0.5273919092465753
1.0,1024.0,8.0,1.0,1.0,1.0,543.0,32.0,0,0.5015625,1024.0,128.0,6400000.0,0.5273919092465753
1024.0,1024.0,8.0,27.0,29479.0,29598.0,976471.0,4604608.0,0,0.9875,4.0,0.015625,6400000.0,0.9792640044031311
1024.0,1024.0,8.0,27.0,29369.0,29488.0,972841.0,4587008.0,0,0.9890625,4.0,0.03125,6400000.0,0.980438172700587
1.0,1024.0,8.0,1.0,1.0,1.0,543.0,32.0,0,0.5015625,1024.0,256.0,6400000.0,0.5273919092465753
1024.0,1024.0,8.0,26.0,29536.0,29656.0,978374.0,4613888.0,0,0.9875,4.0,0.125,6400000.0,0.9808295621330723
1024.0,1024.0,8.0,27.0,29479.0,29598.0,976471.0,4604608.0,0,0.9875,4.0,0.000976562,6400000.0,0.9792647688356164
1.0,1024.0,8.0,1.0,1.0,1.0,543.0,32.0,0,0.5015625,1024.0,512.0,6400000.0,0.5273919092465753
1.0,1024.0,8.0,1.0,1.0,1.0,543.0,32.0,0,0.5015625,1024.0,1024.0,6400000.0,0.5273919092465753
1024.0,1024.0,8.0,27.0,30186.0,30305.0,999802.0,4717728.0,0,0.9859375,4.0,0.0625,6400000.0,0.9804389371330723
1.0,1024.0,8.0,1.0,1.0,1.0,543.0,32.0,0,0.5015625,1024.0,2048.0,6400000.0,0.5273919092465753
1.0,1024.0,8.0,1.0,1.0,1.0,543.0,32.0,0,0.5015625,1024.0,4096.0,6400000.0,0.5273919092465753
1024.0,1024.0,8.0,27.0,29479.0,29598.0,976471.0,4604608.0,0,0.9875,4.0,0.00390625,6400000.0,0.9792647688356164
1.0,1024.0,8.0,1.0,1.0,1.0,543.0,32.0,0,0.5015625,1024.0,8192.0,6400000.0,0.5273919092465753
1.0,1024.0,8.0,1.0,1.0,1.0,543.0,32.0,0,0.5015625,1024.0,16384.0,6400000.0,0.5273919092465753
1.0,1024.0,8.0,1.0,1.0,1.0,543.0,32.0,0,0.5015625,1024.0,32768.0,6400000.0,0.5273919092465753
1.0,1024.0,8.0,1.0,1.0,1.0,543.0,32.0,0,0.5015625,2048.0,0.000976562,6400000.0,0.5273919092465753
1.0,1024.0,8.0,1.0,1.0,1.0,543.0,32.0,0,0.5015625,2048.0,0.0,6400000.0,0.5273919092465753
1.0,1024.0,8.0,1.0,1.0,1.0,543.0,32.0,0,0.5015625,2048.0,0.00195312,6400000.0,0.5273919092465753
1.0,1024.0,8.0,1.0,1.0,1.0,543.0,32.0,0,0.5015625,2048.0,0.00390625,6400000.0,0.5273919092465753
1.0,1024.0,8.0,1.0,1.0,1.0,543.0,32.0,0,0.5015625,2048.0,0.0078125,6400000.0,0.5273919092465753
1.0,1024.0,8.0,1.0,1.0,1.0,543.0,32.0,0,0.5015625,2048.0,0.015625,6400000.0,0.5273919092465753
1.0,1024.0,8.0,1.0,1.0,1.0,543.0,32.0,0,0.5015625,2048.0,0.03125,6400000.0,0.5273919092465753
1.0,1024.0,8.0,1.0,1.0,1.0,543.0,32.0,0,0.5015625,2048.0,0.0625,6400000.0,0.5273919092465753
1.0,1024.0,8.0,1.0,1.0,1.0,543.0,32.0,0,0.5015625,2048.0,0.125,6400000.0,0.5273919092465753
1.0,1024.0,8.0,1.0,1.0,1.0,543.0,32.0,0,0.5015625,2048.0,0.25,6400000.0,0.5273919092465753
1.0,1024.0,8.0,1.0,1.0,1.0,543.0,32.0,0,0.5015625,2048.0,0.5,6400000.0,0.5273919092465753
1.0,1024.0,8.0,1.0,1.0,1.0,543.0,32.0,0,0.5015625,2048.0,1.0,6400000.0,0.5273919092465753
1.0,1024.0,8.0,1.0,1.0,1.0,543.0,32.0,0,0.5015625,2048.0,2.0,6400000.0,0.5273919092465753
1.0,1024.0,8.0,1.0,1.0,1.0,543.0,32.0,0,0.5015625,2048.0,8.0,6400000.0,0.5273919092465753
1.0,1024.0,8.0,1.0,1.0,1.0,543.0,32.0,0,0.5015625,2048.0,4.0,6400000.0,0.5273919092465753
1.0,1024.0,8.0,1.0,1.0,1.0,543.0,32.0,0,0.5015625,2048.0,16.0,6400000.0,0.5273919092465753
1.0,1024.0,8.0,1.0,1.0,1.0,543.0,32.0,0,0.5015625,2048.0,64.0,6400000.0,0.5273919092465753
1.0,1024.0,8.0,1.0,1.0,1.0,543.0,32.0,0,0.5015625,2048.0,32.0,6400000.0,0.5273919092465753
1.0,1024.0,8.0,1.0,1.0,1.0,543.0,32.0,0,0.5015625,2048.0,128.0,6400000.0,0.5273919092465753
1.0,1024.0,8.0,1.0,1.0,1.0,543.0,32.0,0,0.5015625,2048.0,256.0,6400000.0,0.5273919092465753
1.0,1024.0,8.0,1.0,1.0,1.0,543.0,32.0,0,0.5015625,2048.0,512.0,6400000.0,0.5273919092465753
1.0,1024.0,8.0,1.0,1.0,1.0,543.0,32.0,0,0.5015625,2048.0,1024.0,6400000.0,0.5273919092465753
1.0,1024.0,8.0,1.0,1.0,1.0,543.0,32.0,0,0.5015625,2048.0,2048.0,6400000.0,0.5273919092465753
1.0,1024.0,8.0,1.0,1.0,1.0,543.0,32.0,0,0.5015625,2048.0,4096.0,6400000.0,0.5273919092465753
1.0,1024.0,8.0,1.0,1.0,1.0,543.0,32.0,0,0.5015625,2048.0,8192.0,6400000.0,0.5273919092465753
1.0,1024.0,8.0,1.0,1.0,1.0,543.0,32.0,0,0.5015625,2048.0,16384.0,6400000.0,0.5273919092465753
1.0,1024.0,8.0,1.0,1.0,1.0,543.0,32.0,0,0.5015625,2048.0,32768.0,6400000.0,0.5273919092465753
1.0,1024.0,8.0,1.0,1.0,1.0,543.0,32.0,0,0.5015625,4096.0,0.0,6400000.0,0.5273919092465753
1.0,1024.0,8.0,1.0,1.0,1.0,543.0,32.0,0,0.5015625,4096.0,0.00195312,6400000.0,0.5273919092465753
1.0,1024.0,8.0,1.0,1.0,1.0,543.0,32.0,0,0.5015625,4096.0,0.000976562,6400000.0,0.5273919092465753
1.0,1024.0,8.0,1.0,1.0,1.0,543.0,32.0,0,0.5015625,4096.0,0.00390625,6400000.0,0.5273919092465753
1024.0,1024.0,4.0,8.0,8768.0,8777.0,288451.0,1273248.0,0,0.959375,64.0,0.5,6400000.0,0.9569662732387474
1.0,1024.0,8.0,1.0,1.0,1.0,543.0,32.0,0,0.5015625,4096.0,0.0078125,6400000.0,0.5273919092465753
1.0,1024.0,8.0,1.0,1.0,1.0,543.0,32.0,0,0.5015625,4096.0,0.03125,6400000.0,0.5273919092465753
1.0,1024.0,8.0,1.0,1.0,1.0,543.0,32.0,0,0.5015625,4096.0,0.015625,6400000.0,0.5273919092465753
1.0,1024.0,8.0,1.0,1.0,1.0,543.0,32.0,0,0.5015625,4096.0,0.0625,6400000.0,0.5273919092465753
1.0,1024.0,8.0,1.0,1.0,1.0,543.0,32.0,0,0.5015625,4096.0,0.125,6400000.0,0.5273919092465753
1024.0,1024.0,4.0,32.0,13111.0,13099.0,431275.0,1964768.0,0,0.990625,0.0625,0.0625,6400000.0,0.9784827544031313
1.0,1024.0,8.0,1.0,1.0,1.0,543.0,32.0,0,0.5015625,4096.0,0.25,6400000.0,0.5273919092465753
1.0,1024.0,8.0,1.0,1.0,1.0,543.0,32.0,0,0.5015625,4096.0,0.5,6400000.0,0.5273919092465753
1.0,1024.0,8.0,1.0,1.0,1.0,543.0,32.0,0,0.5015625,4096.0,1.0,6400000.0,0.5273919092465753
1.0,1024.0,8.0,1.0,1.0,1.0,543.0,32.0,0,0.5015625,4096.0,2.0,6400000.0,0.5273919092465753
1.0,1024.0,8.0,1.0,1.0,1.0,543.0,32.0,0,0.5015625,4096.0,4.0,6400000.0,0.5273919092465753
1.0,1024.0,8.0,1.0,1.0,1.0,543.0,32.0,0,0.5015625,4096.0,8.0,6400000.0,0.5273919092465753
1.0,1024.0,8.0,1.0,1.0,1.0,543.0,32.0,0,0.5015625,4096.0,16.0,6400000.0,0.5273919092465753
1.0,1024.0,8.0,1.0,1.0,1.0,543.0,32.0,0,0.5015625,4096.0,32.0,6400000.0,0.5273919092465753
1.0,1024.0,8.0,1.0,1.0,1.0,543.0,32.0,0,0.5015625,4096.0,64.0,6400000.0,0.5273919092465753
1.0,1024.0,8.0,1.0,1.0,1.0,543.0,32.0,0,0.5015625,4096.0,256.0,6400000.0,0.5273919092465753
1.0,1024.0,8.0,1.0,1.0,1.0,543.0,32.0,0,0.5015625,4096.0,512.0,6400000.0,0.5273919092465753
1.0,1024.0,8.0,1.0,1.0,1.0,543.0,32.0,0,0.5015625,4096.0,128.0,6400000.0,0.5273919092465753
1.0,1024.0,8.0,1.0,1.0,1.0,543.0,32.0,0,0.5015625,4096.0,1024.0,6400000.0,0.5273919092465753
1.0,1024.0,8.0,1.0,1.0,1.0,543.0,32.0,0,0.5015625,4096.0,2048.0,6400000.0,0.5273919092465753
1.0,1024.0,8.0,1.0,1.0,1.0,543.0,32.0,0,0.5015625,4096.0,4096.0,6400000.0,0.5273919092465753
1024.0,1024.0,4.0,33.0,13225.0,13212.0,435015.0,1982848.0,0,0.9890625,0.00195312,0.015625,6400000.0,0.9788741438356163
1.0,1024.0,8.0,1.0,1.0,1.0,543.0,32.0,0,0.5015625,4096.0,8192.0,6400000.0,0.5273919092465753
1.0,1024.0,8.0,1.0,1.0,1.0,543.0,32.0,0,0.5015625,4096.0,32768.0,6400000.0,0.5273919092465753
1.0,1024.0,8.0,1.0,1.0,1.0,543.0,32.0,0,0.5015625,4096.0,16384.0,6400000.0,0.5273919092465753
1.0,1024.0,8.0,1.0,1.0,1.0,543.0,32.0,0,0.5015625,8192.0,0.0,6400000.0,0.5273919092465753
1.0,1024.0,8.0,1.0,1.0,1.0,543.0,32.0,0,0.5015625,8192.0,0.000976562,6400000.0,0.5273919092465753
1.0,1024.0,8.0,1.0,1.0,1.0,543.0,32.0,0,0.5015625,8192.0,0.00195312,6400000.0,0.5273919092465753
1.0,1024.0,8.0,1.0,1.0,1.0,543.0,32.0,0,0.5015625,8192.0,0.00390625,6400000.0,0.5273919092465753
1.0,1024.0,8.0,1.0,1.0,1.0,543.0,32.0,0,0.5015625,8192.0,0.0078125,6400000.0,0.5273919092465753
1.0,1024.0,8.0,1.0,1.0,1.0,543.0,32.0,0,0.5015625,8192.0,0.015625,6400000.0,0.5273919092465753
1.0,1024.0,8.0,1.0,1.0,1.0,543.0,32.0,0,0.5015625,8192.0,0.03125,6400000.0,0.5273919092465753
1.0,1024.0,8.0,1.0,1.0,1.0,543.0,32.0,0,0.5015625,8192.0,0.0625,6400000.0,0.5273919092465753
1.0,1024.0,8.0,1.0,1.0,1.0,543.0,32.0,0,0.5015625,8192.0,0.125,6400000.0,0.5273919092465753
1.0,1024.0,8.0,1.0,1.0,1.0,543.0,32.0,0,0.5015625,8192.0,0.5,6400000.0,0.5273919092465753
1.0,1024.0,8.0,1.0,1.0,1.0,543.0,32.0,0,0.5015625,8192.0,0.25,6400000.0,0.5273919092465753
1.0,1024.0,8.0,1.0,1.0,1.0,543.0,32.0,0,0.5015625,8192.0,2.0,6400000.0,0.5273919092465753
1.0,1024.0,8.0,1.0,1.0,1.0,543.0,32.0,0,0.5015625,8192.0,1.0,6400000.0,0.5273919092465753
1.0,1024.0,8.0,1.0,1.0,1.0,543.0,32.0,0,0.5015625,8192.0,8.0,6400000.0,0.5273919092465753
1.0,1024.0,8.0,1.0,1.0,1.0,543.0,32.0,0,0.5015625,8192.0,4.0,6400000.0,0.5273919092465753
1.0,1024.0,8.0,1.0,1.0,1.0,543.0,32.0,0,0.5015625,8192.0,16.0,6400000.0,0.5273919092465753
1.0,1024.0,8.0,1.0,1.0,1.0,543.0,32.0,0,0.5015625,8192.0,32.0,6400000.0,0.5273919092465753
1024.0,1024.0,4.0,32.0,13122.0,13109.0,431637.0,1966368.0,0,0.990625,0.25,0.015625,6400000.0,0.9792655332681017
1.0,1024.0,8.0,1.0,1.0,1.0,543.0,32.0,0,0.5015625,8192.0,64.0,6400000.0,0.5273919092465753
1.0,1024.0,8.0,1.0,1.0,1.0,543.0,32.0,0,0.5015625,8192.0,128.0,6400000.0,0.5273919092465753
1024.0,1024.0,4.0,32.0,13006.0,12994.0,427810.0,1947968.0,0,0.990625,0.03125,0.015625,6400000.0,0.9784835188356166
1.0,1024.0,8.0,1.0,1.0,1.0,543.0,32.0,0,0.5015625,8192.0,256.0,6400000.0,0.5273919092465753
1.0,1024.0,8.0,1.0,1.0,1.0,543.0,32.0,0,0.5015625,8192.0,512.0,6400000.0,0.5273919092465753
1.0,1024.0,8.0,1.0,1.0,1.0,543.0,32.0,0,0.5015625,8192.0,1024.0,6400000.0,0.5273919092465753
1.0,1024.0,8.0,1.0,1.0,1.0,543.0,32.0,0,0.5015625,8192.0,2048.0,6400000.0,0.5273919092465753
1.0,1024.0,8.0,1.0,1.0,1.0,543.0,32.0,0,0.5015625,8192.0,4096.0,6400000.0,0.5273919092465753
1.0,1024.0,8.0,1.0,1.0,1.0,543.0,32.0,0,0.5015625,8192.0,16384.0,6400000.0,0.5273919092465753
1.0,1024.0,8.0,1.0,1.0,1.0,543.0,32.0,0,0.5015625,8192.0,8192.0,6400000.0,0.5273919092465753
1.0,1024.0,8.0,1.0,1.0,1.0,543.0,32.0,0,0.5015625,8192.0,32768.0,6400000.0,0.5273919092465753
1024.0,1024.0,4.0,21.0,11208.0,11205.0,368716.0,1661728.0,0,0.9828125,8.0,1.0,6400000.0,0.9784819899706457
1.0,1024.0,8.0,1.0,1.0,1.0,543.0,32.0,0,0.5015625,16384.0,0.0,6400000.0,0.5273919092465753
1.0,1024.0,8.0,1.0,1.0,1.0,543.0,32.0,0,0.5015625,16384.0,0.000976562,6400000.0,0.5273919092465753
1.0,1024.0,8.0,1.0,1.0,1.0,543.0,32.0,0,0.5015625,16384.0,0.00195312,6400000.0,0.5273919092465753
1.0,1024.0,8.0,1.0,1.0,1.0,543.0,32.0,0,0.5015625,16384.0,0.00390625,6400000.0,0.5273919092465753
1.0,1024.0,8.0,1.0,1.0,1.0,543.0,32.0,0,0.5015625,16384.0,0.0078125,6400000.0,0.5273919092465753
1.0,1024.0,8.0,1.0,1.0,1.0,543.0,32.0,0,0.5015625,16384.0,0.015625,6400000.0,0.5273919092465753
1.0,1024.0,8.0,1.0,1.0,1.0,543.0,32.0,0,0.5015625,16384.0,0.03125,6400000.0,0.5273919092465753
1.0,1024.0,8.0,1.0,1.0,1.0,543.0,32.0,0,0.5015625,16384.0,0.0625,6400000.0,0.5273919092465753
1.0,1024.0,8.0,1.0,1.0,1.0,543.0,32.0,0,0.5015625,16384.0,0.125,6400000.0,0.5273919092465753
1.0,1024.0,8.0,1.0,1.0,1.0,543.0,32.0,0,0.5015625,16384.0,0.25,6400000.0,0.5273919092465753
1.0,1024.0,8.0,1.0,1.0,1.0,543.0,32.0,0,0.5015625,16384.0,0.5,6400000.0,0.5273919092465753
1.0,1024.0,8.0,1.0,1.0,1.0,543.0,32.0,0,0.5015625,16384.0,1.0,6400000.0,0.5273919092465753
1.0,1024.0,8.0,1.0,1.0,1.0,543.0,32.0,0,0.5015625,16384.0,8.0,6400000.0,0.5273919092465753
1.0,1024.0,8.0,1.0,1.0,1.0,543.0,32.0,0,0.5015625,16384.0,2.0,6400000.0,0.5273919092465753
1.0,1024.0,8.0,1.0,1.0,1.0,543.0,32.0,0,0.5015625,16384.0,4.0,6400000.0,0.5273919092465753
1.0,1024.0,8.0,1.0,1.0,1.0,543.0,32.0,0,0.5015625,16384.0,16.0,6400000.0,0.5273919092465753
1.0,1024.0,8.0,1.0,1.0,1.0,543.0,32.0,0,0.5015625,16384.0,32.0,6400000.0,0.5273919092465753
1.0,1024.0,8.0,1.0,1.0,1.0,543.0,32.0,0,0.5015625,16384.0,64.0,6400000.0,0.5273919092465753
1.0,1024.0,8.0,1.0,1.0,1.0,543.0,32.0,0,0.5015625,16384.0,256.0,6400000.0,0.5273919092465753
1.0,1024.0,8.0,1.0,1.0,1.0,543.0,32.0,0,0.5015625,16384.0,128.0,6400000.0,0.5273919092465753
1.0,1024.0,8.0,1.0,1.0,1.0,543.0,32.0,0,0.5015625,16384.0,512.0,6400000.0,0.5273919092465753
1.0,1024.0,8.0,1.0,1.0,1.0,543.0,32.0,0,0.5015625,16384.0,1024.0,6400000.0,0.5273919092465753
1.0,1024.0,8.0,1.0,1.0,1.0,543.0,32.0,0,0.5015625,16384.0,2048.0,6400000.0,0.5273919092465753
1.0,1024.0,8.0,1.0,1.0,1.0,543.0,32.0,0,0.5015625,16384.0,4096.0,6400000.0,0.5273919092465753
1.0,1024.0,8.0,1.0,1.0,1.0,543.0,32.0,0,0.5015625,16384.0,16384.0,6400000.0,0.5273919092465753
1.0,1024.0,8.0,1.0,1.0,1.0,543.0,32.0,0,0.5015625,16384.0,32768.0,6400000.0,0.5273919092465753
1.0,1024.0,8.0,1.0,1.0,1.0,543.0,32.0,0,0.5015625,16384.0,8192.0,6400000.0,0.5273919092465753
1024.0,1024.0,4.0,23.0,12042.0,12033.0,396190.0,1794208.0,0,0.984375,2.0,4.0,6400000.0,0.9788726149706457
1.0,1024.0,8.0,1.0,1.0,1.0,543.0,32.0,0,0.5015625,32768.0,0.0,6400000.0,0.5273919092465753
1.0,1024.0,8.0,1.0,1.0,1.0,543.0,32.0,0,0.5015625,32768.0,0.000976562,6400000.0,0.5273919092465753
1.0,1024.0,8.0,1.0,1.0,1.0,543.0,32.0,0,0.5015625,32768.0,0.00195312,6400000.0,0.5273919092465753
1.0,1024.0,8.0,1.0,1.0,1.0,543.0,32.0,0,0.5015625,32768.0,0.00390625,6400000.0,0.5273919092465753
1.0,1024.0,8.0,1.0,1.0,1.0,543.0,32.0,0,0.5015625,32768.0,0.0078125,6400000.0,0.5273919092465753
1.0,1024.0,8.0,1.0,1.0,1.0,543.0,32.0,0,0.5015625,32768.0,0.015625,6400000.0,0.5273919092465753
1.0,1024.0,8.0,1.0,1.0,1.0,543.0,32.0,0,0.5015625,32768.0,0.03125,6400000.0,0.5273919092465753
1.0,1024.0,8.0,1.0,1.0,1.0,543.0,32.0,0,0.5015625,32768.0,0.0625,6400000.0,0.5273919092465753
1.0,1024.0,8.0,1.0,1.0,1.0,543.0,32.0,0,0.5015625,32768.0,0.125,6400000.0,0.5273919092465753
1.0,1024.0,8.0,1.0,1.0,1.0,543.0,32.0,0,0.5015625,32768.0,0.5,6400000.0,0.5273919092465753
1.0,1024.0,8.0,1.0,1.0,1.0,543.0,32.0,0,0.5015625,32768.0,0.25,6400000.0,0.5273919092465753
1.0,1024.0,8.0,1.0,1.0,1.0,543.0,32.0,0,0.5015625,32768.0,1.0,6400000.0,0.5273919092465753
1.0,1024.0,8.0,1.0,1.0,1.0,543.0,32.0,0,0.5015625,32768.0,4.0,6400000.0,0.5273919092465753
1.0,1024.0,8.0,1.0,1.0,1.0,543.0,32.0,0,0.5015625,32768.0,2.0,6400000.0,0.5273919092465753
1.0,1024.0,8.0,1.0,1.0,1.0,543.0,32.0,0,0.5015625,32768.0,8.0,6400000.0,0.5273919092465753
1.0,1024.0,8.0,1.0,1.0,1.0,543.0,32.0,0,0.5015625,32768.0,16.0,6400000.0,0.5273919092465753
1.0,1024.0,8.0,1.0,1.0,1.0,543.0,32.0,0,0.5015625,32768.0,32.0,6400000.0,0.5273919092465753
1.0,1024.0,8.0,1.0,1.0,1.0,543.0,32.0,0,0.5015625,32768.0,128.0,6400000.0,0.5273919092465753
1.0,1024.0,8.0,1.0,1.0,1.0,543.0,32.0,0,0.5015625,32768.0,64.0,6400000.0,0.5273919092465753
1.0,1024.0,8.0,1.0,1.0,1.0,543.0,32.0,0,0.5015625,32768.0,256.0,6400000.0,0.5273919092465753
1.0,1024.0,8.0,1.0,1.0,1.0,543.0,32.0,0,0.5015625,32768.0,512.0,6400000.0,0.5273919092465753
1.0,1024.0,8.0,1.0,1.0,1.0,543.0,32.0,0,0.5015625,32768.0,1024.0,6400000.0,0.5273919092465753
1.0,1024.0,8.0,1.0,1.0,1.0,543.0,32.0,0,0.5015625,32768.0,2048.0,6400000.0,0.5273919092465753
1.0,1024.0,8.0,1.0,1.0,1.0,543.0,32.0,0,0.5015625,32768.0,4096.0,6400000.0,0.5273919092465753
1.0,1024.0,8.0,1.0,1.0,1.0,543.0,32.0,0,0.5015625,32768.0,16384.0,6400000.0,0.5273919092465753
1.0,1024.0,8.0,1.0,1.0,1.0,543.0,32.0,0,0.5015625,32768.0,8192.0,6400000.0,0.5273919092465753
1.0,1024.0,8.0,1.0,1.0,1.0,543.0,32.0,0,0.5015625,32768.0,32768.0,6400000.0,0.5273919092465753
1024.0,1024.0,4.0,6.0,5197.0,5216.0,170644.0,703488.0,0,0.940625,0.00390625,128.0,6400000.0,0.9409246575342465
1024.0,1024.0,4.0,33.0,13098.0,13085.0,430824.0,1962528.0,0,0.990625,0.015625,0.015625,6400000.0,0.9788741438356166
1024.0,1024.0,4.0,5.0,4396.0,5083.0,144885.0,682208.0,0,0.940625,0.00390625,256.0,6400000.0,0.9409246575342465
1024.0,1024.0,4.0,21.0,11215.0,11211.0,368946.0,1662688.0,0,0.9828125,0.25,8.0,6400000.0,0.9812217159980431
1024.0,1024.0,4.0,11.0,9202.0,9200.0,302714.0,1340928.0,0,0.96875,0.03125,32.0,6400000.0,0.965575311888454
1024.0,1024.0,4.0,26.0,12940.0,12928.0,425758.0,1937408.0,0,0.990625,0.00195312,4.0,6400000.0,0.9780906005381602
1024.0,1024.0,4.0,26.0,11367.0,11355.0,373849.0,1685728.0,0,0.9859375,4.0,0.0625,6400000.0,0.9769164322407043
1024.0,1024.0,4.0,28.0,13064.0,13050.0,429806.0,1956928.0,0,0.9890625,2.0,0.03125,6400000.0,0.978481989970646
1024.0,1024.0,4.0,8.0,8768.0,8777.0,288451.0,1273248.0,0,0.959375,64.0,1.0,6400000.0,0.9569662732387474
1024.0,1024.0,4.0,29.0,13040.0,13025.0,428992.0,1952928.0,0,0.990625,1.0,0.5,6400000.0,0.9780906005381604
1024.0,1024.0,4.0,28.0,13116.0,13102.0,431522.0,1965248.0,0,0.990625,0.015625,2.0,6400000.0,0.9761336533757339
1024.0,1024.0,4.0,20.0,10736.0,10736.0,353164.0,1586688.0,0,0.9859375,8.0,2.0,6400000.0,0.9749625428082191
1024.0,1024.0,4.0,32.0,13209.0,13196.0,434508.0,1980288.0,0,0.9890625,0.000976562,0.5,6400000.0,0.9784835188356166
1024.0,1024.0,4.0,21.0,11211.0,11211.0,368818.0,1662688.0,0,0.9828125,2.0,8.0,6400000.0,0.9784819899706457
1024.0,1024.0,4.0,32.0,13143.0,13131.0,432331.0,1969888.0,0,0.990625,0.0,0.0625,6400000.0,0.979656922700587
1024.0,1024.0,4.0,32.0,13090.0,13078.0,430582.0,1961408.0,0,0.9890625,0.00390625,0.03125,6400000.0,0.9792655332681017
1024.0,1024.0,4.0,31.0,13001.0,12989.0,427666.0,1947168.0,0,0.9890625,0.5,0.0625,6400000.0,0.9776999755381606
1024.0,1024.0,4.0,30.0,12924.0,12907.0,425141.0,1934048.0,0,0.9890625,0.125,1.0,6400000.0,0.9792640044031311
1024.0,1024.0,4.0,32.0,13093.0,13080.0,430680.0,1961728.0,0,0.990625,0.0078125,0.25,6400000.0,0.978482754403131
1024.0,1024.0,4.0,8.0,7056.0,7692.0,232566.0,1099648.0,0,0.95,0.03125,64.0,6400000.0,0.9393636863992171
1024.0,1024.0,4.0,16.0,10806.0,10802.0,355539.0,1597248.0,0,0.9765625,0.25,16.0,6400000.0,0.9687071917808219
1024.0,1024.0,4.0,32.0,13208.0,13196.0,434476.0,1980288.0,0,0.9890625,0.0625,0.125,6400000.0,0.9788749082681016
1024.0,1024.0,4.0,32.0,13144.0,13131.0,432363.0,1969888.0,0,0.990625,0.25,0.03125,6400000.0,0.9777007399706455
1024.0,1024.0,4.0,33.0,13098.0,13085.0,430824.0,1962528.0,0,0.990625,0.00195312,0.03125,6400000.0,0.9784827544031313
1024.0,1024.0,4.0,32.0,13143.0,13131.0,432331.0,1969888.0,0,0.990625,0.03125,0.03125,6400000.0,0.979656922700587
1024.0,1024.0,4.0,21.0,11237.0,11230.0,369669.0,1665728.0,0,0.9828125,0.00195312,8.0,6400000.0,0.9796561582681018
1024.0,1024.0,4.0,6.0,5197.0,5216.0,170644.0,703488.0,0,0.940625,0.03125,128.0,6400000.0,0.9409246575342465
1024.0,1024.0,4.0,26.0,12924.0,12912.0,425230.0,1934848.0,0,0.990625,4.0,0.125,6400000.0,0.9765250428082192
1024.0,1024.0,4.0,15.0,10916.0,10910.0,359188.0,1614528.0,0,0.971875,2.0,16.0,6400000.0,0.9659674657534246
1024.0,1024.0,4.0,11.0,9297.0,9295.0,305849.0,1356128.0,0,0.96875,0.25,32.0,6400000.0,0.965184686888454
1024.0,1024.0,4.0,26.0,12940.0,12928.0,425758.0,1937408.0,0,0.990625,0.015625,4.0,6400000.0,0.9780906005381602
1024.0,1024.0,4.0,28.0,13176.0,13162.0,433502.0,1974848.0,0,0.990625,1.0,1.0,6400000.0,0.9784819899706457
1024.0,1024.0,4.0,30.0,13025.0,13015.0,428481.0,1951328.0,0,0.990625,0.000976562,1.0,6400000.0,0.9792655332681018
1024.0,1024.0,4.0,13.0,10267.0,10266.0,337818.0,1511488.0,0,0.9703125,0.00195312,16.0,6400000.0,0.9690985812133072
1024.0,1024.0,4.0,11.0,9172.0,9170.0,301724.0,1336128.0,0,0.96875,2.0,32.0,6400000.0,0.9655760763209393
1024.0,1024.0,4.0,28.0,13059.0,13045.0,429641.0,1956128.0,0,0.9890625,0.125,2.0,6400000.0,0.9780906005381604
1024.0,1024.0,4.0,32.0,13111.0,13099.0,431275.0,1964768.0,0,0.990625,0.0,0.125,6400000.0,0.9784827544031313
1024.0,1024.0,4.0,32.0,13106.0,13093.0,431109.0,1963808.0,0,0.990625,0.5,0.125,6400000.0,0.978091364970646
1024.0,1024.0,4.0,32.0,13143.0,13131.0,432331.0,1969888.0,0,0.990625,0.00390625,0.0625,6400000.0,0.979656922700587
1024.0,1024.0,4.0,32.0,13209.0,13196.0,434508.0,1980288.0,0,0.9890625,0.0078125,0.5,6400000.0,0.9784835188356166
1024.0,1024.0,4.0,8.0,7703.0,8136.0,253714.0,1170688.0,0,0.95,0.25,64.0,6400000.0,0.9377981286692758
1024.0,1024.0,4.0,32.0,13162.0,13149.0,432957.0,1972768.0,0,0.9890625,0.0625,0.25,6400000.0,0.9784827544031313
1024.0,1024.0,4.0,32.0,13162.0,13149.0,432957.0,1972768.0,0,0.9890625,0.25,0.0625,6400000.0,0.9784827544031313
1024.0,1024.0,4.0,32.0,13103.0,13091.0,431011.0,1963488.0,0,0.990625,0.03125,0.0625,6400000.0,0.9788741438356163
1024.0,1024.0,4.0,25.0,12691.0,12680.0,417563.0,1897728.0,0,0.984375,4.0,0.25,6400000.0,0.9757422639432484
1024.0,1024.0,4.0,11.0,9202.0,9200.0,302714.0,1340928.0,0,0.96875,0.00195312,32.0,6400000.0,0.965575311888454
1024.0,1024.0,4.0,21.0,11237.0,11230.0,369669.0,1665728.0,0,0.9828125,0.015625,8.0,6400000.0,0.9800475477005872
1024.0,1024.0,4.0,28.0,13058.0,13044.0,429608.0,1955968.0,0,0.990625,1.0,2.0,6400000.0,0.9769171966731897
1024.0,1024.0,4.0,26.0,13029.0,13017.0,428695.0,1951648.0,0,0.990625,0.125,4.0,6400000.0,0.9761336533757337
1024.0,1024.0,4.0,28.0,13116.0,13102.0,431522.0,1965248.0,0,0.990625,0.000976562,2.0,6400000.0,0.9765250428082192
1024.0,1024.0,4.0,31.0,13014.0,13003.0,428096.0,1949408.0,0,0.990625,0.5,0.25,6400000.0,0.9792655332681018
1024.0,1024.0,4.0,32.0,13093.0,13080.0,430680.0,1961728.0,0,0.990625,0.0,0.25,6400000.0,0.978091364970646
1024.0,1024.0,4.0,13.0,10267.0,10266.0,337818.0,1511488.0,0,0.9703125,0.015625,16.0,6400000.0,0.9690985812133072
1024.0,1024.0,4.0,30.0,12931.0,12921.0,425379.0,1936288.0,0,0.990625,0.0078125,1.0,6400000.0,0.9792655332681018
1024.0,1024.0,4.0,32.0,13156.0,13144.0,432760.0,1971968.0,0,0.990625,0.00390625,0.125,6400000.0,0.9784827544031313
1024.0,1024.0,4.0,31.0,13001.0,12989.0,427666.0,1947168.0,0,0.9890625,0.0625,0.5,6400000.0,0.9776999755381606
1024.0,1024.0,4.0,32.0,13049.0,13037.0,429229.0,1954848.0,0,0.9890625,0.03125,0.125,6400000.0,0.9780913649706457
1024.0,1024.0,4.0,25.0,12653.0,12642.0,416309.0,1891648.0,0,0.984375,1.0,4.0,6400000.0,0.9769179611056751
1024.0,1024.0,4.0,23.0,11787.0,11778.0,387775.0,1753408.0,0,0.9828125,0.125,8.0,6400000.0,0.9796561582681018
1024.0,1024.0,4.0,26.0,12940.0,12928.0,425758.0,1937408.0,0,0.990625,0.000976562,4.0,6400000.0,0.9780906005381602
1024.0,1024.0,4.0,28.0,13116.0,13102.0,431522.0,1965248.0,0,0.990625,0.0078125,2.0,6400000.0,0.9761336533757339
1024.0,1024.0,4.0,30.0,13025.0,13015.0,428481.0,1951328.0,0,0.990625,0.5,0.5,6400000.0,0.9792655332681018
1024.0,1024.0,4.0,32.0,13209.0,13196.0,434508.0,1980288.0,0,0.9890625,0.0,0.5,6400000.0,0.9784835188356166
1024.0,1024.0,4.0,32.0,13093.0,13080.0,430680.0,1961728.0,0,0.990625,0.00390625,0.25,6400000.0,0.978091364970646
1024.0,1024.0,4.0,29.0,13045.0,13030.0,429157.0,1953728.0,0,0.990625,0.0625,1.0,6400000.0,0.9784827544031313
